9.214676078805579262e-01
9.214676078805581483e-01
9.214676078805581483e-01
9.269130023601370727e-01
9.356764188056746478e-01
9.187651101549076937e-01
9.278323074147115657e-01
9.187651101549076937e-01
9.187651101549079158e-01
9.187651101549079158e-01
9.187651101549076937e-01
9.187651101549076937e-01
9.464529161623934650e-01
9.234527682166101537e-01
9.187651101549079158e-01
9.187651101549076937e-01
9.187651101549075827e-01
9.566878180027229561e-01
9.187651101549079158e-01
9.187651101549076937e-01
8.374081539472439939e-01
8.254972560158516659e-01
8.145329723290615220e-01
8.331527574596557795e-01
8.145329723290613000e-01
8.147925779637245070e-01
8.145329723290613000e-01
8.235532626514580068e-01
7.939617813535955193e-01
8.029034135882869849e-01
7.931195637302709267e-01
7.982449629995359563e-01
7.937693403744645604e-01
7.967325964261869897e-01
7.931195637302709267e-01
7.970871351676522831e-01
7.931195637302709267e-01
7.998784108602582377e-01
7.931195637302709267e-01
8.172514834956216001e-01
8.738251277342267143e-01
7.982538968756087705e-01
7.992953375417067852e-01
7.952667444701688737e-01
7.934738387744725285e-01
7.951319322005306889e-01
8.058713094472397254e-01
7.929216974106447768e-01
7.960913596674275006e-01
7.929657145501681770e-01
7.938999518538719657e-01
7.929487824324068512e-01
7.972672791887644994e-01
7.929216974106448879e-01
7.882279977904108614e-01
7.978705020659498937e-01
7.925604978282531077e-01
7.850668825682378671e-01
7.863223826748017009e-01
7.845352733901626019e-01
7.841963797530817626e-01
7.861131127266379748e-01
7.841963797530817626e-01
7.874926485374050822e-01
7.841963797530817626e-01
7.843463406135087190e-01
7.841963797530817626e-01
7.850767865779564314e-01
7.840549143810220389e-01
7.838275105354023387e-01
7.838023157122565587e-01
7.841880961658402871e-01
7.837810903698364529e-01
7.844661070867081643e-01
7.837810903698364529e-01
7.899064702877124367e-01
7.840821017933027326e-01
7.843765858111959588e-01
7.841799110362598357e-01
7.837585373910003206e-01
7.848489771127831194e-01
7.845643595097713252e-01
7.829172665030936784e-01
7.829827429917125547e-01
7.831865602006994331e-01
7.830306092693695152e-01
7.829098195515342695e-01
7.841665894568685680e-01
7.829212648915483408e-01
7.835131203213446804e-01
7.824186096544587521e-01
7.811977564458129075e-01
7.813557800881393289e-01
7.815178298407061686e-01
7.811981375892823598e-01
7.820601473905193224e-01
7.813957200956375138e-01
7.850103770663556801e-01
7.809556491646764131e-01
7.809657197369855863e-01
7.810130127952495949e-01
7.809556491646764131e-01
7.806966261969942034e-01
7.805597120911154096e-01
7.795239463023359017e-01
7.799810450048053623e-01
7.794586946537959138e-01
7.795796605639759846e-01
7.794491971470943747e-01
7.787477998764236187e-01
7.781316823583092068e-01
7.780264449787694936e-01
7.778907634697515006e-01
7.787308507021267756e-01
7.777509082675381213e-01
7.774410379465512833e-01
7.773881329972088805e-01
7.771005681957957600e-01
7.771238863385934170e-01
7.769804009360401498e-01
7.770929345542906264e-01
7.776096721808378742e-01
7.769882088646751228e-01
7.770073900454187443e-01
7.769526240006812134e-01
7.772661808131525740e-01
7.768893142146999775e-01
7.772111461887473149e-01
7.768419972821725139e-01
7.773250310961611342e-01
7.773754169332026676e-01
7.759967761812897047e-01
7.753386944897814326e-01
7.743995518249772170e-01
7.741643434906274601e-01
7.740741678189864139e-01
7.738502316564188632e-01
7.741251959814942074e-01
7.738095201490280406e-01
7.739512486829958071e-01
7.737573574449079228e-01
7.729058431417076269e-01
7.723064214571762065e-01
7.713695172125680788e-01
7.712319507910702088e-01
7.712411078777469120e-01
7.712086703233540508e-01
7.713276223700460399e-01
7.711894785328283763e-01
7.711886219382018126e-01
7.714634016162923436e-01
7.713506806429873963e-01
7.710717283084049800e-01
7.705744738294038054e-01
7.697293073384654516e-01
7.695897974909742256e-01
7.694844389771724469e-01
7.687193317176275187e-01
7.687678870819295573e-01
7.686739086980076685e-01
7.684779543327471263e-01
7.684671598189926067e-01
7.683929580965662698e-01
7.681936477167649047e-01
7.691132793240426091e-01
7.682833811093002785e-01
7.665249376346524590e-01
7.665478372481031588e-01
7.665890234862774433e-01
7.657401899433257109e-01
7.656699419562214004e-01
7.652600510095324271e-01
7.656812566080363203e-01
7.652687532255241232e-01
7.654941348499649800e-01
7.652683861573421620e-01
7.655357960961969299e-01
7.652311877624592418e-01
7.659852955428400056e-01
7.651193312549571246e-01
7.639344122851561281e-01
7.634655648188205523e-01
7.634750925011000167e-01
7.637505554241353911e-01
7.636994788861567462e-01
7.639228073666211039e-01
7.635404224157333886e-01
7.625607018412614568e-01
7.617592564241488784e-01
7.617359121972897551e-01
7.616187166750298942e-01
7.615907096569664025e-01
7.607447995080767189e-01
7.597277049273564176e-01
7.591709340455504718e-01
7.591699587889875200e-01
7.589386115535731170e-01
7.589306439105256707e-01
7.587903888311926526e-01
7.587680514426710099e-01
7.583492705276052570e-01
7.579783675532917320e-01
7.579342031837613680e-01
7.581105978184522476e-01
7.579625276789718757e-01
7.581895874412949432e-01
7.579158883177360417e-01
7.584600621757486838e-01
7.581644207515011447e-01
7.586049841371758085e-01
7.580179249271014053e-01
7.564937302314663770e-01
7.561408700462569632e-01
7.555292499650214655e-01
7.556250665431394342e-01
7.555343396469085260e-01
7.558426354102175670e-01
7.555704066241796246e-01
7.562654619189548288e-01
7.554368425182326208e-01
7.562699366622025465e-01
7.553612032880331340e-01
7.545471367373004501e-01
7.542384246013458249e-01
7.542976386564071989e-01
7.540376682889936566e-01
7.540420286290065999e-01
7.540932744094837048e-01
7.540404275455605543e-01
7.539589253023371018e-01
7.539526722950347093e-01
7.544587087518781487e-01
7.537574933433492941e-01
7.531317018015546427e-01
7.536844786563671184e-01
7.531680691316985365e-01
7.526924339726208668e-01
7.528182649752506173e-01
7.526053989569836400e-01
7.525419922723195487e-01
7.525416450514960109e-01
7.526093589340393519e-01
7.524402361290795094e-01
7.536026166336802223e-01
7.522283571847254713e-01
7.513676022335420424e-01
7.517763870569165174e-01
7.513675270987998367e-01
7.511977116547294830e-01
7.511735003150082912e-01
7.512902188654120295e-01
7.511897707793672163e-01
7.514364963963151567e-01
7.512785815458128402e-01
7.513953685449029640e-01
7.511416492186625549e-01
7.504660797028636088e-01
7.504387231986281437e-01
7.503160996836133467e-01
7.503656341265699803e-01
7.505345279072083153e-01
7.505065183564717524e-01
7.503160161087409907e-01
7.502011262003476233e-01
7.501612475540131442e-01
7.499116212657461755e-01
7.502880442502851688e-01
7.498645820373711635e-01
7.493012145957811398e-01
7.494327458861904656e-01
7.491916076953215597e-01
7.490743449124200870e-01
7.490988387989705455e-01
7.489747611892495494e-01
7.489922526175285533e-01
7.489354572214235173e-01
7.490164432722000720e-01
7.492685882331195923e-01
7.489529233586387225e-01
7.489794964205543915e-01
7.489783871952169214e-01
7.489528585717990516e-01
7.489318525989584474e-01
7.485317755325205935e-01
7.485702419511903738e-01
7.485916130583115669e-01
7.485923034614584415e-01
7.488925296472712656e-01
7.483778337928226332e-01
7.483867535782351421e-01
7.483205030925146328e-01
7.490411279303280656e-01
7.485078612893714123e-01
7.492077686777270928e-01
7.483155485400800888e-01
7.481480495490039351e-01
7.480770213968925830e-01
7.479133028485219770e-01
7.478523428980036192e-01
7.478168313066834161e-01
7.478001316104625484e-01
7.477650942874591866e-01
7.477665532103291435e-01
7.481688454757500217e-01
7.478311337105035816e-01
7.483398283288302810e-01
7.478956768176444614e-01
7.476973904609748312e-01
7.477101521692370856e-01
7.477337503944552211e-01
7.479650110683984110e-01
7.480995818501591232e-01
7.477149832563048104e-01
7.477801939863744085e-01
7.477084276049155154e-01
7.477543911063183613e-01
7.476559415398240649e-01
7.476736463843556280e-01
7.476672265690641472e-01
7.476114014741159775e-01
7.475305124327362716e-01
7.471362353130205358e-01
7.469013933479945466e-01
7.468890815159728858e-01
7.468915741844698308e-01
7.468841841871990406e-01
7.469268343159435330e-01
7.469227380838818764e-01
7.467712982201730743e-01
7.466204931124204025e-01
7.465294467644653098e-01
7.464754912810653842e-01
7.464403777380492766e-01
7.465338493151950638e-01
7.468815207962017366e-01
7.464080512477917484e-01
7.465024528476595922e-01
7.464132535900912524e-01
7.463461961067668904e-01
7.463800524417796289e-01
7.464025742950505249e-01
7.465099311719922692e-01
7.466674322113412421e-01
7.462518367962100996e-01
7.461313008627851184e-01
7.460242120980501435e-01
7.460147518677464618e-01
7.459683417579787701e-01
7.459779477062805642e-01
7.460709236859117688e-01
7.459766687717247491e-01
7.460681513333846659e-01
7.459287269207919291e-01
7.462262618995791907e-01
7.459468305439220792e-01
7.459467531022697662e-01
7.459311179031364869e-01
7.458961354184978632e-01
7.459042248827602029e-01
7.459129702352262914e-01
7.459524692795187484e-01
7.460994386316988081e-01
7.460254630529227216e-01
7.457525823084026895e-01
7.458073462574060786e-01
7.458702910942504039e-01
7.457853645998026026e-01
7.456476239138108975e-01
7.456002372924250832e-01
7.455843012374163692e-01
7.455754054746803750e-01
7.455953488008784102e-01
7.459133051361844791e-01
7.456543077237361983e-01
7.457991158910335372e-01
7.455693078468170754e-01
7.456272505758191338e-01
7.456158111883127715e-01
7.457134460190365521e-01
7.455681057251837274e-01
7.457499784750991623e-01
7.456916050923891870e-01
7.456143478317178719e-01
7.456230439785515030e-01
7.456592938261374925e-01
7.456198006031323766e-01
7.457126905240055725e-01
7.455823417441247436e-01
7.456155149925584036e-01
7.455274202468156197e-01
7.456361846868174714e-01
7.455126216550174156e-01
7.458752183636920829e-01
7.454958409415157750e-01
7.454934111187357937e-01
7.455176101449438875e-01
7.455298144131002891e-01
7.454797610465170310e-01
7.455453899040713761e-01
7.454843472090475487e-01
7.455032168511527280e-01
7.455003563598496807e-01
7.454909918359247101e-01
7.454672159361317441e-01
7.454695812527011300e-01
7.454022165382612197e-01
7.455135792193186006e-01
7.454075920783146403e-01
7.454231748349952058e-01
7.454073464686549189e-01
7.454395674100086078e-01
7.453847545846066236e-01
7.454227875914418711e-01
7.453788218736769888e-01
7.453994349122162744e-01
7.453836733734080511e-01
7.454750511909908894e-01
7.453853564167189916e-01
7.454269228628352950e-01
7.453469800175485105e-01
7.453569464342318929e-01
7.453497028783702127e-01
7.453416264282508585e-01
7.453396323672640822e-01
7.453396324433790854e-01
7.453450906559540012e-01
7.453265849661190323e-01
7.453379028170774578e-01
7.453414464362904113e-01
7.453275463171129545e-01
7.452789476887914377e-01
7.452626401653391630e-01
7.452203532303502964e-01
7.451967947686097826e-01
7.451967898937665868e-01
7.452034446063979800e-01
7.452087829012044029e-01
7.451949722068582638e-01
7.451946384829954972e-01
7.451866011156037528e-01
7.451624687787230528e-01
7.451443935444205247e-01
7.451455817255289160e-01
7.451513370390664415e-01
7.451472555501273964e-01
7.451433034133821964e-01
7.451463640326900784e-01
7.451351776821583117e-01
7.451442529337622966e-01
7.451408018464122929e-01
7.451306305103252425e-01
7.451276623516519537e-01
7.451288756381935219e-01
7.451222283062300944e-01
7.450848442030751917e-01
7.450711928963563713e-01
7.450658264917124907e-01
7.450708407996905480e-01
7.451283589665225193e-01
7.450623256285479057e-01
7.450330976661566629e-01
7.450367196239976453e-01
7.450377799323369965e-01
7.450177810059770422e-01
7.450172296652324277e-01
7.450109352286511388e-01
7.450108156188933739e-01
7.450184825166218383e-01
7.450070073388962433e-01
7.450389653888843666e-01
7.450090377462297297e-01
7.450221913086424452e-01
7.450075010575831769e-01
7.450325086925835283e-01
7.450017072643893012e-01
7.450272913142373943e-01
7.449880844390490697e-01
7.449857131624886275e-01
7.449853614952482994e-01
7.450007397941975640e-01
7.449857699344032413e-01
7.450184892914167856e-01
7.449860568393680271e-01
7.450279983953138618e-01
7.449775351066720841e-01
7.449427799166358222e-01
7.449529343954766070e-01
7.449424973557250418e-01
7.449467067465895820e-01
7.449435868623183188e-01
7.449420214013977581e-01
7.449420892769207381e-01
7.449574744789990710e-01
7.449412050605902502e-01
7.449514472163841772e-01
7.449415412650598478e-01
7.449699848172748329e-01
7.449383639713772487e-01
7.449121593253943407e-01
7.448988855535834119e-01
7.448941716888576314e-01
7.448972697871674153e-01
7.448972539170443108e-01
7.449108822881400638e-01
7.448892797499200302e-01
7.449327959958628176e-01
7.448946154396003383e-01
7.448656369716046832e-01
7.448678145265937856e-01
7.448636743821981376e-01
7.448734106328228632e-01
7.448700469972021621e-01
7.448662198479270025e-01
7.448689916445011550e-01
7.448678814600288023e-01
7.448693070773004798e-01
7.448635303558253096e-01
7.448744421718281883e-01
7.448639228653749500e-01
7.448894299945038044e-01
7.448527799273559902e-01
7.448118109289562083e-01
7.448047134761137666e-01
7.448041322967916544e-01
7.448168820180881555e-01
7.448068357830651687e-01
7.448024088059074233e-01
7.447991363029983214e-01
7.448596997460438240e-01
7.448002385282502802e-01
7.447836458155916439e-01
7.447830658082670308e-01
7.447700099234738635e-01
7.447652849455197455e-01
7.447644225811851371e-01
7.447644355028886221e-01
7.447618532558293314e-01
7.447677443368002637e-01
7.447558359864131505e-01
7.447652272914913052e-01
7.447565275706843346e-01
7.447480800223761355e-01
7.448055597836592545e-01
7.447691171766701590e-01
7.447234192626719373e-01
7.447389357399016863e-01
7.447298580427711423e-01
7.447357153062137414e-01
7.447254119813504492e-01
7.447389154070851447e-01
7.447218496564138590e-01
7.447228114103742191e-01
7.447233993019698461e-01
7.447368870742603342e-01
7.447193070114360713e-01
7.447451868909711337e-01
7.447151852032427577e-01
7.446966574349490608e-01
7.446984729442833739e-01
7.446874070939620838e-01
7.446869940760626472e-01
7.446853822809008649e-01
7.446863891920985079e-01
7.446804973281357931e-01
7.447747616833397810e-01
7.446687649148037158e-01
7.446572596041882708e-01
7.446598708449820858e-01
7.446816421372375316e-01
7.446579128422614602e-01
7.446629894618598255e-01
7.446568057916178596e-01
7.446687282436927902e-01
7.446591692844514165e-01
7.446726647273917976e-01
7.446568121925926098e-01
7.446616093902769240e-01
7.446550958995363789e-01
7.446932812482083275e-01
7.446734561602537106e-01
7.446598543814753057e-01
7.446528270348311551e-01
7.446370582144000716e-01
7.446077320986607129e-01
7.446145985982088877e-01
7.446076347198582468e-01
7.446128383879591084e-01
7.446095067297895387e-01
7.445921987176165047e-01
7.445712607103556202e-01
7.445778064454239287e-01
7.445779487175856470e-01
7.445609944328028806e-01
7.445613129863118962e-01
7.445681702781817846e-01
7.445537886920655657e-01
7.445381503557035874e-01
7.445337136694558655e-01
7.445311500993014864e-01
7.445463871964309588e-01
7.445309972782641061e-01
7.445385627167839804e-01
7.445316053564370318e-01
7.445197728779662238e-01
7.445173480213866934e-01
7.445201425341128054e-01
7.445102895547206501e-01
7.445112602666122958e-01
7.445218587838493551e-01
7.445089808821860888e-01
7.445070625977600054e-01
7.444993737497911379e-01
7.445123763270110606e-01
7.444956625807414019e-01
7.444778939449047117e-01
7.444696860626545121e-01
7.445260820783099476e-01
7.444643212382072717e-01
7.444572864130373224e-01
7.444566743947496068e-01
7.444580448450306420e-01
7.444560077007780219e-01
7.444631330527566870e-01
7.444598296329270060e-01
7.444663024312291322e-01
7.444589891316908403e-01
7.444571147838343617e-01
7.444563917346245230e-01
7.444603941255270030e-01
7.444553427292992520e-01
7.444606430304732125e-01
7.444559184430080689e-01
7.444713481320450743e-01
7.444660197310722927e-01
7.444521148989681203e-01
7.444477454780701331e-01
7.444496322494116303e-01
7.444469865148509724e-01
7.444520868199413499e-01
7.444526909197588527e-01
7.444547214369394705e-01
7.444499945130436114e-01
7.444344716762113512e-01
7.444310822930252369e-01
7.444289570433417769e-01
7.444320394576099398e-01
7.444286445123616813e-01
7.444244965147509552e-01
7.444250600223920600e-01
7.444240335768436134e-01
7.444245858273841332e-01
7.444180116094025745e-01
7.444480136217329624e-01
7.444190423816662294e-01
7.444260136261670047e-01
7.444172717117132354e-01
7.444073155182983070e-01
7.444089970327479877e-01
7.444144658624145539e-01
7.444064940714089085e-01
7.443889638522990237e-01
7.443864872565960633e-01
7.443858750119718426e-01
7.443925550465344543e-01
7.443884049440150363e-01
7.443909238817607577e-01
7.443856240186135231e-01
7.443790810373829281e-01
7.443773205453733111e-01
7.443743270155740444e-01
7.443821689547751586e-01
7.443681870362236497e-01
7.443745403515460435e-01
7.443699338885265693e-01
7.443674488714759896e-01
7.443675493330518256e-01
7.443630107991859868e-01
7.443636244583203831e-01
7.443585181711362964e-01
7.443586076939170404e-01
7.443712090522143221e-01
7.443563182209952389e-01
7.443459216665383460e-01
7.443474806508865171e-01
7.443461418657258966e-01
7.443487669880428648e-01
7.443458922286505519e-01
7.443496876082362768e-01
7.443445408428496224e-01
7.443455838621039211e-01
7.443456979628770842e-01
7.443513753711139547e-01
7.443441679011060241e-01
7.443497938703661498e-01
7.443448168241174612e-01
7.443297762789213845e-01
7.443236000816529918e-01
7.443234293932352585e-01
7.443238588360805430e-01
7.443217415461619302e-01
7.443225610060509867e-01
7.443201790685149977e-01
7.443205480707367760e-01
7.443133803881850641e-01
7.443018848535459808e-01
7.442997492584437769e-01
7.442950027757518905e-01
7.442808214473276562e-01
7.442766772662323671e-01
7.442751020348230551e-01
7.442690187321417961e-01
7.442690487734517912e-01
7.442648313287385520e-01
7.442657446372090702e-01
7.442635708006777318e-01
7.442656576864202789e-01
7.442531571772632581e-01
7.442448760643418648e-01
7.442320623426514903e-01
7.442211358288419731e-01
7.442166442849678099e-01
7.442133473152100498e-01
7.442126012706689053e-01
7.442035777578153155e-01
7.442014360025860364e-01
7.442013391517960930e-01
7.441939545853095694e-01
7.441867639834607306e-01
7.441841216501696721e-01
7.441860466369850657e-01
7.441831387632389383e-01
7.441756419054696980e-01
7.441762103105826753e-01
7.441786146378368549e-01
7.441741508144545936e-01
7.441714197677169462e-01
7.441671087026362486e-01
7.441657759013445839e-01
7.441548861391850123e-01
7.441476469768003588e-01
7.441408715166224486e-01
7.441531206519130803e-01
7.441417050441170300e-01
7.441386174222950345e-01
7.441385713754329334e-01
7.441443663372506734e-01
7.441369830872613944e-01
7.441414528810247342e-01
7.441340751148040056e-01
7.441323233078195321e-01
7.441325083598659962e-01
7.441275818442116829e-01
7.441274374673465530e-01
7.441256851371050862e-01
7.441256075869489006e-01
7.441258270841876188e-01
7.441297495705254672e-01
7.441258769048759714e-01
7.441251512712344640e-01
7.441272269497831715e-01
7.441224822028973396e-01
7.441340224259564984e-01
7.441212751350563259e-01
7.441147017289296839e-01
7.441148864390432216e-01
7.441145125729704546e-01
7.441185347557498497e-01
7.441140894618948343e-01
7.441164475936442591e-01
7.441145259441379611e-01
7.441148978727374352e-01
7.441147841221525949e-01
7.441187347677478137e-01
7.441031405372756646e-01
7.441008089364454792e-01
7.441002610540951023e-01
7.440955424157861264e-01
7.440964057820663724e-01
7.440962106502814200e-01
7.440939021460065694e-01
7.440924502905209570e-01
7.440897039830216553e-01
7.440890281184306954e-01
7.441113498254038339e-01
7.440867366112386971e-01
7.440766012050205047e-01
7.440773519029968419e-01
7.440769416214146892e-01
7.440780435084827227e-01
7.440764497743264094e-01
7.440780738261240090e-01
7.440764016037454409e-01
7.440760595162649871e-01
7.440742787103732381e-01
7.440964261631556331e-01
7.440743901796568194e-01
7.440677069975313307e-01
7.440702578409109647e-01
7.440691048980697664e-01
7.440680683158591435e-01
7.440677585008163009e-01
7.440704552533653482e-01
7.440680508159366324e-01
7.440693179929053214e-01
7.440666347450471951e-01
7.440927532932132271e-01
7.440649057594754812e-01
7.440548994324692744e-01
7.440469737783903525e-01
7.440476601184824457e-01
7.440466750868693913e-01
7.440435863269133643e-01
7.440433684555508576e-01
7.440424762334876263e-01
7.440427766129724674e-01
7.440421757669239966e-01
7.440423284214479072e-01
7.440412427780814797e-01
7.440453416320718105e-01
7.440423300939936757e-01
7.440396982795708380e-01
7.440357869658537071e-01
7.440361900414904639e-01
7.440358467001905174e-01
7.440356784694328596e-01
7.440360310201240557e-01
7.440350098806945978e-01
7.440465552343213940e-01
7.440390282532068911e-01
7.440385789424132090e-01
7.440361733323107574e-01
7.440275218842655747e-01
7.440291120417318327e-01
7.440278315363781925e-01
7.440336911065044134e-01
7.440274496938522608e-01
7.440315945232099937e-01
7.440287228833500910e-01
7.440364039965248200e-01
7.440276243706158699e-01
7.440310312020221861e-01
7.440318237130901791e-01
7.440263366686531432e-01
7.440200706297389610e-01
7.440202556625444830e-01
7.440208349828463241e-01
7.440189749504739769e-01
7.440193714890325216e-01
7.440197413841419527e-01
7.440187436109845232e-01
7.440203546860265638e-01
7.440204139013535389e-01
7.440181513617757370e-01
7.440176577363125654e-01
7.440119107517922936e-01
7.440098574765707795e-01
7.440099848763311874e-01
7.440057735988984122e-01
7.440032690816064109e-01
7.440013207235850468e-01
7.440003434517513670e-01
7.440003712863672014e-01
7.440002543387365108e-01
7.440000282081352667e-01
7.439993395657351627e-01
7.440000502580810249e-01
7.439994783850711890e-01
7.440024073144693162e-01
7.439988639482636446e-01
7.439977646326128013e-01
7.439919348054944148e-01
7.439894930451528277e-01
7.439867132662419946e-01
7.439858856241029494e-01
7.439863962542004883e-01
7.439833854759270171e-01
7.439839206861934562e-01
7.439833610658427299e-01
7.439841588249593851e-01
7.439844331068869998e-01
7.439889746740663279e-01
7.439827419192924784e-01
7.439818031139661114e-01
7.439830680054337897e-01
7.439809644250724441e-01
7.439796538738727705e-01
7.439756669862855887e-01
7.439752852473127120e-01
7.439751587871852312e-01
7.439749054561145547e-01
7.439743543930297243e-01
7.439745020746060256e-01
7.439745860353587092e-01
7.439801297880411779e-01
7.439751214118042189e-01
7.439702048319039029e-01
7.439709124310823762e-01
7.439702434954073018e-01
7.439688900448712117e-01
7.439689922889886065e-01
7.439681557317945337e-01
7.439681198268642826e-01
7.439685028134233047e-01
7.439677781678324386e-01
7.439682850543615222e-01
7.439672438632644047e-01
7.439711166093865291e-01
7.439662722771656078e-01
7.439631831957190800e-01
7.439629097367982391e-01
7.439628376414132438e-01
7.439628716228792182e-01
7.439639201122616452e-01
7.439622982067933821e-01
7.439622755116430675e-01
7.439676442857214855e-01
7.439616334833910605e-01
7.439576081055673251e-01
7.439572521082952195e-01
7.439572895722785795e-01
7.439559961610788807e-01
7.439560576025643357e-01
7.439553802234042390e-01
7.439558182286999388e-01
7.439555206015382449e-01
7.439553197569539478e-01
7.439558011969958917e-01
7.439552964798776813e-01
7.439552416192577455e-01
7.439576548707594883e-01
7.439499913368970985e-01
7.439495597429806040e-01
7.439496577821410606e-01
7.439466151147389184e-01
7.439452247792746054e-01
7.439452688343988207e-01
7.439452313308652087e-01
7.439452942020902126e-01
7.439435213638324607e-01
7.439391891440121363e-01
7.439349512829949163e-01
7.439311014556392321e-01
7.439271157815249280e-01
7.439241018341882228e-01
7.439210885584225386e-01
7.439211570851901323e-01
7.439212540911185334e-01
7.439208308934847080e-01
7.439210153046625917e-01
7.439195720195904693e-01
7.439189101198939724e-01
7.439169216197110135e-01
7.439167699558302260e-01
7.439155839910062129e-01
7.439155746968322269e-01
7.439125244999549302e-01
7.439102461403157562e-01
7.439101366964721018e-01
7.439097546363184765e-01
7.439102102361708768e-01
7.439121492451133966e-01
7.439057685849034263e-01
7.439042730264259218e-01
7.439043433848134823e-01
7.439048073955650819e-01
7.439037828457253365e-01
7.439037496079579093e-01
7.439044127421040598e-01
7.439038938927838851e-01
7.439043492695346371e-01
7.439037969951778351e-01
7.439040271550638739e-01
7.439037485138630945e-01
7.439049023037623831e-01
7.439036827055766077e-01
7.439047583249380757e-01
7.439074770606263209e-01
7.438991558974369367e-01
7.438984139713604726e-01
7.438983141758123141e-01
7.438976274560507029e-01
7.438977159718637155e-01
7.438974609274973115e-01
7.438971144179690187e-01
7.439028556394566838e-01
7.438955862907077332e-01
7.438924553824597385e-01
7.438936310446910838e-01
7.438922829697847128e-01
7.438908645328170532e-01
7.438907022305600858e-01
7.438906306705467264e-01
7.438908467616299758e-01
7.438919148869458375e-01
7.438908534139302420e-01
7.438917799270845510e-01
7.438905934322127544e-01
7.438934994632473430e-01
7.438886945897732472e-01
7.438854558616688761e-01
7.438852311305899079e-01
7.438852289593759215e-01
7.438854708263978877e-01
7.438858080596061351e-01
7.438854621715772497e-01
7.438851409027685824e-01
7.438875275254606123e-01
7.438851636186371019e-01
7.438851391094785104e-01
7.438865940106486052e-01
7.438829627220897578e-01
7.438815508955336497e-01
7.438813073688270716e-01
7.438804801673613021e-01
7.438802778770780000e-01
7.438811107329110772e-01
7.438802252152458827e-01
7.438804953541898746e-01
7.438796844940973596e-01
7.438827788128004048e-01
7.438790451722440134e-01
7.438766389128116385e-01
7.438775389662404258e-01
7.438772650896174898e-01
7.438777494357756703e-01
7.438766659313221785e-01
7.438771523821855469e-01
7.438765487412519750e-01
7.438780087472006697e-01
7.438765162717014823e-01
7.438732370258689386e-01
7.438696290718124216e-01
7.438662058521602338e-01
7.438626110790200752e-01
7.438591408297423602e-01
7.438561950376290088e-01
7.438541586267918282e-01
7.438527536993663203e-01
7.438503865242030999e-01
7.438487377503978371e-01
7.438500417910679507e-01
7.438481924831240599e-01
7.438483778733628871e-01
7.438484338748990732e-01
7.438492957026374697e-01
7.438486126426839817e-01
7.438455661952719788e-01
7.438446731135600620e-01
7.438446630607644661e-01
7.438429258631862329e-01
7.438402323642000491e-01
7.438391090730179789e-01
7.438396708037982030e-01
7.438385877831885651e-01
7.438370639202568357e-01
7.438366696084671714e-01
7.438369219524560982e-01
7.438366833632256148e-01
7.438364644704615891e-01
7.438370749044361796e-01
7.438359768891894541e-01
7.438347967005064509e-01
7.438352145155323614e-01
7.438338814895116835e-01
7.438344360041763137e-01
7.438338901506121870e-01
7.438322559051475658e-01
7.438317843415872543e-01
7.438316614503636126e-01
7.438295997535009363e-01
7.438276057739791058e-01
7.438275072884253936e-01
7.438270162499861504e-01
7.438262684704712857e-01
7.438253900705121824e-01
7.438260697026910506e-01
7.438261932922322073e-01
7.438250157849568556e-01
7.438244430143157171e-01
7.438241110268963840e-01
7.438231754882219660e-01
7.438239220364067927e-01
7.438233443977178005e-01
7.438237246970773597e-01
7.438236715617445594e-01
7.438217509909934577e-01
7.438211581924004667e-01
7.438198197827352587e-01
7.438249758250135013e-01
7.438198360341292670e-01
7.438190073013493109e-01
7.438191650833241297e-01
7.438200737480914482e-01
7.438214791705897166e-01
7.438174149990951500e-01
7.438172434954136714e-01
7.438158199150143313e-01
7.438161686995579114e-01
7.438159068911380789e-01
7.438164067379205990e-01
7.438160978731264139e-01
7.438163765332168609e-01
7.438157198726337294e-01
7.438171849724868334e-01
7.438155211873274109e-01
7.438131593969972144e-01
7.438137473532759891e-01
7.438127872185733569e-01
7.438159237991569528e-01
7.438128442503897375e-01
7.438119366450413050e-01
7.438117042416176883e-01
7.438118190020877041e-01
7.438117378084675435e-01
7.438104164585110922e-01
7.438104004970328420e-01
7.438104573812246434e-01
7.438106252698034604e-01
7.438123279043770131e-01
7.438105058367434630e-01
7.438093383060602193e-01
7.438093838482421338e-01
7.438089331206191313e-01
7.438088809046284888e-01
7.438089276284861606e-01
7.438091748796079594e-01
7.438119368200530879e-01
7.438086304809480298e-01
7.438078993672456729e-01
7.438081437636382409e-01
7.438079176548806348e-01
7.438078864114247013e-01
7.438091118206102692e-01
7.438075202868948965e-01
7.438076504829985724e-01
7.438089900890426653e-01
7.438075319597222679e-01
7.438088962770891266e-01
7.438075286505773098e-01
7.438077611845048676e-01
7.438095421520574124e-01
7.438045227199425735e-01
7.438058327015418802e-01
7.438045513839731671e-01
7.438032943410965991e-01
7.438036655446651491e-01
7.438042915944202971e-01
7.438034631671770480e-01
7.438027009683412238e-01
7.438025254558258137e-01
7.438027915330629458e-01
7.438025150234428562e-01
7.438021741748060967e-01
7.438022613718240361e-01
7.438016273856405958e-01
7.438019408188767390e-01
7.438014931439422828e-01
7.438014644650077223e-01
7.438025819831072249e-01
7.438019807503404301e-01
7.438017139577051129e-01
7.438047732989336858e-01
7.437975082420220652e-01
7.437972742127514358e-01
7.437973864493525600e-01
7.437976715716225762e-01
7.437985741833732511e-01
7.437986024075128322e-01
7.437970808759662988e-01
7.437963487248518968e-01
7.437968645073069762e-01
7.437978906106819110e-01
7.437964723504844056e-01
7.437965951979023105e-01
7.437962996406840555e-01
7.437987436915205475e-01
7.437955885142868429e-01
7.437941859770820230e-01
7.437932350854459251e-01
7.437927777082380398e-01
7.437926826194164454e-01
7.437934754427395490e-01
7.437928912987821217e-01
7.437936981937093295e-01
7.437933312640249151e-01
7.437929498194308930e-01
7.437919874710720025e-01
7.437915347281909284e-01
7.437914944718924115e-01
7.437917471710940864e-01
7.437911904212884950e-01
7.437917325544549652e-01
7.437913859782819825e-01
7.437914224352649706e-01
7.437910714169775339e-01
7.437911065569207114e-01
7.437909763017287457e-01
7.437923718135417417e-01
7.437918664515583700e-01
7.437927103335718604e-01
7.437913693343186639e-01
7.437908087518055877e-01
7.437892605512883559e-01
7.437890840968212069e-01
7.437892305145248351e-01
7.437891084309805612e-01
7.437889926733911583e-01
7.437892292608742073e-01
7.437890647562717117e-01
7.437881621396881249e-01
7.437881492830882291e-01
7.437872426139611193e-01
7.437865176885096741e-01
7.437864386888011214e-01
7.437864862060489246e-01
7.437864409793784048e-01
7.437864900591641959e-01
7.437858859906212317e-01
7.437855985643272438e-01
7.437855807494113680e-01
7.437855906326469313e-01
7.437855498059344761e-01
7.437847559209153081e-01
7.437845376275341591e-01
7.437843516908250185e-01
7.437851922614706623e-01
7.437826218453169602e-01
7.437817232557721869e-01
7.437815511105605459e-01
7.437814661973709551e-01
7.437818696039809607e-01
7.437814304492096351e-01
7.437814714289456841e-01
7.437813945884264033e-01
7.437813635852525973e-01
7.437814958661084219e-01
7.437821239411437357e-01
7.437813222197933172e-01
7.437810623362350881e-01
7.437810427648173794e-01
7.437809422610345278e-01
7.437809729917693735e-01
7.437818260765668432e-01
7.437811341087385841e-01
7.437802029611054744e-01
7.437797709813589453e-01
7.437800969270332851e-01
7.437795643517641775e-01
7.437798994739551750e-01
7.437795504816293590e-01
7.437785299081560719e-01
7.437784693564610805e-01
7.437784588000759811e-01
7.437783003771154533e-01
7.437782667153969296e-01
7.437784414669296185e-01
7.437783018125510015e-01
7.437785686396851670e-01
7.437782306231591756e-01
7.437782793020909500e-01
7.437781897214333915e-01
7.437782081305870374e-01
7.437781880320293304e-01
7.437780926626358369e-01
7.437777203004818372e-01
7.437781799844570552e-01
7.437773606996328501e-01
7.437763806882234929e-01
7.437762259894762362e-01
7.437762492685018323e-01
7.437773788250707785e-01
7.437757993111503430e-01
7.437755466282336414e-01
7.437755215554601174e-01
7.437748185431514170e-01
7.437748157487309442e-01
7.437748810738009642e-01
7.437748948613297495e-01
7.437748496964807776e-01
7.437747815745018309e-01
7.437748771668949432e-01
7.437748227163973880e-01
7.437748279987599354e-01
7.437748465270470621e-01
7.437746084585035167e-01
7.437745680781661095e-01
7.437750043772646258e-01
7.437756001429841612e-01
7.437731617188442224e-01
7.437726527895586193e-01
7.437726036692468012e-01
7.437726417390383427e-01
7.437726909634443384e-01
7.437725040394045362e-01
7.437732861984154287e-01
7.437726081686747426e-01
7.437716420929083583e-01
7.437718167826322668e-01
7.437716711855240082e-01
7.437716578425938030e-01
7.437716487293501988e-01
7.437715520720227236e-01
7.437715751123677999e-01
7.437716209261258093e-01
7.437715496393141335e-01
7.437715966010447488e-01
7.437713178726157448e-01
7.437709654982161966e-01
7.437707008256353447e-01
7.437708340330012602e-01
7.437704823274471355e-01
7.437695795916582364e-01
7.437694648892948512e-01
7.437694761862152504e-01
7.437694183406955428e-01
7.437694174485787180e-01
7.437693968890657370e-01
7.437697665403375513e-01
7.437695788187197454e-01
7.437693537607996674e-01
7.437694015444816786e-01
7.437693584064705155e-01
7.437690945156734124e-01
7.437690723606978915e-01
7.437693593425022121e-01
7.437690756192593122e-01
7.437695283835290549e-01
7.437700334028028992e-01
7.437680107752612235e-01
7.437674040441858425e-01
7.437675350212764602e-01
7.437673991585452837e-01
7.437680492114440156e-01
7.437674629229847900e-01
7.437669019952917182e-01
7.437669794783003940e-01
7.437664466373410388e-01
7.437664224366226096e-01
7.437662199075459890e-01
7.437660691685435976e-01
7.437660821128674327e-01
7.437660719409386889e-01
7.437660275385370445e-01
7.437660990276780959e-01
7.437657392915509869e-01
7.437653532056549555e-01
7.437653811604306719e-01
7.437651353604222138e-01
7.437651416688821904e-01
7.437666705637629994e-01
7.437655480872171765e-01
7.437638085515566599e-01
7.437644193891441713e-01
7.437637561546346365e-01
7.437637326386633552e-01
7.437637868883687498e-01
7.437636984407819396e-01
7.437636585526712363e-01
7.437638269840352034e-01
7.437636629378269193e-01
7.437643949817795974e-01
7.437636826721508720e-01
7.437636269295774261e-01
7.437636671394118881e-01
7.437643223925037850e-01
7.437635380623474068e-01
7.437623719102304243e-01
7.437620153412439761e-01
7.437619196206199934e-01
7.437617226246425739e-01
7.437617882645936040e-01
7.437623398988275625e-01
7.437616022348676470e-01
7.437613074803353097e-01
7.437613554759844314e-01
7.437609733728175465e-01
7.437609844598870312e-01
7.437610369588225634e-01
7.437610871041198113e-01
7.437610978486002278e-01
7.437609522254848837e-01
7.437609703862035904e-01
7.437609489723625567e-01
7.437609479905376020e-01
7.437609944808528661e-01
7.437612775253813480e-01
7.437608924798249088e-01
7.437617364998831970e-01
7.437606097166421515e-01
7.437595918845811838e-01
7.437596730393065680e-01
7.437596736700454736e-01
7.437594053199975130e-01
7.437595114712299837e-01
7.437599452420938784e-01
7.437595321000586290e-01
7.437597236580169024e-01
7.437595661077520681e-01
7.437587363986221112e-01
7.437584724497720012e-01
7.437586949190259089e-01
7.437581250139796429e-01
7.437581768244081459e-01
7.437581581812169329e-01
7.437581247131280771e-01
7.437582219309308851e-01
7.437581136754441991e-01
7.437580839445460112e-01
7.437580009520399216e-01
7.437589781123419286e-01
7.437578686364141323e-01
7.437570905224786255e-01
7.437570050501134400e-01
7.437569440374778296e-01
7.437568804607034290e-01
7.437568761049394572e-01
7.437571925803629913e-01
7.437569583801800777e-01
7.437575133550677897e-01
7.437568633002212826e-01
7.437573927524535611e-01
7.437569832528058145e-01
7.437575489193536393e-01
7.437569437590151322e-01
7.437571098606371445e-01
7.437568909978956588e-01
7.437557114099355715e-01
7.437561277546810290e-01
7.437557030305820271e-01
7.437550655552147560e-01
7.437546172746767326e-01
7.437542017649517723e-01
7.437541134281113742e-01
7.437540667670292649e-01
7.437542359070712372e-01
7.437539257226098988e-01
7.437534736866757701e-01
7.437531058440599585e-01
7.437530955303194302e-01
7.437538799149943092e-01
7.437530428880366751e-01
7.437529446471174976e-01
7.437529453572954141e-01
7.437528146256788819e-01
7.437529015495726314e-01
7.437526784825434500e-01
7.437532504799735378e-01
7.437516474199566963e-01
7.437515351119915463e-01
7.437515627413352481e-01
7.437503689100911641e-01
7.437498961240194273e-01
7.437498589341700050e-01
7.437500326884093349e-01
7.437498032958356209e-01
7.437494949736066507e-01
7.437494587650601563e-01
7.437494205365376976e-01
7.437493021615545485e-01
7.437493618796046091e-01
7.437491639346329730e-01
7.437492374565092268e-01
7.437492717097091699e-01
7.437491152993365162e-01
7.437481910012148090e-01
7.437476702459346889e-01
7.437475816128431561e-01
7.437475592775019129e-01
7.437471806998590118e-01
7.437471552070074043e-01
7.437469465342546604e-01
7.437470022937020531e-01
7.437468694459530294e-01
7.437468000032888549e-01
7.437466207207814595e-01
7.437464230319652536e-01
7.437460888387946722e-01
7.437457802998281853e-01
7.437457728503030774e-01
7.437457075088668157e-01
7.437456597937512903e-01
7.437460710023211519e-01
7.437455430972553794e-01
7.437453657110287830e-01
7.437452122109466934e-01
7.437453581553593596e-01
7.437448142639190296e-01
7.437449160289604233e-01
7.437448295996783587e-01
7.437447550088883697e-01
7.437447311545083428e-01
7.437445735195129526e-01
7.437446645734894224e-01
7.437446920030710285e-01
7.437446046458516813e-01
7.437448115762904655e-01
7.437443987636213061e-01
7.437443398273406725e-01
7.437442620031949891e-01
7.437443558605438820e-01
7.437442366433175689e-01
7.437435796539381139e-01
7.437433575000566011e-01
7.437433702880011932e-01
7.437432749558675615e-01
7.437433435113188773e-01
7.437431937403953253e-01
7.437437552390642193e-01
7.437424052837295907e-01
7.437420436505139953e-01
7.437420351177751465e-01
7.437417421352754410e-01
7.437417775893783167e-01
7.437416923473902930e-01
7.437417064380045240e-01
7.437417539997981386e-01
7.437416784961059513e-01
7.437415551231062461e-01
7.437417412101218206e-01
7.437415701168433868e-01
7.437415630930936938e-01
7.437417089022152483e-01
7.437414718025709970e-01
7.437413235581697979e-01
7.437407949145502517e-01
7.437408406340549893e-01
7.437407594050332582e-01
7.437411785005638709e-01
7.437409234572625039e-01
7.437404903428772585e-01
7.437401829913314888e-01
7.437401021467356932e-01
7.437401106170060672e-01
7.437399726446679571e-01
7.437398793001002151e-01
7.437395043362693414e-01
7.437393039802555617e-01
7.437393513623399288e-01
7.437392771135512559e-01
7.437388482019633429e-01
7.437386633825845417e-01
7.437388155236444032e-01
7.437385750719511801e-01
7.437389737418429458e-01
7.437389279014094967e-01
7.437384062559094788e-01
7.437388063137353456e-01
7.437377829507431093e-01
7.437373468477278537e-01
7.437372273509873510e-01
7.437372264265580402e-01
7.437368573329173893e-01
7.437368870405671739e-01
7.437367122018598842e-01
7.437367668903347440e-01
7.437365852821048451e-01
7.437367256992952758e-01
7.437367360219651058e-01
7.437366015857891366e-01
7.437364044933477691e-01
7.437362930554166640e-01
7.437359783884442965e-01
7.437357874290002613e-01
7.437358478100338788e-01
7.437355517718776676e-01
7.437348628799853589e-01
7.437348269919892285e-01
7.437347496627869647e-01
7.437346511034382823e-01
7.437345219678488384e-01
7.437339720330979898e-01
7.437341724111602437e-01
7.437340135731551616e-01
7.437342059066939237e-01
7.437339524020692982e-01
7.437340366871426633e-01
7.437337448846492727e-01
7.437335994443527998e-01
7.437336175543725059e-01
7.437335847705396352e-01
7.437334649481722737e-01
7.437333956680344249e-01
7.437334099700125822e-01
7.437333077754556543e-01
7.437335065700489967e-01
7.437335517123214723e-01
7.437332146197684901e-01
7.437332100828368819e-01
7.437331467349040937e-01
7.437332214769234451e-01
7.437331550985146755e-01
7.437332198267331274e-01
7.437331393740397312e-01
7.437333684823377311e-01
7.437331156566541202e-01
7.437332225924201401e-01
7.437330151329161199e-01
7.437334628361009781e-01
7.437330518262176282e-01
7.437327050879956047e-01
7.437327462668513745e-01
7.437326660527819877e-01
7.437330258158937335e-01
7.437326309585999828e-01
7.437324764325131676e-01
7.437323382304901198e-01
7.437331892781831044e-01
7.437321092832901437e-01
7.437316993491662753e-01
7.437318169089872644e-01
7.437316862285971997e-01
7.437317048945862874e-01
7.437317031906336418e-01
7.437317925270945373e-01
7.437317149743071232e-01
7.437316578913243381e-01
7.437316610558950547e-01
7.437316972962845218e-01
7.437316499353581190e-01
7.437317321974955542e-01
7.437316642358402508e-01
7.437319907411840125e-01
7.437316349152995887e-01
7.437313735340536081e-01
7.437314036063914502e-01
7.437313223035170173e-01
7.437317754784645851e-01
7.437313596793594384e-01
7.437316765422598008e-01
7.437312710870065402e-01
7.437312128139635936e-01
7.437311993331288118e-01
7.437312740997974458e-01
7.437311956602284946e-01
7.437312055222512486e-01
7.437311886634960789e-01
7.437312058755841671e-01
7.437311506825776686e-01
7.437311480892878635e-01
7.437311937232828907e-01
7.437311492574407712e-01
7.437311661641879956e-01
7.437311545440312699e-01
7.437314000204919839e-01
7.437309908251096280e-01
7.437306685961996289e-01
7.437306631040409011e-01
7.437306588023202547e-01
7.437306013370695856e-01
7.437305592190969206e-01
7.437304930860983987e-01
7.437305546218480057e-01
7.437305097452773239e-01
7.437304846293049110e-01
7.437302339411715479e-01
7.437301799187671092e-01
7.437301677948709999e-01
7.437301038343047122e-01
7.437301070096116185e-01
7.437300629887485526e-01
7.437300563610379500e-01
7.437299582111719376e-01
7.437299446498043531e-01
7.437298488404882058e-01
7.437298160076706299e-01
7.437297752580562804e-01
7.437296281286845945e-01
7.437295168248561072e-01
7.437294301266329510e-01
7.437294293704234116e-01
7.437294600167002612e-01
7.437293532026172382e-01
7.437294327299126540e-01
7.437293418636643505e-01
7.437293624217107268e-01
7.437293324584031140e-01
7.437293049476297879e-01
7.437291728655602840e-01
7.437291789947508835e-01
7.437292038180872700e-01
7.437291636287837182e-01
7.437292388307061852e-01
7.437291646185831828e-01
7.437292969246235286e-01
7.437290451217649645e-01
7.437293347595060888e-01
7.437291138583768113e-01
7.437286884028494471e-01
7.437285225861711702e-01
7.437284144380716944e-01
7.437284187831834092e-01
7.437284088132123383e-01
7.437283476961360495e-01
7.437283538893112445e-01
7.437283583973741674e-01
7.437281868812668506e-01
7.437280668223573699e-01
7.437279613960101621e-01
7.437280196679756372e-01
7.437279581372918669e-01
7.437279741209411599e-01
7.437278765624435461e-01
7.437278851350269671e-01
7.437278280844339395e-01
7.437278239049336381e-01
7.437277641646525828e-01
7.437277482774563575e-01
7.437275255037129051e-01
7.437275943560420766e-01
7.437275230703501716e-01
7.437274425990417770e-01
7.437274722054034726e-01
7.437274024961882946e-01
7.437274251691200488e-01
7.437272899862573672e-01
7.437272816311817358e-01
7.437271774620592968e-01
7.437271936685705409e-01
7.437271921166118682e-01
7.437272222662206778e-01
7.437271881598055412e-01
7.437272082789754268e-01
7.437271866480144045e-01
7.437271285430876455e-01
7.437271281974414672e-01
7.437271187704268538e-01
7.437271273374427283e-01
7.437271364448717614e-01
7.437271126577018610e-01
7.437268615550869377e-01
7.437269987375719760e-01
7.437268052453650524e-01
7.437267264973707048e-01
7.437267482694680520e-01
7.437266371341791915e-01
7.437266275295572049e-01
7.437266700813486286e-01
7.437265697007856557e-01
7.437265664864710635e-01
7.437265413953999538e-01
7.437265613063296366e-01
7.437265759040270208e-01
7.437265451353295420e-01
7.437265362668900037e-01
7.437265268643858951e-01
7.437265273343577343e-01
7.437265391040719376e-01
7.437264980004749670e-01
7.437264944665052946e-01
7.437269346895709621e-01
7.437264159782730477e-01
7.437261233478612565e-01
7.437261910647323671e-01
7.437261530395862241e-01
7.437261905161696163e-01
7.437261214969503875e-01
7.437261356603271922e-01
7.437261256356888506e-01
7.437262508754923784e-01
7.437260759258391696e-01
7.437260245995842567e-01
7.437260210956845308e-01
7.437260305535428051e-01
7.437260092525070920e-01
7.437257753767818613e-01
7.437257558738972207e-01
7.437257958039749095e-01
7.437257456143484546e-01
7.437257428923326197e-01
7.437257290408154642e-01
7.437257428356085498e-01
7.437255781314043857e-01
7.437253970274967374e-01
7.437252067469120043e-01
7.437250466047002906e-01
7.437249862936683442e-01
7.437249476227785205e-01
7.437249778618066909e-01
7.437249310979094918e-01
7.437249631869186084e-01
7.437248539933830616e-01
7.437247059250073900e-01
7.437246307742102491e-01
7.437245707035110565e-01
7.437245842135835616e-01
7.437244501261409679e-01
7.437244586587000716e-01
7.437244769827885404e-01
7.437245544398674024e-01
7.437244701890231013e-01
7.437246062681077685e-01
7.437244385640957578e-01
7.437246384807467692e-01
7.437244648712864059e-01
7.437242775409421691e-01
7.437242056296651249e-01
7.437242074551965176e-01
7.437242623733408831e-01
7.437244694469373751e-01
7.437241149210940261e-01
7.437239799336085033e-01
7.437239402701628643e-01
7.437238875489482481e-01
7.437238761558898625e-01
7.437238078200050229e-01
7.437236478755132607e-01
7.437235967879508580e-01
7.437236262372224349e-01
7.437235690657976184e-01
7.437236512431140145e-01
7.437235365545721288e-01
7.437235548752746395e-01
7.437234626285943451e-01
7.437234328512819515e-01
7.437237531434168769e-01
7.437233926554223107e-01
7.437233107850093061e-01
7.437233583231412926e-01
7.437233014825833655e-01
7.437234095973630499e-01
7.437232821881119005e-01
7.437233470771138499e-01
7.437232807100854215e-01
7.437232917613039174e-01
7.437232813507806961e-01
7.437234559389492849e-01
7.437233091734163359e-01
7.437233182204616710e-01
7.437232792563570616e-01
7.437233677108134877e-01
7.437232393182947598e-01
7.437230650965785950e-01
7.437229553163282603e-01
7.437229370233416903e-01
7.437229621109432420e-01
7.437229004776975128e-01
7.437229179013787883e-01
7.437228148368705272e-01
7.437226442429418771e-01
7.437229290984558316e-01
7.437226777173562287e-01
7.437224564894362455e-01
7.437224537939920443e-01
7.437224686326207035e-01
7.437224395614044914e-01
7.437224588899949973e-01
7.437224443216913228e-01
7.437224288082640022e-01
7.437224698588652538e-01
7.437224206533249449e-01
7.437224458061048038e-01
7.437224781507911775e-01
7.437225753873094591e-01
7.437224135904464406e-01
7.437222433177262948e-01
7.437222529773742652e-01
7.437222646014327587e-01
7.437222382316446279e-01
7.437222396501100841e-01
7.437222685126796407e-01
7.437222541288763811e-01
7.437222896715055542e-01
7.437222558003886430e-01
7.437225284866101349e-01
7.437220897987222301e-01
7.437220712727858896e-01
7.437220840649986231e-01
7.437220756620908091e-01
7.437220828178729981e-01
7.437220881753467960e-01
7.437220723427296898e-01
7.437220839719556054e-01
7.437220700155475761e-01
7.437220976918960114e-01
7.437222253517242754e-01
7.437218737805857405e-01
7.437218383161758872e-01
7.437218648206612714e-01
7.437218309320526854e-01
7.437218567853758344e-01
7.437218508581477927e-01
7.437218439443880058e-01
7.437218331045160058e-01
7.437218302509760459e-01
7.437218274048958966e-01
7.437219656665151613e-01
7.437216699573466760e-01
7.437216982083167949e-01
7.437217071678190461e-01
7.437217519209915473e-01
7.437216874604468675e-01
7.437216621808013794e-01
7.437216577424488051e-01
7.437216130673097725e-01
7.437216077519216428e-01
7.437216208547975382e-01
7.437216188989907995e-01
7.437218127087794617e-01
7.437216137275142191e-01
7.437215082973365199e-01
7.437214714581804609e-01
7.437214769992304131e-01
7.437214848210887963e-01
7.437214730350734104e-01
7.437214848133539835e-01
7.437215916670892879e-01
7.437215378362573848e-01
7.437214205469769857e-01
7.437214649451545645e-01
7.437214286026451182e-01
7.437214049239179170e-01
7.437214311570981007e-01
7.437214172407363710e-01
7.437213297296023651e-01
7.437213113963535571e-01
7.437213181717615695e-01
7.437213026088160817e-01
7.437212993520310178e-01
7.437212921454877668e-01
7.437213165226899125e-01
7.437213481598325959e-01
7.437213143222519696e-01
7.437212098773903213e-01
7.437212193344427957e-01
7.437212972011680856e-01
7.437211842234426884e-01
7.437211770828908719e-01
7.437211978155777725e-01
7.437211755014025982e-01
7.437211734900065485e-01
7.437211712030465938e-01
7.437211896637352382e-01
7.437211354859156742e-01
7.437215103063439248e-01
7.437211436568805789e-01
7.437209217677202000e-01
7.437208930102221505e-01
7.437208837213938883e-01
7.437208686055878371e-01
7.437208679725284544e-01
7.437208806609576506e-01
7.437208653775249090e-01
7.437209228517717152e-01
7.437208818409636324e-01
7.437209646377408445e-01
7.437208496294098747e-01
7.437207725320016394e-01
7.437207844148033820e-01
7.437208190195242485e-01
7.437207613392375904e-01
7.437207614432784775e-01
7.437207584419406325e-01
7.437207377203426395e-01
7.437207113575533546e-01
7.437207081358656602e-01
7.437207159565913939e-01
7.437207209819084452e-01
7.437210520083082921e-01
7.437207008308964751e-01
7.437205315601497224e-01
7.437205537433437819e-01
7.437205382969064305e-01
7.437205532598668567e-01
7.437205346435740161e-01
7.437205476201227405e-01
7.437205309433975176e-01
7.437205889174515194e-01
7.437205483346589485e-01
7.437206183658982006e-01
7.437205104222153196e-01
7.437203890499307635e-01
7.437203935592903159e-01
7.437203938048360108e-01
7.437205077612172310e-01
7.437203860318550852e-01
7.437204558276058197e-01
7.437204059008122314e-01
7.437203690148496138e-01
7.437203739027399285e-01
7.437204369499382794e-01
7.437203303738685323e-01
7.437203109596797201e-01
7.437203392640072686e-01
7.437203495665778430e-01
7.437203007404554755e-01
7.437202908763820286e-01
7.437202860404478200e-01
7.437202864785429357e-01
7.437202900908206349e-01
7.437202980991102219e-01
7.437203007163235569e-01
7.437203574439975595e-01
7.437202927418040677e-01
7.437203328366160937e-01
7.437203005461028305e-01
7.437203100264370148e-01
7.437202795543400580e-01
7.437203107964657223e-01
7.437202586512122737e-01
7.437202420718619367e-01
