1.310022445702177185e+00
1.310459549528162793e+00
1.310044827431283476e+00
1.321661329716340427e+00
1.350774650869916771e+00
1.308400507346902497e+00
1.076548416115816087e+00
1.077128984697104830e+00
1.076054295399754723e+00
1.076054295399754723e+00
1.076054295399754501e+00
1.078549493576044238e+00
1.070242303316017551e+00
1.132494440997530827e+00
1.070962872703871804e+00
1.070242303316017329e+00
1.075869964456006356e+00
9.799870789665608983e-01
9.647744075688875487e-01
9.647744075688875487e-01
9.647744075688875487e-01
9.647744075688875487e-01
9.821535944632631132e-01
9.171057315004369492e-01
9.170532428345161691e-01
8.368180108617363500e-01
8.368180108617361279e-01
8.368180108617363500e-01
8.368180108617360169e-01
8.368180108617360169e-01
8.368180108617363500e-01
8.519225124526117465e-01
9.082139593182925186e-01
8.368180108617361279e-01
8.368180108617361279e-01
8.368180108617363500e-01
9.337640711344515898e-01
8.368180108617361279e-01
8.368180108617360169e-01
8.962979432448698880e-01
8.371477049142644900e-01
9.197715294498033378e-01
8.362001029395064178e-01
8.798060112786326714e-01
8.336543152244895172e-01
8.970606401587160050e-01
8.335646377245735650e-01
8.864192811917271930e-01
8.363282410223655816e-01
8.320683077827498719e-01
8.320683077827498719e-01
8.490479029549602430e-01
8.343707640771983458e-01
8.650032489426116022e-01
8.320683077827500940e-01
8.473645016744151270e-01
8.431975489715300975e-01
8.505512838787352425e-01
8.320683077827498719e-01
8.236013542837502532e-01
8.236013542837502532e-01
8.469500637842227730e-01
8.234462665503340384e-01
8.478285940050523939e-01
8.234462665503340384e-01
8.794571005887574788e-01
8.234462665503340384e-01
8.330505851516363247e-01
8.220315829200985913e-01
9.053160623570948307e-01
8.293044241439918585e-01
8.812410458499693178e-01
8.190100835521020306e-01
8.843701865770225989e-01
8.190574364952171171e-01
8.291025702730158153e-01
8.190421103024405625e-01
8.553157459053222222e-01
8.190696701583193295e-01
8.810433483434388924e-01
8.190398021761570169e-01
8.837749809930186551e-01
8.190737358252051514e-01
8.357836811367899132e-01
8.190715192141981849e-01
8.374911181970161600e-01
8.190832205682903044e-01
8.206623524202021347e-01
8.190469495809018508e-01
8.231592127523987834e-01
8.191071932859134153e-01
8.422147994375770441e-01
8.226944083605719493e-01
8.188727000113618093e-01
8.189678346395564690e-01
8.217442872499182149e-01
8.250949163091723104e-01
8.189350871698114487e-01
8.198858840169280793e-01
8.188727000113619203e-01
8.218137433303738248e-01
8.212430412645320699e-01
8.385439312396757439e-01
8.323625026388529191e-01
8.212013051271301878e-01
8.204779256336822701e-01
8.621052371501938261e-01
8.187673687624106300e-01
8.260760800416691030e-01
8.190953976885207988e-01
8.212371470690633668e-01
8.196559535221035198e-01
8.205953844146588461e-01
8.187673687624106300e-01
8.222185947431173147e-01
8.261003224329392935e-01
8.403884318460763669e-01
8.250623052093347676e-01
8.181155186033877147e-01
8.183062737740114390e-01
7.909065342477055172e-01
7.765022169791544471e-01
7.816076127958045960e-01
7.768387799001738037e-01
7.881014951821233572e-01
7.765377800140346176e-01
7.739154849239379130e-01
7.748523433754856971e-01
7.772109316410309443e-01
7.743716360763072126e-01
7.996116462331208652e-01
7.739226967689125658e-01
7.737930667928961670e-01
7.734275630972886617e-01
7.812191595763324781e-01
7.734295613253915347e-01
7.754460503416360506e-01
7.734087045879243227e-01
7.759403401682932744e-01
7.734255773434487446e-01
7.735647725765540939e-01
7.734226249917670604e-01
7.748388009835045498e-01
7.733814479531497810e-01
7.735652726414717906e-01
7.734020020317593502e-01
7.760901548136681649e-01
7.733444142943507460e-01
7.781585386015783534e-01
7.731890246011569046e-01
7.746041833990785497e-01
7.733003461627645514e-01
7.723195247120242524e-01
7.723195247120244744e-01
7.726781860524286616e-01
7.723195247120242524e-01
7.742019842411034247e-01
7.835691806134580384e-01
8.523276691372152492e-01
7.759016434310574972e-01
8.204872385862377326e-01
7.785977181834501382e-01
7.673261156961708185e-01
7.661916257643722750e-01
8.051226946334156809e-01
7.659485172142643794e-01
8.232104415394029262e-01
7.659381751386140635e-01
7.994354267822382232e-01
7.660667644660776876e-01
7.716755645044214296e-01
7.681339823723503102e-01
7.725717078919880354e-01
7.659679896970491564e-01
7.672702858446187602e-01
7.675571500378828294e-01
7.689191659082112995e-01
7.650467875418552888e-01
7.700165436761972071e-01
7.648714441510261475e-01
7.693763777520081781e-01
7.647697908460823202e-01
7.752896135656819343e-01
7.644413876949752717e-01
7.676749300097592821e-01
7.644514850272313700e-01
7.682220411552697081e-01
7.644224719086378794e-01
7.970100507666190159e-01
7.644163576930074200e-01
7.727255067499941843e-01
7.644091113358457701e-01
7.870694778437591355e-01
7.644096299855007715e-01
8.327863852660783994e-01
7.643974760239137245e-01
8.019144535190714240e-01
7.644200126555117381e-01
7.745105824919418236e-01
7.630705311355346909e-01
7.699372635986757585e-01
7.629314842559333787e-01
7.660889810608244588e-01
7.623557819981217065e-01
7.636157939999800304e-01
7.623557819981220396e-01
7.672309367448393314e-01
7.671014554840457356e-01
7.638998123524142203e-01
7.636428563778805412e-01
7.641320551165733388e-01
7.635966818602267780e-01
7.619270909797528635e-01
7.619813704002218469e-01
7.650884823309815896e-01
7.599919133945547411e-01
7.714083894886223369e-01
7.602629193234567984e-01
7.695878321668190303e-01
7.634197969363425429e-01
7.628154276912427756e-01
7.598906244559119338e-01
7.801592907087844253e-01
7.587964204376909105e-01
8.289850131605314143e-01
7.586779565713877016e-01
7.868314010943439074e-01
7.595496976680921053e-01
7.724795035898481821e-01
7.578221618713957275e-01
7.635235863746429041e-01
7.575037404616657977e-01
8.047032889154424051e-01
7.571075147596763033e-01
7.655468125292324011e-01
7.576718455901074734e-01
7.647869915877196778e-01
7.571250926400233672e-01
7.592018310394683667e-01
7.571297672770920251e-01
7.611316202989842905e-01
7.575027470911758209e-01
7.675446707471309526e-01
7.614425549443377683e-01
7.608552978034852643e-01
7.593532788536803135e-01
7.643069078291431229e-01
7.590681447299910678e-01
7.567247252682716141e-01
7.578864873113588807e-01
7.563984687823760433e-01
7.572217170581292400e-01
7.564236784310931494e-01
7.574455130626231991e-01
7.571214425522183600e-01
7.572968354213773789e-01
7.564848238640667910e-01
7.572357587392202216e-01
7.564789430127951686e-01
7.620654949738481232e-01
7.564278608915921964e-01
7.714233221826359843e-01
7.566396422455954340e-01
7.597835404197373910e-01
7.561038066655166867e-01
7.578412440205370970e-01
7.561041324612884917e-01
7.590973743916988870e-01
7.557120776487181724e-01
7.692262254051436265e-01
7.562649868234101458e-01
7.572803328967078196e-01
7.556429386774080603e-01
7.599323810258189482e-01
7.555023734366742572e-01
7.578674593980641028e-01
7.558190467933980639e-01
7.599966491574992045e-01
7.567674740792192933e-01
7.562859447821737024e-01
7.567220852053214708e-01
7.591042477267134769e-01
7.557060220882511059e-01
7.566555329501479799e-01
7.560772781866882397e-01
7.555177653100775270e-01
7.557623278187460825e-01
7.554989304615706835e-01
7.558677358689885883e-01
7.554993870659022503e-01
7.557355761415973650e-01
7.554680779611527841e-01
7.583930640723289818e-01
7.553806895169932201e-01
7.558785216173388166e-01
7.553908181302076974e-01
7.559362534113452936e-01
7.554134929573453894e-01
7.563772895910388927e-01
7.552982645912758031e-01
7.560510731242463534e-01
7.548885786426564604e-01
7.548386059145925087e-01
7.545872191877217583e-01
7.572543169692275145e-01
7.547086037360382083e-01
7.569682125758930846e-01
7.546385123634226089e-01
7.568174497978331638e-01
7.545181572704208195e-01
7.554244001611861714e-01
7.544555932840326662e-01
7.556529735916546198e-01
7.543656510285601247e-01
7.546884979484878020e-01
7.545453873703146241e-01
7.547772475612647414e-01
7.547401176638965925e-01
7.547244157805491627e-01
7.562535826747515122e-01
7.533003311943745617e-01
7.563443882573585020e-01
7.533774915339120914e-01
7.551082069980757927e-01
7.539298968476975116e-01
7.532640914802068988e-01
7.530841935283740796e-01
7.531896938136947162e-01
7.530854164687730279e-01
7.543066657414060350e-01
7.529616482853861426e-01
7.513280984745359659e-01
7.513945826855287224e-01
7.503746326866720384e-01
7.503540381851144803e-01
7.506513779450086910e-01
7.503327290754985279e-01
7.504692798441239265e-01
7.503918592389761111e-01
7.507219025188012207e-01
7.507149387640973393e-01
7.495417737349150400e-01
7.494066483992586347e-01
7.490316728138669555e-01
7.492504106599368052e-01
7.492611075316577551e-01
7.491337423723312128e-01
7.488725182035751438e-01
7.487766061033099829e-01
7.487268005329171805e-01
7.487331739570293188e-01
7.486254486458295831e-01
7.481879689718810011e-01
7.479898623200308405e-01
7.478293142263012783e-01
7.477300651791787267e-01
7.477713288749057163e-01
7.476000021276208996e-01
7.480217588302289222e-01
7.476371497322013004e-01
7.473975850770577800e-01
7.576275181581944018e-01
7.465830798106266597e-01
7.486277818545904461e-01
7.470157820227071310e-01
7.466729111313953338e-01
7.465726326609376517e-01
7.468775772747666686e-01
7.462812921529904386e-01
7.464556241353859090e-01
7.463383065850747178e-01
7.471004872626224591e-01
7.462870376020396268e-01
7.459184911180958277e-01
7.455573495551388596e-01
7.461293418764607388e-01
7.459302845990215536e-01
7.458763372849963602e-01
7.455581704278037014e-01
7.455529605950328431e-01
7.455388846623073329e-01
7.462657125341518594e-01
7.453410577411572202e-01
7.458683597793028808e-01
7.458523027892911550e-01
7.447652973389509157e-01
7.449320673571180329e-01
7.450831640446042847e-01
7.446909421295414555e-01
7.448335003342813065e-01
7.447800598872895694e-01
7.450386366970718210e-01
7.450366406619761683e-01
7.452540388477240096e-01
7.446866484404258690e-01
7.502993324997268010e-01
7.445751042536657982e-01
7.450263072827560951e-01
7.443675825075766195e-01
7.447649182625626363e-01
7.444606242451560218e-01
7.442806080193213880e-01
7.442928388860414746e-01
7.445964657378857376e-01
7.441485380521432047e-01
7.449441788676210985e-01
7.441127410080636828e-01
7.456302036747342044e-01
7.441577340404238461e-01
7.451871629650018702e-01
7.443171054114984253e-01
7.447380278916467811e-01
7.441586869087030154e-01
7.451347120694195025e-01
7.443943108179423840e-01
7.444811648333947707e-01
7.441294619207365901e-01
7.448535643740765710e-01
7.440772671174137320e-01
7.446269482939987805e-01
7.440378676755855514e-01
7.449423728636633824e-01
7.440565675851967820e-01
7.455757621965329873e-01
7.442564156707585088e-01
7.442717377687455560e-01
7.446653676275362121e-01
7.440686299561493078e-01
7.443302049425698508e-01
7.439651441466130777e-01
7.441998117938470880e-01
7.439644916948087161e-01
7.444314573183362649e-01
7.446099402010825097e-01
7.435594684254217546e-01
7.437058145193481407e-01
7.439514653841519110e-01
7.434663578099334202e-01
7.437513993140874025e-01
7.432849236383111124e-01
7.433579898201500002e-01
7.434055813849699268e-01
7.432762761035719423e-01
7.434118070063389094e-01
7.431035277897670710e-01
7.430655745758285580e-01
7.437947949649676982e-01
7.428233344469359345e-01
7.420406591653780914e-01
7.420218620421229483e-01
7.420999144028705974e-01
7.419593125573109571e-01
7.418137908925944712e-01
7.418607089164866997e-01
7.417170824300710619e-01
7.417834619733708612e-01
7.416679719440865126e-01
7.417337798344554312e-01
7.413172217937517017e-01
7.412955466860570164e-01
7.412825290558886504e-01
7.413086668761049713e-01
7.413211416505243179e-01
7.413019115679008175e-01
7.413165619439679999e-01
7.412537957880290795e-01
7.402245433411706044e-01
7.411933778721552235e-01
7.401499360242504988e-01
7.400613319199266238e-01
7.402550848234022984e-01
7.418569347388543900e-01
7.400638316993248811e-01
7.399951659680311655e-01
7.403813614745533567e-01
7.403783609432048607e-01
7.399849779628786539e-01
7.398129185131294694e-01
7.397218358809721783e-01
7.396884878555343157e-01
7.397867879818285086e-01
7.397787295665433360e-01
7.397373371739869308e-01
7.397319833222076868e-01
7.396791248961294141e-01
7.398927677013354964e-01
7.396300468044858523e-01
7.404284906700291380e-01
7.396643617502510759e-01
7.404068618366387300e-01
7.396214581399247479e-01
7.396974887321123848e-01
7.397227664374896872e-01
7.398366356795484933e-01
7.396880811499914055e-01
7.396146309446154365e-01
7.395860645060522431e-01
7.396412446166671373e-01
7.395992244000075821e-01
7.398262716014858409e-01
7.395886562827905797e-01
7.400226024111669076e-01
7.396009018207658769e-01
7.396937749021160746e-01
7.396204170919640219e-01
7.413873623826309212e-01
7.390514400522998351e-01
7.387476700945425634e-01
7.388027549339990507e-01
7.390889145619488065e-01
7.388168931990859445e-01
7.397506974861700613e-01
7.387546351320773974e-01
7.402578374612880374e-01
7.385877164571036380e-01
7.377112434775460192e-01
7.375902896774565454e-01
7.376200121363316597e-01
7.378058385354988591e-01
7.375818832403649994e-01
7.377047949550508132e-01
7.374201391957809770e-01
7.369397001529836011e-01
7.367851806268413961e-01
7.374593104580804415e-01
7.368246483831726312e-01
7.370063031875689896e-01
7.367836138906919130e-01
7.368588367692391339e-01
7.368098044679266545e-01
7.368525278254177691e-01
7.368384472923267259e-01
7.368201262874070068e-01
7.368111824874108429e-01
7.370860489818580330e-01
7.367846831421369647e-01
7.369600315936778445e-01
7.367924116041059124e-01
7.368079696827288805e-01
7.368199201241848462e-01
7.368771088319768792e-01
7.367742353864615845e-01
7.368691702978664715e-01
7.368229825228580498e-01
7.367936688924682231e-01
7.372755280379306164e-01
7.361907930337940886e-01
7.354575154525357927e-01
7.352750898484170516e-01
7.354353611271415847e-01
7.362339589238301452e-01
7.352659447808116422e-01
7.351965434745564298e-01
7.351200251525684681e-01
7.362123161789719816e-01
7.349626519612685316e-01
7.339414651138855827e-01
7.337999526863879796e-01
7.338132776598359497e-01
7.338526980464942229e-01
7.338266099086668826e-01
7.338789884658600826e-01
7.337006344396503899e-01
7.345400973373441555e-01
7.336836962171053855e-01
7.333619932172021905e-01
7.333547204075931969e-01
7.333696151196154034e-01
7.333674775264272805e-01
7.334428494200753157e-01
7.333390292597121718e-01
7.333751647962392095e-01
7.333795912416208873e-01
7.334140124982222453e-01
7.333183979141811859e-01
7.332444492781563516e-01
7.332531782958738864e-01
7.333022839728372544e-01
7.332901882779080394e-01
7.332308587607649919e-01
7.332596213014704878e-01
7.333317868119711980e-01
7.332214061398880656e-01
7.332847987595172423e-01
7.332693940420467182e-01
7.334095074502888778e-01
7.332040781898401249e-01
7.354243706803779146e-01
7.332301442674734604e-01
7.339171240373412175e-01
7.331940408524645347e-01
7.318135623306736282e-01
7.319923017684939470e-01
7.317899895460693305e-01
7.318486645845398986e-01
7.317794963286892163e-01
7.340349442582416728e-01
7.316788847139003016e-01
7.307333170528291788e-01
7.308327007365182926e-01
7.306971910231707668e-01
7.306408227990062176e-01
7.308984146226367162e-01
7.303042524854026496e-01
7.303258952344128252e-01
7.302088229918383133e-01
7.301677707888872826e-01
7.304709223113277083e-01
7.303048253964226078e-01
7.300004224295660871e-01
7.301692013545837412e-01
7.299937122539118528e-01
7.299985121888786788e-01
7.299235026880727117e-01
7.299003404436044118e-01
7.299500817063174773e-01
7.298967408310006455e-01
7.299799667033998185e-01
7.299421525049984982e-01
7.299412361500992041e-01
7.299426756470650535e-01
7.298569291274360493e-01
7.298330829161234767e-01
7.299685631903376493e-01
7.298726753000309708e-01
7.298766181898651562e-01
7.298289246194995528e-01
7.298817029328352746e-01
7.298541152072159921e-01
7.300390602150262920e-01
7.292984258689273469e-01
7.283120689229974909e-01
7.274401168682347318e-01
7.273835367657541795e-01
7.274085306636357551e-01
7.272372282184311754e-01
7.274863813356208242e-01
7.272637972942147533e-01
7.277712693946548628e-01
7.266879139172208735e-01
7.249013987593264652e-01
7.246527362247096038e-01
7.245660390925554584e-01
7.241560390877943565e-01
7.241596094578900411e-01
7.240347371469727511e-01
7.240526418974112532e-01
7.238634263267955671e-01
7.239617840425685014e-01
7.238515139539666299e-01
7.238104350992212721e-01
7.237359497432732658e-01
7.237226634662261571e-01
7.237602259670883331e-01
7.237164906515725082e-01
7.239150191326891859e-01
7.237276078895232834e-01
7.235855991718863622e-01
7.235555501503263542e-01
7.234484438755861557e-01
7.234673729216656302e-01
7.234939780541559395e-01
7.235523627700000127e-01
7.233703043039509950e-01
7.234716578496188655e-01
7.231785072507210810e-01
7.232208367128186710e-01
7.231649018619499270e-01
7.231608610085565880e-01
7.232237336137197214e-01
7.234837632723017942e-01
7.240126277071201599e-01
7.231925725260149873e-01
7.221612062571898250e-01
7.218302406932031179e-01
7.218265280067857059e-01
7.222052951817456989e-01
7.219273546614680681e-01
7.220631598890863145e-01
7.220471860241846063e-01
7.238360491041275768e-01
7.216220875991486983e-01
7.207987975359083643e-01
7.206832735826070868e-01
7.207219173938028689e-01
7.209468092477516743e-01
7.208006703176573771e-01
7.208103940774527318e-01
7.206369941846478833e-01
7.206567040791024281e-01
7.206268920081846385e-01
7.205604250127064514e-01
7.206191523764142737e-01
7.206231426930260753e-01
7.205636833945122666e-01
7.207196336734481568e-01
7.205607570708251197e-01
7.204752072660610684e-01
7.204008439984503909e-01
7.203834081471878203e-01
7.203512015487303355e-01
7.206481118069902880e-01
7.202447660221059644e-01
7.203424263231423819e-01
7.202192523937823720e-01
7.204099057033869213e-01
7.202375353883589959e-01
7.203299772831300851e-01
7.201981642158125085e-01
7.209638823647154249e-01
7.202129389711259266e-01
7.207008296763124378e-01
7.210536274820158464e-01
7.187935996879154521e-01
7.176553627533356350e-01
7.181186631604619119e-01
7.176926416831589384e-01
7.177770440254414019e-01
7.174801640153278814e-01
7.167699684813181316e-01
7.168725644634530436e-01
7.165847194547747545e-01
7.183857467955536702e-01
7.169399124653093036e-01
7.160584453011198391e-01
7.161738349654674929e-01
7.159579199932665228e-01
7.160070331254260179e-01
7.159524550526566999e-01
7.159155335274245413e-01
7.158976236654936987e-01
7.159069230658572369e-01
7.158630946491246760e-01
7.158424288269388258e-01
7.158729575131750344e-01
7.159013856802737275e-01
7.158521868085636619e-01
7.158193224179087988e-01
7.159120776321679092e-01
7.158351553937438716e-01
7.158252244058965763e-01
7.158855929423859621e-01
7.155685824578686960e-01
7.155530680807687949e-01
7.161932316133191589e-01
7.156284935896641830e-01
7.160889771869882736e-01
7.155248998763509283e-01
7.162141241685606730e-01
7.155700661471963153e-01
7.159125281492527693e-01
7.154091428617130877e-01
7.163966637726906228e-01
7.153690932097840349e-01
7.158456061983737850e-01
7.152775150737674670e-01
7.143359137883444898e-01
7.149756160195948063e-01
7.143912461918646706e-01
7.147570418843549600e-01
7.142648966094886642e-01
7.144471790516035981e-01
7.144139621432945564e-01
7.145159758378480941e-01
7.141545670552270630e-01
7.147859366045986595e-01
7.140956608033237618e-01
7.138548402169041518e-01
7.139981137586808302e-01
7.133126949319594790e-01
7.132754544440972344e-01
7.127160809995470858e-01
7.121526887857336785e-01
7.119195167689555959e-01
7.119506900783487691e-01
7.116588486904367183e-01
7.116408254454453797e-01
7.115289004481478718e-01
7.115443502007402499e-01
7.117113092525541029e-01
7.114506892988384790e-01
7.114850428155036210e-01
7.114435630898064966e-01
7.114140162668750600e-01
7.114527535865718955e-01
7.114779071178765069e-01
7.119797155690354984e-01
7.118669138986055689e-01
7.116674813489407558e-01
7.114975621988179899e-01
7.115608880057365804e-01
7.117598743719870669e-01
7.113937715433257258e-01
7.113402653436946554e-01
7.110498557100400907e-01
7.120719585957329123e-01
7.109953124870478369e-01
7.099443986815564545e-01
7.099167363254659247e-01
7.102328208065671333e-01
7.098529195688035864e-01
7.099318245756220946e-01
7.096702009334835415e-01
7.096576463519389533e-01
7.097398543828641326e-01
7.097090485786476943e-01
7.096898130910234137e-01
7.097267910748873421e-01
7.100046023050934352e-01
7.096923470151634827e-01
7.100965476841877289e-01
7.095472392153521213e-01
7.099463773292746804e-01
7.096963919152089462e-01
7.094324542334208283e-01
7.092580706882418706e-01
7.091252660922041651e-01
7.091646503518873601e-01
7.089454249895646987e-01
7.088426732419638165e-01
7.089357801131923598e-01
7.088288181444782898e-01
7.091915070923855424e-01
7.088715534917520156e-01
7.086578632432177782e-01
7.087180562908672599e-01
7.090026540744797101e-01
7.086373276804336374e-01
7.087171946892384389e-01
7.086161450778019066e-01
7.085991602424693836e-01
7.085760549773265637e-01
7.078840066634169981e-01
7.079517264702502866e-01
7.079118432096850322e-01
7.078108883057241396e-01
7.070420078821825216e-01
7.080732941647370771e-01
7.069495201857795008e-01
7.056351888870447953e-01
7.051285272106335711e-01
7.050078605834613210e-01
7.046866643147317033e-01
7.046222546635547701e-01
7.045897486348691174e-01
7.045517277537473033e-01
7.043770429067752747e-01
7.043540218941770625e-01
7.044540654100888144e-01
7.043628142714095652e-01
7.043164194203461737e-01
7.043396294124095736e-01
7.043216053873211369e-01
7.043155836471711728e-01
7.043880338797708918e-01
7.043404173236981203e-01
7.046254253096426723e-01
7.044259105004180288e-01
7.046312479658414230e-01
7.046810526219454696e-01
7.041652740050090564e-01
7.041862252474522244e-01
7.051449694231587406e-01
7.044089285753029062e-01
7.038421672381889316e-01
7.040081871905925492e-01
7.040293620091906401e-01
7.039412772097441984e-01
7.052376241110829280e-01
7.039220698207835358e-01
7.058920644430163316e-01
7.040264980868795597e-01
7.055124758444009103e-01
7.037438415370710354e-01
7.018200593910912666e-01
7.024471236437778154e-01
7.017983835940879711e-01
7.019590025323363403e-01
7.017216877469238945e-01
7.031189707318283855e-01
7.013503471570100567e-01
7.007581476831119538e-01
7.006927207689064296e-01
7.012826700355385690e-01
7.003866732150872965e-01
7.004813309917248265e-01
7.002658367166082476e-01
7.003841675669890687e-01
7.003468170748389232e-01
6.999775697001953123e-01
6.999499231816497247e-01
6.997502595556777116e-01
6.997187177124806201e-01
6.989971460548781712e-01
6.991577829349800988e-01
6.984062627260309020e-01
6.977607340481104536e-01
6.967984849535548975e-01
6.968492705451669877e-01
6.969743354334427821e-01
6.966299742393080585e-01
6.967377344773877379e-01
6.967348396861998694e-01
6.966383138202195680e-01
6.966295227804378820e-01
6.966192599057106083e-01
6.965220461758353521e-01
6.964972873430183009e-01
6.965909224246770171e-01
6.965709828220580935e-01
6.967100912417902858e-01
6.964501732627829123e-01
6.963304833198262767e-01
6.982771184929861263e-01
6.939654102548740155e-01
6.923095660129328088e-01
6.914372223986349209e-01
6.912216576273545465e-01
6.915386350734278320e-01
6.900908064502969674e-01
6.903374813462942461e-01
6.900117719732815624e-01
6.900021607767639065e-01
6.900130033258746742e-01
6.908490020022378664e-01
6.899283168510530473e-01
6.902218997307799642e-01
6.899622830318279387e-01
6.902027371962918822e-01
6.901645720739930656e-01
6.899094770429728962e-01
6.898115749879036862e-01
6.900619693565794854e-01
6.897012948754164263e-01
6.902618670707335591e-01
6.896463133420053238e-01
6.908418414704545762e-01
6.899454227112075122e-01
6.898368377485912806e-01
6.893052409203518360e-01
6.888779013355573744e-01
6.892785209968886884e-01
6.887898282302973296e-01
6.889015312345116993e-01
6.886652645676439866e-01
6.886805572897605199e-01
6.881367367919231093e-01
6.884011120619274449e-01
6.881529633264868995e-01
6.883452952121749124e-01
6.883822728453310447e-01
6.881994743494763700e-01
6.885081942141958455e-01
6.874581946312785519e-01
6.862494525665573386e-01
6.868682145699541719e-01
6.865210893936700698e-01
6.859685514048562416e-01
6.866302797010688241e-01
6.872241963423177946e-01
6.857505805628906215e-01
6.841289544127852063e-01
6.828751873115982418e-01
6.825657671556111250e-01
6.823030796313438451e-01
6.822317950060671210e-01
6.822452148053547161e-01
6.823530717852597238e-01
6.817438358187586367e-01
6.818022427549391695e-01
6.814699727432712573e-01
6.815468493524485805e-01
6.813580517473476483e-01
6.813773340615846275e-01
6.813107595473345546e-01
6.812805382166287060e-01
6.813200888256452092e-01
6.813049505884274382e-01
6.813700216795345321e-01
6.813021429482739588e-01
6.814563019855952586e-01
6.812975997576470322e-01
6.813682715196994755e-01
6.812056761356706236e-01
6.812824484444484074e-01
6.812699950236905666e-01
6.817173053810285932e-01
6.813571488247788244e-01
6.811080520385941472e-01
6.810943125271642362e-01
6.812501385088489680e-01
6.812001882378362350e-01
6.815354704294955823e-01
6.813399688248562569e-01
6.849868331278295974e-01
6.805572773038519596e-01
6.777179740437688782e-01
6.772286555882935932e-01
6.772755489597633849e-01
6.774346905492736326e-01
6.773014586555939909e-01
6.785181721798918542e-01
6.772743237458060950e-01
6.781186043490625703e-01
6.774683936049060717e-01
6.770889868114956522e-01
6.771851490228136816e-01
6.781029235888931250e-01
6.769785695636555412e-01
6.768106416599914965e-01
6.766820488657619981e-01
6.773924498663029814e-01
6.766687293801902925e-01
6.750868631440889445e-01
6.742247479972264257e-01
6.743604189491302359e-01
6.739844547661504315e-01
6.735292672748109943e-01
6.736235796086641470e-01
6.728633469163889380e-01
6.730518782874939099e-01
6.725086157570850931e-01
6.724968522107044322e-01
6.722423201682123928e-01
6.723185369921453880e-01
6.724040941173362596e-01
6.723450280509146726e-01
6.724149526767878582e-01
6.723455326769727236e-01
6.724291005308404845e-01
6.719729844473109059e-01
6.711358390007872154e-01
6.708999923334884041e-01
6.711923475547800777e-01
6.708531711085414795e-01
6.705788761723520119e-01
6.702812468090756370e-01
6.693825088339493412e-01
6.680614768833128547e-01
6.691128820613490014e-01
6.680969551868392031e-01
6.676946913130877848e-01
6.679493299349400504e-01
6.674703791634658545e-01
6.673413895890558667e-01
6.672935956216159425e-01
6.672858277771819280e-01
6.663468185698235846e-01
6.662827877148113087e-01
6.662791995388572808e-01
6.663607137744818054e-01
6.663411208218548154e-01
6.664271138516228987e-01
6.665732757930178387e-01
6.659087771839489189e-01
6.658073952027937503e-01
6.654284476380235569e-01
6.654106419287875163e-01
6.655501598603292823e-01
6.654181804749211837e-01
6.653073926046974007e-01
6.652564205895673544e-01
6.650656926394540314e-01
6.651011041410547220e-01
6.649082433696997807e-01
6.649462339886396123e-01
6.650185666012945473e-01
6.649217699800127335e-01
6.647558651178756550e-01
6.646756620843079499e-01
6.647778200021283723e-01
6.645057081081194861e-01
6.647074972184848773e-01
6.645304835093555074e-01
6.645721181359584007e-01
6.642959966607987488e-01
6.659751293699665009e-01
6.648895846926849984e-01
6.630719121203592081e-01
6.628344456484687175e-01
6.629651075020772666e-01
6.629276829003879490e-01
6.627181420093020137e-01
6.627532332019950845e-01
6.626436757506587449e-01
6.625860405632245653e-01
6.624071156157429474e-01
6.631846135558094879e-01
6.637980370639796623e-01
6.626120719457156971e-01
6.625375046203747509e-01
6.613391841735610788e-01
6.613329713884914529e-01
6.612016542074261594e-01
6.611492344785047104e-01
6.607377981832299740e-01
6.608062110382403320e-01
6.606495644515684162e-01
6.606274865068016977e-01
6.605517492346687503e-01
6.606278415252783143e-01
6.604040319017591143e-01
6.603806213675054160e-01
6.605134696703920394e-01
6.604555928546189669e-01
6.606198528117482871e-01
6.605236917441772437e-01
6.604205045615796354e-01
6.605034801129050503e-01
6.604986650419760741e-01
6.604729090505536693e-01
6.602684387695052504e-01
6.603714818277095500e-01
6.601467904831119782e-01
6.601412783435264275e-01
6.601434789934023106e-01
6.600270514138039113e-01
6.618529341091923257e-01
6.596312705395129816e-01
6.589089910576501063e-01
6.589831643867695155e-01
6.591671781177856904e-01
6.591999805786878941e-01
6.588521230150360397e-01
6.588374550477608116e-01
6.586746855114327115e-01
6.587455820881813473e-01
6.589742658843560363e-01
6.581923475887484498e-01
6.571300067416060431e-01
6.570898464870918998e-01
6.570759619317241285e-01
6.569167150125343468e-01
6.567532721371576176e-01
6.565127401019872355e-01
6.563854117877867544e-01
6.565020496074284173e-01
6.563433555338348269e-01
6.563391430526139825e-01
6.562728894635311283e-01
6.565279865046824703e-01
6.563270260832952951e-01
6.563529840238790936e-01
6.561956175643258726e-01
6.562922158291955022e-01
6.563117872398196440e-01
6.561891658980909536e-01
6.562889416277498666e-01
6.561926759752063631e-01
6.562065939300144590e-01
6.561562227485866483e-01
6.561935639609617343e-01
6.568530018025786621e-01
6.560950573245749595e-01
6.566841845464979066e-01
6.560755034505871830e-01
6.563532880437213946e-01
6.559990959656301079e-01
6.571259090512125978e-01
6.560348526774804068e-01
6.557446303718172942e-01
6.553249252484734111e-01
6.541637128901637288e-01
6.542297409341102377e-01
6.545143492349422276e-01
6.539445032073406550e-01
6.538545005081956019e-01
6.536986359058062357e-01
6.541259524824590832e-01
6.536964543712799891e-01
6.534475923612502735e-01
6.534173120249353595e-01
6.535367957934616889e-01
6.534859441408474856e-01
6.534616002395703394e-01
6.532693689541122506e-01
6.532316879237997087e-01
6.532053467267223690e-01
6.533501169950792775e-01
6.531702306098414734e-01
6.533400227172007080e-01
6.531119905712673424e-01
6.532402061655329106e-01
6.531458455160367160e-01
6.533940813019215588e-01
6.531382532100311611e-01
6.535386233191586847e-01
6.532497731464317337e-01
6.533296338977541140e-01
6.530778187192384232e-01
6.528176206624747291e-01
6.525214494341463611e-01
6.524003777646255609e-01
6.524779097949006124e-01
6.523044697280857562e-01
6.522531160586360066e-01
6.524621160601676850e-01
6.523252119791536074e-01
6.522671075175159316e-01
6.525350835489006629e-01
6.525549039170304155e-01
6.522490455547449439e-01
6.528883628182116095e-01
6.520504173529751979e-01
6.512843666292543743e-01
6.513276002170360623e-01
6.511698298456106704e-01
6.511586739735764073e-01
6.512048196025462810e-01
6.514482980684321856e-01
6.512694014985710433e-01
6.513249233907950630e-01
6.511930239003766996e-01
6.511424842869821816e-01
6.510027594010312502e-01
6.510119969351781943e-01
6.511236104555999660e-01
6.507104704882703539e-01
6.506814420160762502e-01
6.507400720773275360e-01
6.507468786993967358e-01
6.508178314108935547e-01
6.506422414628377782e-01
6.506801703674812698e-01
6.506890137994930656e-01
6.506624161919860594e-01
6.506069342414501078e-01
6.506927242151216984e-01
6.505954823892934336e-01
6.507589480008688643e-01
6.503696648246288792e-01
6.516174002024101020e-01
6.504931737939624314e-01
6.498748964160486752e-01
6.499981902780613829e-01
6.498172213170226863e-01
6.498958667451587567e-01
6.498367483084418472e-01
6.501000617560944717e-01
6.498356813998350523e-01
6.499888808858977907e-01
6.498484330109398632e-01
6.499701264762964836e-01
6.497989361423908150e-01
6.517481935463019793e-01
6.499347632741905301e-01
6.496534371782232142e-01
6.496513998836286330e-01
6.495534785328620497e-01
6.495952931247741535e-01
6.496145210160155781e-01
6.495259175084002745e-01
6.496145627851321880e-01
6.495821430806524299e-01
6.496765285487077213e-01
6.494580002725837131e-01
6.497495113160679514e-01
6.496668506313988400e-01
6.495582689596732795e-01
6.495655481254523078e-01
6.497768261819523161e-01
6.494996709911637911e-01
6.494939185745851606e-01
6.494957701474934897e-01
6.493481764822457425e-01
6.494219540818571001e-01
6.494264641043457909e-01
6.493694188122631772e-01
6.494633273173501253e-01
6.493808283945123883e-01
6.494486030510691066e-01
6.494036491316422799e-01
6.506649640426090953e-01
6.496116794850300691e-01
6.492957372084122714e-01
6.493934867159129043e-01
6.493880432457503904e-01
6.492275696835897447e-01
6.496169813893486467e-01
6.491532174787844056e-01
6.491883874177387659e-01
6.491551788926123168e-01
6.492296155552886860e-01
6.491570744022875372e-01
6.495079868128416090e-01
6.491536305610795532e-01
6.494731891183780359e-01
6.493923795014369116e-01
6.495855854812923047e-01
6.486640166395817308e-01
6.483754657837502711e-01
6.485463719996575893e-01
6.490331986524958685e-01
6.484611473260352144e-01
6.485708973034325364e-01
6.483133460889870525e-01
6.482831586445966243e-01
6.484407342812360531e-01
6.483646977158562530e-01
6.483087124374238286e-01
6.483403695721551285e-01
6.482656245767920433e-01
6.482989163665289212e-01
6.482958541159966614e-01
6.485038485392257135e-01
6.483102148831065836e-01
6.483168552826558129e-01
6.482998053889899026e-01
6.484498719710365400e-01
6.483060257269345206e-01
6.483511509501669323e-01
6.482429873835607870e-01
6.485993356043305846e-01
6.484782320244638631e-01
6.487946418051977471e-01
6.481448171265448144e-01
6.480677507947782967e-01
6.479958395580682762e-01
6.480610011430547601e-01
6.480786443191808299e-01
6.482173839761815604e-01
6.479589170158506217e-01
6.478881184857107067e-01
6.478511526383187169e-01
6.480331240927286185e-01
6.478694071738556604e-01
6.482869539352165145e-01
6.478343816297335023e-01
6.486204984096735071e-01
6.475590087187672594e-01
6.472738922505893999e-01
6.473503339185441297e-01
6.473964367731396274e-01
6.472693080427539547e-01
6.476085848913242238e-01
6.472171668485974250e-01
6.477432001224263658e-01
6.473956746766668102e-01
6.470913299092060367e-01
6.470570955688862425e-01
6.471071801973000692e-01
6.470722591342729091e-01
6.472724513051792972e-01
6.471096432402929644e-01
6.470980701506634514e-01
6.471556639870154060e-01
6.474906781478618756e-01
6.470537315615758622e-01
6.470213367106979474e-01
6.470276422737758493e-01
6.472410792158601600e-01
6.470712483981114760e-01
6.472577987715286696e-01
6.470202815980514721e-01
6.471512169393560665e-01
6.472029918627116851e-01
6.470822871466860304e-01
6.468722287522296055e-01
6.467718490750952176e-01
6.468250569777614922e-01
6.470758929216180455e-01
6.467338527541180992e-01
6.468903695975848356e-01
6.466290738894918677e-01
6.467348017701349816e-01
6.466418630866924699e-01
6.466699147921951552e-01
6.466575515839781962e-01
6.477585570345771870e-01
6.467306546266256007e-01
6.473613010140690793e-01
6.466305191141495934e-01
6.464519027413754282e-01
6.465382009282467646e-01
6.471081697083386208e-01
6.464878177906457912e-01
6.469652113335185861e-01
6.464726008241183930e-01
6.466448116837236748e-01
6.464961713355165118e-01
6.465118466238981565e-01
6.463090344668451781e-01
6.464135391624805660e-01
6.463647674347973160e-01
6.464969913941027713e-01
6.463598692422113379e-01
6.465075252508496462e-01
6.463024334091495016e-01
6.464923410744598531e-01
6.462793042288783596e-01
6.464393785831956674e-01
6.463331439644888210e-01
6.463739591786745731e-01
6.463406537255863560e-01
6.464985024804558167e-01
6.463103715941247440e-01
6.466324862156874742e-01
6.462760960403891586e-01
6.462720520079597852e-01
6.464469509114995072e-01
6.462265071923098958e-01
6.463252206639149566e-01
6.461947728002941371e-01
6.464357775462412636e-01
6.461797593509668314e-01
6.461614048284648470e-01
6.461670278564933811e-01
6.462489976940912761e-01
6.461433496045316804e-01
6.462670782692331306e-01
6.461055230849334086e-01
6.462894089164903377e-01
6.460987613588006218e-01
6.463848427642483463e-01
6.461416925087204444e-01
6.457916080594552355e-01
6.457760777426380105e-01
6.457712849381984643e-01
6.458176294312728549e-01
6.457913022033000550e-01
6.458108446448781459e-01
6.457698143092281962e-01
6.458428422740298824e-01
6.457999741906628177e-01
6.457776810680444513e-01
6.457953909979083917e-01
6.458309129668909909e-01
6.457646288137388613e-01
6.458158419956264717e-01
6.457847591176294477e-01
6.457991563933254131e-01
6.457960316846846904e-01
6.457568878783199740e-01
6.458186802499904511e-01
6.457261971049957916e-01
6.457334284789626455e-01
6.458931507407740247e-01
6.456880490920723359e-01
6.455639662651752042e-01
6.455424569045176142e-01
6.453650153300907188e-01
6.453517997611953882e-01
6.453761307069072473e-01
6.453731303559046006e-01
6.453070881224584054e-01
6.452940627786384331e-01
6.453299251909617729e-01
6.452938832283245940e-01
6.452508012973893203e-01
6.453138011725356726e-01
6.452314167553542257e-01
6.452332378476631769e-01
6.452343688582115044e-01
6.452399081825561655e-01
6.456431187707647457e-01
6.451577053393717787e-01
6.450031054087934645e-01
6.450442295047634778e-01
6.449884783367041408e-01
6.450057247477691824e-01
6.449832125138430516e-01
6.450251009558994886e-01
6.450183992477523942e-01
6.449784847122915776e-01
6.450608268985320581e-01
6.449924089051948251e-01
6.449312698913639563e-01
6.449287462459987186e-01
6.449847887060147222e-01
6.449451716253686850e-01
6.449707150486178042e-01
6.449173943772972262e-01
6.449069509282158164e-01
6.448945459847300610e-01
6.450377563271949555e-01
6.448899285815559157e-01
6.449616853280739637e-01
6.448864102310876145e-01
6.450658227692310787e-01
6.448454846911088056e-01
6.455631068121863159e-01
6.448999860435750131e-01
6.444985692016020895e-01
6.444362185021990097e-01
6.444045633822267360e-01
6.443998745400849604e-01
6.444245295346250346e-01
6.444893930446701225e-01
6.443842968372315294e-01
6.444462381432694009e-01
6.443939751322766973e-01
6.444149767713123200e-01
6.443868027136941956e-01
6.444251694826177435e-01
6.443580011481874203e-01
6.448120315421802529e-01
6.443292140806613499e-01
6.443990618870198972e-01
6.443718525102504202e-01
6.443558482210489657e-01
6.442176138294920529e-01
6.443264548288039073e-01
6.441831837748142053e-01
6.444249957252510264e-01
6.441804135573887535e-01
6.441819254922811488e-01
6.441779208136649837e-01
6.440805906536628545e-01
6.440866001739415925e-01
6.438258421868591208e-01
6.437769806669858541e-01
6.437774053077627290e-01
6.437788838942809511e-01
6.437514461694794354e-01
6.437297227074818551e-01
6.436883115617005879e-01
6.436994678813390269e-01
6.436911007007908303e-01
6.437413835357155278e-01
6.436606666272132182e-01
6.436870210217513488e-01
6.435508555219787707e-01
6.441069382860987735e-01
6.435418040730600531e-01
6.432084857762357943e-01
6.433518944421452446e-01
6.431769114299079604e-01
6.432297661511370279e-01
6.431951479233580793e-01
6.432622244217673924e-01
6.431472105566015118e-01
6.431226330043425810e-01
6.431238897680595645e-01
6.431226638361157155e-01
6.431159213925485840e-01
6.431443794727261798e-01
6.431484246928709236e-01
6.431402497164895316e-01
6.431229319997348037e-01
6.431597259176855541e-01
6.430827822342957134e-01
6.432592637544711778e-01
6.431079542452106113e-01
6.431536705699103518e-01
6.430713170113699917e-01
6.431472460686821213e-01
6.430614044920789363e-01
6.431768003515747623e-01
6.430309916288867722e-01
6.433588077270427918e-01
6.430746468381148828e-01
6.426217068429787016e-01
6.425406105362709841e-01
6.425722463012738528e-01
6.424772157413969342e-01
6.424863854613435121e-01
6.425097372752065494e-01
6.424875515021262196e-01
6.424344247051616552e-01
6.424819868992782679e-01
6.425516551884010719e-01
6.424608033259142648e-01
6.424131865231460514e-01
6.426539006967039169e-01
6.422700409789217080e-01
6.417130783251172588e-01
6.416330222048995946e-01
6.416259091668620185e-01
6.417177250588532722e-01
6.416026894921862400e-01
6.412591121990406373e-01
6.411183926391248455e-01
6.411152175121386243e-01
6.411436499516844911e-01
6.411564079874264577e-01
6.410848343747506117e-01
6.410901138824713907e-01
6.411127321895525588e-01
6.410982788539073551e-01
6.410233950264304648e-01
6.409963160657640158e-01
6.410042680316269115e-01
6.410195206372444332e-01
6.409877616991879190e-01
6.410089068443806104e-01
6.409587484629748477e-01
6.409591685720917864e-01
6.409822089235474030e-01
6.409522229197350818e-01
6.409828417412981594e-01
6.409064634977919006e-01
6.413519998928759458e-01
6.408369834580467383e-01
6.402798921121318765e-01
6.399675915792220060e-01
6.398918292339002001e-01
6.399164570311752787e-01
6.399000648093524646e-01
6.399234067901291567e-01
6.397854282573541829e-01
6.398037467359211083e-01
6.398362306323457371e-01
6.398174691205640308e-01
6.397790550829947076e-01
6.397869962776667752e-01
6.397756929744287113e-01
6.398692085595737433e-01
6.398143893988296194e-01
6.397610709728870360e-01
6.398721461959245849e-01
6.397340284871469995e-01
6.399939156978357024e-01
6.397720420498825833e-01
6.397317018915540388e-01
6.398473263718569282e-01
6.397869693904146837e-01
6.397432825481167429e-01
6.396798000596829459e-01
6.397086302928868262e-01
6.398060494268761333e-01
6.396662417571101766e-01
6.390718643228643359e-01
6.390072912718093301e-01
6.390269262555937635e-01
6.389553839736916707e-01
6.389777800837252997e-01
6.389104925226634091e-01
6.388757665432337474e-01
6.387729756696894912e-01
6.387797453961547856e-01
6.387944804279963584e-01
6.387746391111213118e-01
6.388050198136708824e-01
6.385914488336459360e-01
6.389234335635416429e-01
6.386108921222448664e-01
6.385969439434613371e-01
6.385822592911305495e-01
6.383356234468299251e-01
6.382705713107564849e-01
6.380173309346784949e-01
6.380195675778589370e-01
6.379677998077345480e-01
6.379556143596147866e-01
6.377685050512029719e-01
6.377903822210976292e-01
6.376761936745906079e-01
6.376891668015293169e-01
6.376272663120928774e-01
6.376508293395884985e-01
6.376665275869412008e-01
6.376388026017458799e-01
6.377048427386093898e-01
6.376729511821145335e-01
6.377077339684817936e-01
6.376288140603649790e-01
6.376144514667065888e-01
6.376295829783432678e-01
6.375432325935296296e-01
6.375894127821604140e-01
6.380411942747949983e-01
6.374393132729303524e-01
6.370153600459967924e-01
6.372094741664533490e-01
6.369121725278420465e-01
6.369672629757603399e-01
6.368592461715242292e-01
6.369571424463126297e-01
6.368360158128592019e-01
6.371568879961009291e-01
6.367184661988040117e-01
6.361098929527061463e-01
6.359492177092341825e-01
6.360020172139502215e-01
6.357837033947016936e-01
6.357781351285917149e-01
6.357818205556002855e-01
6.357710695960340219e-01
6.357575689171005573e-01
6.357800535014487275e-01
6.359686395372984302e-01
6.356823119989375437e-01
6.355911228667834312e-01
6.355791284821772358e-01
6.361422526135132038e-01
6.357392623678691512e-01
6.364768562799975049e-01
6.355527228433990317e-01
6.350334053063997342e-01
6.350748264097262341e-01
6.348310612393099905e-01
6.348282422742903552e-01
6.341256595031746768e-01
6.340584735638523650e-01
6.340580709831614703e-01
6.340869183944843890e-01
6.340571775120548148e-01
6.339825962128473602e-01
6.339872596782004655e-01
6.339051579251288038e-01
6.339488167186959622e-01
6.338423374624616580e-01
6.338469960754800070e-01
6.338534553425172469e-01
6.338653485568487289e-01
6.339649725981174599e-01
6.338314037781014321e-01
6.338515214435409550e-01
6.338496912240357828e-01
6.338931260669026235e-01
6.337558334390773762e-01
6.341354336776048317e-01
6.336564642477746645e-01
6.331954651932777400e-01
6.332615589651553467e-01
6.334825917174005117e-01
6.331611556147248576e-01
6.327309783074444027e-01
6.323063959298590442e-01
6.321380408225980574e-01
6.321442438457350876e-01
6.320392578750761992e-01
6.320062091727131071e-01
6.320633881837304235e-01
6.320099471225502086e-01
6.319906163943483923e-01
6.319826475894062545e-01
6.319423345377194190e-01
6.319461877730783161e-01
6.320846863328599685e-01
6.319180144153903056e-01
6.323550610286621243e-01
6.317203391450577632e-01
6.310230301707372425e-01
6.306810956011710267e-01
6.307864568579665265e-01
6.306787474443700248e-01
6.307011377662011808e-01
6.307153830263450001e-01
6.306970061387346949e-01
6.306612175340996496e-01
6.306655770297681096e-01
6.307570600049663412e-01
6.310190879984072243e-01
6.303426915754727355e-01
6.303047776446433215e-01
6.302752385400591795e-01
6.302908346298680131e-01
6.303018346663141758e-01
6.302866289301055636e-01
6.301364526738196803e-01
6.301254870585214496e-01
6.299673306256090566e-01
6.299829623189123762e-01
6.300525808716187504e-01
6.299669266014775726e-01
6.300975694109491876e-01
6.299165014925159900e-01
6.301660703868353641e-01
6.298412040845450255e-01
6.291401225261379349e-01
6.287292383902238768e-01
6.286861063578833564e-01
6.288794089434672774e-01
6.287016449535751672e-01
6.290235898042714213e-01
6.286325223660503836e-01
6.284683393255144912e-01
6.284598230701492483e-01
6.282601616736137595e-01
6.283843865238307735e-01
6.281569519899201648e-01
6.281435736035290152e-01
6.278278515037926111e-01
6.277886732270281378e-01
6.277952204519341439e-01
6.276925408050014754e-01
6.277036145558435587e-01
6.271050750787053873e-01
6.271379335170349512e-01
6.271062653243907326e-01
6.271423528084442145e-01
6.271791261804635642e-01
6.270317387855711688e-01
6.270087754516595613e-01
6.270731609469043510e-01
6.268715140908813765e-01
6.261745664490246943e-01
6.261943298904295574e-01
6.260994831734268962e-01
6.261073197399371626e-01
6.261588428237471193e-01
6.261507358126007228e-01
6.266098093487411091e-01
6.260750968102234415e-01
6.254799390635791267e-01
6.254796048047579493e-01
6.253917882060483491e-01
6.253544488738090878e-01
6.248741216061702852e-01
6.249328283832062958e-01
6.249036793238964549e-01
6.247998818772072527e-01
6.248420071280041954e-01
6.249759339546445691e-01
6.248119473710781469e-01
6.249204869770552673e-01
6.247147549538782929e-01
6.246905555690901446e-01
6.247527490122447569e-01
6.247618522254666518e-01
6.247231947603791857e-01
6.252492237694626809e-01
6.245753686615120870e-01
6.242853574550172313e-01
6.243195591533284849e-01
6.253231771957716845e-01
6.242846646467828942e-01
6.237983141820585553e-01
6.231161180919347897e-01
6.229386493308156636e-01
6.229824039494327170e-01
6.227237959159482861e-01
6.227129952610825914e-01
6.224102867057157429e-01
6.224353937720478180e-01
6.223531065803682427e-01
6.223287010429473520e-01
6.220986755483893793e-01
6.220630702843996662e-01
6.220816455683544355e-01
6.220568435124159690e-01
6.220565158297723940e-01
6.219890395814461348e-01
6.220027438399287067e-01
6.221755543145801592e-01
6.219999015958745936e-01
6.224023575064704383e-01
6.223880859601390592e-01
6.224637251538357452e-01
6.219397728275376513e-01
6.213598113585430127e-01
6.213555499715479602e-01
6.205655488805772446e-01
6.199126258644931386e-01
6.197559337893101539e-01
6.196533134012400801e-01
6.196931690776747992e-01
6.196784493168265850e-01
6.196811183403792000e-01
6.197481760074710078e-01
6.196460174371999363e-01
6.196735007398515016e-01
6.195397004428944143e-01
6.195240054093104076e-01
6.193937430629363750e-01
6.194042581347667387e-01
6.193764507187334845e-01
6.193015698135406755e-01
6.196635443308111668e-01
6.191980948320832123e-01
6.186432790093217005e-01
6.182231770322921260e-01
6.182548945135852847e-01
6.182182267555349497e-01
6.184576338213857438e-01
6.182436439831469066e-01
6.184323536123821352e-01
6.182264164279251961e-01
6.183019277267189917e-01
6.182054519302240259e-01
6.188407748644474404e-01
6.181357844661101719e-01
6.175754228469371165e-01
6.174442275342317821e-01
6.174260616039559668e-01
6.170049126217395097e-01
6.170369525587993120e-01
6.169768123169474539e-01
6.169816585568904665e-01
6.168396493808382397e-01
6.168043609453930376e-01
6.165121827609980620e-01
6.167699635065785335e-01
6.164292257822400201e-01
6.166533838025651804e-01
6.164765854812116475e-01
6.168635355427076750e-01
6.164327095744200902e-01
6.163868767302785878e-01
6.163742473175635173e-01
6.163674901866744715e-01
6.163771727063507289e-01
6.164394695728421247e-01
6.166934183060867047e-01
6.155746446779948311e-01
6.154021197473041882e-01
6.153797799646925082e-01
6.152328845629833065e-01
6.152436333402355739e-01
6.150475851147314543e-01
6.149901933221497696e-01
6.148450473765987301e-01
6.147971998296499763e-01
6.148791827742139393e-01
6.148802051261482715e-01
6.149303590879127146e-01
6.148703468066133437e-01
6.148700886252538300e-01
6.147894725571676489e-01
6.147792676191402572e-01
6.147923418502072579e-01
6.150249094384703241e-01
6.148082276122517342e-01
6.148704286818544862e-01
6.148790512090301918e-01
6.150221623678348015e-01
6.147903249539700132e-01
6.143697735312471098e-01
6.134687916229788485e-01
6.130627365167841125e-01
6.131075524133614563e-01
6.131953018825067048e-01
6.130080255912572218e-01
6.130827379217250739e-01
6.129911142515853673e-01
6.127499796374058505e-01
6.127575656538338800e-01
6.124173602760922819e-01
6.124175117055550288e-01
6.124142931596632256e-01
6.123709219004381810e-01
6.123695215665789782e-01
6.124130694191778357e-01
6.123468366691323661e-01
6.123916759625311901e-01
6.123179763126347375e-01
6.121996092930711564e-01
6.122073238347602864e-01
6.123128474272283572e-01
6.122294170692406112e-01
6.124850174708037498e-01
6.126981676117358999e-01
6.123814490811431144e-01
6.121876919740010248e-01
6.115492079692397276e-01
6.110506388974406011e-01
6.110337524805907750e-01
6.109746399877229450e-01
6.110366813750739423e-01
6.108797174121539664e-01
6.109035013142319892e-01
6.107704023124392867e-01
6.107497130214304404e-01
6.107763738544417231e-01
6.107538115382192823e-01
6.107327739713761527e-01
6.106815962947379495e-01
6.101891916453586751e-01
6.101402397064634719e-01
6.101313154602949762e-01
6.103004446895931023e-01
6.100773137337387464e-01
6.101590301703216923e-01
6.100823150616924151e-01
6.102953803547385148e-01
6.101094918708174220e-01
6.106046397428325223e-01
6.102815503393396179e-01
6.096233821323460145e-01
6.091994545093537550e-01
6.089132298794270870e-01
6.089330865543082227e-01
6.087135926072483327e-01
6.089444147724724088e-01
6.084349594297165931e-01
6.084470332832696560e-01
6.081285466320216493e-01
6.081581155996509391e-01
6.080971641866387278e-01
6.080777101845993293e-01
6.079869972885699747e-01
6.079884685323827531e-01
6.079208817668406706e-01
6.078930592005058475e-01
6.078747798813856074e-01
6.078519019934687240e-01
6.074279144775740491e-01
6.069890009788206919e-01
6.069311490629695216e-01
6.069987844745059480e-01
6.070565442331737893e-01
6.069222361191271009e-01
6.070531061125953309e-01
6.069653172384177342e-01
6.069447007107630077e-01
6.068956903827015248e-01
6.067439098534519459e-01
6.066818433041715197e-01
6.075934397674116472e-01
