1.000105179733744576e+00
9.923770796995624588e-01
9.932559316205039623e-01
1.010746253534550387e+00
1.018180387278239785e+00
1.063065580653649089e+00
1.062667433367640912e+00
9.701827596126195719e-01
9.600991077563166831e-01
9.577193442032888582e-01
9.586873492746431635e-01
9.630248777787402403e-01
9.654050133085760876e-01
9.691351228464564205e-01
9.447549869002725975e-01
9.450041994190269135e-01
9.469948313670355500e-01
9.594075649423655650e-01
8.985314872312392120e-01
8.990552375783431582e-01
8.870611690607551614e-01
8.953810279365145286e-01
8.946238127442102117e-01
8.936278948759435181e-01
9.259174695882756989e-01
9.149880267787101618e-01
8.819794536161325027e-01
8.954989018704256898e-01
8.811555298165575367e-01
8.835424447483957167e-01
8.815044382953635127e-01
8.810309190078403629e-01
9.216468219936634343e-01
8.904377105282774707e-01
8.815528109288185421e-01
8.894481884802920568e-01
8.576774759574089524e-01
9.727548273165095294e-01
8.529497686207160312e-01
8.616577875218984772e-01
8.587365977056855559e-01
8.181773481887962829e-01
8.185456035571073707e-01
8.060586930394899596e-01
7.762147895595854497e-01
8.082221286073227873e-01
8.091683766392284705e-01
7.762147895595854497e-01
7.762147895595852276e-01
7.751238637799937603e-01
7.902275897451264131e-01
8.028351690540740382e-01
7.917722277871573899e-01
7.751238637799937603e-01
7.680442416439445807e-01
7.532173104386609142e-01
7.762233350926246445e-01
7.532173104386609142e-01
7.532173104386609142e-01
7.532173104386609142e-01
7.780772500373371869e-01
7.693261987242687727e-01
7.498245026030111449e-01
8.993292578138419868e-01
7.498245026030111449e-01
7.498245026030111449e-01
7.498245026030112559e-01
7.498245026030111449e-01
7.498245026030111449e-01
7.407855741242991288e-01
8.316343382589740374e-01
7.407855741242991288e-01
7.407855741242991288e-01
7.407855741242992398e-01
8.674326676615241594e-01
7.407855741242991288e-01
7.407855741242991288e-01
6.731588502337652047e-01
7.111209959845401496e-01
6.704453343492428052e-01
6.785193159120626039e-01
6.711970458270611894e-01
6.878496761791853542e-01
6.588757198033907692e-01
6.704949544168492537e-01
6.574747077431605247e-01
7.714765138307394521e-01
6.590646438808877017e-01
6.455003148854187023e-01
6.442852181632090502e-01
6.395336179179827996e-01
6.377325911738480624e-01
6.282512654481210435e-01
6.388981033553842170e-01
7.132842654884923306e-01
6.262524926846156914e-01
6.540250488841535814e-01
6.278130149489643541e-01
6.504184219524336008e-01
6.291508612362404218e-01
6.911876837034330867e-01
6.328691214126342945e-01
6.290214096501612895e-01
6.291342368218499903e-01
6.615355683235124573e-01
6.416268442982131504e-01
7.312282600906446772e-01
6.260463134143006148e-01
6.688670550363202683e-01
6.261593603532729091e-01
6.566284606022281256e-01
6.324555600934067545e-01
6.461584961989098597e-01
6.298585468245481156e-01
6.255652509185491983e-01
6.298928749185018772e-01
6.473906978626661202e-01
6.264758804639405376e-01
6.175577778379660598e-01
6.204088724975043156e-01
6.650985789961708639e-01
5.966772298839196909e-01
6.993674595126189164e-01
5.966772298839198019e-01
6.649062081186249973e-01
5.966772298839198019e-01
6.171865042346551533e-01
5.947482087139466245e-01
6.179390069757088044e-01
5.945839925874001342e-01
6.164450734088079420e-01
5.945839925874000231e-01
6.847742355319107466e-01
5.943568877196001576e-01
7.336746831839644489e-01
6.011051123677362273e-01
5.832029366447434304e-01
5.772368034223613886e-01
5.909640807208957902e-01
5.772368034223612776e-01
5.870936320544896114e-01
5.772368034223612776e-01
5.796921858485286627e-01
5.772368034223613886e-01
5.832236039445206632e-01
5.794700357814618341e-01
6.003325236013734578e-01
5.772368034223612776e-01
5.819415411404100791e-01
5.772368034223612776e-01
5.899530149604613749e-01
5.772368034223612776e-01
5.894703945075621121e-01
5.772368034223613886e-01
6.224971356771867859e-01
5.829073797466992612e-01
6.446243995639342472e-01
6.037902474330952840e-01
6.878026872641724854e-01
5.938574998881579470e-01
6.252177514126134872e-01
6.017510907792020802e-01
6.350427673454320798e-01
5.742321373794447847e-01
6.860816104805498306e-01
5.723693411996814140e-01
6.019865942853768193e-01
5.731731407315789895e-01
6.109724538113865400e-01
5.721331729878558203e-01
5.782358815156902754e-01
5.742080205396364878e-01
5.777418672997045590e-01
5.957750628512745728e-01
6.068152097714781812e-01
5.746077759201774215e-01
5.936956564249058488e-01
5.609642027936320163e-01
5.740542711582689028e-01
5.566553860539383836e-01
5.724883000488814044e-01
5.551264289647209749e-01
5.612659134414881290e-01
5.503198227184600277e-01
5.769022924746783909e-01
5.522767798882792789e-01
5.676010154600709123e-01
5.543637743115772398e-01
5.618234372164109258e-01
5.503867212180213464e-01
5.508741517512911745e-01
5.503167655950045312e-01
5.509193641421737953e-01
5.412648177347580969e-01
5.737524011520983569e-01
5.416598337986526790e-01
6.147545246298614652e-01
5.378002814010889310e-01
6.015066311846229974e-01
5.427867848864028621e-01
5.457890769109099427e-01
5.329155116578210283e-01
5.919450814331872479e-01
5.360401768385697485e-01
6.045737627077363285e-01
5.329155116578211393e-01
6.686284434470375349e-01
5.329155116578211393e-01
5.879184691308826372e-01
5.374106828269470393e-01
6.121323324909269115e-01
5.328778846148790604e-01
5.767638072278634676e-01
5.328778846148791715e-01
5.627230977684165580e-01
5.342034813179606934e-01
5.589403388416261942e-01
5.322039318585950474e-01
5.735227918130395564e-01
5.365385448019436287e-01
5.156097025390292687e-01
5.299973518718604781e-01
5.830497492007699067e-01
5.146963584961895544e-01
6.210343214307633142e-01
5.140941829416543207e-01
5.641773859928074231e-01
5.182932534361150978e-01
5.393501794378448011e-01
5.185558129568796915e-01
5.492941273951850167e-01
5.134374824690572936e-01
5.184739042946722165e-01
5.019364764651079724e-01
5.941819302368445133e-01
5.270608733902866216e-01
5.762730118634916687e-01
5.028247887705352692e-01
5.342112948559617491e-01
4.979658945809673498e-01
5.110868325168902437e-01
5.006101071599792229e-01
5.030446969232216237e-01
4.986881824334786217e-01
5.171370637111014634e-01
4.985023381860211322e-01
5.202950780816844034e-01
4.987845323510238238e-01
5.200478608901839550e-01
4.984957751425954653e-01
5.105136598505197743e-01
4.988055149102961217e-01
4.991396935459693207e-01
4.979658945809673498e-01
5.022480536212883262e-01
4.987679640585871432e-01
5.034163930414334853e-01
4.934333348931006502e-01
4.938568550108722310e-01
4.976695595078422518e-01
5.730397170639405235e-01
4.989013756763437391e-01
4.972968489941457237e-01
4.951859869209438436e-01
5.148452154135277903e-01
5.104457281154475279e-01
5.526309729055649544e-01
4.990810835732643613e-01
5.774387330985407685e-01
4.925243862908625370e-01
5.664340676283435849e-01
4.932636184410537084e-01
5.815139442384178459e-01
4.941132865837353227e-01
5.868548284859600450e-01
4.968614324386496639e-01
5.441509483971409544e-01
4.924753177641756907e-01
5.389890232930073521e-01
5.027232712958614735e-01
5.409404428979671664e-01
4.922051118709638295e-01
5.266779787458810702e-01
4.946855966762981893e-01
5.268810299655460883e-01
4.920321563588876956e-01
5.352984905925982639e-01
5.054838323919780274e-01
5.522154130522982651e-01
4.906147886730136132e-01
6.200890070555775679e-01
4.881289327748858931e-01
5.139233287956302965e-01
4.846882531299475660e-01
5.403217472770648344e-01
4.961139265281007682e-01
5.058113160190430557e-01
4.846988479087620538e-01
5.826272113206730774e-01
4.846197989156841857e-01
4.842146043143669698e-01
4.842146043143666923e-01
4.897039878733180918e-01
4.854254049481236954e-01
5.210357008134636203e-01
4.817337603325685391e-01
5.850144161747683480e-01
4.869703759699379741e-01
5.528961621824814987e-01
4.833842284259393107e-01
5.054863540086300677e-01
4.823996471861551338e-01
4.924647648894571739e-01
4.848355503724207649e-01
4.967806960210242595e-01
4.840643569620218800e-01
4.933074478259348861e-01
4.828859720766949248e-01
4.835413302194974672e-01
4.871597666976589802e-01
4.845649561540615879e-01
4.843709242718644004e-01
5.594562079701458357e-01
4.976988109997627641e-01
5.682260177005505897e-01
4.852794978046202634e-01
5.905161220231859298e-01
4.811215619163516921e-01
5.715562298727079327e-01
4.783817138343252617e-01
5.911155639335043954e-01
4.775719806587796490e-01
5.677848397097421396e-01
4.872922955528530831e-01
5.392078925931296229e-01
4.895197707694147748e-01
5.170814360567603796e-01
4.772783429333512517e-01
5.198383309032753585e-01
4.817599582863928975e-01
5.258241456779436662e-01
4.770935407794579253e-01
5.250758663405831195e-01
4.769783323889087989e-01
5.365291232973794511e-01
4.783356181642265947e-01
4.890658912559005533e-01
4.766932747278225246e-01
4.939621409400130614e-01
4.768465086987321855e-01
4.801015206956175119e-01
4.782892230957174196e-01
4.931891739170695677e-01
4.784680432052697552e-01
5.284418509168745670e-01
4.772095712924770972e-01
5.129224027411416476e-01
4.747135213579142810e-01
6.052670369142078011e-01
4.811888898418572591e-01
5.703514991348095364e-01
4.813208968111548081e-01
5.010917718182646974e-01
4.756449606013313791e-01
5.041457055600804260e-01
4.815438289335770561e-01
5.317420932091214691e-01
4.748262238861573614e-01
4.985198202516161747e-01
4.744752796243548176e-01
5.103918533028708460e-01
4.772563707679908229e-01
5.281614306235685730e-01
4.755175392616594610e-01
5.259933964932133055e-01
4.808105603387521354e-01
4.859104207399232433e-01
4.858480061191703392e-01
5.251262026097235358e-01
4.750267094811660429e-01
5.265517036379973037e-01
4.926381010610402233e-01
4.980983231374729314e-01
5.063920486225030881e-01
4.720838792931485450e-01
4.937157876273734480e-01
4.720802566650397769e-01
4.861304827252905802e-01
4.720555784228372964e-01
4.935294873238111335e-01
4.723091401271693468e-01
4.918641541460185285e-01
4.727703857769125495e-01
4.797252381012258593e-01
4.706994287526717891e-01
4.693979843424213594e-01
4.651473274572777705e-01
4.660862640329321294e-01
4.651473274572766603e-01
4.669890037350848400e-01
4.694042358220051336e-01
4.751282338898719093e-01
4.649633776442858579e-01
4.730511939498008855e-01
4.660040084458899612e-01
4.827165896468085249e-01
4.668118391937586820e-01
4.668614254650558792e-01
4.646697327114129861e-01
4.822718105704527081e-01
4.655091924352134924e-01
4.790011677681501601e-01
4.648192782003083279e-01
4.750303417452660937e-01
4.649635218234234868e-01
4.666735544716542061e-01
4.646185676569473122e-01
4.634069135632339909e-01
4.648655164343898361e-01
4.863502084769596445e-01
4.636673813984354409e-01
4.754982343034742098e-01
4.617901609431491750e-01
4.630449828713870675e-01
4.629070456206586526e-01
4.720724368938539750e-01
4.600932556741138546e-01
4.590547816759264488e-01
4.615566199680361525e-01
4.865601572469522296e-01
4.602273926183230168e-01
4.688938726316699279e-01
4.612626655824095256e-01
4.624320153410921841e-01
4.590012602108339279e-01
4.712962646591102311e-01
4.609926126004356139e-01
4.758249871657109220e-01
4.558309166839886184e-01
4.835757666684243339e-01
4.575656971434950981e-01
4.548540001304661184e-01
4.559470856145490525e-01
4.582270841393408789e-01
4.547038564732763244e-01
4.621838396553866746e-01
4.547134502285947177e-01
4.537079441909015465e-01
4.544776205683708215e-01
4.528454897420739478e-01
4.516549753096879005e-01
4.816215330007803108e-01
4.497841550772982977e-01
4.622128670670501149e-01
4.491380906474818357e-01
4.597428221069517207e-01
4.492385442360870007e-01
4.534681559564771591e-01
4.515092961281321204e-01
4.522666892121093296e-01
4.505825604856956157e-01
4.724624538352909520e-01
4.462394181275005645e-01
4.487005940873451948e-01
4.458466151722039195e-01
4.590763663898649871e-01
4.414677885714273775e-01
4.460354867513198762e-01
4.414492107506585716e-01
4.516233527278979976e-01
4.423461103032744757e-01
4.629475287594993493e-01
4.427103016667053303e-01
4.550202602345295166e-01
4.413931700366617861e-01
4.408204582244078518e-01
4.413192301077124569e-01
4.494089146329583451e-01
4.412454227877936619e-01
4.501023088162407482e-01
4.485591002378556680e-01
4.583036116265001847e-01
4.479270309725236210e-01
4.462060409322482490e-01
4.403013833497787521e-01
4.522996484199029443e-01
4.403013833497753104e-01
4.430342721911467163e-01
4.415985631780448006e-01
4.403322145176770674e-01
4.395878908062785251e-01
4.442343083321794728e-01
4.410999575578419818e-01
4.378953498498266983e-01
4.379027603393302881e-01
4.480540567361364634e-01
4.492302717070816298e-01
4.408953111061709729e-01
4.393629633604690388e-01
4.402291978332561473e-01
4.375535684033233785e-01
4.394397823546609128e-01
4.381233347093482222e-01
4.412943679187596446e-01
4.451619151242287575e-01
4.442166999561587004e-01
4.407967790264174512e-01
4.531674224481846425e-01
4.388190623730331419e-01
4.535655044447589601e-01
4.512073521211057425e-01
4.514389464894660864e-01
4.377624395585779649e-01
4.400063525992304880e-01
4.378371552805787048e-01
4.401178853225302667e-01
4.376760647331181531e-01
4.543266810857412019e-01
4.401587733127609869e-01
4.469960843166354003e-01
4.400828837532995697e-01
4.413607167409273058e-01
4.374934032709570375e-01
4.381058973086350283e-01
4.388067856302760306e-01
4.365610696342664410e-01
4.373101556247950272e-01
4.564612009385971003e-01
4.365867091252839116e-01
4.362658553796553984e-01
4.410639105082189149e-01
4.336704512089435970e-01
4.313528301090207573e-01
4.308832996586676733e-01
4.297509681381280200e-01
4.729982960329059405e-01
4.329150321207236862e-01
4.286425129357237518e-01
4.342710747736737709e-01
4.560660705749521315e-01
4.296120377629645271e-01
4.481614598916457415e-01
4.285461591955995186e-01
4.317041989768511945e-01
4.471535445945274967e-01
4.444021825724625008e-01
4.293481375538646949e-01
4.388246766323937731e-01
4.273875121969797353e-01
4.269504071608481444e-01
4.269527528564048824e-01
4.307590442633886796e-01
4.270305562450483761e-01
4.335145713520822675e-01
4.266409045012486412e-01
4.431757810846703172e-01
4.336984734804666952e-01
4.262344624227232259e-01
4.282412693460128650e-01
4.317112143337950014e-01
4.273253402546187685e-01
4.312727810014048702e-01
4.269741936483390510e-01
4.268889989675282437e-01
4.336609672944180538e-01
4.255186730541987150e-01
4.255186730541726803e-01
4.236967016623217619e-01
4.210230048947765646e-01
4.205617908540014160e-01
4.172377861120789011e-01
4.240752008997114575e-01
4.196956264760919875e-01
4.326583458848949904e-01
4.181392657089901821e-01
4.297013766743245089e-01
4.175806885221042819e-01
4.227755420251184115e-01
4.156587913777927690e-01
4.300934523808439547e-01
4.151782895976256493e-01
4.164120032707762653e-01
4.172281315726370510e-01
4.158161700945589012e-01
4.158017893163024059e-01
4.357505057960556205e-01
4.157225659773254312e-01
4.491402513124663209e-01
4.138035314599548542e-01
4.273634824831445966e-01
4.175414316082353139e-01
4.205135844388264155e-01
4.167035548342358231e-01
4.233722790345866294e-01
4.157581296772007162e-01
4.165675666106058439e-01
4.135009130588069848e-01
4.262611419541685875e-01
4.142873322796124524e-01
4.163805957129400603e-01
4.154928890499548499e-01
4.155556356085756686e-01
4.135326440773451351e-01
4.166590367456949884e-01
4.135741909232449887e-01
4.334745940195239844e-01
4.225166743413361070e-01
4.156365940541253412e-01
4.140593160760732694e-01
4.179708063111548522e-01
4.133227479427007967e-01
4.210657562574506296e-01
4.118923683109351752e-01
4.193768376539176446e-01
4.130649873133938610e-01
4.228877468294068298e-01
4.145501933635147851e-01
4.254537126707249040e-01
4.183279055227480114e-01
4.269463011108881600e-01
4.117753129023559167e-01
4.154748195966660451e-01
4.170356058553737477e-01
4.410793207850198239e-01
4.116969844185712213e-01
4.223691397304826789e-01
4.124786541544842033e-01
4.171644609344608012e-01
4.122149557164333511e-01
4.238054045073251785e-01
4.116985458317724555e-01
4.184431852059782853e-01
4.117019332632655404e-01
4.152071380732137440e-01
4.132618779645318985e-01
4.160468113627838194e-01
4.117239137428064799e-01
4.226149851684063985e-01
4.119712913766584994e-01
4.139796938715307739e-01
4.115429666652917762e-01
4.129254887036570842e-01
4.115429666653784846e-01
4.150107461955651611e-01
4.110162766534470324e-01
4.199036091825051886e-01
4.128100906675205573e-01
4.150355377756324016e-01
4.136086704691380733e-01
4.180909839007882489e-01
4.117244109937416852e-01
4.244938653802886597e-01
4.146026314159057535e-01
4.122142471607360137e-01
4.137187539640778122e-01
4.249159908104810368e-01
4.088138912735130304e-01
4.337643053184568886e-01
4.100806015023619189e-01
4.280888447013828091e-01
4.118660360603260129e-01
4.087327163202041924e-01
4.111919773348858276e-01
4.090227842627598420e-01
4.123742755252931547e-01
4.085913060554363097e-01
4.100555096999835558e-01
4.087944586756800947e-01
4.116880615141860211e-01
4.087579814731365779e-01
4.091019329058535048e-01
4.085572722143850921e-01
4.123690096295890561e-01
4.082385642004719983e-01
4.073346365990863638e-01
4.048419340605398098e-01
4.004752594844466773e-01
3.991606605372426952e-01
4.048595966234844190e-01
3.998823878457624659e-01
4.034544961048814882e-01
3.985500461807539030e-01
4.037159178512415014e-01
3.991591758173325677e-01
3.984980021320905230e-01
3.987836863705256918e-01
3.973616366275485312e-01
3.983293737469498774e-01
4.010278081678581019e-01
3.973069553511727747e-01
3.995172371863248695e-01
3.972752500114833385e-01
4.111379945756314380e-01
3.968932075491820588e-01
3.977126663405742280e-01
3.961746611295642873e-01
3.984542935240577011e-01
3.986114140732592848e-01
4.000762563453816312e-01
3.973508708367310960e-01
3.982167986449072772e-01
3.963394227622337729e-01
3.981438960662408988e-01
3.963445807010127497e-01
3.961559495791431296e-01
3.971517730450109251e-01
3.961259549530944946e-01
3.966509121376963209e-01
4.002231516748510631e-01
3.954053844226040892e-01
4.003680651681554292e-01
3.972180606690877136e-01
3.994389207863604518e-01
3.947126113768156808e-01
3.998491992764252045e-01
3.948729949864698274e-01
3.943492872707165531e-01
3.941426951398034895e-01
3.976125163717941224e-01
3.936136101275470867e-01
3.908337750658077425e-01
3.910005897800254426e-01
3.891936407496027761e-01
3.890918249162280129e-01
3.922482331290996216e-01
3.896453789473404150e-01
3.949999691133584956e-01
3.884161177295505918e-01
3.901862157149860177e-01
3.887803513469657024e-01
3.895077213127411397e-01
3.884462110588364214e-01
3.902429327570387518e-01
3.884643133995724917e-01
3.885691240819083014e-01
3.900777437026321515e-01
3.864937877064956728e-01
3.898402919504228015e-01
3.878099244793082323e-01
3.866069162346772448e-01
3.898171631783404756e-01
3.868625885130628772e-01
3.878436692431000421e-01
3.887313552662196026e-01
3.920115621559264185e-01
3.861065337739746917e-01
3.932236676615126214e-01
3.860148971618934666e-01
3.849674961965225406e-01
3.844236907675264159e-01
3.858560008874234448e-01
3.853205344005785071e-01
3.845841142352335873e-01
3.864496784084769376e-01
3.926620089869826136e-01
3.864125878248174661e-01
3.855535871010647986e-01
3.844645652271414527e-01
3.838188046812631704e-01
3.839444537778672895e-01
3.842320735156001810e-01
3.827811599260078634e-01
3.816814751457324184e-01
3.809747159541316819e-01
3.838751496414052888e-01
3.812694750453816117e-01
3.844131812710725460e-01
3.809435111059625290e-01
3.816877831216110017e-01
3.848815167723663166e-01
3.810205996896535163e-01
3.808099030515014194e-01
3.818800368358449271e-01
3.807608201847936802e-01
3.802588919285985192e-01
3.794169210033563333e-01
3.817720941306182447e-01
3.802589460267218335e-01
3.797269277531921672e-01
3.798273047016079151e-01
3.805269738652568567e-01
3.786224296243850818e-01
3.846515615193960014e-01
3.790294124492127881e-01
3.801926244036897273e-01
3.776294862106097661e-01
3.778274324286451935e-01
3.780520703466963006e-01
3.836014235848871357e-01
3.775404293383979315e-01
3.795900105850281148e-01
3.776551391858509743e-01
3.840967500943910373e-01
3.776178080633977863e-01
3.778356447154545550e-01
3.775063091109409630e-01
3.772022117555173248e-01
3.767555160016180515e-01
3.800817357070843672e-01
3.772446831527900279e-01
3.878999406643913739e-01
3.778845927820796979e-01
3.816328971713294216e-01
3.770883004470219624e-01
3.778390852059868577e-01
3.771258682920444194e-01
3.776514120965799859e-01
3.773856554588386203e-01
3.788610460766698718e-01
3.767594695767770840e-01
3.752001887493915389e-01
3.754358813959183805e-01
3.763660024605838261e-01
3.752174173884209596e-01
3.744630433539555270e-01
3.744738271892384951e-01
3.739098682664268036e-01
3.759087316470788309e-01
3.762874658032864805e-01
3.750829588404107628e-01
3.812851611870384239e-01
3.745481522218880310e-01
3.756241836671784795e-01
3.751748107330403759e-01
3.735639760407284404e-01
3.736971872182951460e-01
3.746602599156620417e-01
3.739449986944508031e-01
3.703403570697411662e-01
3.704288632817701599e-01
3.714812472474122163e-01
3.721083996804252503e-01
3.742577506546030386e-01
3.701676484116445121e-01
3.718333177609301488e-01
3.706232936779391696e-01
3.684975076808113537e-01
3.679335748949707496e-01
3.664914760910568670e-01
3.668276445076347203e-01
3.663775386956526492e-01
3.664868571185512236e-01
3.776353895345040956e-01
3.662999316372823055e-01
3.679466551475547575e-01
3.658754396132667952e-01
3.646894179759159749e-01
3.667958655851228933e-01
3.646447349505789193e-01
3.648854369653464214e-01
3.692970456965403714e-01
3.644182503951093333e-01
3.678307864697342167e-01
3.643281942515295135e-01
3.656513884299704698e-01
3.650305272868176742e-01
3.645238800553515790e-01
3.644211664863279410e-01
3.652373822552002491e-01
3.635176644539721003e-01
3.721480624948076410e-01
3.639267206576797253e-01
3.639520566446947658e-01
3.645481779404821654e-01
3.841486019710483868e-01
3.630004294411873778e-01
3.666189515947507194e-01
3.639399569412123392e-01
3.669953925669402484e-01
3.617681717710802269e-01
3.648032240737953402e-01
3.623930467161252111e-01
3.628583164661947635e-01
3.619946814398679602e-01
3.624535027608307702e-01
3.609376673690423698e-01
3.617293258036578529e-01
3.614958856680725030e-01
3.633517666167975779e-01
3.609545933831054820e-01
3.634859868206745115e-01
3.619072029490166820e-01
3.620623241087770339e-01
3.607807371623213410e-01
3.607448522881866459e-01
3.614012701518031223e-01
3.632656091031319368e-01
3.636463550450326765e-01
3.600964476447672813e-01
3.603078723070938794e-01
3.636291218267343472e-01
3.603498662053774559e-01
3.630504019697912699e-01
3.602964024968601242e-01
3.638196868594425482e-01
3.599275237590459642e-01
3.605680622972813332e-01
3.599897089063711642e-01
3.632163048954699103e-01
3.605649048539071311e-01
3.617328398307000370e-01
3.605183841908654041e-01
3.606675475499087624e-01
3.601342918975796725e-01
3.602572526786010365e-01
3.587648100908742976e-01
3.608931345928048096e-01
3.579838111999591455e-01
3.589465624625090556e-01
3.586878577279305480e-01
3.634283518774847899e-01
3.578742760540861156e-01
3.584761776153456148e-01
3.578183463441864665e-01
3.603387784836625807e-01
3.589184174082619139e-01
3.752007645437244743e-01
3.576611015056787024e-01
3.601236293962932211e-01
3.577476224882342182e-01
3.566947806579369717e-01
3.568067555364320409e-01
3.578209775879020449e-01
3.569934440040751222e-01
3.596675421284858953e-01
3.564374812033048734e-01
3.580478324214065866e-01
3.568847606404187967e-01
3.641270693535864633e-01
3.590491540763361411e-01
3.592717985957239457e-01
3.564765528020740759e-01
3.582254474410903611e-01
3.581593812919957598e-01
3.607458054551884175e-01
3.575630190188108237e-01
3.616020071255953150e-01
3.560078698554814403e-01
3.575808961694620924e-01
3.557541638568330611e-01
3.578039966216704504e-01
3.561808223944256113e-01
3.567233536945162986e-01
3.556953189024794071e-01
3.565781433085321028e-01
3.563849735563391352e-01
3.579776810789451758e-01
3.559453623758753738e-01
3.582036199801232335e-01
3.557432441322243566e-01
3.565464752887217426e-01
3.567786935123264946e-01
3.583063501007369145e-01
3.559577494692895416e-01
3.590831009721504596e-01
3.559379773695500182e-01
3.574657613334147332e-01
3.559668244875641152e-01
3.573692104460621799e-01
3.560498357405707526e-01
3.574868516282164732e-01
3.565342951560381834e-01
3.613925425520728152e-01
3.561854208640430342e-01
3.590726690001971311e-01
3.564870198568814708e-01
3.575844154237604600e-01
3.554397879961715967e-01
3.585270647816659051e-01
3.555555539525420694e-01
3.576906305684388054e-01
3.553215955425900741e-01
3.560032657086226737e-01
3.549676208993369775e-01
3.559738109593147404e-01
3.548960184659887274e-01
3.597204331519877063e-01
3.547630558827730152e-01
3.622808388749262920e-01
3.546647118017480782e-01
3.630331957501040652e-01
3.553954404572104986e-01
3.556136121474159917e-01
3.551938063957698621e-01
3.571343879792702181e-01
3.545044871565246614e-01
3.549337720275221320e-01
3.556089682117260509e-01
3.562658969545908216e-01
3.567690123637328181e-01
3.585184003335634140e-01
3.546192050883305025e-01
3.565717723309645981e-01
3.545043734355103338e-01
3.566986983175175485e-01
3.544924752435821835e-01
3.553855521580776555e-01
3.556686156308306312e-01
3.546164500520064267e-01
3.546151444442283140e-01
3.576732360781131326e-01
3.543545653878671375e-01
3.556863483345926169e-01
3.545013704252012454e-01
3.573739890792975160e-01
3.543285830271044601e-01
3.555315613780275497e-01
3.553680353585333962e-01
3.578833442124905173e-01
3.540497998305474070e-01
3.568177022483246530e-01
3.549224013333899252e-01
3.542211407562107506e-01
3.549043544160803143e-01
3.554392320470651789e-01
3.542033757490081758e-01
3.541770790026494420e-01
3.547850172180010420e-01
3.562729569488801706e-01
3.547952579278422225e-01
3.568944089703853795e-01
3.547517857620564596e-01
3.559282024956389456e-01
3.536289309476930987e-01
3.536994415202784348e-01
3.540097452542595446e-01
3.542431480336681870e-01
3.538039512259242847e-01
3.534503783966231882e-01
3.558180210532889687e-01
3.537767416794422859e-01
3.547748055623328733e-01
3.537631840591684562e-01
3.539395236128269895e-01
3.533818743691719000e-01
3.539890580773944473e-01
3.538157559610043412e-01
3.532480760030920486e-01
3.534888901435014330e-01
3.533489047721100063e-01
3.532532670103582517e-01
3.537017048494596194e-01
3.530527665997575948e-01
3.543860725907586051e-01
3.531763031998818025e-01
3.537039386859582302e-01
3.529908760638288401e-01
3.533625148460067811e-01
3.529579561441714697e-01
3.536871020903634699e-01
3.535096588266941064e-01
3.524410586801045020e-01
3.525223802843715504e-01
3.527695969845349167e-01
3.525747447285683123e-01
3.525386103748536781e-01
3.528350862459374016e-01
3.526486774279055658e-01
3.526262643308191169e-01
3.541693210884259146e-01
3.521133926934245650e-01
3.514455910125282023e-01
3.518024231404873192e-01
3.524922616362668459e-01
3.513338034356420225e-01
3.512965901746265551e-01
3.514716433318684219e-01
3.524000278986949564e-01
3.518636676651534789e-01
3.516664695564956089e-01
3.515001547132080573e-01
3.522370606031350326e-01
3.512240642406164737e-01
3.513576123933602746e-01
3.514834499573488702e-01
3.532723279726795451e-01
3.510223579428799479e-01
3.511303588788867169e-01
3.507848515344196283e-01
3.519969234580111461e-01
3.508408215097866822e-01
3.519322622697301783e-01
3.504164370401824380e-01
3.511016650728202571e-01
3.509012727045818236e-01
3.513260476245468333e-01
3.505348204012957436e-01
3.511986042853310619e-01
3.507912964025226565e-01
3.503824299289381439e-01
3.505027211976851076e-01
3.513681050634110403e-01
3.508100186975594004e-01
3.507903991419757395e-01
3.502460120700224833e-01
3.502131561176936581e-01
3.502575542119992780e-01
3.503043971635055875e-01
3.501486740715961110e-01
3.517518223610600625e-01
3.494777881414049547e-01
3.508003651510775422e-01
3.495885056354012810e-01
3.501539601335476037e-01
3.495310428729239138e-01
3.499132959666287901e-01
3.496286614963630690e-01
3.504656980633918950e-01
3.496291141879263042e-01
3.509206388556048162e-01
3.494835805508740290e-01
3.497563396939639135e-01
3.498326589771846851e-01
3.496720330984752212e-01
3.495344374564248735e-01
3.492317234166775752e-01
3.492910279818152164e-01
3.493709688023946547e-01
3.495460694854689576e-01
3.495767480858495979e-01
3.493009830104152336e-01
3.496251256087602455e-01
3.493587989851606457e-01
3.492793209532680243e-01
3.493109019950713101e-01
3.493776211395124842e-01
3.495618908221336807e-01
3.515632404465762195e-01
3.492213731286294420e-01
3.500960566458370393e-01
3.492927696800126602e-01
3.497093153862856907e-01
3.490602962010763699e-01
3.498103662725997043e-01
3.490094664996756246e-01
3.493424048558871897e-01
3.490210527494078674e-01
3.496140487271731101e-01
3.484055248770671076e-01
3.500030837065073452e-01
3.485530861837416450e-01
3.487710377183673716e-01
3.484423193291361631e-01
3.484676948302894983e-01
3.485409297633175196e-01
3.494272178195436118e-01
3.483752753682380909e-01
3.491244143817251455e-01
3.484416320238879483e-01
3.487900955675696801e-01
3.483623145757113182e-01
3.488374441239368573e-01
3.483037322190715157e-01
3.485926626712174126e-01
3.484753776948766868e-01
3.488734892447185043e-01
3.483453975915100087e-01
3.493320110198797623e-01
3.483149260411018688e-01
3.488571463571534248e-01
3.484637360230531944e-01
3.488673216552113376e-01
3.483986034230467932e-01
3.494815070846064575e-01
3.484422002620820580e-01
3.490552421877308187e-01
3.484207144394240729e-01
3.491277303325737713e-01
3.485006668813647179e-01
3.489101447503714648e-01
3.483884812468530656e-01
3.486079784958239225e-01
3.483898868011529593e-01
3.488999449199915448e-01
3.488022275718880572e-01
3.489410359183058863e-01
3.485161155527257693e-01
3.491684290669175295e-01
3.482633920190756349e-01
3.482610120113261987e-01
3.484832052860838969e-01
3.492445596600895485e-01
3.482953467918717960e-01
3.485967082814857010e-01
3.483438491915515911e-01
3.486478824849433833e-01
3.480857160252699423e-01
3.487323870644448154e-01
3.485958103172402400e-01
3.499942785352634367e-01
3.480694727370188812e-01
3.486406995028422107e-01
3.481165024005569708e-01
3.484216933078016498e-01
3.481522385875265302e-01
3.478721764879650902e-01
3.479489932908679806e-01
3.480932331437541771e-01
3.480092601296777555e-01
3.485830292569305766e-01
3.479803356697871441e-01
3.485739146295928625e-01
3.480708321520034065e-01
3.483022749993895384e-01
3.480249634944729276e-01
3.482276050370207154e-01
3.479136935075148873e-01
3.490449737437568145e-01
3.478159206069283971e-01
3.483420810830091807e-01
3.477152423215922883e-01
3.498881370672436986e-01
3.477460055120087934e-01
3.478340274149619993e-01
3.477827271846348767e-01
3.478282454576586136e-01
3.476500628062897391e-01
3.476133258393169778e-01
3.479577917649064323e-01
3.481698633313432545e-01
3.475767504338826419e-01
3.481005250897604153e-01
3.477173398136874094e-01
3.479130865095886871e-01
3.476661743244187086e-01
3.477983195329257260e-01
3.476972845039901783e-01
3.488402460751735545e-01
3.476557118031183835e-01
3.494527937190947675e-01
3.477374083964451801e-01
3.484731158410597773e-01
3.476780034823065968e-01
3.479812827294938016e-01
3.476525299739958719e-01
3.479752519616424733e-01
3.477023191116732637e-01
3.477303268784840418e-01
3.475787339475343019e-01
3.481748202344628895e-01
3.475897713174218584e-01
3.475100329566464530e-01
3.478631012888148133e-01
3.482160627407228648e-01
3.476049698260818555e-01
3.479736364827060724e-01
3.477349779069787150e-01
3.474591827834856983e-01
3.475052470096094415e-01
3.485126932742545480e-01
3.475229235219561286e-01
3.475991240213424094e-01
3.474944519302354262e-01
3.475102174974646907e-01
3.475605852881932245e-01
3.480257546773963262e-01
3.476335655356240228e-01
3.474596405868310978e-01
3.475072318180251751e-01
3.478894813999219293e-01
3.477390075749992593e-01
3.490027019730772562e-01
3.472581508653037052e-01
3.478409042636795290e-01
3.473781553456559146e-01
3.484155185741951155e-01
3.472490378479745066e-01
3.492967920791330561e-01
3.476663098924357431e-01
3.478537779965770738e-01
3.475348924734191769e-01
3.476902185885399343e-01
3.471332188481732750e-01
3.476752879304458865e-01
3.474491904468549608e-01
3.474132202604823250e-01
3.470452435685335568e-01
3.474541394174583964e-01
3.471693627103820123e-01
3.472153114370182259e-01
3.473388642191326259e-01
3.475590619579007057e-01
3.469533761335372724e-01
3.471480489756403331e-01
3.471991767359320913e-01
3.477348902515788875e-01
3.468529653450089789e-01
3.474165139442543238e-01
3.469798623612370680e-01
3.470481231890272800e-01
3.470797164615647135e-01
3.473246126437640191e-01
3.469055847102635037e-01
3.471121342843633273e-01
3.468014000106996453e-01
3.481826690575431926e-01
3.467629758149900487e-01
3.474166097247050056e-01
3.466973296810257898e-01
3.472934699964392302e-01
3.470456686630732368e-01
3.473405949203903775e-01
3.467697484815394082e-01
3.471546307707504275e-01
3.468382573333373409e-01
3.471734749809385900e-01
3.467922873098469028e-01
3.471339533932114585e-01
3.468663471991552671e-01
3.470495783047868876e-01
3.466718871104466082e-01
3.469907480074423956e-01
3.468878514869769281e-01
3.473945061871751006e-01
3.467012931552125865e-01
3.469401992889467601e-01
3.466923447827916505e-01
3.475990999510912838e-01
3.468208050653248109e-01
3.467830521528292298e-01
3.466650909957514348e-01
3.476508454768529877e-01
3.469201370006948504e-01
3.466996903881814363e-01
3.466316210688916710e-01
3.472279045527930097e-01
3.466014124771477634e-01
3.474220278527916372e-01
3.468363726775230971e-01
3.470266454830844283e-01
3.467583808208597462e-01
3.465579012511620927e-01
3.466485168274611728e-01
3.470004487090515566e-01
3.463681564104122979e-01
3.460223002684240656e-01
3.460044867004531954e-01
3.460422447961328807e-01
3.458956386151512685e-01
3.470923534626192408e-01
3.461712982588580623e-01
3.460127007294173107e-01
3.458591257780521677e-01
3.462238312364187554e-01
3.459895795939350038e-01
3.460059834282779856e-01
3.462343129077418702e-01
3.462220261460769999e-01
3.457699438887233412e-01
3.459739266800249125e-01
3.460935928202664158e-01
3.456770692230503039e-01
3.458691983090349531e-01
3.461582846659034818e-01
3.458703355864110596e-01
3.462819831866491005e-01
3.456171907469436366e-01
3.461769126399814045e-01
3.457463227040837306e-01
3.462259715605599530e-01
3.456967743881560473e-01
3.456786921292881454e-01
3.454519573302671231e-01
3.470833442498534316e-01
3.455879310147694228e-01
3.466036153346576110e-01
3.457019370538699787e-01
3.461774096961647840e-01
3.456832877863836306e-01
3.458962321944714091e-01
3.454616611814625426e-01
3.457250681303150608e-01
3.454120683174314310e-01
3.457429743270041822e-01
3.455227079312289118e-01
3.461569481210247656e-01
3.455001806132526054e-01
3.457181021592836134e-01
3.455208729584909322e-01
3.455596302932398278e-01
3.455354839567634784e-01
3.454762108839894985e-01
3.453220451212465902e-01
3.453962728421213768e-01
3.453904839366606083e-01
3.458374984826101395e-01
3.453579021088460377e-01
3.462798834643750490e-01
3.455400006528119294e-01
3.459667427444302890e-01
3.454752631474568014e-01
3.458661918073144270e-01
3.454134760187945741e-01
3.457138740421503709e-01
3.453904414539571421e-01
3.459748715500298721e-01
3.453026406873013765e-01
3.452798532296987855e-01
3.450960928107485448e-01
3.453619424446419117e-01
3.451953667029287742e-01
3.457980607785637872e-01
3.451723165698090123e-01
3.454296276854434966e-01
3.453834966385317395e-01
3.453407217790968042e-01
3.451428768827395910e-01
3.453876093611989440e-01
3.455504188328956117e-01
3.456487026813870322e-01
3.452241765109496652e-01
3.457719762712906375e-01
3.451016478439248303e-01
3.492323085897166557e-01
3.450931327343495503e-01
3.454717499750833420e-01
3.457325196449780313e-01
3.447535875752915646e-01
3.449181936385881664e-01
3.451838901641957058e-01
3.444022469913803342e-01
3.446367717700023481e-01
3.442479000910246834e-01
3.451475137287250972e-01
3.442602385945491839e-01
3.446933191964691168e-01
3.443364466025009007e-01
3.440024419279693602e-01
3.441153960485959784e-01
3.444083519084345513e-01
3.442953170341420677e-01
3.450575794344415970e-01
3.441210363381525528e-01
3.448221793319942163e-01
3.441138916554806748e-01
3.447702103291235831e-01
3.440346889576699208e-01
3.437277819012731772e-01
3.433722660360857826e-01
3.440648215917605501e-01
3.435524946104783761e-01
3.435715886458252655e-01
3.434054996945521410e-01
3.435520503910151624e-01
3.435789905332927718e-01
3.445887104729322692e-01
3.438479026255971682e-01
3.440187957459167056e-01
3.435549404812177632e-01
3.434099736933126645e-01
3.431943646522573887e-01
3.433660597856086905e-01
3.433057587974215341e-01
3.430621965681303065e-01
3.432486101685063851e-01
3.430307457165194251e-01
3.432645238584564051e-01
3.436732459446661392e-01
3.433146477769620231e-01
3.430757773573614999e-01
3.431144096576048685e-01
3.434086202063528215e-01
3.430244579050237830e-01
3.432683428247133572e-01
3.431211804228243012e-01
3.433286114500347375e-01
3.428683060287532336e-01
3.451497787010345819e-01
3.429542915864479680e-01
3.430776908505367429e-01
3.430641617768892537e-01
3.430534419549121639e-01
3.430513245366944575e-01
3.432573119742928780e-01
3.428094971313761508e-01
3.428189194839413312e-01
3.425531035594372442e-01
3.428867240756222068e-01
3.429045354804702295e-01
3.426850605366495994e-01
3.427298155942935520e-01
3.426717571386118100e-01
3.427211780880458636e-01
3.434221317441953358e-01
3.425165762631198207e-01
3.432577023798121796e-01
3.427470479798536140e-01
3.429596428962310428e-01
3.426512988313078489e-01
3.425238133356670600e-01
3.428038459417357964e-01
3.430727355469720408e-01
3.426611735912639678e-01
3.444314807819895963e-01
3.422201728041277535e-01
3.425453478825224995e-01
3.423221419682164757e-01
3.425210615164712702e-01
3.423103931110546561e-01
3.424079440664516416e-01
3.422119527844942333e-01
3.430041960172817705e-01
3.422605671003993710e-01
3.424262415882775024e-01
3.423207510178282731e-01
3.425477778933708750e-01
3.421771292538773324e-01
3.427618399731627852e-01
3.422726529124920369e-01
3.435355497798597280e-01
3.423779580226248287e-01
3.420616104266561708e-01
3.421661548342800896e-01
3.424382559028775752e-01
3.423415857711537003e-01
3.430272837804646535e-01
3.422009658774882168e-01
3.418967629340678438e-01
3.418996122359447831e-01
3.435012427406098912e-01
3.420711073773668454e-01
3.432993469667789954e-01
3.419161770966791525e-01
3.422814485720519495e-01
3.420578318291903619e-01
3.420767671274496102e-01
3.421122504853049140e-01
3.424996065721467864e-01
3.421525695339018847e-01
3.425110508617592031e-01
3.420805024070641132e-01
3.421869845516138930e-01
3.420950551756444247e-01
3.424654058568393222e-01
3.421323786610669937e-01
3.421430991395923438e-01
3.419838121948657328e-01
3.432200896414623892e-01
3.421692695908290505e-01
3.422094457181191762e-01
3.420639393339605094e-01
3.424309141630945130e-01
3.419340716528332935e-01
3.415380423664557408e-01
3.417329921534150161e-01
3.418809662511302916e-01
3.418078181780865310e-01
3.425593569113927761e-01
3.415630627520199747e-01
3.421250363786271786e-01
3.414162857836140486e-01
3.411539928491088558e-01
3.413692086402396741e-01
3.412847053712291800e-01
3.411226281945144434e-01
3.409163524285169777e-01
3.412358630956527916e-01
3.413939231619599890e-01
3.411356318629802931e-01
3.413169758588776581e-01
3.408608216565087723e-01
3.417559651157865419e-01
3.410727604417106984e-01
3.416661811085592859e-01
3.406589403008039030e-01
3.402412956797641330e-01
3.406160333837133236e-01
3.402206070094343504e-01
3.404125976901444250e-01
3.415477878455039362e-01
3.402571869066638444e-01
3.410584927761552421e-01
3.404137098916399928e-01
3.405864018683407157e-01
3.404588804560743087e-01
3.399346268001789961e-01
3.400158066359652009e-01
3.404817557239703807e-01
3.402063615701312882e-01
3.405566537768519031e-01
3.400451350980416843e-01
3.408293192058519661e-01
3.401538401074341023e-01
3.402095287297283166e-01
3.400369512611502443e-01
3.403776368647488115e-01
3.397288209998651221e-01
3.398878836934012826e-01
3.397525159105013737e-01
3.401518070531175386e-01
3.398343313032936575e-01
3.411527824803965991e-01
3.403559256251478815e-01
3.402819781232708785e-01
3.399291560501205289e-01
3.403720704943044573e-01
3.399591454671352930e-01
3.400404811465992383e-01
3.396705535281203114e-01
3.397439067702913151e-01
3.397742521879732469e-01
3.398344127100291212e-01
3.396127489645652253e-01
3.398958249082452698e-01
3.398352665043568588e-01
3.396320241778037485e-01
3.398075507352561475e-01
3.401424816250488425e-01
3.396040873974954799e-01
3.405391979082261211e-01
3.395706529330820844e-01
3.399440880474281501e-01
3.396102685443300184e-01
3.406171273492379914e-01
3.398344034741755948e-01
3.395609181836222179e-01
3.394838233704027819e-01
3.401650492471133269e-01
3.394602722013247975e-01
3.399039926569265568e-01
3.395349724968964589e-01
3.395393710741664295e-01
3.395321597047818996e-01
3.400242997923703103e-01
3.395555970412291735e-01
3.398281482037068812e-01
3.396044735177459750e-01
3.398044617696626690e-01
3.391877988104602393e-01
3.403415489660706617e-01
3.390516999468233261e-01
3.392346873909855010e-01
3.391893836770300541e-01
3.393250891221774590e-01
3.393237052320466351e-01
3.391522615564833698e-01
3.392636149143684610e-01
3.394124316197667524e-01
3.392115718519554401e-01
3.395889321887673451e-01
3.390949381728878831e-01
3.395217673618760035e-01
3.392713235436738417e-01
3.398011015434304061e-01
3.394099615935260994e-01
3.395235972276391401e-01
3.397576825060316108e-01
3.388642652487466878e-01
3.388546596585034765e-01
3.396278615243379373e-01
3.391549078170445486e-01
3.389362351223961789e-01
3.386656766598968304e-01
3.390412001416416299e-01
3.389221039438788385e-01
3.389597653126190102e-01
3.387472909668910459e-01
3.393598341457835232e-01
3.388745444259424477e-01
3.394805343193657010e-01
3.387628976299400518e-01
3.388754859259134333e-01
3.390069653725291121e-01
3.388722646958627904e-01
3.386326600259287334e-01
3.389017327090063647e-01
3.387526284339865690e-01
3.390934239898100722e-01
3.387781803974322936e-01
3.389589120955652790e-01
3.388611719364026942e-01
3.389457623651875862e-01
3.387970709436339267e-01
3.389728667641625504e-01
3.388040602194103412e-01
3.392143242631623923e-01
3.388025523201976807e-01
3.395299462525095957e-01
3.387113053496781379e-01
3.389365873125957940e-01
3.387724422742403596e-01
3.392997788373159351e-01
3.385759830532235060e-01
3.383495384979204879e-01
3.385433002857793361e-01
3.389300433601550866e-01
3.382065240116579052e-01
3.390865207172792939e-01
3.382856395641289371e-01
3.383891053427620643e-01
3.382539664585757500e-01
3.385665494985287127e-01
3.384568401899119561e-01
3.386306400117314319e-01
3.384080316441328562e-01
3.385715340600651824e-01
3.381540170578897220e-01
3.383186695657817156e-01
3.385556821419597462e-01
3.388594246213849082e-01
3.381320761813632614e-01
3.385570552263160726e-01
3.381460693317411836e-01
3.384142341336269233e-01
3.383582176181786916e-01
3.385126588041502682e-01
3.381304749044795055e-01
3.382270909070064224e-01
3.380578851452816225e-01
3.380194573076892861e-01
3.380517334660547712e-01
3.382784630985019025e-01
3.381351692268494968e-01
3.382888118673822997e-01
3.381056538447625437e-01
3.397494566114743764e-01
3.382078517277405938e-01
3.387213746668090164e-01
3.383595464270736097e-01
3.387487832487121042e-01
3.379029801896718532e-01
3.380237310261990369e-01
3.380639649804346725e-01
3.388922251427636811e-01
3.382311599570073102e-01
3.380780647301140363e-01
3.380194263409954658e-01
3.383670158835563879e-01
3.382726734104068989e-01
3.380746283541135044e-01
3.380744349186481368e-01
3.379127464666901726e-01
3.379576196131192645e-01
3.385336417567079148e-01
3.378884178664624538e-01
3.381784781173468035e-01
3.380072926419450674e-01
3.382575022351055893e-01
3.378576366560862576e-01
3.384361873498853424e-01
3.379577386656903992e-01
3.380175176496414413e-01
3.381262646190898447e-01
3.383821994390764365e-01
3.379867106893975071e-01
3.389318950087578663e-01
3.378245129392445922e-01
3.383219505690193141e-01
3.377559735875427238e-01
3.381320818997430866e-01
3.383859079932293179e-01
3.379600063916076702e-01
3.377609847857467873e-01
3.382311094602721280e-01
3.379244972316802209e-01
3.382105459323010432e-01
3.378815837981597459e-01
3.379218650897896081e-01
3.378207001378732421e-01
3.386383059558839004e-01
3.378397127945269030e-01
3.383056136458489904e-01
3.379295602364355555e-01
3.380707621358172710e-01
3.377572679477918727e-01
3.382001178155258914e-01
3.376963950378752410e-01
3.376336955543471907e-01
3.376143052709030812e-01
3.380851293892265241e-01
3.378034734045264886e-01
3.378874416857869378e-01
3.376925184213683817e-01
3.377279251422745654e-01
3.377793549842267318e-01
3.378172134229551760e-01
3.377521138689679181e-01
3.377376629582394263e-01
3.376713011758211147e-01
3.381142289299240433e-01
3.378869386125213370e-01
3.378085962218293492e-01
3.375521305789234150e-01
3.380950235000889093e-01
3.377586433172269365e-01
3.393143921026916532e-01
3.376352745647528408e-01
3.386173403400254966e-01
3.378586279085896704e-01
3.384233692349067346e-01
3.374936299370605020e-01
3.377846428048736360e-01
3.376512661868827370e-01
3.375969084923028385e-01
3.373136301768349110e-01
3.377145270347690076e-01
3.373600793258545449e-01
3.373708444596762446e-01
3.373990272496809051e-01
3.372707346089746094e-01
3.377308869451509099e-01
3.372331224863298060e-01
3.373075134129296382e-01
3.378861823346330229e-01
3.374573648571847495e-01
3.371529782627250005e-01
3.374183356173801052e-01
3.378801668054617346e-01
3.372646945875721336e-01
3.379033689048259181e-01
3.373524171679657679e-01
3.374313320776518021e-01
3.373509324739064619e-01
3.372888521558611852e-01
3.370327377558377524e-01
3.373080397650956574e-01
3.370933186501395840e-01
3.377709972440716135e-01
3.370915132595059260e-01
3.378252173596594798e-01
3.372269689446268370e-01
3.378190032062851067e-01
3.369182746124681493e-01
3.380250939607354344e-01
3.368803323694033458e-01
3.375104388154484547e-01
3.370104912800237495e-01
3.371793784794887561e-01
3.369910303530866402e-01
3.376976198448274902e-01
3.367828853723346394e-01
3.368325962241165428e-01
3.371610332407276589e-01
3.372233436790539884e-01
3.368086647593798166e-01
3.370839591892305642e-01
3.368788853351645796e-01
3.383028702261379195e-01
3.367940909510171998e-01
3.372110055531959971e-01
3.366865363944176459e-01
3.372199302143370492e-01
3.368261116875655437e-01
3.372776807465048821e-01
3.368677853290550361e-01
3.372634643185091208e-01
3.366600503782286591e-01
3.380536517873553026e-01
3.365705673659653563e-01
3.366483241865291798e-01
3.368679217983510110e-01
3.371222727870817337e-01
3.366831964750242601e-01
3.366595067359125504e-01
3.367013075460636995e-01
3.374582913506616322e-01
3.366743749534205077e-01
3.370274329440812178e-01
3.367526871163806779e-01
3.366870542315548720e-01
3.363979704156440098e-01
3.371991139519496805e-01
3.366340975543095637e-01
3.364743837002721061e-01
3.365831930014164253e-01
3.367406716520903176e-01
3.364529670067990530e-01
3.368356953479842431e-01
3.365882138565570725e-01
3.366033813573694466e-01
3.366945956873003132e-01
3.363467221772681870e-01
3.363614967035091219e-01
3.373096897757874579e-01
3.365608378368051823e-01
3.368907948730914259e-01
3.363106184777142071e-01
3.363615071884132335e-01
3.364500789033020856e-01
3.370381852766197173e-01
3.365327359252968109e-01
3.366993856978003352e-01
3.365566140857959576e-01
3.362894640237317212e-01
3.363074737335516318e-01
3.372776562598043260e-01
3.366655322601156963e-01
3.362034852435967225e-01
3.364639975704641905e-01
3.371780128687388300e-01
3.363004735877463958e-01
3.364339935629439005e-01
3.363156159623331698e-01
3.363477976524403834e-01
3.365548651335759089e-01
3.366160489143434908e-01
3.363495479800411303e-01
3.363701267671717066e-01
3.364543286601237027e-01
3.363466921656196873e-01
3.360682787015468742e-01
3.356340654607011809e-01
3.355547282961335309e-01
3.357637741317424651e-01
3.357154579404767469e-01
3.361478880921910384e-01
3.356361111338012071e-01
3.360496332401754493e-01
3.357517458322123449e-01
3.359438456153240327e-01
3.357095396618361427e-01
3.357632984252496011e-01
3.356271198499952146e-01
3.359370137482837193e-01
3.355240559207883777e-01
3.359617911345756935e-01
3.355399838168667270e-01
3.361456508959862477e-01
3.359772975565630815e-01
3.360317817682591524e-01
3.354871205728801042e-01
3.361051167600228595e-01
3.356335137357994158e-01
3.362958630212913302e-01
3.354595697334633586e-01
3.359148906532580803e-01
3.356838419117185723e-01
3.363228595940310761e-01
3.355771490222432263e-01
3.360065521479365103e-01
3.351149583935225662e-01
3.357305927711766169e-01
3.352633263334050540e-01
3.355453217568533097e-01
3.352180342518327194e-01
3.349439960815745465e-01
3.347836278399862198e-01
3.350723483693299198e-01
3.350350935070497416e-01
3.347731412337486834e-01
3.348762370386956233e-01
3.349255675612649585e-01
3.347071878817747259e-01
3.356101343131433490e-01
3.350257895606453817e-01
3.352424260085787866e-01
3.349746812483347935e-01
3.353545879874763047e-01
3.349072495227803370e-01
3.352504254072526946e-01
3.346986540653124620e-01
3.351835425085836206e-01
3.348308690130735177e-01
3.346617652909169016e-01
3.349096418726502100e-01
3.357254018166415666e-01
3.349665477557896009e-01
3.356158222600300056e-01
3.345687323947517111e-01
3.353829152213435028e-01
3.346123348945460596e-01
3.350888747848701499e-01
3.346195193563955006e-01
3.345996731470574082e-01
3.345942978047840577e-01
3.342871077604349095e-01
3.344743492260196516e-01
3.348980564197795995e-01
3.345145369639777044e-01
3.347859547021368454e-01
3.344686031973901907e-01
3.346733190409719172e-01
3.347111553260636585e-01
3.343874319741944046e-01
3.342451056345828730e-01
3.345074912530863753e-01
3.346024179277429789e-01
3.350468830646167184e-01
3.344053652525750264e-01
3.344183069570575983e-01
3.344616357058790568e-01
3.347841004777131202e-01
3.347507048216368242e-01
3.342892479709058673e-01
3.342818590542311341e-01
3.353644250135924265e-01
3.342624951713401016e-01
3.342216122924857591e-01
3.347587824202888918e-01
3.345754842260997286e-01
3.344024539385739847e-01
3.346272069287314910e-01
3.342480997508373575e-01
3.346116274207901475e-01
3.344479120054663079e-01
3.348343082460234488e-01
3.341575076567823155e-01
3.344558678547955854e-01
3.343302417462662435e-01
3.347857579332506606e-01
