9.995586656362647204e-01
9.995586656362644984e-01
9.995586656362649425e-01
1.001680579315699759e+00
9.992540710631000467e-01
1.377644130091776109e+00
9.425472584113226970e-01
9.425472584113228081e-01
9.425472584113228081e-01
9.425472584113228081e-01
9.425472584113228081e-01
9.425472584113226970e-01
9.419454683696822928e-01
1.162752570933951679e+00
9.419454683696821817e-01
9.419454683696822928e-01
9.419454683696822928e-01
9.688903506068623495e-01
9.419454683696821817e-01
9.419454683696821817e-01
8.122606291544498536e-01
7.727061586780271663e-01
9.004053076282494406e-01
7.723862357141115798e-01
7.843283751943728177e-01
7.723862357141119128e-01
9.053797276164032848e-01
7.723862357141116908e-01
8.879368449589704060e-01
7.723862357141115798e-01
7.946068431301812618e-01
7.723862357141116908e-01
7.679885572132152394e-01
7.679885572132152394e-01
7.683787059782722917e-01
7.679885572132150173e-01
7.710139084543754517e-01
7.679885572132150173e-01
7.984659453517747307e-01
7.679885572132150173e-01
8.972091773457139263e-01
7.690971747469452779e-01
8.550928632074279445e-01
7.676733844766315817e-01
7.672010616727156229e-01
8.673645878538568388e-01
7.716514570455730304e-01
7.998346353001932751e-01
7.698382905579579383e-01
7.676769278878617930e-01
7.669603857565266969e-01
7.708785802605222504e-01
7.668770685973630430e-01
8.599897653831158895e-01
7.666341133954543974e-01
8.044160714815098423e-01
7.665325232899418140e-01
8.562045227135678394e-01
7.662130437248594328e-01
8.122860438993849685e-01
7.664470523646678135e-01
7.772297424318007630e-01
7.662290116493053471e-01
7.770784954385282495e-01
7.662130437248596548e-01
7.628967447715928607e-01
7.628967447715938599e-01
8.034368950576551427e-01
7.628967447715928607e-01
7.628198897560333203e-01
7.710625233766211784e-01
7.668643702463080469e-01
7.635437740967158105e-01
7.617700324696338177e-01
7.765935393069975934e-01
7.614088559322895744e-01
7.653522555621856682e-01
7.614546816683848141e-01
7.644585993210073482e-01
7.613795560709996080e-01
7.624238377096180796e-01
7.613632645201862115e-01
7.720915062673637808e-01
7.615559018808248926e-01
7.688093889088062349e-01
7.616207311632791077e-01
7.620226271160471798e-01
7.620790091936699984e-01
7.622790081002612794e-01
7.613632645201846572e-01
7.605746357034378624e-01
7.605746357034379734e-01
7.738377691088328403e-01
7.627738898819781399e-01
7.675559614474949388e-01
7.607595280025303275e-01
7.642151975548279186e-01
7.608905236413322504e-01
7.605428406120251505e-01
7.618296961087273056e-01
7.608964731752367872e-01
7.630059277568254084e-01
7.604369695565780241e-01
7.621515866100526670e-01
7.602831054648303555e-01
7.609583766206348132e-01
7.602323689677781271e-01
7.602429751161466909e-01
7.602394871441624513e-01
7.600873059074840787e-01
7.600678918536120099e-01
7.601135183627887315e-01
7.600743037132837721e-01
7.610234625707116285e-01
7.608128202609050206e-01
7.612794701245922946e-01
7.601734288206577483e-01
7.611962800087551662e-01
7.600678918536118989e-01
7.609814258723630598e-01
7.602743344161470018e-01
7.619035008525686381e-01
7.592571801251354335e-01
7.606700717206591467e-01
7.596460928165117421e-01
7.597943746313583491e-01
7.597842142167424706e-01
7.594407984737757689e-01
7.596741802724894521e-01
7.592304215215147645e-01
7.593720352678995367e-01
7.592253537605239133e-01
7.593078065676928112e-01
7.592189444147658950e-01
7.591654688233250292e-01
7.592403192315958504e-01
7.591663257135800036e-01
7.591589685276582955e-01
7.589579919293441002e-01
7.590960158955117887e-01
7.586578322827710608e-01
7.588210660065630719e-01
7.586718356868477064e-01
7.586727633747705202e-01
7.587239583871486781e-01
7.585413304035742987e-01
7.584364439847746109e-01
7.584161073900974603e-01
7.584448082051314932e-01
7.583748872399775909e-01
7.584071163268248927e-01
7.583785407497524167e-01
7.584909748421483355e-01
7.583710270604663295e-01
7.585438669692726732e-01
7.583877715613919213e-01
7.587048727338526755e-01
7.586453356323392683e-01
7.587766267932574138e-01
7.583500708767126897e-01
7.584451961772323836e-01
7.583202227186173205e-01
7.583684337936270614e-01
7.583184026950815504e-01
7.585642112371958623e-01
7.583288250183843893e-01
7.584082732819449335e-01
7.583272815229232799e-01
7.583745334269307303e-01
7.583233820505629330e-01
7.584611009384127911e-01
7.583353860900187149e-01
7.583218451698908735e-01
7.583819260616611047e-01
7.583171950251628157e-01
7.583326069375851963e-01
7.583060136585031419e-01
7.583605424932022832e-01
7.582879785006338969e-01
7.583306452351296079e-01
7.582793249803739810e-01
7.582805469438507195e-01
7.582806871632014056e-01
7.584326289717298053e-01
7.582680738410232379e-01
7.582968587454720355e-01
7.582823924331181242e-01
7.582747699936940311e-01
7.582871554127813551e-01
7.582727713618689913e-01
7.582743667971637569e-01
7.582705359204608975e-01
7.582625694513547288e-01
7.582650641939735481e-01
7.582771369753997792e-01
7.582596292916227165e-01
7.582581795832289417e-01
7.582606758593146701e-01
7.582760293789976291e-01
7.582621121612470594e-01
7.582815526641382142e-01
7.582601501275009204e-01
7.582575784724777668e-01
7.582543216758456106e-01
7.582754142501807459e-01
7.582533104887546616e-01
7.582966886358574188e-01
7.582457997782618975e-01
7.582683811548350805e-01
7.582446007547104516e-01
7.582480873775020447e-01
7.582485135327006187e-01
7.582489618322378888e-01
7.582446575995003268e-01
7.582535516192022707e-01
7.582465252478787221e-01
7.582465184877336117e-01
7.582452890604505225e-01
7.582452780885772237e-01
7.582433900495656465e-01
7.582425495531881499e-01
7.582508327696088068e-01
7.582415837024502059e-01
7.582280994257701856e-01
7.582217845459761074e-01
7.582209191168873819e-01
7.582224764125717886e-01
7.582233056286129536e-01
7.582210978895327358e-01
7.582160799514460203e-01
7.582140766207714488e-01
7.582245843755517356e-01
7.582138150602977245e-01
7.582108704876904248e-01
7.582105998707789896e-01
7.582136476067277142e-01
7.582155964707071316e-01
7.582139218318627583e-01
7.582108385451017396e-01
7.582096348951311571e-01
7.582139107770858866e-01
7.582274418441278252e-01
7.582073453677646846e-01
7.581974918292999632e-01
7.582086056468612112e-01
7.581948882715086047e-01
7.581924879339967394e-01
7.581909194582359124e-01
7.581858226368162201e-01
7.581813518545997832e-01
7.581731337332339171e-01
7.581739029125832419e-01
7.581729379584590811e-01
7.581659261656836790e-01
7.581599262583021970e-01
7.581585858857167182e-01
7.581594376431807225e-01
7.581523776964863570e-01
7.581527083529570055e-01
7.581461802144177087e-01
7.581426685160577161e-01
7.581418909775853310e-01
7.581304424932883146e-01
7.581284716348394292e-01
7.581230719479469249e-01
7.581130228494143974e-01
7.581159057959925285e-01
7.581133040716631077e-01
7.581071727092398849e-01
7.581165225112446171e-01
7.581088279410872488e-01
7.581097238854658249e-01
7.581046392979448045e-01
7.581079554858418668e-01
7.581098575124392003e-01
7.581073413660990301e-01
7.581065494249726866e-01
7.581059300672959855e-01
7.581060222716307084e-01
7.581049486096443912e-01
7.581043851231148434e-01
7.581020554061450589e-01
7.580967493227435128e-01
7.580912746059829121e-01
7.580925676744696418e-01
7.580943066882239734e-01
7.580901524484879861e-01
7.580909047238323373e-01
7.580748235740556451e-01
7.580788396320348177e-01
7.580734731814462446e-01
7.580650685409624501e-01
7.580600996535062919e-01
7.580606464461663307e-01
7.580516177026348501e-01
7.580503532630643582e-01
7.580505014641147898e-01
7.580494634188574832e-01
7.580488068783226563e-01
7.580472085436726903e-01
7.580479834541776762e-01
7.580653173240063936e-01
7.580439870647779355e-01
7.580510037515074684e-01
7.580409823228635435e-01
7.580363824277268625e-01
7.580337621144833671e-01
7.580368004366107026e-01
7.580361391557605133e-01
7.580358890424419016e-01
7.580342006722644577e-01
7.580354813466071429e-01
7.580338973313989204e-01
7.580411175071278818e-01
7.580340927596478373e-01
7.580360623003647991e-01
7.580318814618453027e-01
7.580453599125247521e-01
7.580309918035766925e-01
7.580296619428767979e-01
7.580273963574366558e-01
7.580265683748754757e-01
7.580253172215426494e-01
7.580254086045921103e-01
7.580243646436466420e-01
7.580256561018972050e-01
7.580217346279712887e-01
7.580219529087350860e-01
7.580243419682319850e-01
7.580173566754675463e-01
7.580175331790409698e-01
7.580208982468168433e-01
7.580086161864764138e-01
7.580066387105768300e-01
7.580063674900580084e-01
7.580045534555891473e-01
7.580070393867511802e-01
7.580049771457091357e-01
7.580045776200966534e-01
7.580040717672483774e-01
7.580114683614967985e-01
7.580029857898397117e-01
7.580012393680991556e-01
7.580007164620202742e-01
7.579951944000102859e-01
7.579964773349902041e-01
7.579930960586114264e-01
7.579943350076507880e-01
7.579894375250993965e-01
7.579892556215954702e-01
7.579852783606559896e-01
7.579832544885032330e-01
7.579820397991996472e-01
7.579849519824950477e-01
7.579767302804372164e-01
7.579705081223685470e-01
7.579700698640091661e-01
7.579692509974497172e-01
7.579689383797884039e-01
7.579697631283869308e-01
7.579674652789907263e-01
7.579672955287263258e-01
7.579658088183038878e-01
7.579660173493178998e-01
7.579634210723891208e-01
7.579632757502714480e-01
7.579635437481485605e-01
7.579641053971941655e-01
7.579635398690390824e-01
7.579637235509546489e-01
7.579617162963691035e-01
7.579645466296529577e-01
7.579574033527605170e-01
7.579521174605062805e-01
7.579483529420404375e-01
7.579455323709314296e-01
7.579423997609900931e-01
7.579435687325035698e-01
7.579435094588071742e-01
7.579432952048174021e-01
7.579425574508728003e-01
7.579424522350380888e-01
7.579418707241848407e-01
7.579396958640537418e-01
7.579401220035251185e-01
7.579415642313763746e-01
7.579417286056607805e-01
7.579441379049064453e-01
7.579379056708737128e-01
7.579350934625465053e-01
7.579351295479751505e-01
7.579313628633075339e-01
7.579278413486753019e-01
7.579286945503673767e-01
7.579258819552553428e-01
7.579320312492603406e-01
7.579273126276800943e-01
7.579248395944633288e-01
7.579258821655637801e-01
7.579220554011473210e-01
7.579217118608286841e-01
7.579171916143825349e-01
7.579165506218120685e-01
7.579164697926292771e-01
7.579150701469861140e-01
7.579148741623781271e-01
7.579144270271724881e-01
7.579142455729929173e-01
7.579148904642257767e-01
7.579141661540365060e-01
7.579148004558998730e-01
7.579161977391610794e-01
7.579082554881407807e-01
7.579115875861033302e-01
7.579100048097334730e-01
7.579018154461836243e-01
7.578997235087658879e-01
7.578997728852749916e-01
7.578982141878120027e-01
7.578980381660520571e-01
7.578974901833225308e-01
7.578961229325417159e-01
7.579005561505572919e-01
7.578963614537581606e-01
7.578913726704680220e-01
7.578933872078521539e-01
7.578907524702950260e-01
7.578919869822993149e-01
7.578909806027597229e-01
7.578865387365876227e-01
7.578863464497140878e-01
7.578853263790982231e-01
7.578866741964122022e-01
7.578822240181982695e-01
7.578816458463061290e-01
7.578807399972438130e-01
7.578841925687878067e-01
7.578805763719701494e-01
7.578740181012412203e-01
7.578750153323273731e-01
7.578739360314168394e-01
7.578707835453035724e-01
7.578710622282718301e-01
7.578707157049292542e-01
7.578691166343917152e-01
7.578699655360350285e-01
7.578692568460421164e-01
7.578687620448939510e-01
7.578691824563791313e-01
7.578704540487046781e-01
7.578686319636060986e-01
7.578706605444605060e-01
7.578682335677969784e-01
7.578735214110453589e-01
7.578663272169843257e-01
7.578586110877812976e-01
7.578575531394265985e-01
7.578575745312693401e-01
7.578561458133992179e-01
7.578543736061357228e-01
7.578548046368953628e-01
7.578545990176045466e-01
7.578565718830274633e-01
7.578537387583802465e-01
7.578514577930440810e-01
7.578517780341855747e-01
7.578557396581860894e-01
7.578500707251781821e-01
7.578433693445633113e-01
7.578433704722887798e-01
7.578424840194213363e-01
7.578440647339488301e-01
7.578423938795397774e-01
7.578419794728578074e-01
7.578415325604777042e-01
7.578376232354127051e-01
7.578343299419090240e-01
7.578283714527682680e-01
7.578277666233839138e-01
7.578277753579036879e-01
7.578345298020416898e-01
7.578289694443042235e-01
7.578258367667574102e-01
7.578265576827628580e-01
7.578227853353765031e-01
7.578232045186330534e-01
7.578208750585568865e-01
7.578207252911710601e-01
7.578162010433806550e-01
7.578162548575787527e-01
7.578149949413002240e-01
7.578099878770309106e-01
7.578094325924690233e-01
7.578093343419237682e-01
7.578084627608854262e-01
7.578085131621855597e-01
7.578087627213830890e-01
7.578108003875257959e-01
7.578016268804189659e-01
7.577961315483695559e-01
7.577916650202551896e-01
7.577886510560911670e-01
7.577879656906807426e-01
7.577880398828155117e-01
7.577855739744239205e-01
7.577836728199336402e-01
7.577835348238025626e-01
7.577825798631132592e-01
7.577824977052363131e-01
7.577834852081435368e-01
7.577817273721324520e-01
7.577795327299211570e-01
7.577687137512021387e-01
7.577616496998474949e-01
7.577585476417200150e-01
7.577578370547963793e-01
7.577578581020562032e-01
7.577572383143070800e-01
7.577586800096172137e-01
7.577558621402682437e-01
7.577559043449493270e-01
7.577569493945698342e-01
7.577565484248793837e-01
7.577534102330472088e-01
7.577537684884125824e-01
7.577576864143805713e-01
7.577534605632874065e-01
7.577627647327062066e-01
7.577519827157572774e-01
7.577519190754576917e-01
7.577545626410447932e-01
7.577492994793755265e-01
7.577502976094374620e-01
7.577410665762966957e-01
7.577432147547069619e-01
7.577402060631955871e-01
7.577369001572941132e-01
7.577311665416786024e-01
7.577278045789049843e-01
7.577259190926446397e-01
7.577260224216123552e-01
7.577268194330442075e-01
7.577271771129298061e-01
7.577254349434434655e-01
7.577254629805787456e-01
7.577239081687725530e-01
7.577236405104651462e-01
7.577229197380342951e-01
7.577232683768002630e-01
7.577193448413552801e-01
7.577177306481688301e-01
7.577189201579092037e-01
7.577150853853831247e-01
7.577167658100441017e-01
7.577081529911376956e-01
7.577042101320513590e-01
7.576990513956286533e-01
7.576983980216525083e-01
7.576974023523326274e-01
7.576920120977460593e-01
7.576839212752133346e-01
7.576813147981277252e-01
7.576797309321261498e-01
7.576797439974558568e-01
7.576785306668445408e-01
7.576785647036194948e-01
7.576776381649502623e-01
7.576771273198843470e-01
7.576756411459063534e-01
7.576751179425995630e-01
7.576727192216861084e-01
7.576717899576398407e-01
7.576711711062282806e-01
7.576697222301420620e-01
7.576670168378507597e-01
7.576625526670777155e-01
7.576551121413123147e-01
7.576528556250080593e-01
7.576514575519101014e-01
7.576510452514195748e-01
7.576509188990596666e-01
7.576453063205365046e-01
7.576395213837849862e-01
7.576320677538583848e-01
7.576260224811991462e-01
7.576215327491351292e-01
7.576198854429874174e-01
7.576199220391922617e-01
7.576182613696545998e-01
7.576182017089895249e-01
7.576168770828386467e-01
7.576171441278933827e-01
7.576162191656717892e-01
7.576164451858908855e-01
7.576155097911202452e-01
7.576155782414846218e-01
7.576173476778096383e-01
7.576157742101093939e-01
7.576106458473249594e-01
7.576069530770950244e-01
7.576074014688151115e-01
7.576045273738182262e-01
7.576055042443996523e-01
7.576025338237796225e-01
7.575963651875839977e-01
7.575946713994428094e-01
7.575944780550286639e-01
7.575945946417083077e-01
7.575949024594446080e-01
7.575954979146762858e-01
7.575948571404790277e-01
7.575950941000487715e-01
7.575949547930347361e-01
7.575945206664779219e-01
7.575929786338275740e-01
7.575925697216332466e-01
7.575940704358838929e-01
7.575931357922691678e-01
7.575979757268299641e-01
7.575950211317445948e-01
7.575863526809678561e-01
7.575810540543275184e-01
7.575774674950510601e-01
7.575766107242051239e-01
7.575744998407157871e-01
7.575772367383420969e-01
7.575744193189756226e-01
7.575680791869761066e-01
7.575666355975013699e-01
7.575671572632950435e-01
7.575655499910913804e-01
7.575651431892583831e-01
7.575650778329746649e-01
7.575654966431187853e-01
7.575648645617087951e-01
7.575658434401399965e-01
7.575668342669069633e-01
7.575654451860713845e-01
7.575621926211341117e-01
7.575635587879562260e-01
7.575613343857354742e-01
7.575593887467482190e-01
7.575639258954476318e-01
7.575561080383425017e-01
7.575481683555794765e-01
7.575444592886944051e-01
7.575435709858455713e-01
7.575435785023331148e-01
7.575430018780823227e-01
7.575421838313334266e-01
7.575412183799660193e-01
7.575410844220451523e-01
7.575437289493633930e-01
7.575407150919660770e-01
7.575404580279339051e-01
7.575404581999992670e-01
7.575422530101969532e-01
7.575396451295632883e-01
7.575412139978463522e-01
7.575396513580573421e-01
7.575350147431185732e-01
7.575320276030472755e-01
7.575378018763258003e-01
7.575253824815944004e-01
7.575194574825299121e-01
7.575215969531894356e-01
7.575177247414391912e-01
7.575164421643145740e-01
7.575163926135831671e-01
7.575208224798634093e-01
7.575152642622955401e-01
7.575128452703528970e-01
7.575127463153897844e-01
7.575101505262132884e-01
7.575098761770645561e-01
7.575098986333033135e-01
7.575099309579391704e-01
7.575078203263005960e-01
7.575081868836269772e-01
7.575079559340354152e-01
7.575089950545453865e-01
7.575015244207584653e-01
7.574949501915001493e-01
7.574914605305591575e-01
7.574850077128445491e-01
7.574791300520442583e-01
7.574711525267121548e-01
7.574649900826031512e-01
7.574623650872764902e-01
7.574607183328243565e-01
7.574612564951374027e-01
7.574595293309492883e-01
7.574596363477709149e-01
7.574566448512305428e-01
7.574554827464455853e-01
7.574554149926863156e-01
7.574542113461286696e-01
7.574539356685958680e-01
7.574527816116963796e-01
7.574527834538580251e-01
7.574520589751286836e-01
7.574550349023765339e-01
7.574441120858500520e-01
7.574414143332499627e-01
7.574394721249188001e-01
7.574393015974969501e-01
7.574392441951041111e-01
7.574288412316513286e-01
7.574233377616013119e-01
7.574233465901295537e-01
7.574215007761793128e-01
7.574215398657492271e-01
7.574214645054475614e-01
7.574216835005249671e-01
7.574204457849449401e-01
7.574231400920281576e-01
7.574205561461662128e-01
7.574213887334251272e-01
7.574209792268539188e-01
7.574222082740781348e-01
7.574207838032881446e-01
7.574212875186993044e-01
7.574206383407803278e-01
7.574208499253496374e-01
7.574191662909607325e-01
7.574184277248702246e-01
7.574170771863899532e-01
7.574105952102144768e-01
7.574083142390686252e-01
7.574052426106703262e-01
7.573973016724944163e-01
7.573929903775370454e-01
7.573913448330720222e-01
7.573911877567121032e-01
7.573906623052896192e-01
7.573905941698121369e-01
7.573910111702387704e-01
7.573909258896376340e-01
7.573912842623361508e-01
7.573910167490526257e-01
7.573893321773724763e-01
7.573897291469986470e-01
7.573889985409008041e-01
7.573885947598746338e-01
7.573899198988909287e-01
7.573887899967198800e-01
7.573883494132959138e-01
7.573826944834779473e-01
7.573751622419498952e-01
7.573712706856655652e-01
7.573673520057042641e-01
7.573706125000571054e-01
7.573682938366905759e-01
7.573694238572937776e-01
7.573694477164008010e-01
7.573662393063262943e-01
7.573652619033517386e-01
7.573636794490509194e-01
7.573639892496426551e-01
7.573625106150005948e-01
7.573633414918621298e-01
7.573642939652353023e-01
7.573617264020167106e-01
7.573581059222943557e-01
7.573586339291527025e-01
7.573575133875345422e-01
7.573585466101978581e-01
7.573529830352194736e-01
7.573513744991980934e-01
7.573539126293052925e-01
7.573574631883221997e-01
7.573445645579047758e-01
7.573399401732826552e-01
7.573356944631980392e-01
7.573344305724619696e-01
7.573345624555494204e-01
7.573340164855075773e-01
7.573340285165913732e-01
7.573344177400670452e-01
7.573342272802003894e-01
7.573337574211638223e-01
7.573335030062289253e-01
7.573344136648885172e-01
7.573341453147067748e-01
7.573353320056673832e-01
7.573335626142932986e-01
7.573341009470815344e-01
7.573380124138415770e-01
7.573266508587939150e-01
7.573235728853114912e-01
7.573169618143748005e-01
7.573201283000638995e-01
7.573174046648778468e-01
7.573116919411317927e-01
7.573137001988178296e-01
7.573120975873096627e-01
7.573132712492057772e-01
7.573131458692690110e-01
7.573115203921114702e-01
7.573120871250680342e-01
7.573048852869315173e-01
7.573015439466505017e-01
7.572989002450314366e-01
7.572960138474579272e-01
7.572927793160276755e-01
7.572903182568866409e-01
7.572901069471253965e-01
7.572881060309134549e-01
7.572893628122052689e-01
7.572880940477429990e-01
7.572882772781025507e-01
7.572890233450456643e-01
7.572879290838474553e-01
7.572835027292080801e-01
7.572821242492618898e-01
7.572734145994688415e-01
7.572691985385925362e-01
7.572655629948004119e-01
7.572647994037549068e-01
7.572648890324925608e-01
7.572641589122908190e-01
7.572631524986170870e-01
7.572595639709611692e-01
7.572548001187600075e-01
7.572468971720892617e-01
7.572471588051996605e-01
7.572478233063817399e-01
7.572425469344420401e-01
7.572408152934499981e-01
7.572403599019424947e-01
7.572367639443718934e-01
7.572361041677310167e-01
7.572346697468473886e-01
7.572346340630483619e-01
7.572302350876364274e-01
7.572247965952618731e-01
7.572202151434207495e-01
7.572133950313628681e-01
7.572120078239144014e-01
7.572109113764229349e-01
7.572117668566953341e-01
7.572103182258549392e-01
7.572049834116414413e-01
7.572022273627851963e-01
7.571964163678396309e-01
7.571922028538543570e-01
7.571921265335345153e-01
7.571936501492985139e-01
7.571906607165929115e-01
7.571907620941681349e-01
7.571884401742005055e-01
7.571859646987787462e-01
7.571864294266237305e-01
7.571842923906257905e-01
7.571843828208916216e-01
7.571842483731383577e-01
7.571877059007666722e-01
7.571768658291121445e-01
7.571718778477829481e-01
7.571703948344741253e-01
7.571738349174141902e-01
7.571661573483571273e-01
7.571638776369493673e-01
7.571639353455135169e-01
7.571618964702081511e-01
7.571625441498791576e-01
7.571592582839139496e-01
7.571566205944655348e-01
7.571567691079518214e-01
7.571588585772595081e-01
7.571571341446085013e-01
7.571570301143263348e-01
7.571568250148147383e-01
7.571511199468518027e-01
7.571469953988961832e-01
7.571429760676398057e-01
7.571422375355096879e-01
7.571422268760366059e-01
7.571414598107356619e-01
7.571418324629479724e-01
7.571387942046604591e-01
7.571405310043516357e-01
7.571389460988309228e-01
7.571392557998765094e-01
7.571434015226350400e-01
7.571387498762048862e-01
7.571380333287357489e-01
7.571296198866276361e-01
7.571264927351697427e-01
7.571249534780599699e-01
7.571247463873800321e-01
7.571244767140312693e-01
7.571245781351177984e-01
7.571244010526712032e-01
7.571232633892643893e-01
7.571268368357098044e-01
7.571227510223020873e-01
7.571210299387042264e-01
7.571213051362295499e-01
7.571210623211744872e-01
7.571192436023582717e-01
7.571110832583478611e-01
7.571095624769506038e-01
7.571105803908230181e-01
7.571116715654537810e-01
7.571098936418119152e-01
7.571047237898055338e-01
7.571030156734996908e-01
7.571067866881197039e-01
7.571029215545737046e-01
7.571048321223869948e-01
7.571018584017186193e-01
7.570954017589208718e-01
7.570922080835276180e-01
7.570923085253455920e-01
7.570917754688585299e-01
7.570929731641010685e-01
7.570948546380930066e-01
7.570916100782674185e-01
7.570923002125405921e-01
7.570909829921129708e-01
7.570856395472270739e-01
7.570789777304260948e-01
7.570754050488038844e-01
7.570740419284157641e-01
7.570746016857727856e-01
7.570717476378652222e-01
7.570702882265900602e-01
7.570775056515648416e-01
7.570705298990569876e-01
7.570641401319596620e-01
7.570587012905691804e-01
7.570520825000548459e-01
7.570513051838053675e-01
7.570514161181780555e-01
7.570496938200724779e-01
7.570499604886378187e-01
7.570511098829202368e-01
7.570493122188024504e-01
7.570487618281025455e-01
7.570483337129242374e-01
7.570507859556520058e-01
7.570473165047231223e-01
7.570439173341103611e-01
7.570395125318324370e-01
7.570362305607791775e-01
7.570369374501100257e-01
7.570354643245280624e-01
7.570344638644416202e-01
7.570394075481913232e-01
7.570346399849368080e-01
7.570291920213128023e-01
7.570266323672883990e-01
7.570201264282220288e-01
7.570245086828462089e-01
7.570198270936900897e-01
7.570211551027166141e-01
7.570195875902389071e-01
7.570148581977881319e-01
7.570147046749542419e-01
7.570135427183417587e-01
7.570138565197150893e-01
7.570104943542582676e-01
7.570106809437526785e-01
7.570064824464151076e-01
7.570044867980803005e-01
7.570046497008264819e-01
7.570040563682507440e-01
7.570041946645224007e-01
7.569994008500395832e-01
7.569991545767363883e-01
7.569990257667610356e-01
7.570102120699474524e-01
7.570012852430938466e-01
7.569892426818531916e-01
7.569824070039632424e-01
7.569804246370732681e-01
7.569796636916783505e-01
7.569796846157631487e-01
7.569801985637120145e-01
7.569797315605002463e-01
7.569805858123633824e-01
7.569796798041894537e-01
7.569793556819880420e-01
7.569798203931962233e-01
7.569816319817413985e-01
7.569800964190308568e-01
7.569832896456114568e-01
7.569795578770615041e-01
7.569771435933504433e-01
7.569802436423087588e-01
7.569766368567214521e-01
7.569761377477662867e-01
7.569726442728628157e-01
7.569669597166883701e-01
7.569683817987593599e-01
7.569698576399186418e-01
7.569676528289376316e-01
7.569695434652425892e-01
7.569642135226682944e-01
7.569649935207363178e-01
7.569575694698674750e-01
7.569564213700585853e-01
7.569565720025487332e-01
7.569562562594052135e-01
7.569566147876692908e-01
7.569563841537076954e-01
7.569563314447621538e-01
7.569550838769069090e-01
7.569551384681494355e-01
7.569518240198042092e-01
7.569522320010368954e-01
7.569515865821641043e-01
7.569526004838283972e-01
7.569570003928320912e-01
7.569448292049000271e-01
7.569391187138132526e-01
7.569353414151031023e-01
7.569348413513510287e-01
7.569337061519120224e-01
7.569313633913343775e-01
7.569309177331489114e-01
7.569318498764605607e-01
7.569309474219034772e-01
7.569242257585452327e-01
7.569215379948025513e-01
7.569195260833067040e-01
7.569192122512731213e-01
7.569207240424290495e-01
7.569194901873609327e-01
7.569187178909636549e-01
7.569188308771184204e-01
7.569179559442259508e-01
7.569196079188534876e-01
7.569159577903467051e-01
7.569142719406217745e-01
7.569102810395228476e-01
7.569057112891638406e-01
7.569075968971599178e-01
7.569063428045245123e-01
7.569047527124361796e-01
7.569018779919058915e-01
7.568956577705184818e-01
7.568913296253829692e-01
7.568861592433918650e-01
7.568852439991486936e-01
7.568848909721054286e-01
7.568834312463601499e-01
7.568835179496571364e-01
7.568829974333980415e-01
7.568829563236230129e-01
7.568807692385288721e-01
7.568807154604803022e-01
7.568798063368000761e-01
7.568800317514030596e-01
7.568780122430831536e-01
7.568770264869751907e-01
7.568785283492542870e-01
7.568802085369339405e-01
7.568703645088787901e-01
7.568689547192404277e-01
7.568686585623066732e-01
7.568668374795526343e-01
7.568694254700790713e-01
7.568660660072769053e-01
7.568686969538406251e-01
7.568664535673951255e-01
7.568579936549569842e-01
7.568596991474803026e-01
7.568583789916505378e-01
7.568574304295565547e-01
7.568597484271689657e-01
7.568568104898051319e-01
7.568570978367734625e-01
7.568517767144447017e-01
7.568516521444577094e-01
7.568514356144496746e-01
7.568502611819306614e-01
7.568497688052603367e-01
7.568461248446305412e-01
7.568418905800373686e-01
7.568462997971918682e-01
7.568411375479507930e-01
7.568464178924979580e-01
7.568397060432002776e-01
7.568340531026643836e-01
7.568308166392468950e-01
7.568263099148901940e-01
7.568245437261726938e-01
7.568244385976798938e-01
7.568241657485282881e-01
7.568242598094341300e-01
7.568247604489820590e-01
7.568243631302410401e-01
7.568240851969482152e-01
7.568233982771817026e-01
7.568179409475950248e-01
7.568106975043668028e-01
7.568046625210461675e-01
7.568002382134938477e-01
7.568037522466429801e-01
7.568003649193317806e-01
7.567969841728067193e-01
7.567957906824288594e-01
7.567963915078586012e-01
7.567868723752841920e-01
7.567828377319744115e-01
7.567803737692415655e-01
7.567798861195320637e-01
7.567788585047170447e-01
7.567815138059864610e-01
7.567782443207290433e-01
7.567721371372149175e-01
7.567703805956951246e-01
7.567702780467430168e-01
7.567693754383895133e-01
7.567702782700304054e-01
7.567688488407016134e-01
7.567677303231248320e-01
7.567654945490892571e-01
7.567620644754681214e-01
7.567563916418270642e-01
7.567562057756220817e-01
7.567551717595313310e-01
7.567548914336966748e-01
7.567542077955151658e-01
7.567471760899205924e-01
7.567415679004615425e-01
7.567435900543550975e-01
7.567403008577563428e-01
7.567379526726915051e-01
7.567371348800456810e-01
7.567324151152438061e-01
7.567316416613246721e-01
7.567318231753183966e-01
7.567312985870687791e-01
7.567309590386347429e-01
7.567313028636667438e-01
7.567313486995420613e-01
7.567312372890147021e-01
7.567305127528477504e-01
7.567295777565599124e-01
7.567292782895341796e-01
7.567282985852650246e-01
7.567287392833608184e-01
7.567311236206275549e-01
7.567286626706356545e-01
7.567270268286726553e-01
7.567305282460007332e-01
7.567232217689355833e-01
7.567146932829589279e-01
7.567135770127272343e-01
7.567123385418161874e-01
7.567132709578865413e-01
7.567119934695480943e-01
7.567058592391624483e-01
7.567042323705497342e-01
7.567038150571592237e-01
7.566993893623122913e-01
7.566967810770107716e-01
7.566971446750285768e-01
7.566974092309119992e-01
7.566953637032510782e-01
7.566957084815408852e-01
7.566954404201893247e-01
7.566954793031412940e-01
7.566948560748977259e-01
7.566949509387448369e-01
7.566942229736968173e-01
7.566943206318623716e-01
7.566910069322247967e-01
7.566911640353917168e-01
7.566979193251129887e-01
7.566830634601796612e-01
7.566768253138659306e-01
7.566730551792758552e-01
7.566685581624428281e-01
7.566631070045529706e-01
7.566615284134046160e-01
7.566613681766805044e-01
7.566594935533563770e-01
7.566651222297839929e-01
7.566598870912715213e-01
7.566592689127453752e-01
7.566589667733613078e-01
7.566593637934063699e-01
7.566597057344363053e-01
7.566605336181007058e-01
7.566605260493363128e-01
7.566588887612728520e-01
7.566583507847963741e-01
7.566595285406391147e-01
7.566608811942364676e-01
7.566508264468591038e-01
7.566446794735220971e-01
7.566476023857641175e-01
7.566462484669125299e-01
7.566405363041149856e-01
7.566340788423557839e-01
7.566319356493393933e-01
7.566325459526834774e-01
7.566311681035834402e-01
7.566316673248699720e-01
7.566315269530440313e-01
7.566309064230795078e-01
7.566296716429466995e-01
7.566298937797475421e-01
7.566285010675057876e-01
7.566285808544080949e-01
7.566254946912479573e-01
7.566240232350827100e-01
7.566239515550727823e-01
7.566222445620494064e-01
7.566213436579283247e-01
7.566182852865710462e-01
7.566149638122633414e-01
7.566070729486689128e-01
7.566030341534941694e-01
7.565999263303545552e-01
7.565987150700779207e-01
7.565973329581245910e-01
7.565888127005871988e-01
7.565856403796639151e-01
7.565864778432852544e-01
7.565859392461541377e-01
7.565851568479382561e-01
7.565852847815796034e-01
7.565849655186409617e-01
7.565854253837622778e-01
7.565846534670703782e-01
7.565850265412790154e-01
7.565845744005949003e-01
7.565846024820372939e-01
7.565835398595126549e-01
7.565835260297888443e-01
7.565755893358629969e-01
7.565690465635109829e-01
7.565669372399442816e-01
7.565675801420024271e-01
7.565680592025134654e-01
7.565733155078089300e-01
7.565659003351921097e-01
7.565600114279119603e-01
7.565575246984000968e-01
7.565553221132521600e-01
7.565541808316461614e-01
7.565537998300740918e-01
7.565522153744436151e-01
7.565526941817839468e-01
7.565517126415637339e-01
7.565516790830441041e-01
7.565510037534028953e-01
7.565513137391481902e-01
7.565501472115003789e-01
7.565502771648126012e-01
7.565476567318671908e-01
7.565502086353885769e-01
7.565459031168811910e-01
7.565403209089476277e-01
7.565384037486204694e-01
7.565375077339909771e-01
7.565363833110867464e-01
7.565359556951121167e-01
7.565374452275773764e-01
7.565365478934422683e-01
7.565385559110359148e-01
7.565355257146587631e-01
7.565373090750550089e-01
7.565364241632365205e-01
7.565338685827615040e-01
7.565347994669310294e-01
7.565333132333789123e-01
7.565334147534426013e-01
7.565326915656640505e-01
7.565323999945122724e-01
7.565254295130350304e-01
7.565251060278460615e-01
7.565242620689250908e-01
7.565210185411153088e-01
7.565212246636109361e-01
7.565237100489136113e-01
7.565191473946989431e-01
7.565219952415709326e-01
7.565163014446005807e-01
7.565086191952129502e-01
7.565065821487921838e-01
7.565067074021141202e-01
7.565039040175168816e-01
7.565028113361791373e-01
7.565026976750987009e-01
7.565003764810258602e-01
7.564991004791028484e-01
7.564993595089658518e-01
7.564984675353315646e-01
7.564985678248098422e-01
7.564996245156390131e-01
7.564987943910466139e-01
7.564924860644972604e-01
7.564888223777221921e-01
7.564875030154633029e-01
7.564900158988896450e-01
7.564931285594821420e-01
7.564895442067871567e-01
7.564807433982717599e-01
7.564762780078333471e-01
7.564728454744359398e-01
7.564725613980439745e-01
7.564715836456200604e-01
7.564713580465187714e-01
7.564715726001960405e-01
7.564733552579829823e-01
7.564717536095063588e-01
7.564720015221644278e-01
7.564703247285101684e-01
7.564783171387146066e-01
7.564698587347828962e-01
7.564637903874740221e-01
7.564663970945022520e-01
7.564663462078284883e-01
7.564639089995038868e-01
7.564583765405186178e-01
7.564545228003506372e-01
7.564552022508541640e-01
7.564547108299319866e-01
7.564508367244583420e-01
7.564556890112289489e-01
7.564487797418719683e-01
7.564428443224157084e-01
7.564403749562287338e-01
7.564401386328702959e-01
7.564354976595654145e-01
7.564345645625507597e-01
7.564340422162642019e-01
7.564333478042557513e-01
7.564331857084884980e-01
7.564315411615966100e-01
7.564317319502905645e-01
7.564268318844249439e-01
7.564222762629454477e-01
7.564197698288628313e-01
7.564150123803285997e-01
7.564115691869125468e-01
7.564043893427372378e-01
7.563980029437338271e-01
7.563915867895063538e-01
7.563842541431429201e-01
7.563801559866111246e-01
7.563757097912287009e-01
7.563673187217770932e-01
7.563612634730556561e-01
7.563552108810129848e-01
7.563491647168651966e-01
7.563451613023850495e-01
7.563414683645910408e-01
7.563404632001980987e-01
7.563412345160177574e-01
7.563394676610045719e-01
7.563415493085674512e-01
7.563393731305966261e-01
7.563408482219327045e-01
7.563385025877081835e-01
7.563385929723408507e-01
7.563385571079832559e-01
7.563384557002708064e-01
7.563377310990080371e-01
7.563354067326839569e-01
7.563309044090652522e-01
7.563296963241435966e-01
7.563264467524393186e-01
7.563193726035003506e-01
7.563172006962075589e-01
7.563157758171004108e-01
7.563185881524837617e-01
7.563147625946859964e-01
7.563207017681639055e-01
7.563145972621285740e-01
7.563089230720334566e-01
7.563052463920471036e-01
7.563047527928177249e-01
7.563060595620255677e-01
7.563047789438277491e-01
7.563050087743570238e-01
7.563047109366332066e-01
7.563043722171667316e-01
7.563044789832414905e-01
7.563009837504397481e-01
7.562988050441452614e-01
7.562987860082392988e-01
7.562974323740495608e-01
7.562975373138921542e-01
7.562994589224150133e-01
7.562985762826744951e-01
7.562900302692584509e-01
7.562867696656416783e-01
7.562908496923969048e-01
7.562867071475840586e-01
7.562817063259886785e-01
7.562807158746062131e-01
7.562812111775246704e-01
7.562814087879372593e-01
7.562805276460837778e-01
7.562812891716313990e-01
7.562807459894066442e-01
7.562815958875982458e-01
7.562806709785235837e-01
7.562813474691854054e-01
7.562831441935502497e-01
7.562762944358790707e-01
7.562759197875910111e-01
7.562750608142400077e-01
7.562715933134185331e-01
7.562769113637254348e-01
7.562724062850815221e-01
7.562644056505165580e-01
7.562626829568570574e-01
7.562607453536092095e-01
7.562610522853056017e-01
7.562688672595849759e-01
7.562623113773072614e-01
7.562547838528946853e-01
7.562533665706523411e-01
7.562540300181133102e-01
7.562500047859334051e-01
7.562496984973152703e-01
7.562491147160255167e-01
7.562491895365555106e-01
7.562494168977232922e-01
7.562486688616845143e-01
7.562498874849369335e-01
7.562488342836077848e-01
7.562460205970101823e-01
7.562463205916665210e-01
7.562463757171433709e-01
7.562512436572147445e-01
7.562428771922904414e-01
7.562361776847341677e-01
7.562345697701501335e-01
7.562347007381068353e-01
7.562353505381170793e-01
7.562345388191323847e-01
7.562329371068583495e-01
7.562271177008079714e-01
7.562231861249026910e-01
7.562226833772051071e-01
7.562225464343335091e-01
7.562231137937071024e-01
7.562210358120821097e-01
7.562185234437399650e-01
7.562188212700742262e-01
7.562175159417564574e-01
7.562174914421601057e-01
7.562166531734059172e-01
7.562184257080738492e-01
7.562155815001896375e-01
7.562142369464293079e-01
7.562066260967845732e-01
7.562018174294317108e-01
7.562035010088417053e-01
7.562027095725747383e-01
7.562014289280838408e-01
7.562010465810088400e-01
7.562030122424753253e-01
7.562000645034306912e-01
7.561963496043558886e-01
7.561957647516318604e-01
7.561939588554382752e-01
7.561902277196929090e-01
7.561902560514864868e-01
7.561899814633034067e-01
7.561901020726684575e-01
7.561901330443175917e-01
7.561903176805151450e-01
7.561876764934849504e-01
7.561882697744852777e-01
7.561881014606542939e-01
7.561865450315947701e-01
7.561873619953513037e-01
7.561871415825690557e-01
7.561804749979907925e-01
7.561783357811930895e-01
7.561782458054088218e-01
7.561778474011351392e-01
7.561777184818777586e-01
7.561763272500978683e-01
7.561762549729289518e-01
7.561754680157116715e-01
7.561752603361716618e-01
7.561752262599783503e-01
7.561770999983551400e-01
7.561747016689767120e-01
7.561762609866663487e-01
7.561750321045818124e-01
7.561751654091202202e-01
7.561752350455885896e-01
7.561757908162027864e-01
7.561688439317574284e-01
7.561618621885617397e-01
7.561599272153669560e-01
7.561596272188758627e-01
7.561555122396215189e-01
7.561565815630133525e-01
7.561547431974856570e-01
7.561536453010133663e-01
7.561532442691787370e-01
7.561528807223893978e-01
7.561549684393821247e-01
7.561536218886834027e-01
7.561507049289248883e-01
7.561482907416547938e-01
7.561486426841723674e-01
7.561446104310780569e-01
7.561437068371497094e-01
7.561437884202727444e-01
7.561414372054932054e-01
7.561413972143620210e-01
7.561351659011819049e-01
7.561291512773623547e-01
7.561223534743091168e-01
7.561157514880808561e-01
7.561095694506053677e-01
7.561027633413202054e-01
7.560959514615396282e-01
7.560894052376407881e-01
7.560841779934424078e-01
7.560776175045619274e-01
7.560740876579062908e-01
7.560722486256152841e-01
7.560687200597580038e-01
7.560626572067385975e-01
7.560595267798009278e-01
7.560593882133592736e-01
7.560581285215275393e-01
7.560575514911359596e-01
7.560565920129376227e-01
7.560561455776386719e-01
7.560567493781223947e-01
7.560557101915958977e-01
7.560557200430961799e-01
7.560568306897084145e-01
7.560511394094727722e-01
7.560483146370474694e-01
7.560451503234045800e-01
7.560437071296509659e-01
7.560421343583517695e-01
7.560404345086952915e-01
7.560368797206878932e-01
7.560312345021300562e-01
7.560322465581237328e-01
7.560314276446005177e-01
7.560257210522284277e-01
7.560246599795029665e-01
7.560205610435796197e-01
7.560174854343676420e-01
7.560168768032864417e-01
7.560163860377135947e-01
7.560191540686514999e-01
7.560158448461011815e-01
7.560170215431176732e-01
7.560143338242824029e-01
7.560137576940881843e-01
7.560102540815895056e-01
7.560082326978678768e-01
7.560076042595822443e-01
7.560045352943862706e-01
7.560010457912001991e-01
7.559979017524159906e-01
7.559956071163649316e-01
7.559935656967528006e-01
7.559921672434640749e-01
7.559892214105411457e-01
7.559878681267222511e-01
7.559832697501956966e-01
7.559796759960984991e-01
7.559740174419161685e-01
7.559713525400267864e-01
7.559706575077839164e-01
7.559705326995691532e-01
7.559713349007347594e-01
7.559709976181240298e-01
7.559709177371344291e-01
7.559705029189491832e-01
7.559715688778327891e-01
7.559694322282228818e-01
7.559657558142480749e-01
7.559631122170605844e-01
7.559619139627427042e-01
7.559638345249559688e-01
7.559612250588720883e-01
7.559622743998627437e-01
7.559555101646824316e-01
7.559507292360985176e-01
7.559500268599110839e-01
7.559504701655310743e-01
7.559473378747659789e-01
7.559475765369791933e-01
7.559463775697359278e-01
7.559479144511781490e-01
7.559470267502756968e-01
7.559396835125264946e-01
7.559387947194160517e-01
7.559389877603094332e-01
7.559384222632006267e-01
7.559378921506789695e-01
7.559346237477714281e-01
7.559327192233529225e-01
7.559338124245696955e-01
7.559288680050920695e-01
7.559268531994334239e-01
7.559276325650514661e-01
7.559227306644573652e-01
7.559196577313953558e-01
7.559168903918186411e-01
7.559178230602766613e-01
7.559153111753932341e-01
7.559208599193314448e-01
7.559167416265323292e-01
7.559110361734047157e-01
7.559088052819683545e-01
7.559084895580973074e-01
7.559039235375032417e-01
7.558977534319475389e-01
7.558922077614096402e-01
7.558893938010752267e-01
7.558899189965960774e-01
7.558894203830507363e-01
7.558885375274325691e-01
7.558888093799136509e-01
7.558842845420541412e-01
7.558797116008499906e-01
7.558772488712884874e-01
7.558761990009587040e-01
7.558756644709326844e-01
7.558736475692390266e-01
7.558707223653847729e-01
7.558680901947761877e-01
7.558676325863157297e-01
7.558608102606989565e-01
7.558591723774346072e-01
7.558586871200189128e-01
7.558588836171538095e-01
7.558589898957633890e-01
7.558535531497151405e-01
7.558510924977598355e-01
7.558527994305010989e-01
7.558526266852488851e-01
7.558508350972352741e-01
7.558510101060395003e-01
7.558504323982284667e-01
7.558501910197287232e-01
7.558469486015216843e-01
7.558463951147824655e-01
7.558471745834831612e-01
7.558454886394252448e-01
7.558459973618605332e-01
7.558429214003311580e-01
7.558402654122414743e-01
7.558373564856060156e-01
7.558369089795536899e-01
7.558429666711299344e-01
7.558329963709546906e-01
7.558303358231833746e-01
7.558294295963650100e-01
7.558236869494621146e-01
7.558203091993993539e-01
7.558182211887273239e-01
7.558182399283560615e-01
7.558181309272710147e-01
7.558172313442982349e-01
7.558172757858885316e-01
7.558169154595127948e-01
7.558168309074880797e-01
7.558151889113160493e-01
7.558143534784372841e-01
7.558130607704081072e-01
7.558119575406245794e-01
7.558121114821283459e-01
7.558104768044816568e-01
7.558105331165545504e-01
7.558131285672059496e-01
7.558119280663391226e-01
7.558105697696883007e-01
7.558064723767740078e-01
7.558000528881801960e-01
7.557998425538263731e-01
7.558027327498657577e-01
7.557993329935881466e-01
7.557992397455572942e-01
7.557997745989024629e-01
7.557992975051391893e-01
7.558026551788636915e-01
7.557994325903567567e-01
7.557978911918299403e-01
7.557973463109335377e-01
7.557958617545337265e-01
7.557956672746646287e-01
7.557929724661044402e-01
7.557944689657296600e-01
7.557857980147693056e-01
7.557826403726399800e-01
7.557829298498768278e-01
7.557810879683383165e-01
7.557785281532631849e-01
7.557763172022197162e-01
7.557706022910682941e-01
7.557668616873760570e-01
7.557694363280319516e-01
7.557659924104763727e-01
7.557649897071465617e-01
7.557654181815987027e-01
7.557659446925568680e-01
7.557649033341725664e-01
7.557649047713052015e-01
7.557652617805930007e-01
7.557633261794146629e-01
7.557638245638601537e-01
7.557624340873223545e-01
7.557621632504026854e-01
7.557568058639935193e-01
7.557504292116911104e-01
7.557452852412025468e-01
7.557405291409262649e-01
7.557367912077184169e-01
7.557328727426878556e-01
7.557274256168133864e-01
7.557242277960717347e-01
7.557191326950368770e-01
7.557134246305934333e-01
7.557133358172792859e-01
7.557127760655306670e-01
7.557105987762405830e-01
7.557108846105222710e-01
7.557102473882321148e-01
7.557104058065916563e-01
7.557097947285922324e-01
7.557098261845984766e-01
7.557085394336036099e-01
7.557085108055672240e-01
7.557087377723271659e-01
7.557116441276081620e-01
7.557012206527419229e-01
7.556965624523152014e-01
7.556931148551373489e-01
7.556914232614446725e-01
7.556912622236899857e-01
7.556910101348797149e-01
7.556908073500415712e-01
7.556897247201038725e-01
7.556937348811769706e-01
7.556888441614425522e-01
7.556869829926481374e-01
7.556870659588059702e-01
7.556814249223998692e-01
7.556791742987106764e-01
7.556773957754138182e-01
7.556773560622063179e-01
7.556760289614150583e-01
7.556762715369265138e-01
7.556757127389710504e-01
7.556756797551007487e-01
7.556742153856177424e-01
7.556748664051474718e-01
7.556760083055926724e-01
7.556802288502424414e-01
7.556742717221233141e-01
7.556657299236440029e-01
7.556648383858008966e-01
7.556642647514661970e-01
7.556635731778277298e-01
7.556635422264477153e-01
7.556641275690407777e-01
7.556631032670055870e-01
7.556649205723074969e-01
7.556635250448143770e-01
7.556643304194137212e-01
7.556626121167744348e-01
7.556638810292776176e-01
7.556628700464850246e-01
7.556665701393103785e-01
7.556624469680753853e-01
7.556571145959883884e-01
7.556554906750323486e-01
7.556568737415420012e-01
7.556553067071064556e-01
7.556558115987881408e-01
7.556529247885006573e-01
7.556512875247006766e-01
7.556550225924192343e-01
7.556495834223300179e-01
7.556497195906579645e-01
7.556487177187857229e-01
7.556430790367072436e-01
7.556426102518478682e-01
7.556426847466289898e-01
7.556419186748116745e-01
7.556417540558379997e-01
7.556409981651980301e-01
7.556410110749089970e-01
7.556420005729241884e-01
7.556408384184972737e-01
7.556412773165102070e-01
7.556408170960214887e-01
7.556416696791337095e-01
7.556411676894390084e-01
7.556405107937327337e-01
7.556460753542137976e-01
7.556345281333374242e-01
7.556335324853730162e-01
7.556345292394363033e-01
7.556289118931085458e-01
7.556277119694758682e-01
7.556270363578680982e-01
7.556270116642941348e-01
7.556275816785645860e-01
7.556227103831693048e-01
7.556218043388803762e-01
7.556208804746956664e-01
7.556212528262801209e-01
7.556232728558364142e-01
7.556192218295647578e-01
7.556167946188527829e-01
7.556184073262052214e-01
7.556106878858633857e-01
7.556095766726724783e-01
7.556096393522115928e-01
7.556096078984330111e-01
7.556098200696031997e-01
7.556045962371409352e-01
7.556032166603660061e-01
7.556023632897872488e-01
7.556003758342831889e-01
7.555977436381895451e-01
7.555947454713011213e-01
7.555958987157357365e-01
7.555938613319223007e-01
7.555901535468796393e-01
7.555874760440917104e-01
7.555867599151152580e-01
7.555867661365857080e-01
7.555851909878763539e-01
7.555852655036271459e-01
7.555845818266095915e-01
7.555842293845540514e-01
7.555842332484069557e-01
7.555845307289101864e-01
7.555860471630841957e-01
7.555839342850405593e-01
7.555866468619737431e-01
7.555859630030954399e-01
7.555836125688853988e-01
7.555872968193886319e-01
7.555841461199783726e-01
7.555830303314347018e-01
7.555758777017530514e-01
7.555738944870812324e-01
7.555739409212623992e-01
7.555736932452756793e-01
7.555750851370183208e-01
7.555733475840714641e-01
7.555700627394491553e-01
7.555692209270831183e-01
7.555693062308814767e-01
7.555666353686151249e-01
7.555660677575100070e-01
7.555661358447489651e-01
7.555695027406107434e-01
7.555684725119109491e-01
7.555692192156154841e-01
7.555662024840879010e-01
7.555656472571870008e-01
7.555659447041911392e-01
7.555642279457160937e-01
7.555643366205480049e-01
7.555590523190474084e-01
7.555560137980967816e-01
7.555571767819806439e-01
7.555572503269581963e-01
7.555502524499811967e-01
7.555498796939705830e-01
7.555499158927737602e-01
7.555463118683164447e-01
7.555420082807557947e-01
7.555391778899755995e-01
7.555400093909585557e-01
7.555387607271821793e-01
7.555371096693239696e-01
7.555373297887510997e-01
7.555370498431214221e-01
7.555370535816402500e-01
7.555373115718289068e-01
7.555373693087921172e-01
7.555367465419341455e-01
7.555361052149176526e-01
7.555330627680449940e-01
7.555336004705359709e-01
7.555313930946022660e-01
7.555264517667479307e-01
7.555223952248132369e-01
7.555202862701195787e-01
7.555192153456570248e-01
7.555193173323943023e-01
7.555172549606299359e-01
7.555164122743281974e-01
7.555124204051345549e-01
7.555070610738835457e-01
7.555058110515234793e-01
7.555055732351668718e-01
7.555017179575519437e-01
7.555002520193013771e-01
7.554999597468585737e-01
7.554992276416118147e-01
7.554995499681342874e-01
7.554996635141082439e-01
7.554987733003920569e-01
7.554953636512957704e-01
7.554913149856179455e-01
7.554881423537436191e-01
7.554919788003772174e-01
7.554878366786460520e-01
7.554867499923021423e-01
7.554869932023148271e-01
7.554869013300260505e-01
7.554890649661283319e-01
7.554836053150413289e-01
7.554793225087829134e-01
7.554788884515319936e-01
7.554788428922988297e-01
7.554787833194684943e-01
7.554792837307301445e-01
7.554780898572176495e-01
7.554771943970470804e-01
7.554757458498153611e-01
7.554762358566038394e-01
7.554748753543085726e-01
7.554748229575957152e-01
7.554737042801770164e-01
7.554686876215764846e-01
7.554695112961488102e-01
7.554691315318213807e-01
7.554642225649220721e-01
7.554623372848554563e-01
7.554593595520739946e-01
7.554587847868755590e-01
7.554592241702697830e-01
7.554588518612139758e-01
7.554575601074797753e-01
7.554570608218575956e-01
7.554579227084805559e-01
7.554531006291964612e-01
7.554552161457359638e-01
7.554526193804297352e-01
7.554476388825526190e-01
7.554482635516954758e-01
7.554476884706570194e-01
7.554450039915463488e-01
7.554450216417722963e-01
7.554443014636164078e-01
7.554449598835024648e-01
7.554458574269592441e-01
7.554420778837346306e-01
7.554418921507503049e-01
7.554410909774643690e-01
7.554398225613010442e-01
7.554404647323392785e-01
7.554384411562973245e-01
7.554354192439380888e-01
7.554325835547622825e-01
7.554323345425099090e-01
7.554296408528632378e-01
7.554278925022510638e-01
7.554282839748912570e-01
7.554277248682810253e-01
7.554274852249116545e-01
7.554238054264734714e-01
7.554265227541208105e-01
7.554236932923712455e-01
7.554249845301350685e-01
7.554259619674125181e-01
7.554288148201966369e-01
7.554219932737491483e-01
7.554174028840973110e-01
7.554165353165073205e-01
7.554162413901315265e-01
7.554157348916105130e-01
7.554157669338800174e-01
7.554152170698696933e-01
7.554153238247968138e-01
7.554165325686393873e-01
7.554145515182145720e-01
7.554200507316641833e-01
7.554146840853418476e-01
7.554126235409397427e-01
7.554098006423179967e-01
7.554123285025161616e-01
7.554071572837239845e-01
7.554054259257362292e-01
7.554045775651763162e-01
7.554019474189721528e-01
7.554023739998371179e-01
7.554014831668505181e-01
7.554033380875201376e-01
