9.296439715031606932e-01
9.270016551170165986e-01
9.327079358356031857e-01
9.038527868659094189e-01
9.226264227341874902e-01
8.843481608471497335e-01
8.505636066538974083e-01
8.829149387114528791e-01
9.064207898194089896e-01
8.541828930951893550e-01
8.515835752705511741e-01
8.543999851428851766e-01
8.535396189608874806e-01
9.254639828233327536e-01
8.690584742965186127e-01
8.529759337998612523e-01
8.509756218067988653e-01
8.684305821664060066e-01
7.784876819420132321e-01
7.898913062801395935e-01
7.777627174626066120e-01
7.777678713430444812e-01
7.733624662654250415e-01
7.784188260999268527e-01
8.680843893180509863e-01
7.970187599321253424e-01
7.849170280859764093e-01
7.353671818797561377e-01
7.352891685147288081e-01
7.353743271032205930e-01
7.355290268184618840e-01
7.300543096345184502e-01
7.114789577993441139e-01
7.314489321592012594e-01
7.096488141293556540e-01
7.078254717301299959e-01
7.333455595143952843e-01
6.958790367949625466e-01
6.966996550319377590e-01
6.958789336392217084e-01
6.958790341398028989e-01
7.274528155011217301e-01
7.163899805033078216e-01
7.844868479931218497e-01
8.531721159989681391e-01
6.870714370130903692e-01
6.906255666603607901e-01
6.870714370130904802e-01
6.870714370130904802e-01
6.870716898914606130e-01
6.889932211858597055e-01
7.807690935769713292e-01
6.866992345021223354e-01
6.866992345021223354e-01
6.866992142339051197e-01
7.478383307504897770e-01
7.126520351979286350e-01
6.866992142339052307e-01
6.866992142339051197e-01
6.866992142339051197e-01
6.866982433480890435e-01
6.867053552748714207e-01
9.809732471407227594e-01
8.565023010649038815e-01
6.866982433480890435e-01
6.866982433480889325e-01
6.866982433480890435e-01
6.866982433480890435e-01
6.866982433480889325e-01
6.867066579337285370e-01
8.505981146907592994e-01
6.866982433480890435e-01
6.866982433480890435e-01
6.866982433480890435e-01
8.101914611937888200e-01
6.866982433480890435e-01
6.866982433480889325e-01
6.803636377333053264e-01
6.795979086540308023e-01
8.057358418902150765e-01
6.788140051633779759e-01
7.113864020333415805e-01
6.777342833816810685e-01
6.822000527167130235e-01
7.583400155086461591e-01
8.040268015948532909e-01
7.187985870287018075e-01
7.891689807654403976e-01
7.049305836916633927e-01
7.309490455866911596e-01
6.803258442944044582e-01
7.140406414752171749e-01
6.810087373252533549e-01
6.977252921538955599e-01
6.771369119123045177e-01
7.212466293812648255e-01
6.814637767513405109e-01
7.455317395292437865e-01
6.766221104025299526e-01
6.111341811234609622e-01
6.111512556734757240e-01
6.362520568924626696e-01
6.286608858983638859e-01
9.071710702502451262e-01
6.150812024562869462e-01
6.016021559015474196e-01
6.023327013337543834e-01
6.412296718547123575e-01
6.014021118748773542e-01
6.264216277608580796e-01
5.934203623290758012e-01
6.403274433228477447e-01
5.916885387795548512e-01
6.008450941613906471e-01
5.928139104206335830e-01
6.409501387312102061e-01
5.913753687364048384e-01
6.066814752074476402e-01
5.970870742096481276e-01
5.894462098943853423e-01
5.894465033993488978e-01
7.872397548982987825e-01
5.895090555394416620e-01
6.951508511069250940e-01
5.885261487054239682e-01
5.972618656212508315e-01
5.889602725911600167e-01
5.985079468288582172e-01
5.896648125849598410e-01
5.795220404740832887e-01
5.796011763232746805e-01
7.024286613050427786e-01
5.795220404740832887e-01
7.521086951645725716e-01
5.795220404740831777e-01
6.030000130426563798e-01
5.786146506403442302e-01
6.041685681616245640e-01
5.786146506403442302e-01
6.836750411068990285e-01
5.786279818517919837e-01
6.623647574697911766e-01
5.786146506403443412e-01
6.691198475867794482e-01
5.786146506403442302e-01
5.788917363375406522e-01
5.786146506403442302e-01
5.780025167229514427e-01
5.846346318890111027e-01
6.196610425761482910e-01
5.781835561425291425e-01
6.004239749790164504e-01
5.780025167229515537e-01
6.711076927834235262e-01
5.816190530103454437e-01
6.871556187358434098e-01
5.780025167229509986e-01
6.138631472602386063e-01
5.780025167229509986e-01
7.116680690878707249e-01
5.780025167229509986e-01
7.239812184843087417e-01
5.780025167229509986e-01
6.165177007710000989e-01
5.780025167229509986e-01
6.052250800088329052e-01
5.780025167229509986e-01
5.786673604594039233e-01
5.780025167229504435e-01
6.000342966928480237e-01
5.780025167229506655e-01
6.421295053417362952e-01
5.754276812597491908e-01
5.669095392754002205e-01
5.672019284753412327e-01
5.683564557414484408e-01
5.640586900112153357e-01
5.637567895316477617e-01
5.639430487041238171e-01
6.904311427163407622e-01
5.669523591359929560e-01
5.804463860893636085e-01
5.648801071888487346e-01
5.761164624198938933e-01
5.635619020656768008e-01
6.059616092030307710e-01
5.663644528748952300e-01
6.727263340531134395e-01
5.651031318050144803e-01
6.618566877101402790e-01
6.078445242992802644e-01
6.168812800274720010e-01
6.755685377408983117e-01
6.148259708977216187e-01
5.628612205155115733e-01
6.340005573478527667e-01
5.645676035242312985e-01
5.997735809717534838e-01
5.573060415685716640e-01
6.035370928057501860e-01
5.565821487521942501e-01
5.613122806643811025e-01
5.560009796800836623e-01
5.506343468849681511e-01
5.445694804364445973e-01
6.544501244269413931e-01
5.445432153135085773e-01
6.140662303475401540e-01
5.444959483433282621e-01
5.960233965215513408e-01
5.419964875452022435e-01
6.492912714404993624e-01
5.392073649732078700e-01
5.926658199659483595e-01
5.395134317630614351e-01
5.862843613348613925e-01
5.471271148753555913e-01
5.618904664611469313e-01
5.322836060073644626e-01
6.211846144626077537e-01
5.323308620411031367e-01
6.268273303082247949e-01
5.322836060073644626e-01
5.825538875561482310e-01
5.322836060073647957e-01
5.723147792013764112e-01
5.329747695528381790e-01
5.738195331225360851e-01
5.322975103142101316e-01
5.681145775135967302e-01
5.322836060073644626e-01
5.365255678802418604e-01
5.322836060073645736e-01
5.474266157205416317e-01
5.322836060073645736e-01
5.343652952039839032e-01
5.322836060073645736e-01
5.372373089247952649e-01
5.313743251316018767e-01
5.346100755012398453e-01
5.332608990723353148e-01
5.428807665566336427e-01
5.313743251316020988e-01
5.327244851206209830e-01
5.313743251316018767e-01
5.322653373922376918e-01
5.313743251316019878e-01
5.328287118358241425e-01
5.313743251316020988e-01
5.358647928673947458e-01
5.311604452059826009e-01
5.421308035422511828e-01
5.322928122356166414e-01
5.556909251071824318e-01
5.317315719807818031e-01
6.305503229074356231e-01
5.332363760380643969e-01
6.261630170886708369e-01
5.298985871693937533e-01
6.268011301576903449e-01
5.467671861844229930e-01
5.272141807498399446e-01
5.559848153018077666e-01
6.095806135150456662e-01
5.607264030434370161e-01
6.236769907995332041e-01
5.447559832027538684e-01
7.563298764384240869e-01
5.247160158395893781e-01
6.097849095014230558e-01
5.247192738164093706e-01
6.142350587152214381e-01
5.416745728497527335e-01
6.447237911319392278e-01
5.287748733654787925e-01
5.931448484211250261e-01
5.388355133304941758e-01
6.847883473636873219e-01
5.199843842486172596e-01
5.271689854062634462e-01
5.199265521611783347e-01
5.513019948424295880e-01
5.172046128187964831e-01
5.289953297226976936e-01
5.159386783216391992e-01
5.181343493853555193e-01
5.164349347736697515e-01
5.408174000857675079e-01
5.268799826570444989e-01
5.601742306005798033e-01
5.465042971604027189e-01
6.998478116096871204e-01
5.443807231003040537e-01
5.902468814045838119e-01
5.407226945768168758e-01
5.344534922137802457e-01
5.384861272361710638e-01
5.758058433560493405e-01
5.105863371026666542e-01
5.294900037885664768e-01
5.105649354608425838e-01
5.679448246710838699e-01
5.105688924030976628e-01
5.109215233628977559e-01
5.448935313402124558e-01
5.065860729101737681e-01
5.061199116257482089e-01
5.084856585545440844e-01
5.050675072873328508e-01
5.162266323153170688e-01
5.023153874887162917e-01
5.421482549917338023e-01
5.018686329996795426e-01
5.251983378754465637e-01
5.015427587300795853e-01
5.467494117709055246e-01
5.017251995171088108e-01
5.309716969824996857e-01
4.920867565054725667e-01
5.003344048123036236e-01
4.923061116452614461e-01
4.953418959889828721e-01
4.924589028539142488e-01
5.122114235482665423e-01
4.912540139782959892e-01
4.799166734035159032e-01
4.797392629813456710e-01
4.859873957407662148e-01
4.800654281611497209e-01
4.790377449573016144e-01
4.797408944092029781e-01
4.793138532646419314e-01
4.799321311462702577e-01
4.794379293001574949e-01
4.802537925141348030e-01
4.799686390640894307e-01
4.790377449573016144e-01
4.811236491543335880e-01
4.785270121372942054e-01
5.244351486844146537e-01
5.387981322076332846e-01
6.324393428109100768e-01
5.380010979802085647e-01
5.910682172877417262e-01
4.725971252921499222e-01
6.080330077696673996e-01
5.243106995109483304e-01
5.816825255194549849e-01
5.354458037245064528e-01
5.174491434321540906e-01
4.911602559205230922e-01
5.249378676218876549e-01
4.711333168505850155e-01
5.260635320630471234e-01
4.886640987010084092e-01
5.082086638580947113e-01
4.801171951556505446e-01
4.958263477225953175e-01
4.745041712060662498e-01
5.451740509940097290e-01
5.206671711257371271e-01
4.838797791155676209e-01
4.757274972588642070e-01
4.881594036591196395e-01
4.735120545446972473e-01
4.793567256835361001e-01
4.749351642336184232e-01
4.899228331096680544e-01
4.736129137720683779e-01
6.194994291233770767e-01
4.719525070032022929e-01
4.736966258025324117e-01
4.828495171952763565e-01
4.937051595456292130e-01
4.756010795341805153e-01
5.213304127593517689e-01
4.713551730185879252e-01
4.953269608126250056e-01
4.714661040358312794e-01
5.259165007272140757e-01
4.711892639301314967e-01
4.883142230193052713e-01
4.713320412005387317e-01
4.850288686657109327e-01
4.689849666857369148e-01
4.936285997902820633e-01
4.686177529084814553e-01
5.077771702732208903e-01
4.675919471146128825e-01
6.008666874613934894e-01
4.712435656792212102e-01
5.090624691939538149e-01
4.635655824587295859e-01
4.748865601834427741e-01
4.645235577983419240e-01
4.669447936097098073e-01
4.637201399513331546e-01
4.553165600804227608e-01
4.542304286321736662e-01
4.588233085060650085e-01
4.544256186555331034e-01
4.539567498820284430e-01
4.530748655011557768e-01
4.614062411991977086e-01
4.528480488186671926e-01
5.677150364546522665e-01
4.528758590140727902e-01
5.475235209935787051e-01
4.573133421518776887e-01
4.821128640337518645e-01
4.547504110281907486e-01
5.648623445866866044e-01
4.524868292684836035e-01
5.484679981083032674e-01
4.532582682881710623e-01
5.337319401088066462e-01
4.529235082695011738e-01
4.967156510342476405e-01
4.762168632212106512e-01
5.927268362511000088e-01
4.706691582044883471e-01
4.940092517856623511e-01
4.578491979931996747e-01
5.108356667813023222e-01
4.630395891736129310e-01
4.822789117701395400e-01
4.603003730915960490e-01
4.975345614414640183e-01
4.569281782108912671e-01
4.735296442821783636e-01
4.562079440615559589e-01
4.722126727034963722e-01
4.523837829991581572e-01
4.692465717889911514e-01
4.519956949156199721e-01
4.761833393363111289e-01
4.523848577913541225e-01
5.952633341184745408e-01
4.519956949156200277e-01
6.095998212960177520e-01
4.651835738295632683e-01
6.113443962355137318e-01
4.527950727246647933e-01
6.192787535368343699e-01
4.777573967252394804e-01
4.973862459927531621e-01
4.525591787487138196e-01
5.708291291058650296e-01
4.604633611098064017e-01
5.575471555830983084e-01
4.538006111398467102e-01
5.089518028790880333e-01
4.559465771164267767e-01
4.690055509677981682e-01
4.547887563816055967e-01
4.570668418521465770e-01
4.519555088824807609e-01
4.596735348120856712e-01
4.630374988651417278e-01
4.541292178374058408e-01
4.521566141605003475e-01
4.523448805847439247e-01
4.523185833023590230e-01
4.619321826952579313e-01
4.522332110781532299e-01
4.550095248881143584e-01
4.520264981205908139e-01
4.619461849341384152e-01
4.523091668270414756e-01
4.536707726452559597e-01
4.738147280844804965e-01
4.761716542242099282e-01
4.607967440256760527e-01
5.240662239154425528e-01
4.565490674530718884e-01
5.264747989224277669e-01
4.709510550814885455e-01
4.510837369494180571e-01
4.607800616098825519e-01
4.511404008442539970e-01
4.530141024135344030e-01
4.511024311535927755e-01
4.511430405601649096e-01
4.512127200003736571e-01
4.534530019255306188e-01
4.510026712617903333e-01
4.550298509510062872e-01
4.511631784828515901e-01
4.570604575803416947e-01
4.671294955653190750e-01
4.657965183021094968e-01
4.537831854015716426e-01
4.594688270427715326e-01
4.472677403487485548e-01
4.782874963927016831e-01
4.475962175694361833e-01
4.535280453087058294e-01
4.469765099660509833e-01
4.499415439456080912e-01
4.596257327026111450e-01
4.855106944739143171e-01
4.674450876300698110e-01
4.765064408758926118e-01
4.475820672841350212e-01
4.817928680705332312e-01
4.455030520849790343e-01
4.653563579749057100e-01
4.494054232194706344e-01
4.693007886247190230e-01
4.460444441567334439e-01
4.552399591604037177e-01
4.442099423092338850e-01
4.456000291200697405e-01
4.445822219748333248e-01
4.467908047534493998e-01
4.452193779431842247e-01
4.484824751046165847e-01
4.443310379316073311e-01
4.613655260287145010e-01
4.486841702568173385e-01
4.570468513999132454e-01
4.419700025923161690e-01
4.583975387199489826e-01
4.413723117748750702e-01
4.608297285310700153e-01
4.437977803457693882e-01
4.459749970975046551e-01
4.414808369725867210e-01
4.471986391462212662e-01
4.414491564383639099e-01
4.434979839993398731e-01
4.424285853558091453e-01
4.412271261669856726e-01
4.414713578644693381e-01
4.473910408294833330e-01
4.417895598294724890e-01
4.489485138631045258e-01
4.437127254861687464e-01
4.442442597652367930e-01
4.434527064132428587e-01
4.678173267586117623e-01
4.432108710233117477e-01
4.560933962044506074e-01
4.413777105660151023e-01
4.458248779082377711e-01
4.412724062095406130e-01
4.616168719966668443e-01
4.415051673760512774e-01
4.484282645692500568e-01
4.403791750459629672e-01
4.631581497420404481e-01
4.462391177848302193e-01
4.424310671581827559e-01
4.422279418651100524e-01
4.463609595387170725e-01
4.404908743067753596e-01
4.497196787337695012e-01
4.393455597133893997e-01
4.661443891055817024e-01
4.395626244757321333e-01
4.723730643992820610e-01
4.398975998798849152e-01
4.680383510065305730e-01
4.390869039419476594e-01
4.582645402467427909e-01
4.391824377657754797e-01
4.544905800547953123e-01
4.390746503144997148e-01
4.768203902875087219e-01
4.391263770358156404e-01
4.571129066058453039e-01
4.391968911430647604e-01
4.435524597915269651e-01
4.399239342814760256e-01
4.486837301685536739e-01
4.405297701042365510e-01
4.507600908115790839e-01
4.397019313654166872e-01
4.373994263506801872e-01
4.383793439376637013e-01
4.539008897977569457e-01
4.372260264696073984e-01
4.518754340699159822e-01
4.371490580499721723e-01
4.454303653075267211e-01
4.371230133884998481e-01
4.417933963724258728e-01
4.374418445347513784e-01
4.507983983201421796e-01
4.370089496635189419e-01
4.431705531733768355e-01
4.384982370106114691e-01
4.863247798354557450e-01
4.412807598786719909e-01
4.585730403610815409e-01
4.365931554132692627e-01
4.514873546127384230e-01
4.374967087478653371e-01
4.493572545722371303e-01
4.373819685869086982e-01
4.404115134677955012e-01
4.368698428133613310e-01
4.405491789325193253e-01
4.361911356058871259e-01
4.455970670118377108e-01
4.364992797196315388e-01
4.400512711480993322e-01
4.365337265711454751e-01
4.415772698442036459e-01
4.354053156668346025e-01
4.540110248502997048e-01
4.353569723313205908e-01
4.553742621086777076e-01
4.352563533025748388e-01
4.470602127707778983e-01
4.346288877740792644e-01
4.484672773688987424e-01
4.378487943152996054e-01
4.372637223205615986e-01
4.347641842038319493e-01
4.355929289808572746e-01
4.362395439913747675e-01
4.494262949816678065e-01
4.383816230000635583e-01
4.710043833040514771e-01
4.345778880702267366e-01
4.645660064481316742e-01
4.524989120215562322e-01
4.371038315749638525e-01
4.378139897538894654e-01
4.514372584482000406e-01
4.336415748547989835e-01
4.551932160907075087e-01
4.342446771540328654e-01
4.430566716634024571e-01
4.347395676531170539e-01
4.530616263223694595e-01
4.338816971615671036e-01
4.413214090684114410e-01
4.332710142401153264e-01
4.610475344167543899e-01
4.334307179015163269e-01
4.359878447719900407e-01
4.343112202031218505e-01
4.485227282801156901e-01
4.342879260846414513e-01
4.400911692162833844e-01
4.331236440937350496e-01
4.344498109772392813e-01
4.349647345721596725e-01
4.413177374766119043e-01
4.332742251969083913e-01
4.440544146299226225e-01
4.334369335647220156e-01
4.339739519051942773e-01
4.342586639659207770e-01
4.491211914889827739e-01
4.327530418664827794e-01
4.497328633348285365e-01
4.304801042070955930e-01
4.470071186892686232e-01
4.346599227338748261e-01
4.397023655320098645e-01
4.297704838693455764e-01
4.367110392395056606e-01
4.302625157193468719e-01
4.516234211197738824e-01
4.302562336491800865e-01
4.641388244709725996e-01
4.309302193915287016e-01
4.418341073056365476e-01
4.299396185234415912e-01
4.399808873910486806e-01
4.310221961562438198e-01
4.362366112423443076e-01
4.300069098551489999e-01
4.409660305256294377e-01
4.324300285637482921e-01
4.635910727951810806e-01
4.300750096860874727e-01
4.519190411191978951e-01
4.340581581909113140e-01
4.381308793090871179e-01
4.315942355111915818e-01
4.634908607006347769e-01
4.304647039997631652e-01
4.299972706532442790e-01
4.351996501939903728e-01
4.296980054297127594e-01
4.300982305400410932e-01
4.296990094863863408e-01
4.297735865992847737e-01
4.300983109187677123e-01
4.294759355100603027e-01
4.292618207524862561e-01
4.305732303844663766e-01
4.289664939938420685e-01
4.297779619286553054e-01
4.291174519410243526e-01
4.373004287542900381e-01
4.313751222734354407e-01
4.317622358338403243e-01
4.292807709110532666e-01
4.361373685389935417e-01
4.286229470056933666e-01
4.320971927833865966e-01
4.283002429454655924e-01
4.337655340630209300e-01
4.272617757493590296e-01
4.299644237417292736e-01
4.272351263973017121e-01
4.322409442510338762e-01
4.266897940093603570e-01
4.271427236573150377e-01
4.292477443642764290e-01
4.324167331810091497e-01
4.262717505846669308e-01
4.330388395823862591e-01
4.261524921232633933e-01
4.311402506532089340e-01
4.261942910180372412e-01
4.283169508078973342e-01
4.267157754068784947e-01
4.268603318316958051e-01
4.265940540306285556e-01
4.265593053321494188e-01
4.260810351466459700e-01
4.294632810009851864e-01
4.263014687433491212e-01
4.312529712236451429e-01
4.259270753031442758e-01
4.288970313218438690e-01
4.263225627813020391e-01
4.275607735404876042e-01
4.265545298564307752e-01
4.341621726830277583e-01
4.261668518340451794e-01
4.331986613248459683e-01
4.262126297572947919e-01
4.319014136590140218e-01
4.257881591414490741e-01
4.265517969964496281e-01
4.277554269962459688e-01
4.266346261396444794e-01
4.256884483874486813e-01
4.280820082279451766e-01
4.266263010812627043e-01
4.269001142043665764e-01
4.258191325197422383e-01
4.267048610395382524e-01
4.249576229089445656e-01
4.284838932151486257e-01
4.251086046501297289e-01
4.286765624292429022e-01
4.251723991694610350e-01
4.260835065300709323e-01
4.258008793494580391e-01
4.256389027473981845e-01
4.248429059107467487e-01
4.299005518449036112e-01
4.248487945517441244e-01
4.246923804444617256e-01
4.249296075594165556e-01
4.268511887888676859e-01
4.246599335275800802e-01
4.245344389784215799e-01
4.244991396879441714e-01
4.241174666999721343e-01
4.240135651430785857e-01
4.247150802899380961e-01
4.240024400073292288e-01
4.314945817172951559e-01
4.241303768081171599e-01
4.306997761744348896e-01
4.289315405835626427e-01
4.254897081434327322e-01
4.266850597205640860e-01
4.262462895804401408e-01
4.238163069053202947e-01
4.291927207465731642e-01
4.249618475376302773e-01
4.268042845967457977e-01
4.232913137035742013e-01
4.270701355776212460e-01
4.231229775671287996e-01
4.280674490827788281e-01
4.230892705126428899e-01
4.281011483784931682e-01
4.233022249826539074e-01
4.265539030918206187e-01
4.235676529424353687e-01
4.305722282037719451e-01
4.230913495392218948e-01
4.249543793912791689e-01
4.245290623712725808e-01
4.228053227465534691e-01
4.228609272118581397e-01
4.279727248844562570e-01
4.224576688053628959e-01
4.230026052070238740e-01
4.237133333940967805e-01
4.306897565337156619e-01
4.257852418176202303e-01
4.230088494621605522e-01
4.229789376749407137e-01
4.224321914706758441e-01
4.226206078051730763e-01
4.243653671216084389e-01
4.218935326320319423e-01
4.232812655205091534e-01
4.227416834599239115e-01
4.228045838833868753e-01
4.223582042414735782e-01
4.227240474577365070e-01
4.219189623557133006e-01
4.237566760611609085e-01
4.219143463135633931e-01
4.242321456325625628e-01
4.222777106674214243e-01
4.251621710002887466e-01
4.212452230005360176e-01
4.225867114928355539e-01
4.212543917506809121e-01
4.215264917417276824e-01
4.219799198362538806e-01
4.220189472450223689e-01
4.223523980549702683e-01
4.234654064263595474e-01
4.212606826178696418e-01
4.230046186418607301e-01
4.212368315083708792e-01
4.233707182620023990e-01
4.213681930472764070e-01
4.230047837607944228e-01
4.220569818704729137e-01
4.220927035322408205e-01
4.217789247173894807e-01
4.221844348747033071e-01
4.215948064397657125e-01
4.224573998450525392e-01
4.209470747217450848e-01
4.217097808216554444e-01
4.209699389583996809e-01
4.271771051254096840e-01
4.209520060156152210e-01
4.277162264144022674e-01
4.210431028085162564e-01
4.235310736335700654e-01
4.208307484931201325e-01
4.234453478753519295e-01
4.223457846611484712e-01
4.248949498589687512e-01
4.207995687544981434e-01
4.253921106271350006e-01
4.246877210839845596e-01
4.260175606933457315e-01
4.210226082650491697e-01
4.294539317124633215e-01
4.207877219913019884e-01
4.256975852890855783e-01
4.227110396620696320e-01
4.208847630397077877e-01
4.214607852062307036e-01
4.226584258357361512e-01
4.209040436472654134e-01
4.229079650372974397e-01
4.207942788852421234e-01
4.216631738933965812e-01
4.214567518303901084e-01
4.232111281712723216e-01
4.197622279598521300e-01
4.275535126001725472e-01
4.199026876308689094e-01
4.236229880961608352e-01
4.195961160359441000e-01
4.273205573975245586e-01
4.195965624093777047e-01
4.242285863513360344e-01
4.197917663817852252e-01
4.214972458861170890e-01
4.198076795599416933e-01
4.215024560313865298e-01
4.203585137537114713e-01
4.215720808089860050e-01
4.206700991275402202e-01
4.220383508144476270e-01
4.200898855156759981e-01
4.194941652439165836e-01
4.212414250949200745e-01
4.186012161735470083e-01
4.214020347426226665e-01
4.211426144452804499e-01
4.189931695071469342e-01
4.214625376176389659e-01
4.185643722447269233e-01
4.202717680675484568e-01
4.183877978166779532e-01
4.205592325048356228e-01
4.199038656542376513e-01
4.196700772278100233e-01
4.187465384259719814e-01
4.198610395119437011e-01
4.189642390132017336e-01
4.199035363577451885e-01
4.192965937542824650e-01
4.182764718334537890e-01
4.186210193639119392e-01
4.249618469222918860e-01
4.181757196591990855e-01
4.225306531389380615e-01
4.187798762165818034e-01
4.209109042469384998e-01
4.182779067042371457e-01
4.177714398638556759e-01
4.177434107417290488e-01
4.195397394563817328e-01
4.190543862482246085e-01
4.252516711832343144e-01
4.191806328643953861e-01
4.221256702671743466e-01
4.175520618798150285e-01
4.216995454881276584e-01
4.175400416109611990e-01
4.208482527857705935e-01
4.177879960056770647e-01
4.194004640450811339e-01
4.178956680182180916e-01
4.189310028533600461e-01
4.186151286363901103e-01
4.179100372487612458e-01
4.195666824048830956e-01
4.182292361248273749e-01
4.183014292659739675e-01
4.192257797581147583e-01
4.169909364604957869e-01
4.233620523027460392e-01
4.173841343768179279e-01
4.202203689916038098e-01
4.178151064449804331e-01
4.246932459038167962e-01
4.175830523443930242e-01
4.217137247124433941e-01
4.167408060198127817e-01
4.195124562166925308e-01
4.157030866555334603e-01
4.216648099288599072e-01
4.157434336819826326e-01
4.168089025549290283e-01
4.170232365261713481e-01
4.157639837492100310e-01
4.154692048080723121e-01
4.224480111507818436e-01
4.162422698210733740e-01
4.161604516682506083e-01
4.152668496771341755e-01
4.170578563790639515e-01
4.159502224975318851e-01
4.177636316346398648e-01
4.151429955716380293e-01
4.170127808314228468e-01
4.147243721380896586e-01
4.145345153143605854e-01
4.142484960174263597e-01
4.167240818223243992e-01
4.152774869425692184e-01
4.157454383034212553e-01
4.167711795620848703e-01
4.159218143853182226e-01
4.147508034985277758e-01
4.143095542282050348e-01
4.150085055857865024e-01
4.147743411655759327e-01
4.139562903069198274e-01
4.158369019383099663e-01
4.144058025238586684e-01
4.184918136040844394e-01
4.145921704919834361e-01
4.174770814768212768e-01
4.139987618161546368e-01
4.171057269486994068e-01
4.141157078412637249e-01
4.153853240949816894e-01
4.147330853720094801e-01
4.239921954750990318e-01
4.144416231860037492e-01
4.180207405395870990e-01
4.169814019562546603e-01
4.228997054105053111e-01
4.146528966732231924e-01
4.184668247304511590e-01
4.139298419542212781e-01
4.155487586224718699e-01
4.142574114832968668e-01
4.151233921900228108e-01
4.136950446615130783e-01
4.159508247102886025e-01
4.143931075846369327e-01
4.183059334680779284e-01
4.147828616956144021e-01
4.148252610442564325e-01
4.144717836473701955e-01
4.177980721802501130e-01
4.146397683311702775e-01
4.218721558831964868e-01
4.137014354544970018e-01
4.173148441814524823e-01
4.137590088428655388e-01
4.169132353708462357e-01
4.151442178466308031e-01
4.158475680412998532e-01
4.146685499257360408e-01
4.172155704944297550e-01
4.140773707149508764e-01
4.162350788283211700e-01
4.141422766322965243e-01
4.141938219198837423e-01
4.144237632402483218e-01
4.147225841853450778e-01
4.136206249053693829e-01
4.181674030077985327e-01
4.132812468154928309e-01
4.156277917850271786e-01
4.133440629516976772e-01
4.144814060221290730e-01
4.132904661159007564e-01
4.143256878521056064e-01
4.134038845484744873e-01
4.160985108149690137e-01
4.136915315696068074e-01
4.156439705776492910e-01
4.136446523984870782e-01
4.149462143408262915e-01
4.130279998689051491e-01
4.131016661173903537e-01
4.129607285954918217e-01
4.130409205846642395e-01
4.130984986152054228e-01
4.129984097997069226e-01
4.152974209142236139e-01
4.130089911724468266e-01
4.138304093538552331e-01
4.130225536069418446e-01
4.134486686844262016e-01
4.138660806277875137e-01
4.126969639339354012e-01
4.126617042803141233e-01
4.143310902872697210e-01
4.129958805783673359e-01
4.147527109935129630e-01
4.129467944127262480e-01
4.136864397584860131e-01
4.132002967852824726e-01
4.133276692415100984e-01
4.131227529615330019e-01
4.124959317433173345e-01
4.128193570818908809e-01
4.124024146647399247e-01
4.128774401234944214e-01
4.121372977683690486e-01
4.122625674403873619e-01
4.143113221177648353e-01
4.120316153037648088e-01
4.123907458759205058e-01
4.124946357213358783e-01
4.123645992498907731e-01
4.123215291144688432e-01
4.129480113851030643e-01
4.121519726293447206e-01
4.130627473894707968e-01
4.124707731030897717e-01
4.124680118471492629e-01
4.121780574913821438e-01
4.121611158651364293e-01
4.121467497649178302e-01
4.125415289032873245e-01
4.121132392480245654e-01
4.121420007139595110e-01
4.124667129191185722e-01
4.142499826060652146e-01
4.121885413308735702e-01
4.127134843063157144e-01
4.120601245339139962e-01
4.121257659769138604e-01
4.120871449467217729e-01
4.124833450145282687e-01
4.122379135751598755e-01
4.123127177365550899e-01
4.120921268417766514e-01
4.123135382549696915e-01
4.120065161146679311e-01
4.120768186175507997e-01
4.120612984125575640e-01
4.123918645039522102e-01
4.126369226329259510e-01
4.127743844513386828e-01
4.119392185224836633e-01
4.131164996894662322e-01
4.118271581074222087e-01
4.132127321664307296e-01
4.118398527264156006e-01
4.126349032453628940e-01
4.115132089075433930e-01
4.119079914521285302e-01
4.117742992155286608e-01
4.119262786677977961e-01
4.114981895103353993e-01
4.122884138666599863e-01
4.115094382409894558e-01
4.118201977469797548e-01
4.115269014270271919e-01
4.117745583462308900e-01
4.115994216847166376e-01
4.130258905589032081e-01
4.116122187271311628e-01
4.131248972705674483e-01
4.117044984188522050e-01
4.127347310817933157e-01
4.115548462059794299e-01
4.121515331740594479e-01
4.122696429245015781e-01
4.127306512661219062e-01
4.116039882371325120e-01
4.124726359320171065e-01
4.116441946587803824e-01
4.122696246980689927e-01
4.114703661192033457e-01
4.123193107708167382e-01
4.115831936214343068e-01
4.125695980455151846e-01
4.115104380419962182e-01
4.122315185021531159e-01
4.118175198153045113e-01
4.124700116845952391e-01
4.116504673930029834e-01
4.118737395087717079e-01
4.115295490060191241e-01
4.117195479690066162e-01
4.112013036827066315e-01
4.121813142922756690e-01
4.114657675567534034e-01
4.113951207489894291e-01
4.114037029766948184e-01
4.112497613659670814e-01
4.114893734176022777e-01
4.113348707822050421e-01
4.113192501316931260e-01
4.110662620182146121e-01
4.110774426255248137e-01
4.110497906232599696e-01
4.112196018800672870e-01
4.109144687304779331e-01
4.107647502493766423e-01
4.109290694165027014e-01
4.105842716311012275e-01
4.104927042947453253e-01
4.107556911413652312e-01
4.106011591880002753e-01
4.109027328415669200e-01
4.105181306494799509e-01
4.105195438426156307e-01
4.107583233008459400e-01
4.105284823376418313e-01
4.104771546631514889e-01
4.104766953723905654e-01
4.105226678637878268e-01
4.111054013559963805e-01
4.103783402408299197e-01
4.105477936413570728e-01
4.103635916651319770e-01
4.106825537490039757e-01
4.103985312677321251e-01
4.108972574066224182e-01
4.104069866239425379e-01
4.107171934102938904e-01
4.103017107855305712e-01
4.105974154270201626e-01
4.102935031056882953e-01
4.104193372253123751e-01
4.103147534104615857e-01
4.109201518592087155e-01
4.103399145240630430e-01
4.107585696820768573e-01
4.101930494791621862e-01
4.094209879944281094e-01
4.095002084230666695e-01
4.093277909151522009e-01
4.095158510610656388e-01
4.096654959709290500e-01
4.093626638889900637e-01
4.098310508363227633e-01
4.093473386520895541e-01
4.090496469472555408e-01
4.091148754918017549e-01
4.087895085597919587e-01
4.089400752860759547e-01
4.088653227012186697e-01
4.088669925658312554e-01
4.091927730749395642e-01
4.089492532179354600e-01
4.086431045790999694e-01
4.086628785050805401e-01
4.090966216452380233e-01
4.085356264277543725e-01
4.090353052066843520e-01
4.085893358396090469e-01
4.087604274343195065e-01
4.086373486076205763e-01
4.085861184540007240e-01
4.084872286289928933e-01
4.086199305817861949e-01
4.084568316617058770e-01
4.085750271673777023e-01
4.083671127455817396e-01
4.081958129866888330e-01
4.082125894147609624e-01
4.084662300360010767e-01
4.086981358421021282e-01
4.076171245505908480e-01
4.075943644929101994e-01
4.076873765091005852e-01
4.075626188828933016e-01
4.076601588138458188e-01
4.074498847909220900e-01
4.074370448775807008e-01
4.073946941493578056e-01
4.075515790446344044e-01
4.073524023669688465e-01
4.075368775474666472e-01
4.074160577875255984e-01
4.076470250465210610e-01
4.071569674624905821e-01
4.073167359347435457e-01
4.071278517089342852e-01
4.071357529381612328e-01
4.070465162924474800e-01
4.069889202034365216e-01
4.067729543278524318e-01
4.069094483354652181e-01
4.068011697859220677e-01
4.069535996888711815e-01
4.067523333946950204e-01
4.068301934187862900e-01
4.069377213888450973e-01
4.071178882947003586e-01
4.068893266193515101e-01
4.067453433720225053e-01
4.068906950371067865e-01
4.065882023984981886e-01
4.067637424282639080e-01
4.066136840247777662e-01
4.068238026579372724e-01
4.068116944237577526e-01
4.067303909543433793e-01
4.067103778706388506e-01
4.066175243786470661e-01
4.066017610094017631e-01
4.067361536603777417e-01
4.067549382730895058e-01
4.065463815406988313e-01
4.066611834631438938e-01
4.071993546850133372e-01
4.080465459059147149e-01
4.070103819324880634e-01
4.057344060452595658e-01
4.051989879787856741e-01
4.050110810862448396e-01
4.049422028390260442e-01
4.055185416110353991e-01
4.048440016766834959e-01
4.050430114371787460e-01
4.048477862976163077e-01
4.046470266004962291e-01
4.048560130220434927e-01
4.048870341440349296e-01
4.045867638394452515e-01
4.050506251127180546e-01
4.045840752831896259e-01
4.050004478369597649e-01
4.047612689927972962e-01
4.049272794786839547e-01
4.046177648924549897e-01
4.046173366991119291e-01
4.045823011647610712e-01
4.046590319096713961e-01
4.045630711859165007e-01
4.047788368149466409e-01
4.045903791593583043e-01
4.046329478723871831e-01
4.046034936397698289e-01
4.047405805335231310e-01
4.045250481741424209e-01
4.047250217497204705e-01
4.045319650803917977e-01
4.050974549839127525e-01
4.046543249240605600e-01
4.049291856667515122e-01
4.046031576840721788e-01
4.046624109005910741e-01
4.044260256485986416e-01
4.047334242994670706e-01
4.043687784699750432e-01
4.045921471394004487e-01
4.044945141452411796e-01
4.044790771495127557e-01
4.043916031036495218e-01
4.044602065467797769e-01
4.043010073753243172e-01
4.043640573118904569e-01
4.043757466307594250e-01
4.046608235693881506e-01
4.042092950287934916e-01
4.043108769013815107e-01
4.043839276087530799e-01
4.047170269965856271e-01
4.042781080389237780e-01
4.044318430630083339e-01
4.042615113219904521e-01
4.042768276719914677e-01
4.041784642708621256e-01
4.043976389407767935e-01
4.041702329187810694e-01
4.043988809833515830e-01
4.040914428231439648e-01
4.042337898770882454e-01
4.042934721025452927e-01
4.040973895968943408e-01
4.041362700573861155e-01
4.043160379832949070e-01
4.043553353850646848e-01
4.045462039608580529e-01
4.042338928577418056e-01
4.039301915528382692e-01
4.040295289912595456e-01
4.039233130347377188e-01
4.040224600486321815e-01
4.044399306561688445e-01
4.039384783122504929e-01
4.042761950887702738e-01
4.038623166757164817e-01
4.042501379552982388e-01
4.038690578027228639e-01
4.051730273012927319e-01
4.036963687208250384e-01
4.039026260733821205e-01
4.036066878629702148e-01
4.035153951859091204e-01
4.035914073176322114e-01
4.037619369457037810e-01
4.032690681141011813e-01
4.031113727276232073e-01
4.030811034632909018e-01
4.031209636040603561e-01
4.030836281914386698e-01
4.032685298280410113e-01
4.031467096862359489e-01
4.034964971779920750e-01
4.030611836674480308e-01
4.030049120324482037e-01
4.030944284577251402e-01
4.033280202584590968e-01
4.030352109722792897e-01
4.034494327628338484e-01
4.030305359370532914e-01
4.031570033405402209e-01
4.029695729389115577e-01
4.030055161206003156e-01
4.030865351110907158e-01
4.034173273166504203e-01
4.029855866023559496e-01
4.031072115705869874e-01
4.030545204083479938e-01
4.031147432094864813e-01
4.030104716614369420e-01
4.029273914964185410e-01
4.028018575535929346e-01
4.029680081888347143e-01
4.028243497634971249e-01
4.030708896793025464e-01
4.028442073150211855e-01
4.033221277671192873e-01
4.029209304468380215e-01
4.030757726626749138e-01
4.027655008813963433e-01
4.028251391184896057e-01
4.030223552868822945e-01
4.024960134123100608e-01
4.026095187408753606e-01
4.024805583983920299e-01
4.024983426267482178e-01
4.023486150025034624e-01
4.023365016350733958e-01
4.023508747862100110e-01
4.022832882748958450e-01
4.026037017274478602e-01
4.024740897877424062e-01
4.025259210955643430e-01
4.024251468793768050e-01
4.027561562657558381e-01
4.023147635637792097e-01
4.023588588109914821e-01
4.025903791390477715e-01
4.021912089581746175e-01
4.020830041938682764e-01
4.024579816507654062e-01
4.020754572129502380e-01
4.024843408455880955e-01
4.020998316882867796e-01
4.024736563064603700e-01
4.022202812111882464e-01
4.019533260595037349e-01
4.020204352841667550e-01
4.022056119933504204e-01
4.019401563203624517e-01
4.019930607422301239e-01
4.020679891904805903e-01
4.020250602827648567e-01
4.019334601365217030e-01
4.019417015900010881e-01
4.020864463621952045e-01
4.021868172774853423e-01
4.018784133410657766e-01
4.025289424975693198e-01
4.019027842599582345e-01
4.021136573342239950e-01
4.018430525643838513e-01
4.033878778350044603e-01
4.018786639079485745e-01
4.025025233119104984e-01
4.026241546389717763e-01
4.011962631138586977e-01
4.010457911696584943e-01
4.013088153324504970e-01
4.009445540638073568e-01
4.006689525767381799e-01
4.006544122248175688e-01
4.006217662237182564e-01
4.006048549905710798e-01
4.011370503240448970e-01
4.005767678110606078e-01
4.007152388045335800e-01
4.006820902585792044e-01
4.006539521329005038e-01
4.006270833279285681e-01
4.008235978805085864e-01
4.006886307746479470e-01
4.007578466271693451e-01
4.007914871184256600e-01
4.007685810217359035e-01
4.006224232486269021e-01
4.008070752266243431e-01
4.004648093561163358e-01
4.009461648048996407e-01
4.005127787775507597e-01
4.008830127347443595e-01
4.007735782924279344e-01
4.004776796568212394e-01
4.003384936436361619e-01
4.008125392386083785e-01
4.004966505471236893e-01
4.007007626099273745e-01
4.003439529208209224e-01
4.000678009782682731e-01
4.001155466739035882e-01
4.008709899975121949e-01
4.003110092903163775e-01
4.004832597680202388e-01
4.001537472718648125e-01
4.000019336238447853e-01
3.999477496538226262e-01
4.002554388875941282e-01
3.999172598987809635e-01
3.998654517048357282e-01
3.999802756372606849e-01
4.003342457110567465e-01
3.999584355951585901e-01
3.998696364654583668e-01
3.999982029188943744e-01
3.999971210103210884e-01
3.999318902546404320e-01
3.999383963497321615e-01
3.997827059841012054e-01
4.005057914723945123e-01
3.997086806005785142e-01
3.999062989169478444e-01
3.995937497481537592e-01
3.987581639708458470e-01
3.986895136560303921e-01
3.988269182920912148e-01
3.984826879900830732e-01
3.986795665246599674e-01
3.986783242597746191e-01
3.985137311463751719e-01
3.985705773362630544e-01
3.986308282562910921e-01
3.985115760703293319e-01
3.985560954794827859e-01
3.986525303373510409e-01
3.986053053442250582e-01
3.984819096590977994e-01
3.987485054679603680e-01
3.985167034477776760e-01
4.002731965206801079e-01
3.983613666998641611e-01
3.977233248456511494e-01
3.977835547093225843e-01
3.977701761312830153e-01
3.977776707387959965e-01
3.982917242640255928e-01
3.977302519948854309e-01
3.983282439790782337e-01
3.975369235482700270e-01
3.986008830329657582e-01
3.975361888635997598e-01
3.975275893618976930e-01
3.974751302771133976e-01
3.973101593067169257e-01
3.972477761088454851e-01
3.972991303778379280e-01
3.972051323607757034e-01
3.970433020998178075e-01
3.970516209741478120e-01
3.968454788077344086e-01
3.969849996119724223e-01
3.970081270538964868e-01
3.970576939280847095e-01
3.969953026254723905e-01
3.969268919090746528e-01
3.969328069439373996e-01
3.968605289049350615e-01
3.969033328518241643e-01
3.969172519059814830e-01
3.969283413278162920e-01
3.968973821852915806e-01
3.970166090030145534e-01
3.969244220962191427e-01
3.972778747831740009e-01
3.969194840765777887e-01
3.970510991836534442e-01
3.969621616653417617e-01
3.971963278013398990e-01
3.968497339021300752e-01
3.972339992548588050e-01
3.969051291736346854e-01
3.970876721838911272e-01
3.969512705316377010e-01
3.973046656263390930e-01
3.968506527693286823e-01
3.968645219266230817e-01
3.968512630205565661e-01
3.973763889735846822e-01
3.969855201005462186e-01
3.966463077389595360e-01
3.965717427709825604e-01
3.966365804471781997e-01
3.967519876639626908e-01
3.965978339530973340e-01
3.965623497904773864e-01
3.969372195592982822e-01
3.965504177736913216e-01
3.967159419869326631e-01
3.965564755736506464e-01
3.970331664211584344e-01
3.974779301284300237e-01
3.956394759237238379e-01
3.957717611372421063e-01
3.961410502841929970e-01
3.954924634734322542e-01
3.956434027867843928e-01
3.950465327115309511e-01
3.951877964070781291e-01
3.950204216112239153e-01
3.950919821814110611e-01
3.950081729565299016e-01
3.949397933535158667e-01
3.952832687459834626e-01
3.950168313649433105e-01
3.954284477736279557e-01
3.949560449598372713e-01
3.951225068239542226e-01
3.949677128360851719e-01
3.963816230215911895e-01
3.951012864406176495e-01
3.961616364904149701e-01
3.949006932457065910e-01
3.949731622211555271e-01
3.949099255120304686e-01
3.951645687829783982e-01
3.950146018013334093e-01
3.948740909164734636e-01
3.947765460399423887e-01
3.951849267751491590e-01
3.948519882217212951e-01
3.950430677872187601e-01
3.946823572527447532e-01
3.946379306702356149e-01
3.946311032236718974e-01
3.947219619756298647e-01
3.945872274207911090e-01
3.940053124201005064e-01
3.941263965170351269e-01
3.937630161888534541e-01
3.939047431489524631e-01
3.936310483630572343e-01
3.936561179544386668e-01
3.937402839193162585e-01
3.937520593806854707e-01
3.938477146743510349e-01
3.937094550093608869e-01
3.935735127893164043e-01
3.936669652640152339e-01
3.940639835430030935e-01
3.935293151509848264e-01
3.935059885946166069e-01
3.933351330428037085e-01
3.935008233867002825e-01
3.933389763849988174e-01
3.934755395771742381e-01
3.934629420199222682e-01
3.933595677067117657e-01
3.933302141389828921e-01
3.933067773264986577e-01
3.932842540861981040e-01
3.932619109299372862e-01
3.933403627880713849e-01
3.933519965748737968e-01
3.933585602550573879e-01
3.933847717750803552e-01
3.932662677346456803e-01
3.934076440551747544e-01
3.932610659878079673e-01
3.935440055829346750e-01
3.933921888955183022e-01
3.940155878208880802e-01
3.933441204226753030e-01
3.947413914254225831e-01
3.933590079021231367e-01
3.934781511528999687e-01
3.931673189809650193e-01
3.935784088651638757e-01
3.931565182145570492e-01
3.937823760877051105e-01
3.932336424159990629e-01
3.942133782668325592e-01
3.929819063526273082e-01
3.936482669756737884e-01
3.931729071238169171e-01
3.950991694369324625e-01
3.930716948509469510e-01
3.917956037729745655e-01
3.921695522085711927e-01
3.917463844254252536e-01
3.920092860363151299e-01
3.918288791099270862e-01
3.916996554539822206e-01
3.917306960783750180e-01
3.917493873997656140e-01
3.917662763514448976e-01
3.919085629800109216e-01
3.917103842631169952e-01
3.918720360499087785e-01
3.917642415647832332e-01
3.915878578886649586e-01
3.917084713332995016e-01
3.916057103013123042e-01
3.915317916485219762e-01
3.918842023048151879e-01
3.915935501781545036e-01
3.916363016584780143e-01
3.915295010807191001e-01
3.914832454967745456e-01
3.914769163261284102e-01
3.916897238705318585e-01
3.914700870561163559e-01
3.915730063026415797e-01
3.915293338911011722e-01
3.927751759869489989e-01
3.913306116398924672e-01
3.921882153348822397e-01
3.912567774924065600e-01
3.912815117105027385e-01
3.918009003532282319e-01
3.913896348728704844e-01
3.914494744332315257e-01
3.924006445661715192e-01
3.911780763473469147e-01
3.907462375177068736e-01
3.906411282825728581e-01
3.905618529767839742e-01
3.905741533249106889e-01
3.906553076455641649e-01
3.905466758760497425e-01
3.903273760197871201e-01
3.904421393419409414e-01
3.903825397487820648e-01
3.903828793043419010e-01
3.905650958665307648e-01
3.902870710240000096e-01
3.900056163787513630e-01
3.900412759357078096e-01
3.903217849274159268e-01
3.899989873703691434e-01
3.900318484089806970e-01
3.900161241019036162e-01
3.901034320152150792e-01
3.900467067409947863e-01
3.897667405054194290e-01
3.897440085824314115e-01
3.896462018045869780e-01
3.895070185929481177e-01
3.895343303191895479e-01
3.894888653390304323e-01
3.897119708644913305e-01
3.894995163893344436e-01
3.896235700860961049e-01
3.894651000577726285e-01
3.896040528014996784e-01
3.894148623317197910e-01
3.894846735984913710e-01
3.893617307057493093e-01
3.894157762848401982e-01
3.893721851950682766e-01
3.893925824640616651e-01
3.894183112403470925e-01
3.895392368278334794e-01
3.893022736784946813e-01
3.921260572409110967e-01
3.888331323204451961e-01
3.879242035670760202e-01
3.879411254095287420e-01
3.881297325620632899e-01
3.880086372467617672e-01
3.881660606951063408e-01
3.880229966274637565e-01
3.880399324213736900e-01
3.880012291108168587e-01
3.881811003218131328e-01
3.880141757231325705e-01
3.879854442660556346e-01
3.879678012124864184e-01
3.880629627397608750e-01
3.879902382237274128e-01
3.879901227536870501e-01
3.879130215841356533e-01
3.878726461945691817e-01
3.879963989656608492e-01
3.880896595066694044e-01
3.878119718873307420e-01
3.882072378471679297e-01
3.878109376717769341e-01
3.883212050891952094e-01
3.878636254307168962e-01
3.885733635472324865e-01
3.878398781696689723e-01
3.879502430403046764e-01
3.878497401271805978e-01
3.878488326230408734e-01
3.878645940532461367e-01
3.878562947255149163e-01
3.877982433519810423e-01
3.879503558940973762e-01
3.878628580346910049e-01
3.880336851817066668e-01
3.877729474390785858e-01
3.883478514311813901e-01
3.877992335636811783e-01
3.876255101668045211e-01
3.877280765127158468e-01
3.877201817950454710e-01
3.877539946468096521e-01
3.879089199467730675e-01
3.878763955203511915e-01
3.876883228935754100e-01
3.876265756084775194e-01
3.876305393215404571e-01
3.872486563520515235e-01
3.872954405671206746e-01
3.873964107259224021e-01
3.870250750830080966e-01
3.874646377281990572e-01
3.867712772186514547e-01
3.868254131531861928e-01
3.867387322242776260e-01
3.868359258336073192e-01
3.867641033393318106e-01
3.867524030256138667e-01
3.866382646311344873e-01
3.867036302707755335e-01
3.867863175208732240e-01
3.866549270064820187e-01
3.867520798879629518e-01
3.866861745674347595e-01
3.873139604854966001e-01
3.866076728084368863e-01
3.865300281667701232e-01
3.865732353799966603e-01
3.863811461441042372e-01
3.864002657783836003e-01
3.865928180101225742e-01
3.863553834336780346e-01
3.864487664669156719e-01
3.863395116603833834e-01
3.862502976249247433e-01
3.862606733269492998e-01
3.868668281161852240e-01
3.863813472004234972e-01
3.883791114493180818e-01
3.862608031250070462e-01
3.859555717460730340e-01
3.861069990125006735e-01
3.860801856709906166e-01
3.858409202798795401e-01
3.856836990386605657e-01
3.857745258724135096e-01
3.859804350409342111e-01
3.857771371796668847e-01
3.857186694676030259e-01
3.857242162498123461e-01
3.860273189233531799e-01
3.857310666368541918e-01
3.855324957050188517e-01
3.854636324901822841e-01
3.860395848438821775e-01
3.855681371259507273e-01
3.861593363920706734e-01
3.855605420487346890e-01
3.859320215870363779e-01
3.856538444256685239e-01
3.854156922815418773e-01
3.855562048821458698e-01
3.852632865792073313e-01
3.853924422380538561e-01
3.852346776915580584e-01
3.852320690839063366e-01
3.853280140650393037e-01
3.852093460176050921e-01
3.852677252540777642e-01
3.852086758837972580e-01
3.852235075444804813e-01
3.851551401916176731e-01
3.853945639275986879e-01
3.852348780851793664e-01
3.855110125157938938e-01
3.850651961721627270e-01
3.849147753392634930e-01
3.850458465861921753e-01
3.849667707105537962e-01
3.849073526683152169e-01
3.850398228528105760e-01
3.848984140057556402e-01
3.853354241306976014e-01
3.849199457014898518e-01
3.850189405881027649e-01
3.848843070595879823e-01
3.860630245374540026e-01
3.850636591936416608e-01
3.859360096326048817e-01
3.849418321339693749e-01
3.852816585458273546e-01
3.846243015481820016e-01
3.846040367344550903e-01
3.844934926290659583e-01
3.844678086276832052e-01
3.844414560067762610e-01
3.841309858085508733e-01
3.836442459349617140e-01
3.830840081558627985e-01
3.830836366421845884e-01
3.831750813827130564e-01
3.831854850932471801e-01
3.830971714792721361e-01
3.829519207615180720e-01
3.835633323701614916e-01
3.832017523242673973e-01
3.840066727041162586e-01
3.829513640201002711e-01
3.833457977763843338e-01
3.829535739621637846e-01
3.832309495549545142e-01
3.829842767581669305e-01
3.829409583670939088e-01
3.829336021894226838e-01
3.830072096143439797e-01
3.828621033100105819e-01
3.829454731517825672e-01
3.828318674449782133e-01
3.831751343282575051e-01
3.827346646725003909e-01
3.833716377550536736e-01
3.825929925226957407e-01
3.827259999624766373e-01
3.827393339983042875e-01
3.827663955917445793e-01
3.825924144275330008e-01
3.832580645099123440e-01
3.826642111695962023e-01
3.826027455154740187e-01
3.825947726250957248e-01
3.821689354036542086e-01
3.823139534583106514e-01
3.818777421441547637e-01
3.819714553694951720e-01
3.819088815251485136e-01
3.819145698460770233e-01
3.819745932470490213e-01
3.818989968325731676e-01
3.818881341420573561e-01
3.820875309615972548e-01
3.818994000053836935e-01
3.818123799132015495e-01
3.818125738643316502e-01
3.817887780591487923e-01
3.816967676704458579e-01
3.816895984808570397e-01
3.818384772292952034e-01
3.815555835577145727e-01
3.816124860651509687e-01
3.816105776309614561e-01
3.816262050441365239e-01
3.815348546506979743e-01
3.814593744418362520e-01
3.814954623805575373e-01
3.817838224275981185e-01
3.815106244155538895e-01
3.818803102977499919e-01
3.814694379671970115e-01
3.814766168050897077e-01
3.814927267369359054e-01
3.815791298698155698e-01
3.814499898758237917e-01
3.817279443228657754e-01
3.814908019848691767e-01
3.816335974963356859e-01
3.813828218330491127e-01
3.814193728043140386e-01
3.813669850498009328e-01
3.817775140682816426e-01
3.813348305689155393e-01
3.816218332444761829e-01
3.812995431753680720e-01
3.813838924593543345e-01
3.813155400525797267e-01
3.824608575060695626e-01
3.822371409013430310e-01
3.805792604702699089e-01
3.806281407358809710e-01
3.807042095477693455e-01
3.807021573526315761e-01
3.806067526309752092e-01
3.806279177059924690e-01
3.807288975336593495e-01
3.807093852051274818e-01
3.805160324805400007e-01
3.806692905167651797e-01
3.805609732937053069e-01
3.807900956250750424e-01
3.805174689457112014e-01
3.809157738344753907e-01
3.804573532727956175e-01
3.811508759557405979e-01
3.804730560953120677e-01
3.806722605820794247e-01
3.804718859381885365e-01
3.804577418396406507e-01
3.804734895880973466e-01
3.804282017397613846e-01
3.804500383624908055e-01
3.806882811877229100e-01
3.804170728937102952e-01
3.808063470389669858e-01
3.804149832547780163e-01
3.806277821546292794e-01
3.804662397628136294e-01
3.805176933925797367e-01
3.804342941437750536e-01
3.818923750633733682e-01
3.798846638829012079e-01
3.798261047620192232e-01
3.798802459277573762e-01
3.800064730750441488e-01
3.798341653853876121e-01
3.799949398573582715e-01
3.798331859614848538e-01
3.797666569256289426e-01
3.797474275615057016e-01
3.796845364588466443e-01
3.797446754668390434e-01
3.798700526715765302e-01
3.796360922829312146e-01
3.797227349321056211e-01
3.796546391940822107e-01
3.796497464895794427e-01
3.796277102546169457e-01
3.796915408670719638e-01
3.796699918024353804e-01
3.799288305344758476e-01
3.795891915035070063e-01
3.796733392815049291e-01
3.795813010159913570e-01
3.798395076998956066e-01
3.794810506085508628e-01
