1.044113695965203759e+00
1.024472667784128932e+00
1.013278993247119342e+00
1.005196274404824619e+00
1.055048217635579544e+00
1.018877041423579488e+00
9.621195535807197663e-01
1.007913761308174783e+00
9.606253669193781652e-01
9.673101409637497872e-01
9.605397889372910836e-01
9.615501789768501339e-01
9.074307830589182222e-01
8.982636849012257674e-01
8.829691909316197407e-01
8.822964782913237380e-01
8.805098108022310077e-01
9.280497257608060213e-01
9.133112201731974356e-01
8.707445784840036618e-01
8.527007387012579542e-01
8.633049843530175016e-01
8.696620811772304283e-01
8.409590162111990619e-01
8.400294990378631699e-01
8.339017370316165190e-01
9.086383604003774872e-01
8.980560218913296033e-01
8.340043024273849914e-01
8.338998556893560954e-01
8.198875653095414329e-01
8.783776199279399455e-01
8.674804407955581942e-01
8.880731114699121909e-01
8.198575868060326011e-01
8.513111161565070084e-01
7.919756745206508741e-01
9.849629194889931716e-01
7.910391392344499062e-01
7.910514714045552287e-01
7.910440872786337341e-01
8.048276327290037058e-01
8.050075585929954425e-01
7.960749402585695078e-01
7.735914567481729787e-01
8.224800574846314882e-01
8.759128285700334970e-01
7.735914567481729787e-01
7.735914567481729787e-01
7.737273327936723399e-01
7.812627728460441734e-01
8.252677263656271744e-01
7.979831589214447796e-01
7.735914567481730897e-01
7.735087271669476294e-01
7.886286516127996027e-01
8.694933303577381256e-01
7.735087271669476294e-01
7.735087271669476294e-01
7.735087271669475184e-01
7.844049220714192083e-01
7.839312587981369651e-01
7.795826479405327802e-01
7.962254245585919099e-01
7.735087271669476294e-01
7.735087271669476294e-01
7.735087271669476294e-01
7.735087271669476294e-01
7.735087271669476294e-01
7.981775829531061461e-01
9.252979684208918476e-01
7.735087271669476294e-01
7.735087271669475184e-01
7.735087271669475184e-01
8.598466355807217187e-01
7.735087271669475184e-01
7.735087271669475184e-01
6.712859446719878775e-01
6.796451763486255349e-01
6.763748593279588217e-01
7.220904331377206997e-01
6.719272071019329884e-01
6.953312656455458152e-01
6.702773802265328262e-01
8.396366949153830639e-01
6.769458119875710889e-01
7.485722499594615886e-01
6.957791496320054891e-01
6.665794697146408820e-01
6.666457147620379331e-01
6.797569629559555571e-01
6.723415551767826237e-01
7.086430269126460235e-01
6.687337508217050530e-01
6.642054638650300991e-01
6.651439758191314278e-01
7.882761331112326797e-01
6.682664669806739344e-01
6.641779021505974656e-01
6.620406488676322532e-01
6.629320564882359434e-01
6.896587163584277924e-01
6.687716829594672063e-01
6.846514527066649425e-01
6.471567793785870659e-01
7.151385385005913919e-01
6.425879400944894959e-01
6.458591634128334480e-01
6.791991959175873728e-01
6.429170029961719379e-01
6.284961912060881284e-01
6.294163628963469481e-01
6.340871711574903591e-01
6.271429613350198995e-01
6.549718947862890328e-01
6.278163604463991021e-01
6.306849847627405969e-01
6.348486296446614885e-01
6.992438348517969748e-01
6.493549250329867517e-01
6.553259742573152025e-01
6.271670133601757735e-01
6.720510987615169185e-01
6.271594808371228069e-01
6.494916890605449966e-01
6.514112119173898208e-01
7.475439376955120840e-01
6.301283691707587620e-01
6.181092146128617237e-01
6.182111931331721877e-01
7.575428617794672803e-01
6.181092146128618348e-01
6.247673807913101118e-01
6.181092146128616127e-01
6.214499602235983300e-01
6.181092146128618348e-01
7.051977507508938592e-01
6.180908014607373602e-01
6.240930097460770654e-01
6.180908014607374712e-01
6.279082328624008280e-01
6.180908014607373602e-01
6.567083563318659722e-01
6.180908014607376932e-01
6.144861915157214804e-01
6.144861915157214804e-01
7.382261968911736361e-01
6.144861915157214804e-01
6.216828196146896301e-01
6.144861915157214804e-01
6.166878625838413397e-01
6.144861915157214804e-01
6.183466581029870568e-01
6.144861915157214804e-01
6.231199096127196801e-01
6.144861915157214804e-01
6.528730028629382565e-01
6.257548417634617444e-01
6.696254847199271110e-01
6.459609880700400986e-01
6.502037344914011197e-01
6.119604694244282772e-01
6.531437313266327260e-01
6.255782321633494014e-01
6.213484951841293791e-01
6.078052007532301904e-01
5.930601542397516690e-01
6.047747994773605695e-01
6.598466113319430004e-01
6.037161858603262710e-01
8.612085031814099567e-01
5.572066239870346882e-01
6.680013093745428288e-01
5.575264809032326463e-01
5.548003197468762693e-01
5.535196626942747722e-01
5.461023259143231723e-01
5.422212993097319522e-01
5.871790909452027085e-01
5.383157511109144533e-01
5.575147359317877971e-01
5.346273059954086415e-01
5.052772762637053328e-01
5.077990013123445667e-01
5.418655027583543227e-01
5.241156244122028296e-01
5.794114649902171177e-01
5.102482450559294724e-01
5.082904101106645589e-01
5.020528845478564595e-01
5.890734543331161976e-01
5.007830178311024616e-01
5.389436856012930210e-01
4.990663033923385949e-01
5.476645198481622234e-01
4.983678188479570559e-01
5.938229428780938957e-01
4.989154923514189655e-01
6.377516449760051165e-01
5.146227820145746756e-01
5.886282280623649221e-01
5.067400285038026198e-01
5.070061857544030381e-01
4.985867425140009801e-01
6.526609436171493250e-01
4.969011240438047095e-01
5.273505978109360726e-01
4.965009724845509953e-01
5.422855281972613906e-01
4.964573109277947149e-01
5.329353475638266557e-01
4.964530105069295263e-01
4.991640320635202244e-01
5.119506238871527337e-01
5.774281023319269845e-01
4.973208655427360236e-01
4.994369735695091128e-01
4.964786698720799474e-01
5.077146299081951586e-01
4.964530105069295263e-01
5.060126145267590525e-01
4.964530105069295263e-01
5.020322987806128401e-01
4.964530105069296373e-01
4.999618242900736864e-01
4.959326907922149696e-01
4.767341236971326945e-01
4.767341236971334717e-01
4.832158321658339140e-01
4.910416734608875067e-01
5.287678229209531455e-01
4.751825393063174863e-01
5.036576913832072622e-01
4.751825393063176528e-01
5.637737368004247518e-01
4.751825393063174308e-01
6.281478312617547743e-01
4.751825393063171532e-01
5.271930527350964235e-01
4.751825393063171532e-01
5.421580431463028926e-01
4.751825393063164871e-01
5.656667279751212973e-01
4.751825393063168201e-01
5.303699191036527205e-01
4.767315160750257297e-01
5.132662438701180996e-01
4.978286295508436154e-01
5.074166460468424455e-01
4.812857221681743347e-01
5.184141195273936908e-01
4.843920007352334745e-01
4.824191872186814889e-01
4.759086385509058714e-01
5.119748072006491402e-01
4.718420306954273502e-01
5.209674079228271415e-01
4.706065949500014556e-01
4.819658453744522508e-01
4.834779553100523874e-01
5.300513777502648960e-01
4.694859245256335356e-01
4.986232024314332101e-01
4.783927285932789153e-01
5.619468877716988775e-01
4.811721686567148049e-01
5.318077273090345836e-01
4.730264287319031480e-01
5.923556834977552477e-01
4.667582907667741643e-01
5.620932004653221847e-01
4.936154230940110188e-01
5.265164445070042998e-01
4.733761142328716254e-01
5.056268450673131465e-01
4.706429209771537669e-01
5.083842020369592207e-01
4.644388416493541172e-01
5.094023783151154783e-01
4.648601862900295645e-01
5.062292586569925312e-01
4.636287231693069777e-01
5.380992377315162445e-01
4.640125045673483273e-01
5.228354949662813445e-01
4.664693950534178346e-01
4.928426221495814663e-01
4.635902010015739427e-01
4.811455923664265111e-01
4.635493656413014474e-01
4.700510452058935806e-01
4.625525988679403677e-01
4.659456909310056294e-01
4.636509125628444639e-01
4.668571612263133774e-01
4.625188483971134912e-01
4.630122282847816684e-01
4.624810574328420687e-01
4.625708159369062433e-01
4.624943096612651461e-01
4.625805365240625577e-01
4.624810574328420687e-01
4.626807475924921698e-01
4.609106836874770075e-01
5.140170180456686833e-01
4.819176450509246035e-01
4.793277448708890831e-01
4.729234770102853647e-01
6.216679745500259813e-01
4.763946478215511093e-01
4.948416740694394633e-01
4.740306425115393130e-01
4.952575389990475641e-01
4.964102577398902816e-01
4.970255046337556659e-01
4.697901205256998503e-01
4.925333422863132360e-01
4.467011822545892130e-01
4.779557989604817925e-01
4.467011822545893795e-01
4.975675738587083119e-01
4.586360541971367666e-01
5.263199520207190174e-01
4.598489855006877569e-01
4.565972776558966939e-01
4.578431258114951108e-01
4.774026164697510177e-01
4.490638225148502749e-01
4.962653896120949315e-01
4.607198173224271720e-01
4.481133827115840740e-01
4.441283078964446407e-01
4.636092952965714109e-01
4.408734554479771806e-01
4.408734554479770695e-01
4.626418845753517139e-01
4.408734554479772361e-01
4.514644537760852949e-01
4.408734554479771806e-01
4.627555287906934267e-01
4.408734554479773471e-01
4.520336954965886167e-01
4.394239384446604335e-01
4.513551708133749507e-01
4.399310968483065021e-01
4.754248039426567374e-01
4.404279328634778112e-01
4.450910778899322406e-01
4.405451431063748258e-01
4.490157586701075121e-01
4.429140909918924951e-01
4.535813723207285930e-01
4.318223701797970215e-01
4.397682717702932065e-01
4.319210280936110480e-01
4.471513825605369918e-01
4.331602468287882868e-01
4.472212871135811674e-01
4.351955594209212519e-01
4.453702800428738784e-01
4.332608719128371866e-01
4.340776121713915137e-01
4.323514416048491737e-01
4.401084820712795609e-01
4.322273515878068961e-01
4.372866969341465682e-01
4.336501086260897142e-01
4.307087386953197261e-01
4.319478259848234525e-01
4.311079298156408890e-01
4.306400681706956668e-01
4.296945455940574532e-01
4.302779937349840433e-01
4.288111384984938934e-01
4.287041511687102457e-01
4.280387356367102991e-01
4.334266873062344594e-01
4.495560100452963836e-01
4.311748355202922323e-01
4.286226471709815855e-01
4.312679932796499860e-01
4.376854089339803910e-01
4.267339407098258430e-01
4.319824508863008838e-01
4.335801291378447719e-01
4.363444334937917057e-01
4.261784605844374796e-01
4.299103507851154138e-01
4.263907926040050311e-01
4.361518876467632144e-01
4.261505612051655900e-01
4.267753828586661746e-01
4.261293292260854293e-01
4.256085489471674310e-01
4.271708531552410593e-01
4.545220814256952235e-01
4.221716309792107324e-01
4.403241606406880226e-01
4.234592508984399428e-01
4.406073185512471291e-01
4.247154210084960191e-01
4.329915608286294959e-01
4.348534078068987396e-01
4.251762583417383889e-01
4.230474826850044168e-01
4.281600332662202635e-01
4.221716309792108435e-01
4.515117598877675942e-01
4.213832071150504510e-01
4.346769534047508210e-01
4.212518871153044797e-01
4.445697111744983943e-01
4.206290510253196668e-01
4.287865274330873167e-01
4.199269276248536187e-01
4.346282413105752029e-01
4.185718744316865303e-01
4.374246387680935100e-01
4.245931469046367868e-01
4.233308180893525785e-01
4.236722477250762786e-01
4.183528344112896757e-01
4.174432303938149791e-01
4.437863953406758766e-01
4.143800444638435776e-01
4.252260450967825234e-01
4.168498754611675849e-01
4.208119179303155266e-01
4.143800444638440217e-01
4.160625408504605161e-01
4.143800444638433556e-01
4.165999673983830642e-01
4.143800444638438552e-01
4.187883255300113849e-01
4.180255359902226853e-01
4.173215725327628634e-01
4.168483975521405926e-01
4.319017588518201944e-01
4.129915142462232125e-01
4.196321394691531204e-01
4.144418481671122145e-01
4.098691174587212327e-01
4.114744419493192584e-01
4.178764259035925299e-01
4.098340966068423352e-01
4.121543282261969643e-01
4.097567276765562427e-01
4.116482812410194869e-01
4.098538578701210189e-01
4.114815997039943385e-01
4.097718413378568236e-01
4.109711086782374956e-01
4.147439425083190856e-01
4.118681526983805630e-01
4.092204988966611778e-01
4.220451015440150333e-01
4.201182489833219513e-01
4.067706655895295120e-01
4.086053483637294148e-01
4.197572933382943683e-01
4.072997068731131209e-01
4.221319856860573094e-01
4.092032957868345089e-01
4.223751448685018062e-01
4.056287372385221635e-01
4.195844356735430325e-01
4.063874705695841305e-01
4.188681211467760734e-01
4.067540599183801509e-01
4.239967385471948846e-01
4.056234516344310315e-01
4.341103071165953731e-01
4.056207188030938049e-01
4.198187437158414359e-01
4.049377007082987090e-01
4.214164786169043442e-01
4.079437114021944866e-01
4.141517583931887958e-01
4.114109903713762395e-01
4.166349600851161905e-01
4.043480179587223278e-01
4.181498757451319603e-01
4.056083171997934000e-01
4.170587399517440286e-01
4.112647066569317666e-01
4.125804133056598100e-01
4.043480179587211620e-01
4.033790657749932729e-01
4.024897606881773782e-01
4.250477042873868072e-01
4.051324353514101917e-01
4.167308670314869845e-01
4.040498475798751654e-01
4.145984546648648905e-01
4.031536553198828421e-01
4.355911791104895014e-01
4.032378970397101914e-01
4.209657777793461286e-01
4.018152422148393299e-01
4.100652380263138941e-01
4.083013417564716474e-01
4.092883277238306694e-01
4.027239909509394700e-01
4.230175905075653220e-01
4.016398269396095344e-01
4.053345085208623355e-01
4.021391985259273327e-01
4.031784553449903052e-01
4.044515310326223245e-01
4.111464801908895628e-01
4.016398269396096454e-01
4.095924113623313212e-01
4.030431755437317021e-01
4.161685960112833094e-01
4.016398269396095344e-01
4.055067433808140498e-01
4.016398269396098120e-01
4.075601784168555453e-01
4.019582678903428352e-01
4.034907183461395874e-01
4.049954703070777207e-01
4.020579661718344244e-01
4.019734600245502554e-01
4.035045589445080405e-01
4.019854010155415880e-01
4.111628839604158925e-01
4.012570607199505424e-01
4.176307485889201865e-01
4.015586389816623858e-01
4.207178543245816416e-01
4.012706772663200416e-01
4.136606705762442271e-01
4.012039813100187757e-01
4.102334086567164251e-01
4.013314318392875446e-01
4.096488402348277269e-01
4.009679292317998578e-01
4.159198801495327946e-01
4.026894714167106315e-01
4.166636590014186625e-01
4.068449849779361971e-01
4.172674404957950611e-01
4.042350548987910241e-01
4.091394940085101295e-01
4.040906290907987919e-01
4.116745894494964197e-01
4.017124042038308085e-01
4.112321747902605296e-01
4.028396500334506247e-01
4.116356644967952838e-01
4.004850912548951203e-01
4.098621471371475811e-01
3.987188796834598703e-01
4.117207828847525564e-01
4.029380276532341099e-01
4.130173209584637739e-01
3.998599179762545863e-01
4.018767738357405528e-01
3.985480273666554552e-01
4.006391914900075402e-01
3.985329362685610666e-01
4.188115896562319973e-01
3.985163442895703900e-01
4.093328724303103572e-01
3.987526762652178758e-01
4.096962810878820305e-01
4.092239940927173136e-01
4.071696894660780663e-01
3.997202088341707538e-01
4.009971311001253036e-01
4.011290284746214518e-01
4.096114446592117320e-01
4.052690972792111768e-01
3.991338603290465192e-01
4.037606455253253124e-01
3.983830722687928261e-01
4.030587086473503833e-01
3.988939841981349321e-01
4.004391590540348767e-01
3.975355168269915085e-01
3.984635043609128235e-01
3.988660651403581614e-01
3.995995358692316368e-01
3.990508122973430716e-01
3.984021399857503587e-01
3.982390916886325294e-01
3.989839943550195223e-01
3.981877364290200005e-01
3.977790542442607991e-01
3.974312620270190610e-01
4.027490635478424563e-01
3.978992493028884470e-01
4.003827688984627486e-01
3.959070117570077652e-01
3.974031871129459215e-01
3.969981171572157241e-01
3.977602447998630497e-01
3.964903742993435287e-01
3.984375657453865238e-01
3.963115410420042228e-01
3.998977463694839418e-01
3.961769610172214406e-01
3.979485911681809318e-01
3.959184339726091184e-01
3.968971582865781222e-01
3.972311423361207239e-01
3.998057667778431301e-01
3.957382974822284405e-01
3.975720300574249189e-01
3.961678586255464318e-01
3.985529341445007145e-01
3.961590806487286232e-01
3.949637150690120113e-01
3.964047553045661476e-01
3.947588167349799226e-01
3.952188656303551317e-01
3.974348356321075193e-01
3.944393118116357733e-01
3.960480385726373176e-01
3.945095943319092413e-01
4.001474309525460682e-01
3.941584892497990711e-01
3.955708573327929578e-01
3.939193523232918936e-01
3.965530944512534184e-01
3.940691366404075469e-01
3.962195693306295174e-01
3.930317742945226844e-01
3.925696362039521881e-01
3.942483313647817122e-01
3.957138452977158050e-01
3.930825322867124716e-01
3.951389634163366971e-01
3.927153250323646150e-01
3.979770076731957151e-01
3.931679087758238045e-01
4.010307783770263312e-01
3.921750574474641149e-01
3.944718099757028029e-01
3.930523095417869928e-01
3.924827875207752004e-01
3.940551933606115664e-01
3.947767566011378682e-01
3.921790509181524165e-01
3.943575732849232685e-01
3.974407726890322179e-01
3.909157124879011347e-01
3.927151904842659524e-01
3.910208855042940912e-01
3.913931374003483676e-01
3.904545955732703355e-01
3.904656629096924236e-01
3.926508346700635088e-01
3.896053748927493787e-01
3.928486652135361190e-01
3.927504107568282610e-01
3.889483529568081854e-01
3.896451890695441511e-01
3.887628383964404355e-01
3.887924955863758525e-01
3.892191658267262766e-01
3.909892963632048968e-01
3.914618658325139666e-01
3.901817267095915587e-01
3.898627455038579104e-01
3.886676607802168060e-01
3.923735067811132127e-01
3.898561587626190317e-01
3.920923288570480336e-01
3.887936732181904165e-01
3.901940483105597046e-01
3.890003316646274412e-01
3.900007622392655526e-01
3.892138454593411234e-01
3.884765768159889610e-01
3.907611372179899956e-01
3.874710214233135219e-01
3.872903968312919609e-01
3.883253260612982150e-01
3.898067550830203731e-01
3.905241941479328238e-01
3.868884728966104358e-01
3.891652014755117017e-01
3.873326337249557438e-01
3.902060933907051110e-01
3.867130539366021025e-01
3.884067771083667964e-01
3.870670103990677124e-01
3.872200863994534892e-01
3.900708028552380968e-01
3.884596878200196057e-01
3.876706067453187243e-01
3.873370815956666546e-01
3.880969653561231469e-01
3.859824071680141300e-01
3.862079192700252905e-01
3.807774195022303187e-01
3.796877330809465545e-01
3.805423259449741691e-01
3.795789754243408809e-01
3.802720672701804805e-01
3.791841562341781158e-01
3.798570635096938930e-01
3.794447671744857198e-01
3.855328482984216043e-01
3.792884259818809500e-01
3.797520308991796378e-01
3.793325624287746667e-01
3.788957809489689188e-01
3.794136353105264647e-01
3.798275286269432449e-01
3.795930782736352538e-01
3.798718269213668397e-01
3.795995702108873049e-01
3.821773125409725913e-01
3.814854317765445368e-01
3.830046101204430120e-01
3.792087695919433843e-01
3.780736761741370633e-01
3.778980628676246734e-01
3.782333339390031024e-01
3.779760120620682118e-01
3.803234544506028936e-01
3.778961420187067488e-01
3.782843160552940565e-01
3.777793183721692705e-01
3.839439418951440253e-01
3.796989366949031774e-01
3.785246526987222082e-01
3.777794593308267945e-01
3.797731640656346608e-01
3.783409694801954659e-01
3.794935736692178763e-01
3.773364799752589316e-01
3.805526834907153599e-01
3.783338059515404805e-01
3.774877933437893462e-01
3.809856701673015045e-01
3.780097371325299993e-01
3.792564947901302941e-01
3.794170329953946430e-01
3.770788609281084391e-01
3.768474431454420515e-01
3.774587135765317680e-01
3.773806354133019680e-01
3.783320223028222573e-01
3.789432842956609870e-01
3.776388759349683655e-01
3.765242021650028192e-01
3.771452540790616870e-01
3.774486504140724397e-01
3.766243709475157742e-01
3.798082458439559495e-01
3.771076027174341538e-01
3.782394432205496981e-01
3.774770626620374547e-01
3.787106264739823480e-01
3.773624367669562440e-01
3.788107116137274799e-01
3.770348996400424424e-01
3.772209388067126468e-01
3.764808552445940149e-01
3.848412707580896042e-01
3.767940944328730946e-01
3.805642985193407046e-01
3.764195081884685878e-01
3.793386711431623315e-01
3.760127366246185932e-01
3.770535960917124618e-01
3.760310007852886161e-01
3.765236755735980601e-01
3.784194579161850314e-01
3.811901544342045645e-01
3.764968408841579683e-01
3.804697570732257228e-01
3.764853672067666746e-01
3.791123776752172159e-01
3.785585581669287936e-01
3.754667079972328625e-01
3.770053670314382765e-01
3.770122880264358822e-01
3.754596363613151855e-01
3.812239930757101991e-01
3.742276677705339560e-01
3.735404534602703164e-01
3.745830867008795861e-01
3.736145615993162195e-01
3.735852127991900473e-01
3.741555884276777100e-01
3.733475365685171021e-01
3.765308340500873596e-01
3.749631398298896579e-01
3.755342549525713669e-01
3.736748683808236438e-01
3.751361547340359426e-01
3.744466887386045939e-01
3.770444974957305462e-01
3.735748881269118082e-01
3.766636185573101203e-01
3.733652416727539780e-01
3.736080956592680025e-01
3.735085427691157700e-01
3.746304423262470373e-01
3.737945318827237684e-01
3.717791171333216793e-01
3.724227386371563586e-01
3.742339545127245648e-01
3.726745237140829947e-01
3.776272447068092508e-01
3.725225380230356986e-01
3.722644212317051671e-01
3.717736438791631737e-01
3.773526855232408606e-01
3.715604428604112330e-01
3.750463271914096786e-01
3.715733747330892123e-01
3.723116699086774783e-01
3.712145739744523443e-01
3.713518012299406590e-01
3.718500925617129749e-01
3.725991227543075657e-01
3.713970690003761677e-01
3.752427689097176944e-01
3.713329824654604816e-01
3.731185460106122842e-01
3.724591351815823570e-01
3.758088521353692979e-01
3.712411025132739684e-01
3.740452969260071314e-01
3.714292283920943016e-01
3.772353257240406155e-01
3.722347684438346294e-01
3.735493851171611812e-01
3.716194988484583517e-01
3.727218611719604335e-01
3.725044410494388614e-01
3.748755094312389291e-01
3.722085745708107463e-01
3.759483783170588511e-01
3.727450940282467928e-01
3.738822043364721237e-01
3.712585548835014571e-01
3.712899705028440689e-01
3.716056844348882282e-01
3.726949315936429197e-01
3.713444891008454429e-01
3.711439261355863328e-01
3.714772766995919628e-01
3.775706741007445744e-01
3.712374655047739891e-01
3.748396579111311078e-01
3.717708317940810470e-01
3.716238540581525696e-01
3.713948949422871126e-01
3.725348039027081004e-01
3.714020593581472407e-01
3.719959708095008644e-01
3.709915345675673382e-01
3.731363713495852719e-01
3.709047655814230460e-01
3.726215200534434002e-01
3.712777539669186444e-01
3.722220612207345347e-01
3.713702719885154102e-01
3.733876954154497496e-01
3.713113136910621837e-01
3.729341320360101686e-01
3.716884183784306961e-01
3.733499339460979449e-01
3.722488513102680252e-01
3.712604331555406922e-01
3.719872593289463292e-01
3.715785969087344598e-01
3.715600330696207099e-01
3.734075033532989751e-01
3.717286161105258224e-01
3.714094254776774684e-01
3.714908317206365163e-01
3.716651984041743351e-01
3.723172798726692712e-01
3.708415493979701494e-01
3.714237606843009964e-01
3.707467835260002675e-01
3.718021786016092456e-01
3.710861515411287281e-01
3.710985225663399611e-01
3.712882190285272666e-01
3.718005181499409728e-01
3.704078852941286581e-01
3.704548529882851771e-01
3.704345816598815788e-01
3.700256426538989230e-01
3.702960899265509975e-01
3.702842726028728326e-01
3.704037076888927471e-01
3.707449690145069865e-01
3.705697338863425672e-01
3.711196301467569181e-01
3.701040845661523471e-01
3.706432756747193857e-01
3.703224689564262873e-01
3.698688233851932239e-01
3.700625593296326676e-01
3.703188503891479133e-01
3.707580777497858637e-01
3.690587814950321843e-01
3.693955607252304985e-01
3.693741152603302602e-01
3.690703734376472589e-01
3.695746241079226890e-01
3.690435313470292189e-01
3.696148250215359754e-01
3.690321460202051762e-01
3.696316191353196112e-01
3.693705122241783267e-01
3.695392512046402622e-01
3.690846319143434862e-01
3.692440602592257370e-01
3.692569676646574872e-01
3.692456742965007921e-01
3.691577897235355787e-01
3.697233805936988027e-01
3.690292117920698778e-01
3.702899468856984955e-01
3.691612628673442420e-01
3.696308949914866027e-01
3.690103416001785375e-01
3.675010600984924269e-01
3.673017794845077066e-01
3.667886582908684301e-01
3.670641009732366622e-01
3.671014236323300040e-01
3.672605636277465613e-01
3.662029034740054145e-01
3.663573661136607096e-01
3.667835860469792486e-01
3.661187698144937053e-01
3.667680155641400708e-01
3.664403759047137887e-01
3.664962742720232480e-01
3.660787805858179422e-01
3.656437431084070822e-01
3.656643763342898312e-01
3.658580556315742527e-01
3.656974450211814553e-01
3.661858635553836838e-01
3.657965312019078041e-01
3.659062581227208177e-01
3.662769052004043457e-01
3.658130055669043812e-01
3.658441361073322962e-01
3.663776118063137299e-01
3.662621709523704583e-01
3.656974138596696955e-01
3.657018238407261368e-01
3.662597318557939685e-01
3.659128294651822766e-01
3.661891023648529142e-01
3.652759655341328848e-01
3.651923273727230024e-01
3.657699270750111586e-01
3.654888117366865141e-01
3.654266775563680958e-01
3.676421973979446811e-01
3.654928258804172048e-01
3.644825215410372188e-01
3.648326487587808531e-01
3.649577964419504217e-01
3.648956612437909697e-01
3.643829669370617363e-01
3.639468967822422907e-01
3.642250804225868333e-01
3.640098476814825346e-01
3.638078423468629197e-01
3.637678275540296435e-01
3.641921278068361856e-01
3.640270338914757264e-01
3.644666818590431290e-01
3.641227898531985141e-01
3.633260135552140446e-01
3.638437670865604656e-01
3.633800129522758993e-01
3.632342278147696057e-01
3.639229236307087167e-01
3.633539734154800915e-01
3.634140458144581309e-01
3.636457721269905630e-01
3.629701561960284595e-01
3.630997880495395735e-01
3.629172455582456713e-01
3.629011962949991732e-01
3.635048686357343906e-01
3.628957424340054638e-01
3.637573314033264449e-01
3.631082260609722057e-01
3.636286291599874487e-01
3.630310438493272729e-01
3.637784339744035700e-01
3.628127467680782869e-01
3.632728237919041758e-01
3.629100995371151162e-01
3.635238705651546720e-01
3.627005951167132647e-01
3.642521976965760189e-01
3.633874967807226852e-01
3.659846159377687091e-01
3.630226600038334861e-01
3.624178850532717155e-01
3.627558825282015120e-01
3.626689396012355848e-01
3.633829875212570282e-01
3.623530633322807892e-01
3.625279102280030141e-01
3.609749723197309690e-01
3.610114757144896602e-01
3.607919564000904300e-01
3.610708844438587639e-01
3.607984504287871097e-01
3.608164787534423046e-01
3.613165893401367734e-01
3.609631350025511165e-01
3.608205243251862981e-01
3.613191021551663273e-01
3.612192853618531596e-01
3.610596535468195700e-01
3.613618501027392460e-01
3.606562308408323148e-01
3.615483615302511611e-01
3.610756803438216478e-01
3.612663074116216899e-01
3.610393469657379173e-01
3.611102378534017388e-01
3.606172028804791041e-01
3.606386068859859240e-01
3.607543876377353742e-01
3.608086958115994669e-01
3.608124987369591974e-01
3.605203051798778757e-01
3.603470216470713305e-01
3.609612423721714758e-01
3.603813410981262511e-01
3.605227139831999050e-01
3.608056979462607727e-01
3.603021986052802328e-01
3.601002695054670855e-01
3.608205136669151436e-01
3.598886585922594916e-01
3.604494436233420807e-01
3.601738188984430211e-01
3.615653544868670521e-01
3.598937561849216982e-01
3.602003217847477567e-01
3.598647374851032810e-01
3.604321626890297781e-01
3.604445699387763824e-01
3.596667477317511685e-01
3.600869505508215163e-01
3.600940448463129662e-01
3.609127656687810548e-01
3.602539361749549918e-01
3.602300978674583543e-01
3.600958073263849646e-01
3.597147885606275519e-01
3.597548399211881742e-01
3.602271332414979099e-01
3.612285827117726056e-01
3.600204133056368327e-01
3.583301615880034041e-01
3.583137983976710794e-01
3.582918046880864127e-01
3.579387684679206649e-01
3.580873100738986570e-01
3.590609702447657980e-01
3.580647001533977525e-01
3.581066716324363131e-01
3.580062430335720358e-01
3.585387835443108462e-01
3.580094876238561485e-01
3.577111878024100688e-01
3.577553540682015254e-01
3.580696586635269130e-01
3.576580017832872715e-01
3.575963927228062444e-01
3.574831087324029655e-01
3.578638433470904268e-01
3.573405259495978092e-01
3.577984926897472828e-01
3.576443482500765159e-01
3.584205947106146595e-01
3.575424895129704628e-01
3.587935729033268628e-01
3.576521322932744162e-01
3.581535369708087058e-01
3.575301689673602290e-01
3.576639682928313690e-01
3.574373902028046279e-01
3.569265221648218467e-01
3.572231668987284614e-01
3.582411077136886668e-01
3.571034946625180617e-01
3.560831724159800871e-01
3.563084286652585253e-01
3.563287804721274599e-01
3.562042796670721323e-01
3.563144528351130380e-01
3.561323996785941692e-01
3.562468481432971568e-01
3.563187065506184248e-01
3.563506451407628117e-01
3.559763961234614915e-01
3.563609143376996191e-01
3.560041174912210171e-01
3.562275169039121336e-01
3.560204586638091029e-01
3.563452270642895603e-01
3.561617557828068992e-01
3.563212500704838748e-01
3.560023276315848473e-01
3.567546864232285508e-01
3.560215041148909187e-01
3.562924331037833903e-01
3.559983376394945109e-01
3.559177940237449045e-01
3.563246745942482696e-01
3.562818967396894076e-01
3.557193514841993642e-01
3.562020377827480599e-01
3.559197065468498455e-01
3.561193007335255456e-01
3.559072092277239530e-01
3.564947136550958851e-01
3.557396875125765634e-01
3.558592749685113299e-01
3.558051500999100392e-01
3.576471195510779744e-01
3.553061112897443752e-01
3.554205517083177113e-01
3.554118975764469224e-01
3.560172177022441486e-01
3.554156372352822446e-01
3.559424667699402356e-01
3.553711062703084345e-01
3.558036155704994430e-01
3.555196882413415027e-01
3.584286219000703544e-01
3.553462628978627524e-01
3.544708203371452759e-01
3.544162011815963909e-01
3.552463850669425605e-01
3.546900375349649193e-01
3.554883779120279752e-01
3.546683966252985876e-01
3.547202672258719658e-01
3.543547426650280330e-01
3.543645860764957356e-01
3.542266680727384487e-01
3.546332732529740572e-01
3.544029088661038718e-01
3.546836672132379631e-01
3.544570718513102570e-01
3.547292210406986501e-01
3.543488197597435274e-01
3.546612104340468585e-01
3.547927207258422255e-01
3.539751551618016689e-01
3.540354287330470529e-01
3.546194364221738615e-01
3.541174432381403170e-01
3.548455996191504092e-01
3.543068969901349563e-01
3.545636494822202445e-01
3.545192088156254862e-01
3.547813582932068388e-01
3.535636659524524772e-01
3.544738477092613804e-01
3.534406850351523577e-01
3.541596634728449433e-01
3.539252512333388445e-01
3.543679058734816589e-01
3.533903134452437977e-01
3.543154995011494890e-01
3.534888324181937880e-01
3.536182240663712784e-01
3.536844639630892795e-01
3.540685547354471274e-01
3.536056627914669348e-01
3.529496865588833687e-01
3.532098824399446668e-01
3.530197423491153730e-01
3.528401588439883940e-01
3.536088902931230904e-01
3.528497969295705805e-01
3.529278130234790867e-01
3.530300957138894913e-01
3.536360859083101382e-01
3.529367873959646240e-01
3.527841958450363968e-01
3.528508925212693881e-01
3.529547693095390626e-01
3.531729650651258545e-01
3.534935237173543188e-01
3.528046191493772188e-01
3.540766345866013243e-01
3.527803974137215803e-01
3.527834869709426391e-01
3.529030679408124982e-01
3.525439665578109505e-01
3.526702691292279424e-01
3.527347323421836101e-01
3.526630985337027013e-01
3.528025895782028742e-01
3.527222093175692019e-01
3.532655595869226284e-01
3.528311564532095601e-01
3.531651201783067573e-01
3.528682999694351397e-01
3.522320066715372011e-01
3.522262569735062909e-01
3.534693677209577722e-01
3.525259574073774660e-01
3.524845897389138893e-01
3.523683263892127826e-01
3.525141537412591064e-01
3.522490116028091367e-01
3.523148320839854519e-01
3.523685569769611226e-01
3.533788269708869056e-01
3.522487837314927095e-01
3.524412390089449176e-01
3.522980801105500825e-01
3.520706369772974575e-01
3.521823598479761896e-01
3.522711195365950676e-01
3.521221020903423926e-01
3.525536435339696739e-01
3.521662587295481539e-01
3.530964429788114312e-01
3.522763224215768596e-01
3.528121045282365809e-01
3.523382808164324254e-01
3.527333152315920151e-01
3.520222547018865278e-01
3.522426246618191037e-01
3.521715609842281380e-01
3.524416077767212330e-01
3.521641790965754915e-01
3.528080440459406830e-01
3.521031595593846486e-01
3.528948813320926803e-01
3.524360770022347267e-01
3.521529478489392462e-01
3.521529141952356445e-01
3.527770878527381471e-01
3.520971275271727596e-01
3.520953443927301585e-01
3.517780513612450144e-01
3.536302299862170151e-01
3.519791017822977985e-01
3.523595930334514348e-01
3.516836068947019056e-01
3.523145687290822337e-01
3.517081508132890444e-01
3.520842344774249288e-01
3.517325716574224992e-01
3.520815585720489249e-01
3.518390478876303185e-01
3.519943082158497605e-01
3.519281857694585014e-01
3.516535998110651984e-01
3.516087759266190438e-01
3.524666990590499260e-01
3.519357004350555651e-01
3.514545207802952098e-01
3.518661497440193076e-01
3.515387955445902768e-01
3.524782635806462672e-01
3.518797403804792001e-01
3.515258849524841578e-01
3.520499839311294066e-01
3.518944812433512648e-01
3.516196118899458378e-01
3.514676532039523460e-01
3.521746437158063681e-01
3.516942025484480205e-01
3.520027867431095858e-01
3.514593536614185609e-01
3.520302147077934429e-01
3.512497596074177775e-01
3.515576755652441987e-01
3.513420180711908092e-01
3.514797556720441474e-01
3.512773742871680982e-01
3.517164913744468824e-01
3.513489748189224104e-01
3.513685347624197486e-01
3.513509741229878802e-01
3.517548759999334362e-01
3.516375293165180937e-01
3.519149252523406379e-01
3.516177450540516336e-01
3.515484848211428703e-01
3.514062022745940150e-01
3.520498938501261388e-01
3.513607468087125429e-01
3.518328900065685327e-01
3.513072046341416121e-01
3.513936971504652007e-01
3.513184412189903627e-01
3.521259757466646545e-01
3.514505382084386342e-01
3.514610052766907744e-01
3.513138786461846297e-01
3.509756440636413455e-01
3.510750673452847637e-01
3.515701004304687127e-01
3.510323890802689029e-01
3.508477505068641200e-01
3.510078037460098166e-01
3.507107269708192310e-01
3.509197858237996792e-01
3.508498998555560355e-01
3.510314282887394000e-01
3.512905034960247530e-01
3.508955294277844028e-01
3.509724389335371897e-01
3.507527075822052254e-01
3.510635454804538758e-01
3.510413633379109166e-01
3.511967304346670371e-01
3.509027396876771565e-01
3.510360878009580743e-01
3.509373583257744400e-01
3.508458186097156428e-01
3.509737396756609784e-01
3.516061709055944284e-01
3.507769683140500860e-01
3.509234609559582774e-01
3.508652502073892343e-01
3.507254479679909331e-01
3.509450224921521477e-01
3.517083136834492363e-01
3.509348398315609296e-01
3.519606570406852430e-01
3.508910344150000249e-01
3.515726354542007548e-01
3.508527417823757988e-01
3.511905423132700155e-01
3.509157473384684756e-01
3.516447812035538578e-01
3.506628956557513166e-01
3.508223267848505356e-01
3.508269813984357666e-01
3.505083184358844806e-01
3.509263544601528562e-01
3.503054304067091396e-01
3.501671911550398586e-01
3.503729083516172182e-01
3.502309927306684334e-01
3.508453132166086674e-01
3.502517634424656690e-01
3.501112859418971657e-01
3.499187249249363640e-01
3.527439311860521287e-01
3.501024422672791014e-01
3.504544242461975490e-01
3.501029830472786042e-01
3.502417509927130412e-01
3.501514363218490855e-01
3.489883147442888744e-01
3.494165642590322807e-01
3.490395106704175521e-01
3.490588327804899360e-01
3.492975991024649396e-01
3.488592125321001158e-01
3.492101807764568799e-01
3.491100362889395514e-01
3.494280361791358147e-01
3.488712802899588961e-01
3.493285396630471662e-01
3.488386393747425207e-01
3.494648707826440992e-01
3.488742146962005575e-01
3.495383409319365864e-01
3.490550059887108647e-01
3.492568789824339603e-01
3.492528725067314266e-01
3.488786019562497565e-01
3.489256280341458960e-01
3.488979980953275106e-01
3.487041384761636609e-01
3.496693585255635783e-01
3.492303664827360876e-01
3.491054880504358415e-01
3.489326253261132438e-01
3.496943963068006589e-01
3.488787351025549599e-01
3.486850147241429831e-01
3.488266181433968827e-01
3.487373866155271673e-01
3.488408092584197040e-01
3.487949677735624476e-01
3.487551196392345565e-01
3.485233145012423539e-01
3.484447292946909469e-01
3.487574206165334756e-01
3.485024251193423739e-01
3.487323513767464633e-01
3.484905453368866701e-01
3.490518446083996085e-01
3.489506855189677959e-01
3.483104498006971972e-01
3.476698609209344371e-01
3.479054027924038950e-01
3.479164154805558518e-01
3.482233661484908094e-01
3.476937560495326762e-01
3.479545812446043218e-01
3.477639221083625998e-01
3.478240023834255901e-01
3.477520940002907235e-01
3.477946613175084134e-01
3.480293916046458547e-01
3.482864549427833190e-01
3.477737600877869872e-01
3.478866460311434428e-01
3.478808309209147076e-01
3.480433826151080323e-01
3.473927118316275653e-01
3.477916741240907883e-01
3.477148911582261803e-01
3.477642660587148549e-01
3.474457080100652462e-01
3.477958873260778017e-01
3.471632319864665916e-01
3.472439923100437698e-01
3.472262897375947288e-01
3.474341742139146483e-01
3.472339427660794398e-01
3.479541933723173108e-01
3.471783190512033879e-01
3.474650077160945094e-01
3.471519190113407372e-01
3.471220294682451080e-01
3.474150757520637067e-01
3.488514216403415524e-01
3.470954403753047091e-01
3.478170969412661129e-01
3.473920702911427183e-01
3.472725734993676872e-01
3.471700438463894423e-01
3.475533994379177427e-01
3.473439418374534848e-01
3.476015212220254780e-01
3.472814125241874827e-01
3.473523647533263703e-01
3.470984856178551681e-01
3.476014608883200019e-01
3.471537597688639232e-01
3.475237364960785946e-01
3.473982498832209886e-01
3.472448376940696080e-01
3.471648898602744948e-01
3.474777042137436878e-01
3.470787941737819016e-01
3.477284717472033937e-01
3.471399540569534148e-01
3.479828269332443380e-01
3.470112770715267358e-01
3.475727842687200142e-01
3.470282652217500652e-01
3.471781911715603464e-01
3.469349104589772304e-01
3.471500053770216199e-01
3.472398253752523867e-01
3.465224962564635303e-01
3.468414238395488569e-01
3.471231521741022230e-01
3.466620246469696576e-01
3.471070859142197929e-01
3.466872506191568948e-01
3.469539309686703876e-01
3.466114982473919026e-01
3.464687878545708033e-01
3.464745829249575304e-01
3.477062583186659173e-01
3.466354294561001526e-01
3.466771793939048552e-01
3.467520327318907580e-01
3.469179141936689637e-01
3.463160773926068359e-01
3.461391283673881381e-01
3.466240096770470402e-01
3.460514818746614485e-01
3.464599266871736805e-01
3.469057637589538223e-01
3.464140080154657908e-01
3.461490025763961920e-01
3.461160574745212326e-01
3.460615741446265159e-01
3.459038004891774598e-01
3.460216438663021310e-01
3.462895595761094625e-01
3.457861509013195889e-01
3.461942956048381648e-01
3.467826065814009207e-01
3.459586712183125856e-01
3.464427912172111101e-01
3.461509619900705603e-01
3.458364741773602979e-01
3.458252629973926351e-01
3.459014864257660138e-01
3.460169290634913519e-01
3.458993089618649930e-01
3.460492294103405531e-01
3.477725434047225228e-01
3.460228040030288166e-01
3.455287222903553057e-01
3.458988953635294128e-01
3.463252123520298986e-01
3.457923890004354628e-01
3.464326766270599545e-01
3.457335445009670494e-01
3.457633248009444604e-01
3.455738155908019693e-01
3.451456551549163532e-01
3.451938075874674827e-01
3.453197090832254013e-01
3.448367817291083104e-01
3.446960699342141998e-01
3.450686907599365694e-01
3.452164697420224138e-01
3.448411352904339755e-01
3.445314344455748246e-01
3.444537649225468123e-01
3.450216048684653369e-01
3.444910548853495902e-01
3.451613906190476588e-01
3.448243289919109000e-01
3.445286286101475470e-01
3.443732420875141864e-01
3.446613616731309948e-01
3.444258043625974541e-01
3.446115919205247069e-01
3.444886764859672601e-01
3.447625804197226307e-01
3.446378122718895542e-01
3.447940909178731639e-01
3.446758792399987614e-01
3.448102778035438964e-01
3.442369099694707613e-01
3.451703336736450800e-01
3.446926176440361367e-01
3.453962597370139331e-01
3.442948070949530259e-01
3.454633660141518958e-01
3.446800069994640503e-01
3.437224128522701760e-01
3.435974264255928223e-01
3.441883965545941559e-01
3.438411132726012509e-01
3.438799323203273195e-01
3.435956025583634665e-01
3.443106852527231254e-01
3.438450531729958515e-01
3.441527806727847083e-01
3.437764073113128704e-01
3.443992693203443145e-01
3.441378644051787949e-01
3.441517443393394826e-01
3.446077528348303609e-01
3.430336919637638760e-01
3.435606640070894002e-01
3.435335536718759353e-01
3.437666070274185137e-01
3.427085449354589919e-01
3.432780869506733556e-01
3.426924723089906921e-01
3.430981238322697857e-01
3.430499217867196138e-01
3.428528906659024655e-01
3.425687579629389523e-01
3.421748530509149955e-01
3.437647968568117163e-01
3.422811435718119966e-01
3.426377090121839331e-01
3.422455530418957448e-01
3.424785141182334347e-01
3.423999875837774876e-01
3.420121178365440051e-01
3.421803502341154157e-01
3.428514444791924687e-01
3.421317522341171258e-01
3.424799933742540547e-01
3.420554848662541447e-01
3.422188819942978966e-01
3.423909185229578878e-01
3.425742801583401276e-01
3.418988022562373108e-01
3.425258604691311382e-01
3.422046115757960694e-01
3.419491575674428741e-01
3.423613255160712909e-01
3.424959151168794902e-01
3.421214471401624602e-01
3.428368825129020636e-01
3.418078110201329123e-01
3.420010554285389803e-01
3.419207823910422883e-01
3.421291642583411119e-01
3.416961837544038039e-01
3.416987077299399322e-01
3.416833401769672762e-01
3.417247961865631511e-01
3.419531737061572985e-01
3.412017121819204135e-01
3.411773816505221379e-01
3.416003791990738780e-01
3.414807981734613862e-01
3.412886756343773698e-01
3.412693066593495139e-01
3.408733135577086126e-01
3.410348025245441006e-01
3.417135394477301413e-01
3.410972455808960468e-01
3.418119868249879789e-01
3.409747704175319361e-01
3.413093145128895389e-01
3.408594282255961727e-01
3.410343613882462765e-01
3.408495950792663765e-01
3.417899118585789875e-01
3.408170958250770211e-01
3.412468937042688610e-01
3.412648550424839944e-01
3.409081992204542888e-01
3.409082571586731225e-01
3.420213393372296684e-01
3.408936267069896942e-01
3.411574030662208323e-01
3.408132211805804390e-01
3.413209273861614879e-01
3.407178583746633960e-01
3.418273567891747522e-01
3.406715543481957376e-01
3.409508319673243415e-01
3.407167671152734334e-01
3.408242147145797984e-01
3.412864390615128474e-01
3.407777251242366523e-01
3.409043537970302129e-01
3.408302638583408650e-01
3.407110434624442963e-01
3.422391795379181589e-01
3.404769775987179226e-01
3.404597276183403687e-01
3.411354806759672176e-01
3.408024288170120042e-01
3.406398691503544351e-01
3.407074296746505082e-01
3.409539784475831281e-01
3.400419164915020609e-01
3.406346481406858917e-01
3.406151081141661763e-01
3.403838759538083680e-01
3.414868010837122658e-01
3.400322310501791012e-01
3.399492283357276601e-01
3.399429391765026454e-01
3.400381987505380343e-01
3.401773607214259032e-01
3.407787220393755923e-01
3.403930878646155844e-01
3.402560551626428453e-01
3.404649581631596367e-01
3.405575847555545876e-01
3.399713651853028540e-01
3.401990847935182916e-01
3.401038191318147552e-01
3.404641374836721579e-01
3.402550374470504346e-01
3.405237588292481798e-01
3.403394719396306556e-01
3.399544223955044409e-01
3.401916106471227774e-01
3.412273925591145507e-01
3.402116997246905639e-01
3.396183993165534654e-01
3.398144015822549546e-01
3.407884879503214060e-01
3.397816101621043972e-01
3.392900162931588026e-01
3.397286745875907066e-01
3.402349599598221142e-01
3.396711045377414639e-01
3.395101432471279712e-01
3.394111361009472527e-01
3.400753573919149675e-01
3.397462912847524774e-01
3.395208940367777095e-01
3.392213431670652035e-01
3.394790300610760481e-01
3.392828720157058942e-01
3.388661634046082893e-01
3.392091689092244788e-01
3.391801406576514522e-01
3.389201284055998187e-01
3.393709058616589114e-01
3.388866303284649995e-01
3.398543265665104895e-01
3.390036522672188468e-01
3.392710003303347488e-01
3.390249486434189219e-01
3.395970527477381040e-01
3.390453073052560606e-01
3.403692388647505673e-01
3.390376600182339883e-01
3.392989464348447060e-01
3.386125582645068688e-01
3.387391099240873449e-01
3.384642987861849472e-01
3.388378270717175011e-01
3.389742994050196079e-01
3.385849180220934507e-01
3.384362231448868608e-01
3.388665352609767090e-01
3.388130113554350675e-01
3.395938230591082352e-01
3.383903107386584397e-01
3.384829598845948695e-01
3.385677426077937091e-01
3.388088182837500906e-01
3.388890087519180749e-01
3.384636302863420765e-01
3.382973742341383594e-01
3.395650797769689255e-01
3.384961096525291868e-01
3.387907744549525368e-01
3.383749329177641041e-01
3.380986115877590015e-01
3.383825469868867453e-01
3.388538673242462163e-01
3.380663565482792121e-01
3.391147141203726401e-01
3.377886688548632499e-01
3.376426180101204655e-01
3.376499317906674902e-01
3.374994301087784754e-01
3.374372646610436233e-01
3.376412973598594269e-01
3.376348015374309175e-01
3.377034810313540580e-01
3.378074966984818128e-01
3.381908906247786395e-01
3.380468054162741876e-01
3.382282860005013658e-01
3.375682276624696332e-01
3.384457455710797036e-01
3.376015355397463114e-01
3.382240910064716055e-01
3.375781473630845020e-01
3.381575312152961810e-01
3.375820219265794897e-01
3.372771027053599879e-01
3.375726074262705989e-01
3.379606304259448746e-01
3.373730659275918642e-01
3.377594990942803799e-01
3.375287215176891453e-01
3.372313516914321463e-01
3.379190352219164639e-01
3.370254620920698496e-01
3.370567548169414174e-01
3.373118564553612142e-01
3.369347987741053707e-01
3.386876817056307387e-01
3.371219288295144723e-01
3.373685056716053676e-01
3.369451105388068801e-01
3.378637357880369119e-01
3.369420526462995613e-01
3.368775417232689473e-01
3.366868769511898174e-01
3.365539704043505331e-01
3.367928287057238013e-01
3.370431904021823355e-01
3.373905125408935279e-01
3.370325021832763501e-01
3.366294635836888371e-01
3.368588421741438022e-01
3.368174331023855994e-01
3.372989849933616946e-01
3.368635413951390767e-01
3.371004451247222589e-01
3.365078836463606948e-01
3.364506327516836870e-01
3.366844612350547439e-01
3.360825838785020947e-01
3.361270053756826859e-01
3.359868150661943220e-01
3.356180835885482217e-01
3.362530535021373002e-01
3.356855299198619469e-01
3.359891599853885857e-01
3.360984873574782150e-01
3.358551396002268374e-01
3.359100645013879949e-01
3.360038748699152311e-01
3.355639485914573283e-01
3.365539994606083773e-01
3.357177209510459615e-01
3.358286850947240776e-01
3.354743517178815360e-01
3.360929490100605932e-01
3.356070022776003192e-01
3.353872788215689349e-01
3.357931077908335449e-01
3.348857908730215049e-01
3.349027889878990472e-01
3.353376144882641019e-01
3.347462258424987458e-01
3.348505472106624858e-01
3.351410348726308608e-01
3.351411425708046843e-01
3.349420439572675101e-01
3.354365941052844802e-01
3.347964001377663479e-01
3.344599221630258912e-01
3.344300300892881217e-01
3.350719780127291991e-01
3.345340019668132103e-01
3.346658037799519758e-01
3.344534836911523534e-01
3.351316846124323678e-01
3.346168913584707805e-01
3.343295464650071214e-01
3.345171781350866347e-01
3.346486637936486597e-01
3.345357852012388333e-01
3.348147907327473916e-01
3.345499783179715636e-01
3.342418964142650495e-01
3.344714755595528111e-01
3.352711802372010941e-01
3.344973095161963839e-01
3.351432687960613777e-01
3.341990014015111532e-01
3.360316490079887641e-01
3.351309142943348918e-01
3.346259279957316535e-01
3.343979257983212827e-01
3.347171828052545872e-01
3.340219125172692038e-01
3.336207075266786615e-01
3.337498924489801233e-01
3.342660866605789427e-01
3.341065444484679903e-01
3.340398712437313011e-01
3.337061351438137535e-01
3.342657752047923925e-01
3.337822051544700463e-01
3.340975153163817657e-01
3.338073066664458133e-01
3.334095537478279359e-01
3.332744078261612453e-01
3.342371199044764096e-01
3.334293616512556402e-01
3.345152882582607123e-01
3.334934738941693344e-01
3.338085930437548199e-01
3.332587341997649277e-01
3.335080426814786558e-01
3.332847513048410870e-01
3.338494322214813903e-01
3.332641598320230658e-01
3.338419990816123284e-01
3.337090409052050899e-01
3.333369229280837009e-01
3.335607806834205991e-01
3.333834062451259128e-01
3.334743942336561573e-01
3.334149787507027507e-01
3.332873380092565840e-01
3.341848878437864157e-01
3.333426309641391860e-01
3.334344344136287996e-01
3.336962905567870119e-01
3.336242656239684634e-01
3.336602751799543354e-01
3.336064584919214981e-01
3.332276964822740162e-01
3.333691823806484988e-01
3.335960061262087661e-01
3.341188345913785329e-01
3.332817950326028567e-01
3.340318028514658866e-01
3.338045282787811541e-01
3.332624834798902924e-01
3.336871209006285754e-01
3.343405732215330994e-01
3.337948613399215336e-01
3.339721265838156428e-01
3.331376914902385300e-01
3.327329349089709898e-01
3.329994617678197488e-01
3.329112077446624296e-01
3.328878897646222468e-01
3.328274904620964203e-01
3.332600891066846982e-01
3.328845475781319063e-01
3.327413018924288979e-01
3.322785048069932801e-01
3.326389328006140178e-01
3.324483713906808968e-01
3.323554224094155130e-01
3.324497908553797898e-01
3.323052397893190291e-01
3.322332883150502236e-01
3.321896559840173957e-01
3.327457930319063784e-01
3.321951066373942107e-01
3.326046559673190295e-01
3.326090569343825298e-01
3.317982554130444739e-01
3.320204078068533238e-01
3.326262491020374190e-01
3.321801455169971495e-01
3.330429537575543275e-01
3.322678262694410689e-01
3.319900631583541650e-01
3.321429397896614732e-01
3.317499481081158108e-01
3.322487079575047186e-01
3.319335957766674783e-01
3.323816768171036218e-01
3.320662480660184213e-01
3.316315746788534025e-01
3.319330305080817056e-01
3.317881677307455424e-01
3.324545641844788291e-01
3.315290524195730892e-01
3.318870244187517859e-01
3.316210596642811259e-01
3.315766889180166710e-01
3.318920635907459116e-01
3.319491096338093583e-01
3.318140420364533161e-01
3.314530769388991938e-01
3.316240573083617527e-01
3.322141102037065030e-01
3.319512420821037479e-01
3.309590978558083485e-01
3.309789553549485897e-01
3.314060367384507599e-01
3.312303630525176845e-01
3.315278580911065753e-01
3.310764182365938946e-01
3.310317166131858668e-01
3.311221530987212280e-01
3.308003521728456464e-01
3.310881204791102372e-01
3.309019998020650832e-01
3.313392359207432691e-01
3.308386189976791902e-01
3.306800703312121614e-01
3.310225261695379784e-01
3.310202518476622613e-01
3.315405836247913296e-01
3.307715400623879587e-01
3.308975543282891563e-01
3.307501152380140086e-01
3.318250010441401998e-01
3.309435182845931744e-01
3.306599776510666389e-01
3.307178349910617210e-01
3.308198731240287738e-01
3.308917247950293183e-01
3.312522881543570885e-01
3.306794624296165996e-01
3.309185211706872076e-01
3.307415370646136776e-01
3.308253399781340698e-01
3.311907377233315741e-01
3.309097354164518556e-01
3.303635014645547319e-01
3.305629834771106057e-01
3.304471230056545417e-01
3.303993118139355589e-01
3.303602182844330715e-01
3.313095364043164848e-01
3.303973747442577880e-01
3.303078421295146949e-01
3.302445338882801784e-01
3.307642281424509334e-01
3.305021596929397232e-01
3.307818430352076344e-01
3.303550845518550827e-01
3.306024458815900458e-01
3.303621995695883995e-01
3.311080417817039434e-01
3.305487457302738186e-01
