1.320211728289174768e+00
1.320346115888447525e+00
1.320804466283672429e+00
1.302330608855807315e+00
1.285171761411605384e+00
1.234943664612167646e+00
1.158640591989676061e+00
1.027457759247204505e+00
1.037569261893204642e+00
1.027457759247204505e+00
1.027457759247204727e+00
1.027427568551129378e+00
1.018609125935481252e+00
1.034985963537365716e+00
9.291085028431880222e-01
9.291085028431880222e-01
9.297477809166532214e-01
9.140132453033661397e-01
8.995891648812713859e-01
8.995891648812714969e-01
8.995891648812713859e-01
8.995891648812714969e-01
8.994269920286915854e-01
9.033010585924026170e-01
8.731763965373462444e-01
9.769942795291784998e-01
8.731763965373463554e-01
8.731763965373463554e-01
8.731763965373462444e-01
8.731763965373462444e-01
8.731763965373463554e-01
8.723739717789860126e-01
9.535754674031348133e-01
8.723739717789860126e-01
8.723739717789860126e-01
8.723739717789860126e-01
8.980662108410555344e-01
8.723739717789860126e-01
8.723739717789860126e-01
8.097195336727052162e-01
8.412653863014282196e-01
8.093929934911660018e-01
8.112085778843509676e-01
8.093914723266538713e-01
8.105271586133304673e-01
8.086385610948711999e-01
8.530965688595981700e-01
7.932093786742020480e-01
8.232170826471419955e-01
7.931999098444334484e-01
7.608833123914378049e-01
7.608762978644145747e-01
7.658970442941762657e-01
7.607299108866745208e-01
7.463182943890424026e-01
7.463182943890425136e-01
8.475151775184509573e-01
7.435999515776705593e-01
9.109581202196814775e-01
7.486578126626335372e-01
8.512254495926285802e-01
7.435999515776705593e-01
7.466145045779475353e-01
7.435999515776705593e-01
7.418107109347745753e-01
7.418107109347746864e-01
8.073360459336880179e-01
7.418107109347746864e-01
7.465634786027093295e-01
7.418107109347745753e-01
7.406936966418083967e-01
7.406936966418083967e-01
7.425057414230140651e-01
7.406936966418083967e-01
7.442739133897168236e-01
7.406936966418083967e-01
7.552746742061620111e-01
7.406936966418083967e-01
8.066035260513867433e-01
7.211397662843245238e-01
8.047455943017745028e-01
7.219904042709242020e-01
9.247809835976374959e-01
7.226730588358499796e-01
8.229540733746369963e-01
7.211415145629381795e-01
7.928942515491984588e-01
7.211330367344939152e-01
7.336241692985997487e-01
7.401831071254864058e-01
7.416483535965318064e-01
6.859278286252964429e-01
7.246825113321987422e-01
6.859193654607542712e-01
8.914790282944684563e-01
6.858434565431605900e-01
8.010357018006953878e-01
6.743775017472377620e-01
6.957312890159214058e-01
6.884535816899779448e-01
7.350254428774125603e-01
6.864150149800946066e-01
7.272599262823556954e-01
6.716887886951008468e-01
8.343811326846528598e-01
6.818078203419363215e-01
7.129106061601797606e-01
6.975248162965561605e-01
7.387265572717905959e-01
6.689166606358520895e-01
6.689166606358522005e-01
6.884177849735809707e-01
6.670597731414047438e-01
6.622356777897413505e-01
6.667607333974631123e-01
6.732074758063807396e-01
6.622356777897414615e-01
6.704787055621197478e-01
6.622356777897415725e-01
6.661960159492336109e-01
6.622356777897413505e-01
6.653476991907983917e-01
6.656190146808923513e-01
6.602138918558313474e-01
6.557653295809642291e-01
6.495815465945193878e-01
6.495815465945193878e-01
6.483040335101082352e-01
6.499627135953044421e-01
6.894138123675995766e-01
6.481366831765121850e-01
6.617871346141478428e-01
6.487793633480433142e-01
6.667420210012074966e-01
6.481317691904630029e-01
6.497155808789445430e-01
6.565834518643515194e-01
6.508953851275506297e-01
6.632950974842461989e-01
6.541948241913707607e-01
6.425263644364409554e-01
6.594842116518374597e-01
6.425112037001105003e-01
6.455168674318374489e-01
6.498666098303400585e-01
6.495773106456246282e-01
6.519121818084212538e-01
6.404450541139690145e-01
6.623125057792249581e-01
6.403164856885018574e-01
6.403164856885017464e-01
6.420644439822461580e-01
6.427232596078289451e-01
6.408142834990200321e-01
6.446660277486067070e-01
6.495735436927750905e-01
6.391066630290616057e-01
6.455232806974449122e-01
6.391066630290616057e-01
6.380102384593143716e-01
6.380102384593143716e-01
6.498920155834821966e-01
6.380102384593142606e-01
6.739041330914734562e-01
6.452982940186259286e-01
6.287558049038872721e-01
6.287558049038871610e-01
6.216250209453758613e-01
6.262809807752431901e-01
6.321142903357755971e-01
6.182026760666834431e-01
6.751754653924036953e-01
6.135855963151397585e-01
6.264110183286492051e-01
6.197600033565004995e-01
6.153457113944330592e-01
6.079217915047238074e-01
6.111053994236118614e-01
6.077915213175503206e-01
6.148541227450362578e-01
6.078913070079750014e-01
6.140720049323208363e-01
6.076288341462214859e-01
6.326317787688170435e-01
6.075923716700903920e-01
6.281014400954433308e-01
6.114714604676663168e-01
6.358006093470659481e-01
6.062511372638836882e-01
6.059066105896547816e-01
6.105929855001924755e-01
6.088334529035390741e-01
6.070547213874660786e-01
6.063717160671504569e-01
6.063126603709929618e-01
6.051988034648517756e-01
6.051988034648516646e-01
6.119957075194419893e-01
6.057488225228410128e-01
6.156215354161519437e-01
6.051988034648518866e-01
6.244660788231259918e-01
6.096243558229587078e-01
6.156818843142238817e-01
6.202587208192037460e-01
6.225981162246070344e-01
6.051988034648516646e-01
6.214893023979356501e-01
6.018210839677363699e-01
6.236170549030000121e-01
6.036000182392068369e-01
6.109228566755693368e-01
6.116534222483218652e-01
6.210321704694158340e-01
6.025221556567276204e-01
6.137763871494086310e-01
6.035903132276926319e-01
6.008265738693463476e-01
6.035859065889049857e-01
6.382606816476863454e-01
6.052580482444920307e-01
6.310176252140844433e-01
5.976565438388238283e-01
6.059555359445752964e-01
5.971311628228214152e-01
6.020765777033291188e-01
5.972853486775033804e-01
6.013680760091290045e-01
5.985181293520231982e-01
5.966952772373612657e-01
5.973717452656549520e-01
6.010951731127257558e-01
5.978521599536078535e-01
6.032779186366892255e-01
5.984288832155286730e-01
6.053185642758929230e-01
6.012868106572737403e-01
5.955008642300623212e-01
5.961889539037263930e-01
5.956943978932661699e-01
5.977493566049787432e-01
5.956993815982470908e-01
5.950989803411953494e-01
5.963624892369391306e-01
5.991227451419613992e-01
5.959801552911311306e-01
5.916161754445072862e-01
5.927007063806457587e-01
5.975402323869130061e-01
5.913202836563157261e-01
5.928437514658793095e-01
5.910548021659499662e-01
5.924397787724283715e-01
5.907053090182279309e-01
5.947760769115755242e-01
5.905593301402282114e-01
5.996995088835221921e-01
5.915889085389242075e-01
5.911546308129251859e-01
5.907565112719385114e-01
5.917503460938564608e-01
5.895813132616077867e-01
5.942457564766085998e-01
5.908621294941552859e-01
5.931370956445620735e-01
5.891348738549835318e-01
5.886407176143252373e-01
5.883490114134735105e-01
5.895378417614351996e-01
5.894455258032620382e-01
5.888309763113529494e-01
5.890180871416574870e-01
5.895526605663634623e-01
5.884367699534381879e-01
5.881359123350934359e-01
5.897068916531408300e-01
5.909844734976859026e-01
5.871963408662150830e-01
5.867561417403619473e-01
5.863415019295137309e-01
5.862772074954766266e-01
5.885179476941065912e-01
5.867251458607165571e-01
5.884674519057603304e-01
5.963294333931132840e-01
5.856879964649405190e-01
5.959908734654013607e-01
5.856407510125715143e-01
5.868020155224391576e-01
5.852746767282825946e-01
5.862966365636468336e-01
5.863352009480864435e-01
5.854021773115506422e-01
5.859595169556379712e-01
5.869500518355481589e-01
5.877717738444701023e-01
5.851149867277056771e-01
5.846260996648989794e-01
5.841202938670903011e-01
5.853147607216373505e-01
5.840163561104134704e-01
5.850483185657048280e-01
5.854158940507903086e-01
5.841987507873035446e-01
5.857713966616375778e-01
5.823892123181723113e-01
5.875697569629336758e-01
5.822505105595304764e-01
5.864341968262530846e-01
5.820827440382851936e-01
5.838650596749802579e-01
5.818905445218056638e-01
5.824878478575185037e-01
5.835267703389027671e-01
5.849312503882018177e-01
5.810722402730663649e-01
5.877567900947047175e-01
5.813590649056289417e-01
5.834947704014015191e-01
5.807661430056249019e-01
5.939518107849559581e-01
5.814745328252614032e-01
5.816693919923220379e-01
5.814641282413789414e-01
5.823765599214887345e-01
5.808284539797632373e-01
5.848930409012687015e-01
5.861483416862434126e-01
5.812833219167150567e-01
5.812209787870468158e-01
5.794319679192264649e-01
5.796890177825902990e-01
5.831352560655428396e-01
5.802747848753222470e-01
5.803186136187540312e-01
5.798953846777289423e-01
5.800449590393588206e-01
5.797444591013383164e-01
5.863291287083274295e-01
5.797163779141639717e-01
5.880030445980147791e-01
5.793494409073700613e-01
5.819058276932997931e-01
5.785273408372434423e-01
5.813878605302730262e-01
5.779465845807125746e-01
5.801158746780304964e-01
5.790004642630605103e-01
5.795536706933385185e-01
5.777338859671073967e-01
5.785689248748820956e-01
5.788800645835965319e-01
5.768079749108974141e-01
5.776921240169334837e-01
5.776483802568870285e-01
5.777615666116221460e-01
5.809041107096272194e-01
5.765437775627679784e-01
5.755809057225036440e-01
5.760134343430703963e-01
5.761490212024217294e-01
5.758263240953519491e-01
5.752741704792443400e-01
5.755642879524764943e-01
5.762620571682109949e-01
5.764284746074199717e-01
5.777406587455804488e-01
5.753630600039233434e-01
5.766053100854998670e-01
5.755885941025041808e-01
5.753081370831957253e-01
5.753730456457584186e-01
5.758438164145687210e-01
5.759363131082807508e-01
5.752126660863891017e-01
5.749979022785505212e-01
5.749216332093465276e-01
5.747027417623508105e-01
5.746329105026047879e-01
5.745335103402394727e-01
5.752687562724252412e-01
5.745057658669964207e-01
5.744108186742464817e-01
5.746716066851638161e-01
5.750639355955693421e-01
5.740690202482576776e-01
5.741011799936583948e-01
5.753700816943339014e-01
5.746181810476396201e-01
5.742447924294958872e-01
5.738886585824674036e-01
5.737188927920962023e-01
5.734741895714426940e-01
5.736472827704658384e-01
5.749700318176755864e-01
5.732367688590267463e-01
5.755402850332385079e-01
5.739770159779572500e-01
5.743884245586328152e-01
5.736180273587100364e-01
5.737297563213332730e-01
5.732157906871255815e-01
5.739385967119450260e-01
5.734193832549019376e-01
5.725763683085683953e-01
5.725595995016053985e-01
5.729582627673851514e-01
5.725804218295617032e-01
5.758848026396373720e-01
5.723243733785011722e-01
5.728816829530026800e-01
5.726137568013385248e-01
5.724013572709203412e-01
5.724582687080781440e-01
5.726101719260523470e-01
5.725271895807340083e-01
5.739918409692255086e-01
5.724952853035623068e-01
5.743419445682074187e-01
5.722476037835344531e-01
5.723732805113657118e-01
5.724390271343791081e-01
5.726977623649655014e-01
5.723149420824993339e-01
5.727892138211492234e-01
5.722175574219521277e-01
5.753037915438490302e-01
5.721987694203877206e-01
5.727612635357794968e-01
5.721108998584037986e-01
5.722137223813213991e-01
5.722031608488910015e-01
5.720374092894601192e-01
5.723332290331436534e-01
5.701290560464693513e-01
5.706019153680942368e-01
5.694492300887388225e-01
5.713358873172196262e-01
5.694778137012318497e-01
5.705231706374510603e-01
5.694637221335610011e-01
5.695564190778245051e-01
5.695809310888416688e-01
5.701616919820735596e-01
5.694969860559601083e-01
5.704343893874016524e-01
5.694290880607900673e-01
5.700492316653810176e-01
5.693410420948484818e-01
5.707596357046720303e-01
5.692808352812656070e-01
5.695110630165425292e-01
5.692729049232286842e-01
5.696092585546049802e-01
5.692843793052052570e-01
5.695055969711693145e-01
5.694063275627156973e-01
5.699324024715872739e-01
5.691661979240526525e-01
5.696427613789226685e-01
5.693010825135706998e-01
5.701137273074922129e-01
5.692098054533146767e-01
5.694538687486245809e-01
5.691489669733436063e-01
5.693665960598518483e-01
5.693181075547818493e-01
5.691725520686053974e-01
5.691483687507441491e-01
5.700416191755212081e-01
5.692905281482500968e-01
5.692551910801314508e-01
5.694170538307561369e-01
5.689642864917993093e-01
5.692938625324107660e-01
5.718803389579752983e-01
5.691073497787995095e-01
5.685630836979740366e-01
5.688126700838508354e-01
5.693019546471667081e-01
5.684817596069282608e-01
5.707311846731706328e-01
5.686669083022168891e-01
5.686541098008921491e-01
5.684373563176384758e-01
5.689192948278745110e-01
5.689255158918569144e-01
5.690025957850061156e-01
5.686075075355452313e-01
5.686808661943687504e-01
5.684415892417896687e-01
5.687104552475747976e-01
5.686113197072824033e-01
5.698172237341886381e-01
5.681677502042659089e-01
5.683463349184119107e-01
5.679439729622897115e-01
5.682240273409454590e-01
5.679764114835886835e-01
5.682355784891495176e-01
5.678177758438046618e-01
5.676888013692822366e-01
5.675380269917840170e-01
5.670680667659554475e-01
5.670431815492424921e-01
5.673126886079359332e-01
5.670542435173132612e-01
5.686973838989667351e-01
5.671224098659194413e-01
5.671071058258838615e-01
5.669227597664621143e-01
5.673121385954987828e-01
5.670945232571573680e-01
5.679490321862212809e-01
5.667337036559262353e-01
5.676510663531336709e-01
5.669461366727005514e-01
5.681423406925639741e-01
5.669340391892412345e-01
5.704190406172668926e-01
5.666868217335393476e-01
5.679707599070253909e-01
5.665699586678002442e-01
5.673831999457285002e-01
5.665393376560190486e-01
5.668221864747563510e-01
5.664952074165083840e-01
5.679209174473114352e-01
5.668531935565690461e-01
5.675832558948257223e-01
5.666508934499856487e-01
5.669487246627838983e-01
5.667628005248679379e-01
5.663949457634479545e-01
5.664144782050345439e-01
5.671878590505378126e-01
5.664854593012708106e-01
5.671542088392369507e-01
5.663634350045539945e-01
5.668825109122352934e-01
5.665650947996839770e-01
5.665094284159634119e-01
5.665017914216567974e-01
5.681215512001236423e-01
5.665701007174226422e-01
5.662141611538261676e-01
5.662796961201277401e-01
5.674258976701226365e-01
5.662751040211488895e-01
5.700898739089145240e-01
5.662017792000625382e-01
5.667777097383260854e-01
5.664443212877164902e-01
5.664244110387800513e-01
5.659947924884878301e-01
5.671777109094479075e-01
5.662429276843323755e-01
5.664303689775762596e-01
5.661298287178700983e-01
5.664940867317389550e-01
5.661612669100237749e-01
5.660425239829974808e-01
5.659920224639178876e-01
5.665191247383090101e-01
5.661242297420620018e-01
5.666584675853860720e-01
5.662895076379763637e-01
5.669717117949379936e-01
5.660979040067063428e-01
5.660078676000385167e-01
5.660445222338188476e-01
5.660180338634553943e-01
5.663477416157128852e-01
5.660786465427142256e-01
5.658971698125971894e-01
5.660915701843739489e-01
5.660225984466850102e-01
5.659120101610012332e-01
5.662204847240286387e-01
5.658876649618849175e-01
5.663319853392568826e-01
5.659462480787729177e-01
5.656840227656654285e-01
5.657697466942627207e-01
5.656914476270863412e-01
5.655105558343598293e-01
5.654911997298230908e-01
5.655724941847081189e-01
5.654374650671206703e-01
5.654904602903347843e-01
5.654335891516252266e-01
5.656285644314199557e-01
5.654433649998187317e-01
5.655656612758650503e-01
5.654411116159018258e-01
5.655639407140503616e-01
5.653758181672083882e-01
5.655055621478971561e-01
5.654331572082030855e-01
5.652844521943161116e-01
5.653012439440946446e-01
5.654962976356036064e-01
5.653114468334236031e-01
5.653245280173602172e-01
5.653297356232600546e-01
5.653365100104271734e-01
5.653066207792144526e-01
5.653710038234934787e-01
5.652968006037545345e-01
5.654394993623748089e-01
5.653816207892707890e-01
5.652960616249651515e-01
5.653217260224189245e-01
5.654777705984255221e-01
5.653333817803511963e-01
5.653554932519158083e-01
5.652803594941233634e-01
5.655804150756099657e-01
5.653332007005198445e-01
5.653582597693136425e-01
5.653252196812796893e-01
5.660737188278984755e-01
5.653944793733611807e-01
5.652333198482464294e-01
5.652419396212432501e-01
5.652956921074330232e-01
5.653171374235521629e-01
5.655275297770617771e-01
5.653088853722285645e-01
5.652161114539094866e-01
5.653345666447057161e-01
5.650698810831047414e-01
5.651255468244641422e-01
5.652053539743241428e-01
5.650259363787730749e-01
5.658258250588638072e-01
5.651000132690123801e-01
5.649973987857863644e-01
5.650251016200025234e-01
5.650813085380694822e-01
5.650338968564565523e-01
5.651915193516339198e-01
5.652359666596837862e-01
5.650335488180496801e-01
5.650329241669457270e-01
5.649779162861904291e-01
5.649369242518395007e-01
5.651179845385589928e-01
5.649945041907307175e-01
5.651301616601883682e-01
5.649457736925663776e-01
5.651221971126614285e-01
5.649242409613025595e-01
5.650021062101446834e-01
5.649280909669555095e-01
5.651026637047377177e-01
5.649403415736451439e-01
5.651620092805148543e-01
5.649590580389139971e-01
5.650087250024367069e-01
5.649492365319528364e-01
5.651647572752310777e-01
5.649482883031975433e-01
5.649715292425759872e-01
5.649579220463930573e-01
5.649778397247835482e-01
5.649376548209220639e-01
5.650694606189505809e-01
5.649217459576474365e-01
5.650518784380521575e-01
5.649444716992325644e-01
5.657671596504021405e-01
5.649189569506143371e-01
5.650840478904142206e-01
5.649431067939065798e-01
5.650033321883745074e-01
5.649093943624557967e-01
5.651031328044198165e-01
5.649127094695951534e-01
5.652456186555964157e-01
5.649066761803718251e-01
5.649299778067570221e-01
5.649127543916973027e-01
5.649088358367181373e-01
5.649453549108753858e-01
5.649288924150118740e-01
5.651036908848954265e-01
5.649247636423103680e-01
5.649641804831749825e-01
5.649089218469403040e-01
5.649463760329658246e-01
5.649188200644822411e-01
5.650469187982629649e-01
5.649047284864161522e-01
5.649530503629738298e-01
5.649215907036693185e-01
5.649324295458900691e-01
5.648957713357330990e-01
5.649234190108126663e-01
5.649045354426809329e-01
5.651001809527045339e-01
5.648942473616135329e-01
5.649371294467339100e-01
5.649160239777933912e-01
5.649079576332026731e-01
5.649037061196577891e-01
5.649247857601471523e-01
5.649194069763143755e-01
5.649182494434262791e-01
5.649098212786933804e-01
5.650543237407346098e-01
5.648972599200225986e-01
5.649460839981058635e-01
5.648952747814732778e-01
5.649343706650529207e-01
5.649049455500546602e-01
5.649020994642642846e-01
5.648964021492889342e-01
5.649202470008976018e-01
5.648981689443224319e-01
5.649130006386839931e-01
5.649070041565689149e-01
5.649134510879066928e-01
5.649258910191021776e-01
5.649482175456826960e-01
5.648990377760472192e-01
5.648939527493983537e-01
5.649124867388394255e-01
5.648976256464728340e-01
5.649107955867942454e-01
5.648904958732536841e-01
5.648900012235942292e-01
5.648900104484761986e-01
5.648736350737949552e-01
5.648644849729691497e-01
5.648676509141914437e-01
5.648664020575089317e-01
5.648707290845825790e-01
5.648736855219056441e-01
5.648626878556041175e-01
5.648543342938049383e-01
5.648555366304373049e-01
5.648624870855805113e-01
5.648577188557930562e-01
5.648568551415301675e-01
5.648564625466971911e-01
5.648609239288651107e-01
5.648552223530988181e-01
5.648634020574335723e-01
5.648530386673221715e-01
5.648522956578156951e-01
5.648539512328888401e-01
5.648707619112246503e-01
5.648528953179056122e-01
5.648607618253422835e-01
5.648563741648473524e-01
5.648530213439615366e-01
5.648504010925017305e-01
5.648491128252860483e-01
5.648491133960985566e-01
5.648648505818228971e-01
5.648513748328546358e-01
5.648555688117244955e-01
5.648526423154226483e-01
5.648535057306049989e-01
5.648510077144818231e-01
5.648484170658170100e-01
5.648471486219038828e-01
5.648481288968445480e-01
5.648489669437821714e-01
5.648551541791588804e-01
5.648746977640951572e-01
5.648648502096756951e-01
5.648451483146579299e-01
5.648504808406815680e-01
5.648442348875112318e-01
5.648458923293788736e-01
5.648482885094576744e-01
5.648543173220608171e-01
5.648432245836408905e-01
5.648403985939796090e-01
5.648412996836275068e-01
5.648559528568044552e-01
5.648462515930916528e-01
5.648402924651578783e-01
5.648472798348067592e-01
5.648565911031534492e-01
5.648362098774866169e-01
5.648344202196278196e-01
5.648364205379663439e-01
5.648415037892923207e-01
5.648360587232820196e-01
5.648442374204800664e-01
5.648349170046039758e-01
5.648411061588786142e-01
5.648355344456268412e-01
5.648432731712000887e-01
5.648320143643166258e-01
5.648343172231107268e-01
5.648304747966468309e-01
5.648362740867286513e-01
5.648373499471315284e-01
5.648380511413966243e-01
5.648337750094390985e-01
5.648354303850594560e-01
5.648297621561486626e-01
5.648389285537164239e-01
5.648292263060074037e-01
5.648380223355575769e-01
5.648318042844900910e-01
5.648802722946899557e-01
5.648379876600478910e-01
5.648437338135084973e-01
5.648277610085100653e-01
5.648360106209635578e-01
5.648348696967934179e-01
5.648287803150924269e-01
5.648280422406143364e-01
5.648305707551551924e-01
5.648299946680513939e-01
5.648451418831722526e-01
5.648265007295113493e-01
5.648540410372182574e-01
5.648293549540698288e-01
5.648335692151391640e-01
5.648252714090601367e-01
5.648327851083035922e-01
5.648257258038894557e-01
5.648390664753250023e-01
5.648279597541003838e-01
5.648397882224426292e-01
5.648251031436589686e-01
5.648299020801994530e-01
5.648231095985285499e-01
5.648358226863274822e-01
5.648251145377364280e-01
5.648354058381318543e-01
5.648222570913310481e-01
5.648262609310999993e-01
5.648227012239531719e-01
5.648404560041663247e-01
5.648242061640976752e-01
5.648327633799014036e-01
5.648242890918223624e-01
5.648370996169606029e-01
5.648243288290943909e-01
5.648227751367431715e-01
5.648280446940306954e-01
5.648209580062922841e-01
5.648260763380363869e-01
5.648191013367510616e-01
5.648191351215610112e-01
5.648184624829524214e-01
5.648188486660935537e-01
5.648187665847897998e-01
5.648284781920159814e-01
5.648188411881501780e-01
5.648234595667547264e-01
5.648183190982442037e-01
5.648216797056804239e-01
5.648180114137915098e-01
5.648155795617830766e-01
5.648146282065239498e-01
5.648160765964236329e-01
5.648146229231969517e-01
5.648153082970888139e-01
5.648154471839265112e-01
5.648180815158491130e-01
5.648158071252283863e-01
5.648161415784356265e-01
5.648153677509443193e-01
5.648144638930892025e-01
5.648131593460332667e-01
5.648141709609922900e-01
5.648174649976128725e-01
5.648122788326640498e-01
5.648104047499785674e-01
5.648086403738714623e-01
5.648102054001653549e-01
5.648119951412484685e-01
5.648105532600230516e-01
5.648089959545899985e-01
5.648093542688809032e-01
5.648125887879791307e-01
5.648085993616662748e-01
5.648060614783774191e-01
5.648059959896746252e-01
5.648065284791119467e-01
5.648080619167545890e-01
5.648076726756073862e-01
5.648082674805786629e-01
5.648072532356133157e-01
5.648064976465183573e-01
5.648075528791158817e-01
5.648063918398851246e-01
5.648063442869387663e-01
5.648082438407220351e-01
5.648111699128284258e-01
5.648052660941003111e-01
5.648084264363291140e-01
5.648074023817946099e-01
5.648123559822401107e-01
5.648068461337000246e-01
5.648065197026016504e-01
5.648057439598934693e-01
5.648041002989321324e-01
5.648042130035051400e-01
5.648052730267786314e-01
5.648044374498356612e-01
5.648068593793007519e-01
5.648048237238317837e-01
5.648052465374131526e-01
5.648049185771404357e-01
5.648133791918359403e-01
5.648039154934264561e-01
5.648072562853495571e-01
5.648033269577711346e-01
5.648045307355884503e-01
5.648032493208551275e-01
5.648095258763461413e-01
5.648036915031240390e-01
5.648048763089681401e-01
5.648055559683260451e-01
5.648036626253273296e-01
5.648046923582020762e-01
5.648080505043404642e-01
5.648055187955678402e-01
5.648030256763313384e-01
5.648038050873529503e-01
5.648040346908359544e-01
5.648034890310660305e-01
5.648033144220547808e-01
5.648024200902994618e-01
5.648029593206560506e-01
5.648041835246321307e-01
5.648029035378450136e-01
5.648022493611846162e-01
5.648016608341931422e-01
5.648039614642598183e-01
5.648024637065428566e-01
5.648030193600200866e-01
5.648014481211154347e-01
5.648039806675155816e-01
5.648011320419474846e-01
5.648034672028594549e-01
5.648017275713940188e-01
5.647974130204967969e-01
5.647978629399389439e-01
5.647977503852541492e-01
5.647987460223264922e-01
5.647987801536448194e-01
5.647983728838897877e-01
5.647979804620862909e-01
5.647957396664448071e-01
5.647962356297603348e-01
5.647954765621622242e-01
5.647957214832451944e-01
5.647954224968356751e-01
5.647979829311784439e-01
5.647954652487774396e-01
5.647980400360455011e-01
5.647974303786179595e-01
5.647957590630484637e-01
5.647955484453608399e-01
5.647937834777599919e-01
5.647933843816159705e-01
5.647937975266796862e-01
5.647938245063948148e-01
5.647939752670142477e-01
5.647938486631300936e-01
5.647918361807084953e-01
5.647917682480027013e-01
5.647918501118672774e-01
5.647923537005753447e-01
5.647914509838970476e-01
5.647916963142008973e-01
5.647907351466892045e-01
5.647905575845865167e-01
5.647902072974936294e-01
5.647905154910338732e-01
5.647911120910014127e-01
5.647898919859645206e-01
5.647904486366769339e-01
5.647902114821657937e-01
5.647899052749904003e-01
5.647925118982941584e-01
5.647922418287724122e-01
5.647901426927118829e-01
5.647882197487189559e-01
5.647880089744199417e-01
5.647885274960207092e-01
5.647877802661837032e-01
5.647888844872558378e-01
5.647886101265360281e-01
5.647878599662348176e-01
5.647878117974567402e-01
5.647873756051107197e-01
5.647874065962139589e-01
5.647901338052300213e-01
5.647872966121619820e-01
5.647883132354428737e-01
5.647871705536624543e-01
5.647878274453194125e-01
5.647871666181789596e-01
5.647881078078080819e-01
5.647874815415845351e-01
5.647895536201259503e-01
5.647870288518069826e-01
5.647893322842320041e-01
5.647871469696340574e-01
5.647887725751699062e-01
5.647871260735376486e-01
5.647878671793268301e-01
5.647869227290653882e-01
5.647873193746392184e-01
5.647869934358482613e-01
5.647897389928262513e-01
5.647861252479706717e-01
5.647850436172900945e-01
5.647851309744039705e-01
5.647856310618057929e-01
5.647853354322476260e-01
5.647874852735883522e-01
5.647848814717223442e-01
5.647849895624200700e-01
5.647852028227071663e-01
5.647856248837155313e-01
5.647847573201736360e-01
5.647858989538190322e-01
5.647851479374770278e-01
5.647857900815692611e-01
5.647848869616263201e-01
5.647846081727483369e-01
5.647847185307615092e-01
5.647870137914792199e-01
5.647849371314519473e-01
5.647840725447620391e-01
5.647845968783993253e-01
5.647845961355228983e-01
5.647840386953459912e-01
5.647848194968061453e-01
5.647844484207025229e-01
5.647839803876164577e-01
5.647841200168032261e-01
5.647863424977237479e-01
5.647843806776128295e-01
5.647848906201331509e-01
5.647837042807404284e-01
5.647839345630523145e-01
5.647837729173691423e-01
5.647850473001616578e-01
5.647840104060273259e-01
5.647844414508524924e-01
5.647838718007051062e-01
5.647845563339130015e-01
5.647836863437399879e-01
5.647841614515096698e-01
5.647863091106535283e-01
5.647812776385000566e-01
5.647828434150959920e-01
5.647799327527822655e-01
5.647803535208762993e-01
5.647805957449891778e-01
5.647790235149816596e-01
5.647798202051560468e-01
5.647809675657127215e-01
5.647792562500018043e-01
5.647801956322662242e-01
5.647791991299302428e-01
5.647795014023730964e-01
5.647793226290807045e-01
5.647796566601027690e-01
5.647789987603142325e-01
5.647797692552541937e-01
5.647786988323321156e-01
5.647804845464309276e-01
5.647785775131471953e-01
5.647780830156410303e-01
5.647788390248420498e-01
5.647784084581124464e-01
5.647781480785325492e-01
5.647788206233197439e-01
5.647782740729392348e-01
5.647786684701323612e-01
5.647776336495164973e-01
5.647778351364246552e-01
5.647775432718651345e-01
5.647774663800663175e-01
5.647772715610137606e-01
5.647776315471164654e-01
5.647774280181229178e-01
5.647779213898077577e-01
5.647774446342307408e-01
5.647774698824081785e-01
5.647771442689281107e-01
5.647775837263159238e-01
5.647776067159120394e-01
5.647804358689958448e-01
5.647791752852290292e-01
5.647761850050645460e-01
5.647782072041622747e-01
5.647766375652566451e-01
5.647759761553476920e-01
5.647751729773712315e-01
5.647751932401059438e-01
5.647759476478571017e-01
5.647753939505297804e-01
5.647753863044274736e-01
5.647754579748369697e-01
5.647810478182291316e-01
5.647753953743619437e-01
5.647757781294757695e-01
5.647752960628791286e-01
5.647762710973158740e-01
5.647752358581984433e-01
5.647770947723941282e-01
5.647751187133392969e-01
5.647757899194105757e-01
5.647769133022082499e-01
5.647746472447964239e-01
5.647743877972002391e-01
5.647769266859059556e-01
5.647755778705705332e-01
5.647748404942914968e-01
5.647746873212609042e-01
5.647771734920419284e-01
5.647740752930482389e-01
5.647715888801091433e-01
5.647728234506463885e-01
5.647720793850249388e-01
5.647713557345459545e-01
5.647716063200648451e-01
5.647710242832874039e-01
5.647711400123681669e-01
5.647712881377101590e-01
5.647709974338569472e-01
5.647708839047855811e-01
5.647709851622989552e-01
5.647711625283803327e-01
5.647710603341193902e-01
5.647772880460674161e-01
5.647708201125799521e-01
5.647686416515602659e-01
5.647685678192843062e-01
5.647687468574230651e-01
5.647698040546105247e-01
5.647688100158031466e-01
5.647684303711283382e-01
5.647689371445409057e-01
5.647672574969296866e-01
5.647677384460246808e-01
5.647695115803743615e-01
5.647674229378244481e-01
5.647691065850432013e-01
5.647671362391939454e-01
5.647680380381555620e-01
5.647674708257338638e-01
5.647682946856945607e-01
5.647673030057106525e-01
5.647677731277080948e-01
5.647674936665115775e-01
5.647679388975612724e-01
5.647671763773340903e-01
5.647665491211677491e-01
5.647665929066352231e-01
5.647676962362341291e-01
5.647680138093965629e-01
5.647679930301388040e-01
5.647659179879398472e-01
5.647678621429390589e-01
5.647667866513506052e-01
5.647644177026948098e-01
5.647683588437839575e-01
5.647644593405032332e-01
5.647653428882116744e-01
5.647643807687330320e-01
5.647645718706629792e-01
5.647645516519081976e-01
5.647645599833577279e-01
5.647645539315562235e-01
5.647651718599252524e-01
5.647644742598869616e-01
5.647684781567064993e-01
5.647655161616326192e-01
5.647621066841777004e-01
5.647631316979666583e-01
5.647626637385310122e-01
5.647622601722855906e-01
5.647628221658806957e-01
5.647623118294775590e-01
5.647620319029501568e-01
5.647628074667812026e-01
5.647619024759645834e-01
5.647618276925189251e-01
5.647618122571725907e-01
5.647617749234878914e-01
5.647622435970041099e-01
5.647618012095901863e-01
5.647623352681254705e-01
5.647618191330138204e-01
5.647634105756528244e-01
5.647619216660280106e-01
5.647621654300584160e-01
5.647616268277135809e-01
5.647630697340598749e-01
5.647616948842222317e-01
5.647643817498332330e-01
5.647618879315222662e-01
5.647634087546643533e-01
5.647627521868464617e-01
5.647605696344862869e-01
5.647594678871629137e-01
5.647592457721014592e-01
5.647594067819743380e-01
5.647615802048923106e-01
5.647593752151468527e-01
5.647596133149265230e-01
5.647592532220141459e-01
5.647597927014479380e-01
5.647592645633114916e-01
5.647596260928939849e-01
5.647594252777048407e-01
5.647595912847110933e-01
5.647610804723115496e-01
5.647611376676485717e-01
5.647599440562673934e-01
5.647626329420429858e-01
5.647607078573400052e-01
5.647591321464762171e-01
5.647587871501136281e-01
5.647577246098790527e-01
5.647575236839209589e-01
5.647578824325028002e-01
5.647576860503631391e-01
5.647573129671764613e-01
5.647571715586128249e-01
5.647579387555856645e-01
5.647570725155826032e-01
5.647570900017361284e-01
5.647569291168014205e-01
5.647571998559050011e-01
5.647568333427697151e-01
5.647584447665044971e-01
5.647569309617335165e-01
5.647567861330962113e-01
5.647570125650960282e-01
5.647605441346460475e-01
5.647571973524936340e-01
5.647574199254049576e-01
5.647570711132738897e-01
5.647576756185515023e-01
5.647585476361658419e-01
5.647559004788285097e-01
5.647552616497646394e-01
5.647547337307032844e-01
5.647546714196869377e-01
5.647591165731377094e-01
5.647544937529648257e-01
5.647557188843624898e-01
5.647544661387671194e-01
5.647553522639168211e-01
5.647545767492714308e-01
5.647559361622608298e-01
5.647545077084377141e-01
5.647545857907227962e-01
5.647544864270136467e-01
5.647546045927930303e-01
5.647544798582783132e-01
5.647555181753374232e-01
5.647565346527161356e-01
5.647566072795817682e-01
5.647557334372440563e-01
5.647537571003935497e-01
5.647545701559691933e-01
5.647526782296947712e-01
5.647531844330229145e-01
5.647517147958245332e-01
5.647519980690528518e-01
5.647545620209969419e-01
5.647515814132952894e-01
5.647542663100572069e-01
5.647515777679755766e-01
5.647516154631445628e-01
5.647516527832446842e-01
5.647523820414914741e-01
5.647519090454733437e-01
5.647514570691196667e-01
5.647513768493459541e-01
5.647521048151363798e-01
5.647518058123220941e-01
5.647512910051583068e-01
5.647510980283778625e-01
5.647519613756423196e-01
5.647504489950224693e-01
5.647503835898217694e-01
5.647514162462013987e-01
5.647509555081418053e-01
5.647506084443693064e-01
5.647509244162486342e-01
5.647509586899801537e-01
5.647508105654397426e-01
5.647512875603191151e-01
5.647534710835686589e-01
5.647509091728046826e-01
5.647521877411714186e-01
5.647507552649758678e-01
5.647519610229847498e-01
5.647503886964988506e-01
5.647517354826866454e-01
5.647506276997202868e-01
5.647510822074763848e-01
5.647506533403965356e-01
5.647523231246318609e-01
5.647505865236510658e-01
5.647520604630444918e-01
5.647503044614248235e-01
5.647467498882885462e-01
5.647469022503942560e-01
5.647468979708915038e-01
5.647466328647243738e-01
5.647466439727495402e-01
5.647470204525681936e-01
5.647465715973648548e-01
5.647473875130115673e-01
5.647465354672978055e-01
5.647464711629942569e-01
5.647465431424413262e-01
5.647462975291064335e-01
5.647460474659530272e-01
5.647465560851406829e-01
5.647461085805088876e-01
5.647447860243582918e-01
5.647471689957949126e-01
5.647448039482549920e-01
5.647437587901882328e-01
5.647439378693694945e-01
5.647427914327062259e-01
5.647423480109305949e-01
5.647443777170689794e-01
5.647430636310961649e-01
5.647418654353373313e-01
5.647422726642257196e-01
5.647424987125970741e-01
5.647418245934029413e-01
5.647407591584842068e-01
5.647398576959898886e-01
5.647395703139483913e-01
5.647395510361741255e-01
5.647381478300905755e-01
5.647384871762293201e-01
5.647387693140050180e-01
5.647388825591399542e-01
5.647371473363884675e-01
5.647364561125938209e-01
5.647371846023518938e-01
5.647366566433636992e-01
5.647381765592109915e-01
5.647369165884298381e-01
5.647352259348938919e-01
5.647361378338048299e-01
5.647351997258530654e-01
5.647367956003789269e-01
5.647352456308669666e-01
5.647353978354571202e-01
5.647354833762139315e-01
5.647365046627046414e-01
5.647350589264061860e-01
5.647350391207077713e-01
5.647351298189244861e-01
5.647350341592466405e-01
5.647354921913889658e-01
5.647353985666008214e-01
5.647349717537702984e-01
5.647366227187426979e-01
5.647349817787693516e-01
5.647363877455682246e-01
5.647343529402567563e-01
5.647364553478511073e-01
5.647356646595090846e-01
5.647357013541375315e-01
5.647352504972913412e-01
5.647368642859801335e-01
5.647337057544465910e-01
5.647326778536394531e-01
5.647325347650813399e-01
5.647338803787013140e-01
5.647326064633437781e-01
5.647329542986005979e-01
5.647321537265382885e-01
5.647318877158692407e-01
5.647317454023211836e-01
5.647322127380502987e-01
5.647319200964940888e-01
5.647339694138355792e-01
5.647316524929202330e-01
5.647324241556477276e-01
5.647316846800359835e-01
5.647316115577150075e-01
5.647318540985487578e-01
5.647318987042222460e-01
5.647314812350655577e-01
5.647324615789981461e-01
5.647315780183562728e-01
5.647324943709920442e-01
5.647313961482348654e-01
5.647323027350279467e-01
5.647312043269413495e-01
5.647313985016870763e-01
5.647315001637372989e-01
5.647318407807249141e-01
5.647315928657790085e-01
5.647318332869846191e-01
5.647313807633534966e-01
5.647329253054662601e-01
5.647311311035818626e-01
5.647322179694995725e-01
5.647312816062596275e-01
5.647331167241054217e-01
5.647309353514253782e-01
5.647323022795734948e-01
5.647307575982212224e-01
5.647330689576074425e-01
5.647319324847794864e-01
5.647332217490460549e-01
5.647316502891678303e-01
5.647306377415530765e-01
5.647303929096272324e-01
5.647302781340373112e-01
5.647313534342279784e-01
5.647313156377414822e-01
5.647312487331044295e-01
5.647300718756697036e-01
5.647300307592731938e-01
5.647306131103771998e-01
5.647302461017359443e-01
5.647300431804291865e-01
5.647302185995909385e-01
5.647307113655325450e-01
5.647302654775356867e-01
5.647296488046804619e-01
5.647301781645406304e-01
5.647304593829302055e-01
5.647294540430316534e-01
5.647299176811718668e-01
5.647295469916925326e-01
5.647292084208361818e-01
5.647293440840623902e-01
5.647287438700037132e-01
5.647293422693252518e-01
5.647287568192566054e-01
5.647285690122028079e-01
5.647284747614150779e-01
5.647287140683301399e-01
5.647291064744799360e-01
5.647284853045553277e-01
5.647288021805048075e-01
5.647285581576922953e-01
5.647293890319177168e-01
5.647286982015695678e-01
5.647284661248063165e-01
5.647281357360590670e-01
5.647295287812365006e-01
5.647271188785172313e-01
5.647271552042821829e-01
5.647269593632542328e-01
5.647271465485459441e-01
5.647269133280405917e-01
5.647272113665712245e-01
5.647269785919636353e-01
5.647286294364790571e-01
5.647266765291965029e-01
5.647273643153434275e-01
5.647268368866464883e-01
5.647270314265002700e-01
5.647265729525757783e-01
5.647268698467758918e-01
5.647265814889668167e-01
5.647270128395525113e-01
5.647263812053310295e-01
5.647267821460549841e-01
5.647265173857010101e-01
5.647264581460023081e-01
5.647265878340300693e-01
5.647279399501042851e-01
5.647265071999755248e-01
5.647264229331101504e-01
5.647267724827111923e-01
5.647276635963255353e-01
5.647264106461618027e-01
5.647258556087093595e-01
5.647262525033605041e-01
5.647264241225163905e-01
5.647263896848407905e-01
5.647258037227652627e-01
5.647259660046156649e-01
5.647260224461061462e-01
5.647256178985797792e-01
5.647259514723828033e-01
5.647257493802165795e-01
5.647248091411485316e-01
5.647248793646438836e-01
5.647257190763548262e-01
5.647289299760662740e-01
5.647239901895059200e-01
5.647249667200160417e-01
5.647290326099148050e-01
5.647246158759209322e-01
5.647251447193460949e-01
5.647240938688979917e-01
5.647247357187447081e-01
5.647230703974068788e-01
5.647224373234193129e-01
5.647218377262329669e-01
5.647211947864465564e-01
5.647209258887893046e-01
5.647206048211151908e-01
5.647205965322825705e-01
5.647200375165558617e-01
5.647204107384312666e-01
5.647202836994968944e-01
5.647205138720635675e-01
5.647211558554980915e-01
5.647202722458002366e-01
5.647201056738507807e-01
5.647200332593043104e-01
5.647209807652471270e-01
5.647202392502320700e-01
5.647196306491500950e-01
5.647192873716120332e-01
5.647187003401815675e-01
5.647185579690114920e-01
5.647185445562004080e-01
5.647185715636870995e-01
5.647238497870649132e-01
5.647185150849105550e-01
5.647183227262546623e-01
5.647189590161184602e-01
5.647155959464844610e-01
5.647152648109861062e-01
5.647143755265789933e-01
5.647139066931389229e-01
5.647151343411662694e-01
5.647141361509430135e-01
5.647136914509364169e-01
5.647144140706747972e-01
5.647173777221583535e-01
5.647134632434471779e-01
5.647149064965540921e-01
5.647136317632170943e-01
5.647133282830706369e-01
5.647138957247228586e-01
5.647134972741054693e-01
5.647130522380314765e-01
5.647130952310575047e-01
5.647132745303968804e-01
5.647134011033385637e-01
5.647130599973347875e-01
5.647131913194198827e-01
5.647131242977370125e-01
5.647135836059317127e-01
5.647133377734933068e-01
5.647131386453979607e-01
5.647128618073651296e-01
5.647132278182628307e-01
5.647131579265194379e-01
5.647131695082903136e-01
5.647133727416600024e-01
5.647125132341264120e-01
5.647123997428009634e-01
5.647143029913376244e-01
5.647125075681410644e-01
5.647126163456650527e-01
5.647120757835104587e-01
5.647097613450183795e-01
5.647107385446580308e-01
5.647096365980017740e-01
5.647126519462248861e-01
5.647093151149874535e-01
5.647102934413409381e-01
5.647087091627482902e-01
5.647074042596759158e-01
5.647090513397701184e-01
5.647072648314336307e-01
5.647070370372304637e-01
5.647065390977605848e-01
5.647063214395540154e-01
5.647065008262155406e-01
5.647090296730113979e-01
5.647062257758785897e-01
5.647060706590327772e-01
5.647067827416195618e-01
5.647065504330462948e-01
5.647067145780414466e-01
5.647064308512176334e-01
5.647063105536551664e-01
5.647058225301432310e-01
5.647060902021392437e-01
5.647057885380019071e-01
5.647058792063385235e-01
5.647067543058555961e-01
5.647058853515620758e-01
5.647059323000123143e-01
5.647054414710490633e-01
5.647067556602770599e-01
5.647056204157054893e-01
5.647052555220973824e-01
5.647043119101238240e-01
5.647086886388374971e-01
5.647038210856828444e-01
5.647046796972884364e-01
5.647037413716382570e-01
5.647034574755809277e-01
5.647034925635818770e-01
5.647067760108375190e-01
5.647032427820395384e-01
5.647029751982935997e-01
5.647025554114734058e-01
5.647021393392412936e-01
5.647023776443227394e-01
5.647037693941185932e-01
5.647024785960204074e-01
5.647047713919312040e-01
5.647021144915039814e-01
5.646998993599117167e-01
5.646995862122493604e-01
5.646996686227316875e-01
5.646997792906608415e-01
5.646997962448144781e-01
5.646995802293697242e-01
5.646995567986754505e-01
5.647001565190249428e-01
5.646996581331544807e-01
5.647005236130828720e-01
5.646993553035799529e-01
5.646997723814313197e-01
5.646996180126988563e-01
5.646985334554348590e-01
5.646988713649335745e-01
5.646983178534460412e-01
5.646980733290564158e-01
5.647044503182589992e-01
5.646986126225599367e-01
5.646980586349130693e-01
5.646984155638562486e-01
5.646979099184010753e-01
5.646975385583413720e-01
5.646975583643776275e-01
5.647001871907030290e-01
5.646950862520112580e-01
5.646975969665672945e-01
5.646953888927669363e-01
5.646955877507325861e-01
5.646955060929355064e-01
5.646958037194067526e-01
5.646948387128775115e-01
5.646950817499492015e-01
5.646945011942171577e-01
5.646945491891137703e-01
5.646945599604281663e-01
5.646954123336987985e-01
5.646946811667202804e-01
5.646952078891838145e-01
5.646951820284076273e-01
5.647013990143707751e-01
5.646953636745033478e-01
5.646937991767251308e-01
5.646957858647289052e-01
5.646946471806595369e-01
5.646930927717260795e-01
5.646930190266233884e-01
5.646932499318275678e-01
5.646930940446592828e-01
5.646938424923307887e-01
5.646932377192585006e-01
5.646925819305295136e-01
5.646908741063985104e-01
5.646957456828610722e-01
5.646908463386759447e-01
5.646890415311067724e-01
5.646877031210131292e-01
5.646876878849502734e-01
5.646868155122684030e-01
5.646865865841246279e-01
5.646881066598591348e-01
5.646866906272097753e-01
5.646864034635373786e-01
5.646862331359668863e-01
5.646865570594261641e-01
5.646862310181800515e-01
5.646902618155035247e-01
5.646865771329367956e-01
5.646865929886943913e-01
5.646860047336663690e-01
5.646854027081482652e-01
5.646857498455967184e-01
5.646850612685951898e-01
5.646855583782145471e-01
5.646848956088239557e-01
5.646850235268781049e-01
5.646862256321975027e-01
5.646850655278350395e-01
5.646856649788999372e-01
5.646849591489886411e-01
5.646848540036589759e-01
5.646846658058846113e-01
5.646881542922288499e-01
5.646842771472985190e-01
5.646864690069504089e-01
5.646847709214702915e-01
5.646860127907759042e-01
5.646843386899693673e-01
5.646812419191753474e-01
5.646806244645973250e-01
5.646804641009409709e-01
5.646801051097518620e-01
5.646804868607089301e-01
5.646858918847168507e-01
5.646800195736862982e-01
5.646814789349640096e-01
5.646804014412706296e-01
5.646789868440595939e-01
5.646793007749574267e-01
5.646792576790443663e-01
5.646787734288283289e-01
5.646780904700092751e-01
5.646780366443311383e-01
5.646777548754547960e-01
5.646774694679083106e-01
5.646775162744306353e-01
5.646778514382523317e-01
5.646771421477331243e-01
5.646770005772474565e-01
5.646779521863448670e-01
5.646772699542602636e-01
5.646774598619673791e-01
5.646776615029751589e-01
5.646778427901923969e-01
5.646770152101320273e-01
5.646757926255895343e-01
5.646757457017624882e-01
5.646746014565036109e-01
5.646741977036427995e-01
5.646736330574806395e-01
5.646739830920434189e-01
5.646736483792293981e-01
5.646738809897413613e-01
5.646740043080678007e-01
5.646738497717043170e-01
5.646746409168086345e-01
5.646736669127135899e-01
5.646749862523388064e-01
5.646735333708235993e-01
5.646758853654356702e-01
5.646732263390633610e-01
5.646713908419246364e-01
5.646710666542467116e-01
5.646714220213199242e-01
5.646718528576328833e-01
5.646707119383640450e-01
5.646719208244255217e-01
5.646714881397019159e-01
5.646705153619798745e-01
5.646700876875352382e-01
5.646716298919576271e-01
5.646703647757705946e-01
5.646699659514291536e-01
5.646701027171443510e-01
5.646701896895447437e-01
5.646701761040088252e-01
5.646698246577162017e-01
5.646698845471961326e-01
5.646708770434899494e-01
5.646700411038806378e-01
5.646699085044173394e-01
5.646698029119511242e-01
5.646701064948489446e-01
5.646698188322545331e-01
5.646744323642276520e-01
5.646698120944029231e-01
5.646701922070901380e-01
5.646702451312994864e-01
5.646676186758929905e-01
5.646690786223663716e-01
5.646670862715520434e-01
5.646665936964233579e-01
5.646668157023020385e-01
5.646665300736081194e-01
5.646663763261268176e-01
5.646665123189417157e-01
5.646663608378917898e-01
5.646668634877221038e-01
5.646666604373327125e-01
5.646665456812085537e-01
5.646678327193418445e-01
5.646711271657987030e-01
5.646662792004130127e-01
5.646659027669491682e-01
5.646673295033723949e-01
5.646649117041112609e-01
5.646655140046227261e-01
5.646659758702369247e-01
5.646654775974673246e-01
5.646677362324404870e-01
5.646644213226676978e-01
5.646636399074614898e-01
5.646636005677629910e-01
5.646639127261989799e-01
5.646636021067004130e-01
5.646643534599812275e-01
5.646634148804151598e-01
5.646635965443881355e-01
5.646642294914683280e-01
5.646639864616440629e-01
5.646633734232850976e-01
5.646624160940498793e-01
5.646626348791500272e-01
5.646626124350799802e-01
5.646625480594685831e-01
5.646630049076966085e-01
5.646623375807570122e-01
5.646656876932290015e-01
5.646631545424460885e-01
5.646677932335306682e-01
5.646619958887389989e-01
5.646588748659505663e-01
5.646603982322397908e-01
5.646589602372447114e-01
5.646603902558920973e-01
5.646588934480468724e-01
5.646578034083402642e-01
5.646583128539103269e-01
5.646575720069930693e-01
5.646578401342999820e-01
5.646578612701441680e-01
5.646577359771484117e-01
5.646581833604512601e-01
5.646578869705558557e-01
5.646612494575942165e-01
5.646579391660280223e-01
5.646627228042977453e-01
5.646581327392525829e-01
5.646562790858167258e-01
5.646561241232129769e-01
5.646564947113040800e-01
5.646564685942545569e-01
5.646558979856263205e-01
5.646561518596426854e-01
5.646556870185598376e-01
5.646553773251350439e-01
5.646581790478961693e-01
5.646552540998541758e-01
5.646555812214357761e-01
5.646555063612781478e-01
5.646559114755449471e-01
5.646552102783144456e-01
5.646561856579064287e-01
5.646552351413000048e-01
5.646562931148745301e-01
5.646551664748850063e-01
5.646564876113704390e-01
5.646552351151248317e-01
5.646587634629234298e-01
5.646554317097697284e-01
5.646613503846678039e-01
5.646543610960036430e-01
5.646511366416431255e-01
5.646510715225296906e-01
5.646542537017250618e-01
5.646512370581032725e-01
5.646528743352858815e-01
5.646513913483864888e-01
5.646521421968355714e-01
5.646512480192507066e-01
5.646514215858873253e-01
5.646514977882973740e-01
5.646520897767549618e-01
5.646512869126334433e-01
5.646519298288922295e-01
5.646513428938420009e-01
5.646509674796101885e-01
5.646512766385257676e-01
5.646519225555610699e-01
5.646509989019545817e-01
5.646521447209310596e-01
5.646511009007221249e-01
5.646513964971936472e-01
5.646527418369101659e-01
5.646498244511020115e-01
5.646504138211742019e-01
5.646505716990410928e-01
5.646502485476774247e-01
5.646506067666758888e-01
5.646493447950127198e-01
5.646493369128664508e-01
5.646492585184735846e-01
5.646501418329050725e-01
5.646494005995703613e-01
5.646496515452026355e-01
5.646494887473028079e-01
5.646494084266465707e-01
5.646492195594188246e-01
5.646501895798670123e-01
5.646493677025341551e-01
5.646499198785407403e-01
5.646528503040512126e-01
5.646467372551902120e-01
5.646466175145417044e-01
5.646467657581391020e-01
5.646466972506269943e-01
5.646467093930404024e-01
5.646477605368597219e-01
5.646466458827846813e-01
5.646495202781407485e-01
5.646473809236217667e-01
5.646477035408865586e-01
5.646465125888658898e-01
5.646478234363725424e-01
5.646465474166084686e-01
5.646466464923731721e-01
5.646467197794489135e-01
5.646461368867021768e-01
5.646461088852738897e-01
5.646513005272737473e-01
5.646457381409216714e-01
5.646447534613672214e-01
5.646443026442761193e-01
5.646417011011043430e-01
5.646418725235764491e-01
5.646421937466437058e-01
5.646417168390175378e-01
5.646431276973763458e-01
5.646422106464618063e-01
5.646426663552625014e-01
5.646415808472955433e-01
5.646461808651588310e-01
5.646415550060208677e-01
5.646409975879960186e-01
5.646411299435162290e-01
5.646415131282923605e-01
5.646409868968786938e-01
5.646407539985236479e-01
5.646407387011412871e-01
5.646404338099212383e-01
5.646404411594134753e-01
5.646406223652830070e-01
5.646409165307050282e-01
5.646437571992222182e-01
5.646389882685899364e-01
5.646397204091408994e-01
5.646394054101574467e-01
5.646393027819703869e-01
5.646391274822589734e-01
5.646389220291878619e-01
5.646386677726504821e-01
5.646415754347489102e-01
5.646385442796157950e-01
5.646358987799907636e-01
5.646346923643787985e-01
5.646344926487462113e-01
5.646345615210219826e-01
5.646347606368594674e-01
5.646346315601292742e-01
5.646350299572387987e-01
5.646343089509846536e-01
5.646343273688231301e-01
5.646345122184136534e-01
5.646344262736826547e-01
5.646365248817529769e-01
5.646340363988835431e-01
5.646338496927638673e-01
5.646340471119172255e-01
5.646344659960531587e-01
5.646339612391098051e-01
5.646339685264213371e-01
5.646338652271079006e-01
5.646347856589262193e-01
5.646339565125230164e-01
5.646344911659014754e-01
5.646339025975161130e-01
5.646346601137488541e-01
5.646337414819322387e-01
5.646344121867405974e-01
5.646335244029542233e-01
5.646347812462209070e-01
5.646336152434356936e-01
5.646342046117726055e-01
5.646334861160599017e-01
5.646329670579913751e-01
5.646357791989350394e-01
5.646297202309583652e-01
5.646310212471461476e-01
5.646298910470071153e-01
5.646288188428376653e-01
5.646286688903410234e-01
5.646293117983266496e-01
5.646292789191095229e-01
5.646312522563018410e-01
5.646290099624639014e-01
5.646294689616100371e-01
5.646287271769624416e-01
