9.872323543058424411e-01
9.870079068374687514e-01
9.868908916958870625e-01
9.795047320460428253e-01
9.314813526297500701e-01
9.813409039651288523e-01
1.210188349721455836e+00
1.070804555535500358e+00
9.320767846458751782e-01
9.314813526297500701e-01
9.314813526297500701e-01
9.312857013435071885e-01
9.243697447932730515e-01
8.792185745969104405e-01
8.993723925954374421e-01
8.792185745969105515e-01
8.799289045089470074e-01
8.915732912483251837e-01
8.634037512005909853e-01
8.634037512005912074e-01
8.634037512005909853e-01
8.634037512005912074e-01
8.628135300679399267e-01
8.758472562425894115e-01
8.781563979998162628e-01
9.311114229817598620e-01
8.628135300679398156e-01
8.628135300679398156e-01
8.628135300679399267e-01
8.628135300679398156e-01
8.628135300679401487e-01
8.483421094929930462e-01
9.789403777625105274e-01
8.483421094929928241e-01
8.483421094929928241e-01
8.483421094929930462e-01
8.904613842427300252e-01
8.483421094929928241e-01
8.483421094929928241e-01
7.526679348728179120e-01
8.535077220706568379e-01
7.525943192474910948e-01
8.262608298959981390e-01
7.539891027573646376e-01
8.675217178365464132e-01
7.517133480767548281e-01
8.030366669758921550e-01
7.540032579105774291e-01
7.483070280279088271e-01
7.483070280279087161e-01
7.598643940526267349e-01
7.483070280279084940e-01
7.701290634192307083e-01
7.639578659815837725e-01
7.556735354566341822e-01
7.520047765860143896e-01
7.491184075381510654e-01
7.483070280279084940e-01
7.498781109682718382e-01
7.483070280279086051e-01
8.414281823741818211e-01
7.483070280279087161e-01
7.277343388085550924e-01
7.445016413838813074e-01
8.186969308490084085e-01
7.269566311601531883e-01
7.327950697180064532e-01
7.269566311601530773e-01
7.251620930820198430e-01
7.251620930820197319e-01
7.243917025601614990e-01
7.243917025601614990e-01
7.197724964740200848e-01
7.197724964740200848e-01
6.749669736575062418e-01
7.434180976291097087e-01
6.749669736575059087e-01
7.244418426536338718e-01
6.749669736575059087e-01
8.259984296973839069e-01
7.082548126146759326e-01
7.688432275661767346e-01
6.741499005128801514e-01
6.904364088991318260e-01
6.739108919079839222e-01
7.784007864411675026e-01
6.731437466319325491e-01
7.706927125697831116e-01
6.730204392209084840e-01
7.632674539916325385e-01
6.630397296035439592e-01
6.641321741215122643e-01
6.801448539681574923e-01
6.901224865198812841e-01
7.007468017171657459e-01
6.484964090081986043e-01
6.763717719122066541e-01
6.412561830038667754e-01
6.412561830038667754e-01
6.440707131042616718e-01
6.412561830038667754e-01
6.546582022636580067e-01
6.531131134732123256e-01
7.054227062065120402e-01
6.430889330656702763e-01
6.783145465582721689e-01
6.412561830038666644e-01
6.429516327304449774e-01
6.415327847925402782e-01
6.762399499362961031e-01
6.412561830038667754e-01
8.058167859062953520e-01
6.414889812665043323e-01
6.526934034916527239e-01
6.412561830038665533e-01
6.518454150573249617e-01
6.423103869474136030e-01
6.981615813905468482e-01
6.650621220984845872e-01
6.278017071737453936e-01
6.078443054575664029e-01
7.562218041611030728e-01
6.078443054575660698e-01
7.040902461669072965e-01
6.078443054575661808e-01
6.867210122573045306e-01
6.087503015622927061e-01
6.435325713994710650e-01
6.080029269970003147e-01
6.911827108406003450e-01
6.058184738230576460e-01
6.588282896185941873e-01
6.077848885074990104e-01
6.239465539388538984e-01
6.056899697908929570e-01
6.264516790478346087e-01
6.097020804024475549e-01
6.162983766868285196e-01
6.246342608176048694e-01
6.419142725805349059e-01
6.172610261126506570e-01
5.997610662355358224e-01
6.246110653711803851e-01
6.019549943506776746e-01
6.250788561289498668e-01
6.000439133620590892e-01
6.143802389037424927e-01
5.998168655302156260e-01
6.073113649637509326e-01
6.033750596696434432e-01
5.988567182649214837e-01
6.012416091136005836e-01
6.167710368661990517e-01
5.984696487049043778e-01
6.558140828001415290e-01
5.984018006251383692e-01
5.964336970802053273e-01
5.962323100017289379e-01
6.069749345566126664e-01
5.963514036537144181e-01
6.109140139733089114e-01
5.961491260155069583e-01
5.984287868462520033e-01
5.958630441271256517e-01
6.047544214933475715e-01
5.986835755877842891e-01
6.057652193195163237e-01
5.938018206406754373e-01
6.124188005404095358e-01
5.976973391201401142e-01
6.027022801841626087e-01
5.944310524722040689e-01
6.152397398165554421e-01
5.939926576232841260e-01
6.054828969691627982e-01
5.943904100387406020e-01
5.989720606713377915e-01
5.939127022698196257e-01
5.946951686236382484e-01
5.949656053400128597e-01
6.263934330926652638e-01
5.939469763875097064e-01
5.868336068345690881e-01
5.853975237383970409e-01
6.429445976737758750e-01
5.897487234324907401e-01
5.866162674759932694e-01
5.868708384993812643e-01
5.957718569492409522e-01
5.872397091097601995e-01
5.873006530460729291e-01
5.854891735595858515e-01
5.939490447577900900e-01
5.859812871978208326e-01
6.025049701429979754e-01
5.867395274874716016e-01
6.098464737278112002e-01
5.840304151902420138e-01
5.835184590413963202e-01
5.824474748723580397e-01
5.821860454583496214e-01
5.842188869524357342e-01
5.809402283744202755e-01
5.902749800069603259e-01
5.832334806539336558e-01
5.879903802731002438e-01
5.808609160639716107e-01
5.832171138091352125e-01
5.808412567042969821e-01
5.836211087661954400e-01
5.808122208302111122e-01
5.825067110374063661e-01
5.811860129127770502e-01
5.831191444418372116e-01
5.808945504131772797e-01
5.841453579604488633e-01
5.807686804392121482e-01
5.814813399624996215e-01
5.809174327241046765e-01
5.827052165529734706e-01
5.823802721728232878e-01
5.822154442745941516e-01
5.805239293175666893e-01
5.947915378057170299e-01
5.802804730853912130e-01
5.817054749207848374e-01
5.818639760633652624e-01
5.829495461453509941e-01
5.815093582573075404e-01
5.822682675659546225e-01
5.808243891981353935e-01
5.809014325947847723e-01
5.792860616391608541e-01
5.818292812743330877e-01
5.793980113271969268e-01
5.796485395413344399e-01
5.793547983894986597e-01
5.826623544413419564e-01
5.784663471676024793e-01
5.838920824150913846e-01
5.791610201753083498e-01
5.838749807894277888e-01
5.795557912432967029e-01
5.881813566452568365e-01
5.790230284640885960e-01
5.817216500231457976e-01
5.791721721377528498e-01
5.795821812249480898e-01
5.787152046248943416e-01
5.785702728764343661e-01
5.784008095079831158e-01
5.783926517230125741e-01
5.789603403428346118e-01
5.784159978129901347e-01
5.787507422774176291e-01
5.782918284285810673e-01
5.789273416329643318e-01
5.783137468462070663e-01
5.799757448413993544e-01
5.784289851491796197e-01
5.788344338657888111e-01
5.782922905523824042e-01
5.796066074088542797e-01
5.783822078279756695e-01
5.781411312510378320e-01
5.782594869532625692e-01
5.783299596825601796e-01
5.778098391906196785e-01
5.782303303926640270e-01
5.783957014173102262e-01
5.784703337934425926e-01
5.778758167860607031e-01
5.778383919072620500e-01
5.778886092417673259e-01
5.792745827147525173e-01
5.779527868087620535e-01
5.787550335844361404e-01
5.780094431945488331e-01
5.786646512942238418e-01
5.776978937507349920e-01
5.787412578957151776e-01
5.777982471123054298e-01
5.783044738108783500e-01
5.777318020123864972e-01
5.781117011661600635e-01
5.779186415595672921e-01
5.776858016640126214e-01
5.775272868302513407e-01
5.775488032011347750e-01
5.775938801535045464e-01
5.775098683720408799e-01
5.775465986690601072e-01
5.775646700843880543e-01
5.770982491618512622e-01
5.771292721713059404e-01
5.770319231591155562e-01
5.771053876352988388e-01
5.770703215181126611e-01
5.770411818750827981e-01
5.770735635184742751e-01
5.773568414803303961e-01
5.768835351286165647e-01
5.770058992184600166e-01
5.768264741910048565e-01
5.767486607476083327e-01
5.767619305911221295e-01
5.766812057871352204e-01
5.766532820945793336e-01
5.764180733439880910e-01
5.764694546096580385e-01
5.763689954954247519e-01
5.761967148090317847e-01
5.761598325357271122e-01
5.761287248672446459e-01
5.761592632929013469e-01
5.760772770160424994e-01
5.757438134991500478e-01
5.755481830324440384e-01
5.757084858916923231e-01
5.752539858039973364e-01
5.751881013340657267e-01
5.752221986134324894e-01
5.751297284547990385e-01
5.749604957160423524e-01
5.749356878506561852e-01
5.748645490225700039e-01
5.749527597726187267e-01
5.748847480689308620e-01
5.748041370950863760e-01
5.748761484087956397e-01
5.748387994407321289e-01
5.751911202947176394e-01
5.749263920146325813e-01
5.747592878652599824e-01
5.744568839433595864e-01
5.743906488535889254e-01
5.744357617073988509e-01
5.744768537627423788e-01
5.744212841097097177e-01
5.742385508438619945e-01
5.741880913380424944e-01
5.741349862732744169e-01
5.741340672464643191e-01
5.739192156506931486e-01
5.739296382937497665e-01
5.739249209893404480e-01
5.738668147121531726e-01
5.738891143387930827e-01
5.738206381868162786e-01
5.741079287777305362e-01
5.737919600646106399e-01
5.741625129186329612e-01
5.736853690743940470e-01
5.739894329842053500e-01
5.736793458969287052e-01
5.736914960581226408e-01
5.737476366374621994e-01
5.737244647014539956e-01
5.736932696562141443e-01
5.738628442012911890e-01
5.736831064665628421e-01
5.737139795421165589e-01
5.739075151439406719e-01
5.733701796081346336e-01
5.735124464967638058e-01
5.731874304503823403e-01
5.731990470204717525e-01
5.732591492079881501e-01
5.730322851722158273e-01
5.730295435171632867e-01
5.732810379046537896e-01
5.730796989866893121e-01
5.730102451637035799e-01
5.730770165965642926e-01
5.733521192527788468e-01
5.728788445769298354e-01
5.730286658772035802e-01
5.729412233972642765e-01
5.731272144994971063e-01
5.729251322457323825e-01
5.729102805351050653e-01
5.729783342462593243e-01
5.729003218169751444e-01
5.729417554737415985e-01
5.731802664036621531e-01
5.729736810459775675e-01
5.726956370086808690e-01
5.726393058655039336e-01
5.727388530435837399e-01
5.727978170397725055e-01
5.727517940757700377e-01
5.725851550881129182e-01
5.725484516111096767e-01
5.725512110616698402e-01
5.724432290597353257e-01
5.723134349247624986e-01
5.725034444054715177e-01
5.723243182966702980e-01
5.725012979331420837e-01
5.723534973598595199e-01
5.725419307888082177e-01
5.723303677160040959e-01
5.729836941985863019e-01
5.723061747377912178e-01
5.722157740123527958e-01
5.721997250651360556e-01
5.725504210471304978e-01
5.724301473624989756e-01
5.721220705092042724e-01
5.721213935652181837e-01
5.722830397860745322e-01
5.721408471767924775e-01
5.721033192181105287e-01
5.719419983837046306e-01
5.719203026644487098e-01
5.719250151584548414e-01
5.718104982731458952e-01
5.719774529990017120e-01
5.720785996510877602e-01
5.718657850461039693e-01
5.719934780799492691e-01
5.717763536114537359e-01
5.718112306939462375e-01
5.717942199917799284e-01
5.718825316342874832e-01
5.718908142299655717e-01
5.725909686652465025e-01
5.715245796301114956e-01
5.713268784578653392e-01
5.713455377349231368e-01
5.715107188302033236e-01
5.713636979074158129e-01
5.719178803269114875e-01
5.713761007356989996e-01
5.715847111387125645e-01
5.714898245360351403e-01
5.712094832566443348e-01
5.711761242218668100e-01
5.714268747961976924e-01
5.711741047876068844e-01
5.712252474123293844e-01
5.712031826273963331e-01
5.713860574244923329e-01
5.711367642717771753e-01
5.713584865873974072e-01
5.712929272942907089e-01
5.713969716356755990e-01
5.711496470038035511e-01
5.712366857022018740e-01
5.711777875819414874e-01
5.713260392041038527e-01
5.711880052081420578e-01
5.715532229203311720e-01
5.711313375859097263e-01
5.711443038108767745e-01
5.711181428185925224e-01
5.712396350091800690e-01
5.710427030840643514e-01
5.713535499397033313e-01
5.710383363849234062e-01
5.711864012575692540e-01
5.710698972947889640e-01
5.712096317543781110e-01
5.710862110275014558e-01
5.711271227272733952e-01
5.710282131491750679e-01
5.714703662303148857e-01
5.710382421687134613e-01
5.709415638174453189e-01
5.710640943631171140e-01
5.710458254372540177e-01
5.709120301564802880e-01
5.711164651638208634e-01
5.709119602144330230e-01
5.709407000390799292e-01
5.709044492937612736e-01
5.710606701126124118e-01
5.710792525991272850e-01
5.708326470128082253e-01
5.709018887502047557e-01
5.711426655011413445e-01
5.709702800693171598e-01
5.709956129225715049e-01
5.708406358884388077e-01
5.709621713724539749e-01
5.709678135949973754e-01
5.709050233476929970e-01
5.709101863526725440e-01
5.707106064514955168e-01
5.707513853648673585e-01
5.706909950632482742e-01
5.706931187152877172e-01
5.708300144625516603e-01
5.707255092318250789e-01
5.708984105643581941e-01
5.706868563199621880e-01
5.707854345890169823e-01
5.706791108526823031e-01
5.707691702360587760e-01
5.706767355308853817e-01
5.707587953097543743e-01
5.707294523173549461e-01
5.707593192082390798e-01
5.707106826518459908e-01
5.706960538807286376e-01
5.708732002920736681e-01
5.706792424792069829e-01
5.706745587063023484e-01
5.708945021645585038e-01
5.708164208751869140e-01
5.708885355031290132e-01
5.706989060184329832e-01
5.707273171822756508e-01
5.707631575896429110e-01
5.710010486073746616e-01
5.707205756162117005e-01
5.708371298755604561e-01
5.706831383347333864e-01
5.706700954204624310e-01
5.708016383018623685e-01
5.707060931441763074e-01
5.706738783605871390e-01
5.707005890427157002e-01
5.704737675156115184e-01
5.703710927125195118e-01
5.704419681037893319e-01
5.706263238737667720e-01
5.704361394972219390e-01
5.706140183102694774e-01
5.703258112930635892e-01
5.703220210108073118e-01
5.704018278654195973e-01
5.701770065175305602e-01
5.701568587332010996e-01
5.704395591719420011e-01
5.703557998329443768e-01
5.701170521185842111e-01
5.702179407711260861e-01
5.703210929055435585e-01
5.701133916721190520e-01
5.702112426577057303e-01
5.701321315666043610e-01
5.703526892079729960e-01
5.701963687886673071e-01
5.701257565655876158e-01
5.701238946759724646e-01
5.701874782713722833e-01
5.701417021132065832e-01
5.700647197793040633e-01
5.700489763485016015e-01
5.699661854466405719e-01
5.699709615125819751e-01
5.700958859051226124e-01
5.700277001486913075e-01
5.701058245998575913e-01
5.699324295460655998e-01
5.700130387922094366e-01
5.699138849771168136e-01
5.701177012040916647e-01
5.700146002776630416e-01
5.699954137617125882e-01
5.699507387854824136e-01
5.701940961015784515e-01
5.698652788021997262e-01
5.699436419657645247e-01
5.699477653962881085e-01
5.699334588831698190e-01
5.699318740951467843e-01
5.700746329692653047e-01
5.699007609667886554e-01
5.699300356010815749e-01
5.699959354807306866e-01
5.702483710272465700e-01
5.698653155270176907e-01
5.701796336655483577e-01
5.698571117012611875e-01
5.699451174493231909e-01
5.698706180517567610e-01
5.699134871736607488e-01
5.699172339861023895e-01
5.701989292030662515e-01
5.699411581937441351e-01
5.697578897708879264e-01
5.697478662488487666e-01
5.697866633333354969e-01
5.698441760103174492e-01
5.698465502356125922e-01
5.697926474458692159e-01
5.699255421719902071e-01
5.697539111515597110e-01
5.698129763743953191e-01
5.697300685706199186e-01
5.697761665332777836e-01
5.697402771866455495e-01
5.697963785594876152e-01
5.697225012033363400e-01
5.697221431298006289e-01
5.697788997400681232e-01
5.696951333945875495e-01
5.697322919388139173e-01
5.696705447070741224e-01
5.696897369905364883e-01
5.697016292605350252e-01
5.696847030577760762e-01
5.697037587716784479e-01
5.696590130589596068e-01
5.696333549284914310e-01
5.696138088608702077e-01
5.696943437263852772e-01
5.696002543870335444e-01
5.696584907529869124e-01
5.695706970741775121e-01
5.695535342160285008e-01
5.696183972908696047e-01
5.695858248124332501e-01
5.696129413464782187e-01
5.695479978111503971e-01
5.696442153590874913e-01
5.695926812227730673e-01
5.695203506743992117e-01
5.695091294021454864e-01
5.695754169697632152e-01
5.695047084671259752e-01
5.694833651026889321e-01
5.695064896116452946e-01
5.694852257497539094e-01
5.694929791806127017e-01
5.694718174111117470e-01
5.694767931243958081e-01
5.695991650733605027e-01
5.695068248589171267e-01
5.695025481767916897e-01
5.695455491967891248e-01
5.694962282746199866e-01
5.694588071986027566e-01
5.695375913613516250e-01
5.694801047604534094e-01
5.694737391638704516e-01
5.694404475020254930e-01
5.697742499247439030e-01
5.694554805566645062e-01
5.694693905384718979e-01
5.695079453022268146e-01
5.693716505013880491e-01
5.693732548740653154e-01
5.694104399345869538e-01
5.694144674169747677e-01
5.695403545178034932e-01
5.693591621981278772e-01
5.694170433531419162e-01
5.693718959962551507e-01
5.693753216098880188e-01
5.693635203136795386e-01
5.694373426322746345e-01
5.693487100035222737e-01
5.693817470257731550e-01
5.693515909624616844e-01
5.693659536838721058e-01
5.693398277840628907e-01
5.693712699579135395e-01
5.693432455314555440e-01
5.694300450163419791e-01
5.693723131037813356e-01
5.693873457978793073e-01
5.693543057465410007e-01
5.693371803434531531e-01
5.693752172866936023e-01
5.693548142597992801e-01
5.693346378784600592e-01
5.693598696618075161e-01
5.693423283542233815e-01
5.693540295457706346e-01
5.693435777867905667e-01
5.693181745020642337e-01
5.693111223508042773e-01
5.693643538648340829e-01
5.693202808814712412e-01
5.693849107455296599e-01
5.693162280541818054e-01
5.693371738378676383e-01
5.692772251049017518e-01
5.694075681500392339e-01
5.693697186813526656e-01
5.692492949342073949e-01
5.692727458245770977e-01
5.693939154074568743e-01
5.692482834229168898e-01
5.693418208334017905e-01
5.692663891352311989e-01
5.693543790026689422e-01
5.692729058457640656e-01
5.693003259628992563e-01
5.692574049222562937e-01
5.692741892625502453e-01
5.692535753225064221e-01
5.692843488932020080e-01
5.692643912691714991e-01
5.692933525855321530e-01
5.692601103039243160e-01
5.692861857594013753e-01
5.692585907041102233e-01
5.693629184048760727e-01
5.692372568999841675e-01
5.692445864726806137e-01
5.692379920783758873e-01
5.692288953678117380e-01
5.692349949265990139e-01
5.692174640686763487e-01
5.692184018204001772e-01
5.692829963670885673e-01
5.692172268645100397e-01
5.692885522252636443e-01
5.692173644749074501e-01
5.692343857733161983e-01
5.692307658935318315e-01
5.692815548263344683e-01
5.692227098671959196e-01
5.694981934479992347e-01
5.692133846486866489e-01
5.691907271954785852e-01
5.691795881184064099e-01
5.692572906900554841e-01
5.692046157262188322e-01
5.692501550566617663e-01
5.691945684982966380e-01
5.692145543851834244e-01
5.691631252708525546e-01
5.692332167774987184e-01
5.691713124693587034e-01
5.692128586918786537e-01
5.691844976271092094e-01
5.692003501922746622e-01
5.691782429003980903e-01
5.692180172375741476e-01
5.691687612374611849e-01
5.692508053611111674e-01
5.691882555046956504e-01
5.692176216865577620e-01
5.691836886154634234e-01
5.692054937648804991e-01
5.691627847749717306e-01
5.691666913921954452e-01
5.691678579345551547e-01
5.691996504870582285e-01
5.691837692841447138e-01
5.692327806255745859e-01
5.691813793222031403e-01
5.691664005894090383e-01
5.691836770276721413e-01
5.694350884709221683e-01
5.691482652000405817e-01
5.691504483365945610e-01
5.691365003724473404e-01
5.691352689225981365e-01
5.691478482903270519e-01
5.691399370745464648e-01
5.691422588514728487e-01
5.691366388783931640e-01
5.691387196521887626e-01
5.691322285642671508e-01
5.691840693646762483e-01
5.691142353928695385e-01
5.691288418713217334e-01
5.691119710816953114e-01
5.690855988751208905e-01
5.690929637655814943e-01
5.690875988812132968e-01
5.690809032174359849e-01
5.690747362670847131e-01
5.690801158791118919e-01
5.690713217605063434e-01
5.690710968052217211e-01
5.690725933048198515e-01
5.690916287416012409e-01
5.690792164048461554e-01
5.690807138765545670e-01
5.690541056519208274e-01
5.690257001192341457e-01
5.690336533115455397e-01
5.690458059859802020e-01
5.690389501666686112e-01
5.690108335878198975e-01
5.690154503005904196e-01
5.690152885159236451e-01
5.690155918482335817e-01
5.690003671965816467e-01
5.689977277516304888e-01
5.690031133768388427e-01
5.689943454979100590e-01
5.689572860662134302e-01
5.689683441613873072e-01
5.689478198804286402e-01
5.689939796384828608e-01
5.689633854064489737e-01
5.689429684588039882e-01
5.689429525475081517e-01
5.689260816975503232e-01
5.689212105529719565e-01
5.689062984845357773e-01
5.689016906088630865e-01
5.688973384691401458e-01
5.688893554668097430e-01
5.688975004406824354e-01
5.688933111458468472e-01
5.689837569792270955e-01
5.688835938408084436e-01
5.688765172618406307e-01
5.688965137413692918e-01
5.689029834907041172e-01
5.688675870511387123e-01
5.688443714515271088e-01
5.688482412837619906e-01
5.688595778843676953e-01
5.688414361326066260e-01
5.688515543717501677e-01
5.688334201433182802e-01
5.688584577674030696e-01
5.688351643669149471e-01
5.688345201167773757e-01
5.688320541166944633e-01
5.688544659819166904e-01
5.688428436058334814e-01
5.688285797553866985e-01
5.688335156516020064e-01
5.688514082088891310e-01
5.688275135570726171e-01
5.688273124524639845e-01
5.688295867302649578e-01
5.688474434878679764e-01
5.688326450746863383e-01
5.688710426901939510e-01
5.688261672392193047e-01
5.688596573407491697e-01
5.688254917127097965e-01
5.687996935602969151e-01
5.688188084431125002e-01
5.687996257893601637e-01
5.688030874536609272e-01
5.687977347539054929e-01
5.688114221274589433e-01
5.687973192421376112e-01
5.688052397117722148e-01
5.687965132239617416e-01
5.688177500695185129e-01
5.687956316164319848e-01
5.688012711279437639e-01
5.688078555857081220e-01
5.688448653042181835e-01
5.688051023657286764e-01
5.688280514058582371e-01
5.687830352850280491e-01
5.687753010431927381e-01
5.687490261601487740e-01
5.687353781331599967e-01
5.687386922202916084e-01
5.687365283880455591e-01
5.687453757043894331e-01
5.687334772603579447e-01
5.687331258400075695e-01
5.687450003190368530e-01
5.687381648235689813e-01
5.687279962323890103e-01
5.687243414499582039e-01
5.687244215008574466e-01
5.687238219408926598e-01
5.687407366278505183e-01
5.687258207285413869e-01
5.687237298410650066e-01
5.687229947888182702e-01
5.687189213033322366e-01
5.687200554450304590e-01
5.687165814215594528e-01
5.687161745244178057e-01
5.688022486781518783e-01
5.687153476386932471e-01
5.687043730315080037e-01
5.687082237185231426e-01
5.687164967473754551e-01
5.687145311909396206e-01
5.686961360718149061e-01
5.686990401729827838e-01
5.687112147451545141e-01
5.686978036469790831e-01
5.686990858809291005e-01
5.686973532835509770e-01
5.686973593702975283e-01
5.686956574750914317e-01
5.687117963639187757e-01
5.686998838429698777e-01
5.687196463445477468e-01
5.687057326277414893e-01
5.687707108596968819e-01
5.686859501790144655e-01
5.687472487143574451e-01
5.686831979028504902e-01
5.686760912943863433e-01
5.686790682668659835e-01
5.686854089247848076e-01
5.686818518861581628e-01
5.686890587812853948e-01
5.686779756148125919e-01
5.686682921945083180e-01
5.686871798452601823e-01
5.686935621422615217e-01
5.686720672151825973e-01
5.686694884644966086e-01
5.686830414925454491e-01
5.687519649687488021e-01
5.686671373142692110e-01
5.686863878764265579e-01
5.686642140779636367e-01
5.686664070979274843e-01
5.686657025570659441e-01
5.686726909662181972e-01
5.686674661045857393e-01
5.686647459805437288e-01
5.686727192419713806e-01
5.686903193836622128e-01
5.686707752482365041e-01
5.686379971586118520e-01
5.686594312067708712e-01
5.686368917962498770e-01
5.686467165024665649e-01
5.686395650067429530e-01
5.686363370729564659e-01
5.686406446854043173e-01
5.686445930695680495e-01
5.686362068248997925e-01
5.686401594402165083e-01
5.686420691854753295e-01
5.686503436169116910e-01
5.686378838761267929e-01
5.686545251337931095e-01
5.686390988589257178e-01
5.686485284966024123e-01
5.686338297846107448e-01
5.686411565311573213e-01
5.686256049048518113e-01
5.685933957611556400e-01
5.685986511759096862e-01
5.685933864710531749e-01
5.686007880538819226e-01
5.685910800850839664e-01
5.686127221106529461e-01
5.685964610731465418e-01
5.686006069286201337e-01
5.686042736400822584e-01
5.685872489129932816e-01
5.685864412116382605e-01
5.686055061728358950e-01
5.685847233001720680e-01
5.685889027870756340e-01
5.685875623046842131e-01
5.685930313384875978e-01
5.685870655183702382e-01
5.685897076464935251e-01
5.685841220055889433e-01
5.685931294880249842e-01
5.686096522213210935e-01
5.685836431931149404e-01
5.685861978778061765e-01
5.685457281495892579e-01
5.685247944970102107e-01
5.685279669566004612e-01
5.685135089355174420e-01
5.685098863689637128e-01
5.685120776322768466e-01
5.685099102792676717e-01
5.685131173453621400e-01
5.685088549471356556e-01
5.685062355628636155e-01
5.685112993723342445e-01
5.685174665733393473e-01
5.685149044103522398e-01
5.685168999433185544e-01
5.685047232479084611e-01
5.685035995468401548e-01
5.685457803937120635e-01
5.684849136011619342e-01
5.685587564024073837e-01
5.684921634662370993e-01
5.684479861019661184e-01
5.684584107898127403e-01
5.684736135482632013e-01
5.684480984233415413e-01
5.684263461692485864e-01
5.684162492421981350e-01
5.685006751025356575e-01
5.684181574896028932e-01
5.684194586675227479e-01
5.684233543004536537e-01
5.684082546069971764e-01
5.684072887773918836e-01
5.684121829679346094e-01
5.684094161715749216e-01
5.684088818221656458e-01
5.684051375909018322e-01
5.684132965811730109e-01
5.684046143486185532e-01
5.684108382862843589e-01
5.684027129479779505e-01
5.684409093456862516e-01
5.684045506837561712e-01
5.684224358311378289e-01
5.684062268045252386e-01
5.684301734805599082e-01
5.684013081693349845e-01
5.684409476056535571e-01
5.684033814126014938e-01
5.683937994777842340e-01
5.683962346763289375e-01
5.684126165638170303e-01
5.683944577153114963e-01
5.684126213841252939e-01
5.683963252718129411e-01
5.683981265109391279e-01
5.683819073955412859e-01
5.684050827267524975e-01
5.683852626256107321e-01
5.683975749023344459e-01
5.683856114517171765e-01
5.684093102720557678e-01
5.683816323550341387e-01
5.683847782807681659e-01
5.684027829726092662e-01
5.683684321620026125e-01
5.683704680261505437e-01
5.683863607595314171e-01
5.683670187715554878e-01
5.683699110199257332e-01
5.683672188412827175e-01
5.683867607274856182e-01
5.683694424460726813e-01
5.683667733162582891e-01
5.683747799573128923e-01
5.683958364075240022e-01
5.683725803230426088e-01
5.684039693148807970e-01
5.683662256110485478e-01
5.683864949300390101e-01
5.683741848277639175e-01
5.683666121064820942e-01
5.683699238083436134e-01
5.683805876603750251e-01
5.683638408508174811e-01
5.683724426071431468e-01
5.683643831566337346e-01
5.683785905374193481e-01
5.683668198145527262e-01
5.683930035122924940e-01
5.684012936711039243e-01
5.683424540527409752e-01
5.683545963640386223e-01
5.683412915945671440e-01
5.683455554293663781e-01
5.683579943147497593e-01
5.683461821559759874e-01
5.683582363082310129e-01
5.683585695090018763e-01
5.683343340981611425e-01
5.683364933712160560e-01
5.684206536828003697e-01
5.683309571219672396e-01
5.683239159372382998e-01
5.683260919936478084e-01
5.684028851624008949e-01
5.683185198531627291e-01
5.683070634030199519e-01
5.683075011380326336e-01
5.683085404463431578e-01
5.683028706398876029e-01
5.683071508078029188e-01
5.683055222628057290e-01
5.683026050900893411e-01
5.683018074590884261e-01
5.683115862584847688e-01
5.683017579002569430e-01
5.683168215127167855e-01
5.683008420867502464e-01
5.683093168269029993e-01
5.683058654979390445e-01
5.683814965980119593e-01
5.683072447478052514e-01
5.683347561106460999e-01
5.683008468267845004e-01
5.683135360651514478e-01
5.683009353601077285e-01
5.683137149458180604e-01
5.683017307906930160e-01
5.683069271866021399e-01
5.683022278616517431e-01
5.683418027655487981e-01
5.682990667738009316e-01
5.683061983163154585e-01
5.682726455429134571e-01
5.682792116716989250e-01
5.682702655807856384e-01
5.682608215175103394e-01
5.682625857252814328e-01
5.683612859872613221e-01
5.682597124842987402e-01
5.682404927633457614e-01
5.682423153930236115e-01
5.682389042857229899e-01
5.682385741830471293e-01
5.682402688655501244e-01
5.682385538780881928e-01
5.682423970898914378e-01
5.682371235708718604e-01
5.682339234040971743e-01
5.682535418627633339e-01
5.682290600136447045e-01
5.682331901102913863e-01
5.682381807808120078e-01
5.682281437597092033e-01
5.682295001500062837e-01
5.682275876313361840e-01
5.682333991509522786e-01
5.682309039712702958e-01
5.682282356382507560e-01
5.682334160191037098e-01
5.682300226126040243e-01
5.682292061651311732e-01
5.682381881077540609e-01
5.682262553339496591e-01
5.681944365829938448e-01
5.682066914464419805e-01
5.681952867667131590e-01
5.681948727078012240e-01
5.681970525751166567e-01
5.682027392095732043e-01
5.681960713069347246e-01
5.681987898519551550e-01
5.681929176287796590e-01
5.681975659156129899e-01
5.682181099889261899e-01
5.681846731660171734e-01
5.681883327427833530e-01
5.681904434848016328e-01
5.681859577140617734e-01
5.681901059615011018e-01
5.681833922714858431e-01
5.682325697815953092e-01
5.681882118898454737e-01
5.682333389644879107e-01
5.681846876056448892e-01
5.681782615085778643e-01
5.681814209641556923e-01
5.681576161104937572e-01
5.681584688431903229e-01
5.681675706286277716e-01
5.681619949601386388e-01
5.681608287871053875e-01
5.681651546550560150e-01
5.681758076526433054e-01
5.681577238396363638e-01
5.681582252936879796e-01
5.681574876167069243e-01
5.681746194377081949e-01
5.681618653011122344e-01
5.681713157467732644e-01
5.681537731373593747e-01
5.681478722010694371e-01
5.681500757307803573e-01
5.682123047779777947e-01
5.681525022319670049e-01
5.681606577799938051e-01
5.681491037675036049e-01
5.681518418361296563e-01
5.681443415286714371e-01
5.682092269450040867e-01
5.681401979998931262e-01
5.681160048999736034e-01
5.681631063005306848e-01
5.681184011311798399e-01
5.681426680345602609e-01
5.681170305379138474e-01
5.681198145110234465e-01
5.681204828945793928e-01
5.681319514772713575e-01
5.681166566536289819e-01
5.681188378234037772e-01
5.681193925620425800e-01
5.681212831308443123e-01
5.681155550489674910e-01
5.681218327893008402e-01
5.681226436828514803e-01
5.681213533963479501e-01
5.681153903828307650e-01
5.681396861425229705e-01
5.681252974605467410e-01
5.681285629705058460e-01
5.681211201519578147e-01
5.681307488263309668e-01
5.681283242934013211e-01
5.681210967574965576e-01
5.681185647252943172e-01
5.681322778453841149e-01
5.681175139229241999e-01
5.681309670666979672e-01
5.681060131414598091e-01
5.681085901335245492e-01
5.681064137894112909e-01
5.680971480661645145e-01
5.680798150132001512e-01
5.680799212292759748e-01
5.680835984105047087e-01
5.680781894140036759e-01
5.680778954745622222e-01
5.680776110013256996e-01
5.680758096353186737e-01
5.680774601885362207e-01
5.680846908727756883e-01
5.680736042311455014e-01
5.680661662713626381e-01
5.680772627893970750e-01
5.680666421994526871e-01
5.680600699304155787e-01
5.680583104493853730e-01
5.680562602107195325e-01
5.680592478859797234e-01
5.680490410772347509e-01
5.680414561958584407e-01
5.680440210124144684e-01
5.680381337028433952e-01
5.680363805057312421e-01
5.680306261992195127e-01
5.680303216385347298e-01
5.680164186040352892e-01
5.680134311935863822e-01
5.680155296243588614e-01
5.680032760023321359e-01
5.680010643018579275e-01
5.680028258442435529e-01
5.679986388011283305e-01
5.679997130096142710e-01
5.679973927728744210e-01
5.679987896161949879e-01
5.679964554958203404e-01
5.680106489764793487e-01
5.679792203185047850e-01
5.679756728474723015e-01
5.679786751773640008e-01
5.679663775215472166e-01
5.679591225852824721e-01
5.679598115028785532e-01
5.679476767146696137e-01
5.679470056087241314e-01
5.679425872804169106e-01
5.679421256744592306e-01
5.679431379326834728e-01
5.679439922968190224e-01
5.679382607617243783e-01
5.679459543541743871e-01
5.679356865165962054e-01
5.679363856915798925e-01
5.679364301333212905e-01
5.679343980959172811e-01
5.679374227812635789e-01
5.679340520112613477e-01
5.679368717912909315e-01
5.679346812276386824e-01
5.679395743609537694e-01
5.679354340506054255e-01
5.679343117884342318e-01
5.679327809663005100e-01
5.679309035664389382e-01
5.679314365391132657e-01
5.679320826951906875e-01
5.679303171028434738e-01
5.679358661846507506e-01
5.679278135679657336e-01
5.679243134585456598e-01
5.679260706139028780e-01
5.679248294161913790e-01
5.679212619238658277e-01
5.679166128941700586e-01
5.679194154155738916e-01
5.679152597991510287e-01
5.679136426329653986e-01
5.679211612666159592e-01
5.679144740122948898e-01
5.679094060526073129e-01
5.679363586764659688e-01
5.679112970985527031e-01
5.679081493839879258e-01
5.679090266134509957e-01
5.679106903319042221e-01
5.679104908808112473e-01
5.679050721026587256e-01
5.679033242792236313e-01
5.679025153763042066e-01
5.679021016553610357e-01
5.679060570419743881e-01
5.679008842353643338e-01
5.679108539279906775e-01
5.679001146421247537e-01
5.679035139234185348e-01
5.679009008675428571e-01
5.679021570273534714e-01
5.679021700373649839e-01
5.679018473991190863e-01
5.678982024729576361e-01
5.678957066145072785e-01
5.678988790665350228e-01
5.678976203731808114e-01
5.678989159623258898e-01
5.678955772203406749e-01
5.678984408692695496e-01
5.678973458264175989e-01
5.678946472651437150e-01
5.678938892380562820e-01
5.678941761537035227e-01
5.678977749761898730e-01
5.678839988600200561e-01
5.679131289779897340e-01
5.678820962733766020e-01
5.678729356932195049e-01
5.678795840954863339e-01
5.678740534468934564e-01
5.678797115726911260e-01
5.678729636930275326e-01
5.678775089358575334e-01
5.678741245085683342e-01
5.678734156926916743e-01
5.678741298875170651e-01
5.678792330837149072e-01
5.678718953744090747e-01
5.678752438329814911e-01
5.678628251672022120e-01
5.678658337797571898e-01
5.678648454101182796e-01
5.678570907566963255e-01
5.678566187585841751e-01
5.678566246035596787e-01
5.678572373788662864e-01
5.678552231612995493e-01
5.678540030627070578e-01
5.678540726159452268e-01
5.678541896848874337e-01
5.678553695697663439e-01
5.678535794394453662e-01
5.678527718820756132e-01
5.678523388096740065e-01
5.678548632584241584e-01
5.678537833889718556e-01
5.678533396616962658e-01
5.678522445214283509e-01
5.678611636772328275e-01
5.678544828445799553e-01
5.678581811175897887e-01
5.678525859619769633e-01
5.678531789528724616e-01
5.678532192704214276e-01
5.678618283725571647e-01
5.678507580423902690e-01
5.678825625920674858e-01
5.678559660598274661e-01
5.678333419345088506e-01
5.678344329727778028e-01
5.678341562733761894e-01
5.678318933676809177e-01
5.678325978330244217e-01
5.678353739721921922e-01
5.678318580306795926e-01
5.678321336390285134e-01
5.678319235850272095e-01
5.678422092590492687e-01
5.678314554020866822e-01
5.678735521348469151e-01
5.678290481573302628e-01
5.678224346572549042e-01
5.678249406115177811e-01
5.678301296902513728e-01
5.678229274805379756e-01
5.678259258087514638e-01
5.678224997278830122e-01
5.678225504581444483e-01
5.678247698574705460e-01
5.678228422298798872e-01
5.678245402212422910e-01
5.678221551807465239e-01
5.678252637075027476e-01
5.678200227162021330e-01
5.678221529217628571e-01
5.678275849407987685e-01
5.678218954623837078e-01
5.678228119791750572e-01
5.678207577315562693e-01
5.678231929486383667e-01
5.678195003716131062e-01
5.678218199819460299e-01
5.678188953120102411e-01
5.678189907144938209e-01
5.678192234343606426e-01
5.678291338776455532e-01
5.678204984338756089e-01
5.678590153875661128e-01
5.678234426214592290e-01
5.678058984277083443e-01
5.678074891193910512e-01
5.678054352572845520e-01
5.678066037954988543e-01
5.678067614697158705e-01
5.678096889104828904e-01
5.678044038058587262e-01
5.678037585293870260e-01
5.678035016281479663e-01
5.678050390711885109e-01
5.678041590532753036e-01
5.678138878732378325e-01
5.678047062843637471e-01
5.678245350791696344e-01
5.678047349934592924e-01
5.678083388053600800e-01
5.678040858449756589e-01
5.678075811164837727e-01
5.678026096540285117e-01
5.678047270576389582e-01
5.678032195282879391e-01
5.677983611162407129e-01
5.677860108079491042e-01
5.677858188577817877e-01
5.677847821298188657e-01
5.677875189680708923e-01
5.677863945249180810e-01
5.677846656517818724e-01
5.677837002409453770e-01
5.677847189133501393e-01
5.677820842834023773e-01
5.677836506297703201e-01
5.677842373743497983e-01
5.677823146707121627e-01
5.677849906218144227e-01
5.677825915581872218e-01
5.677828498898641607e-01
5.677815081596492286e-01
5.677845646572939886e-01
5.677937696521513367e-01
5.678033326632947464e-01
5.677901248343852902e-01
5.677619403306506385e-01
5.677669515039285297e-01
5.677632865005752816e-01
5.677627266159307462e-01
5.677627157429264715e-01
5.677651518940322051e-01
5.677629953588800849e-01
5.677640476249733448e-01
5.677621603221336688e-01
5.677622957689629768e-01
5.677624125454607817e-01
5.677625881341010761e-01
5.677637617922400848e-01
5.677597806662605384e-01
5.677597730327269554e-01
5.677606129847491134e-01
5.677603474769763459e-01
5.677614138480668871e-01
5.677591525936561689e-01
5.677978381278150355e-01
5.677575337767477581e-01
5.677632350570427366e-01
5.677577014380922327e-01
5.677499174795660464e-01
5.677452855288901423e-01
5.677370402707886399e-01
5.677374271420707608e-01
5.677359833516495424e-01
5.677400514608321735e-01
5.677371316872535933e-01
5.677483788689515753e-01
5.677369961608771387e-01
5.677356712545305051e-01
5.677376176184830703e-01
5.677359545931986995e-01
5.677366969444015421e-01
5.677398971315853471e-01
5.677378808510142871e-01
5.677483973888810542e-01
5.677528369900993743e-01
5.677400835435526538e-01
5.677344720197476935e-01
5.677179003324098749e-01
5.677159102164691662e-01
5.677163702773662113e-01
5.677142687690043266e-01
5.677150094016428783e-01
5.677154723258448499e-01
5.677140367483071159e-01
5.677124379815819966e-01
5.677124987441005688e-01
5.677155288526259946e-01
5.677116800059531787e-01
5.677109750041927638e-01
5.677124738641843305e-01
5.677128841723262376e-01
5.677124596831585324e-01
5.677103082683669921e-01
5.677117719402158258e-01
5.677246969747835603e-01
5.677109961370011559e-01
5.677130560545998739e-01
5.677137034558331630e-01
5.677128114402533177e-01
5.677058382920802115e-01
5.677426854450210447e-01
5.677104378015316311e-01
5.676959529564102880e-01
5.676937812909489400e-01
5.676822331766165908e-01
5.677118374579462889e-01
5.676838365934808728e-01
5.676787481405644042e-01
5.676790763045298505e-01
5.676804371265172788e-01
5.676789056655356935e-01
5.676854400527968636e-01
5.676790299827308983e-01
5.676786825233061107e-01
5.676787544265646801e-01
5.676821831522904649e-01
5.676787211265020838e-01
5.677082186575398426e-01
5.676765327561250629e-01
5.676763329143030834e-01
5.676783208029549943e-01
5.676836546104825354e-01
5.676829041286696187e-01
5.676878811722654294e-01
5.676759907884300072e-01
5.676738091020924193e-01
5.676722813404924128e-01
5.676566813527573752e-01
5.676608868557709853e-01
5.676581966316091021e-01
5.676556754839330310e-01
5.676554458550275850e-01
5.676561859002733357e-01
5.676554814071087529e-01
5.676563929733271507e-01
5.676559899621717031e-01
5.676637656951106781e-01
5.676552810896948742e-01
5.676565446960291084e-01
5.676554362842300971e-01
5.676624496701100364e-01
5.676585522005500595e-01
5.676493980318446653e-01
5.676379412745361508e-01
5.676372606080820615e-01
5.676342588225962160e-01
5.676548085373978036e-01
5.676325324169309017e-01
5.676349813408471112e-01
5.676313779248763902e-01
5.676308259906894804e-01
5.676323189814228565e-01
5.676253436399664176e-01
5.676260895349281022e-01
5.676186448551712171e-01
5.676191097146675579e-01
5.676215448740185021e-01
5.676215291976408617e-01
5.676212463359254778e-01
5.676178228381753010e-01
5.676156644679020147e-01
5.676152829142161460e-01
5.676158709713664541e-01
5.676147282233484637e-01
5.676144591599083800e-01
5.676129294923375479e-01
5.676662299610446549e-01
5.676273504231014178e-01
5.675978399401679919e-01
5.675966732875806775e-01
5.675920821401108096e-01
5.675903891933046230e-01
5.675937593380815382e-01
5.675906114103960176e-01
5.675956908014561098e-01
5.675915389518136900e-01
5.675955940608573558e-01
5.675907090098899488e-01
5.675883466316951065e-01
5.675901012703238324e-01
5.675906213667744060e-01
5.675886619854507709e-01
5.676022355649875673e-01
5.675876388617148161e-01
5.676012348059255030e-01
5.675866717943918172e-01
5.675880650360997093e-01
5.675862870275282246e-01
5.675903893192376648e-01
5.675870936182951798e-01
5.675879490390988158e-01
5.675872913791856211e-01
5.675929656871703255e-01
5.675901638481247735e-01
5.675915988992673578e-01
5.675873673833246036e-01
5.675920309727386925e-01
5.675850142460407977e-01
5.675757112938922821e-01
5.675945975259421017e-01
5.675763882150339779e-01
5.675770910915380885e-01
5.675774755747452494e-01
5.675814371627591060e-01
5.675763053809316228e-01
5.675787882374568882e-01
5.675742607854435962e-01
5.675789395625516764e-01
5.675747104850368263e-01
5.675941105343932369e-01
5.675786479084563574e-01
5.675847741331225826e-01
5.675687688525304919e-01
5.675650377417050807e-01
5.675650471262739805e-01
5.675662691298147822e-01
5.675635102485242500e-01
5.675688517947334866e-01
5.675655528023897389e-01
5.675678136505568627e-01
5.675630179631777628e-01
5.675636090737725681e-01
5.675643816285671495e-01
5.675613621332713521e-01
5.675616260645837130e-01
5.675616070976442495e-01
5.675610728284875561e-01
5.675636483414040478e-01
5.675614593289636245e-01
5.675654752629019084e-01
5.675604930000723858e-01
5.675557825878778662e-01
5.675556443587524980e-01
5.675495475112628530e-01
5.675538381673413957e-01
5.675509010404555799e-01
5.675514811183596242e-01
5.675500291504060879e-01
5.675546684176973056e-01
5.675504468562657667e-01
5.675507612349374176e-01
5.675501697667996170e-01
5.675543297141344423e-01
5.675504003850536661e-01
5.675503016998523220e-01
5.675501966907250395e-01
5.675511064941998196e-01
5.675497888053662177e-01
5.675543780350975620e-01
5.675495700498286444e-01
5.675504968075575363e-01
5.675476912258149431e-01
5.675586235081372388e-01
5.675497486831864169e-01
5.675358205841217751e-01
5.675410024009049925e-01
5.675377788063455942e-01
5.675333691346905463e-01
5.675340689167363006e-01
5.675330149471128349e-01
5.675335572130505435e-01
5.675369886461258950e-01
5.675328547067800544e-01
5.675312984143436879e-01
5.675328920078763772e-01
5.675307288710463860e-01
5.675322383992653652e-01
5.675292230437442020e-01
5.675294527613944373e-01
5.675313349285462383e-01
5.675270826963922932e-01
5.675373708336953760e-01
5.675227893229133347e-01
5.675118974561960128e-01
5.675129864357086884e-01
5.675085542756108659e-01
5.674992209782117047e-01
5.674949625641412254e-01
5.674946112339472881e-01
5.674908584764388753e-01
5.674908674259324659e-01
5.674922190789800647e-01
5.674903017213649425e-01
5.674911640066011564e-01
5.674903302217786383e-01
5.674904586848958932e-01
5.674911133473105052e-01
5.674898657535696334e-01
5.674903844763689031e-01
5.674927798521516298e-01
5.674900524007812086e-01
5.674890438574676788e-01
5.674877924772830928e-01
5.675165206212513525e-01
5.674866484735693328e-01
5.674733381321422909e-01
5.674747378027072964e-01
5.674726066601649688e-01
5.674667348031809944e-01
5.674667672563153964e-01
5.674673827635212664e-01
5.674674720164656350e-01
5.674673735454017764e-01
5.674686837225740854e-01
5.674688454981020591e-01
5.674671092180844090e-01
5.674704027848426202e-01
5.674666500803975389e-01
5.674662179498735082e-01
5.674673328166284225e-01
5.674666512071662172e-01
5.674657231349674591e-01
5.674723123200549058e-01
5.674651088229634155e-01
5.674753419408680166e-01
5.674636132774013575e-01
5.674745432692631653e-01
5.674625676678495267e-01
5.674588985444445344e-01
5.674596834990263128e-01
5.674600557017610569e-01
5.674601632237740167e-01
5.674593377174774744e-01
5.674590647222559348e-01
5.674593135523802179e-01
5.674594096709083546e-01
5.674606395598387198e-01
5.674603277182250771e-01
5.674537398964673018e-01
5.674538711082346421e-01
5.674546983099315600e-01
5.674554743828661429e-01
5.674543940358895977e-01
5.674566973140822146e-01
5.674530575848967251e-01
5.674759854767993383e-01
5.674563108404211409e-01
5.674528561735664445e-01
5.674592991171321099e-01
5.674369952645753612e-01
5.674406101901376953e-01
5.674381979722837865e-01
5.674380760802162360e-01
5.674376330923995848e-01
5.674368977356658572e-01
5.674367028349158737e-01
5.674429522440842533e-01
5.674376334903806773e-01
5.674417328416676565e-01
5.674373896828199815e-01
5.674355356613400847e-01
5.674355484444684183e-01
5.674275968133565273e-01
5.674263363794773696e-01
5.674265507707896283e-01
5.674272541986592477e-01
5.674268818504668577e-01
5.674361788976330923e-01
5.674256697528262672e-01
5.674251651995200207e-01
5.674259285613926229e-01
5.674249236687123332e-01
5.674261234013942001e-01
5.674299083098642837e-01
5.674254323454009930e-01
5.674265165350849127e-01
5.674254600087843547e-01
5.674263677005361162e-01
5.674269030095782096e-01
5.674383202916499780e-01
5.674245568800129202e-01
5.674236712013465134e-01
5.674248801620647153e-01
5.674230498930922240e-01
5.674224514394861085e-01
5.674250129278018973e-01
5.674220232736021385e-01
5.674253822704726780e-01
5.674237885617143817e-01
5.674439879956205690e-01
5.674235269869294385e-01
5.674121114317715042e-01
5.674109796804502892e-01
5.674096152749631417e-01
5.674113857694721430e-01
5.674090987042443857e-01
5.674095576308323396e-01
5.674087979668182014e-01
5.674076497847643230e-01
5.674084794844723723e-01
5.674079086914002312e-01
5.674146136254029082e-01
5.674078571744942678e-01
5.674182590933656289e-01
5.674076799853990938e-01
5.674362583910738111e-01
5.674063332349275068e-01
5.674011604783755214e-01
5.674007686119578731e-01
5.674042684522608848e-01
5.674016098769520955e-01
5.674007897570456649e-01
5.674021984819554998e-01
5.673955169093537476e-01
5.673958073319698148e-01
5.673976907370938960e-01
5.673962441561934966e-01
5.673963738651691679e-01
5.673950028093618370e-01
5.673949223331193892e-01
5.673967832455270033e-01
5.673942980961717009e-01
5.673943905567840895e-01
5.673932480456714833e-01
5.673932575820058721e-01
5.673847794473010353e-01
5.673782527008137677e-01
5.673735335583349748e-01
5.673741813460966288e-01
5.673709674982296836e-01
5.673707155664126089e-01
5.673690141568228373e-01
5.673653195281007644e-01
5.673677128410629100e-01
5.673571239991241910e-01
5.673549165980127373e-01
5.673561239154475411e-01
5.673501886615481826e-01
5.673564946514048080e-01
5.673501588253671013e-01
5.673499829474268896e-01
5.673520114150177873e-01
5.673499026909216703e-01
5.673501243621809076e-01
5.673493493604304660e-01
5.673524886253942245e-01
5.673568310150253202e-01
5.673484504754229274e-01
5.673581461287177108e-01
5.673514249145943378e-01
5.673468800948915369e-01
5.673502857798945476e-01
5.673483009103442720e-01
5.673471838194411587e-01
5.673447667095186109e-01
5.673453208238634637e-01
5.673479706580050186e-01
5.673456967810012186e-01
5.673485958798347717e-01
5.673443282191558135e-01
5.673479650136514785e-01
5.673362954361264032e-01
5.673379692897030369e-01
5.673356892504688442e-01
5.673363487399719629e-01
5.673377019798073739e-01
5.673435900580416913e-01
5.673356222573630037e-01
5.673277083940286847e-01
5.673281973352460872e-01
5.673311902161268794e-01
5.673273012102095780e-01
5.673324380016202539e-01
5.673267310287088971e-01
5.673496500978970625e-01
5.673258213008950390e-01
5.673204764793804422e-01
5.673209546990722885e-01
5.673354266562795623e-01
5.673179136934686229e-01
5.673139552074494274e-01
5.673127479411125274e-01
5.673092305614862996e-01
5.673096972244812131e-01
5.673111694318206943e-01
5.673088194338125057e-01
5.673090528146196299e-01
5.673086723285427624e-01
5.673112216495674875e-01
5.673112009037204473e-01
5.673058800630071952e-01
5.673077692124950389e-01
5.673102297286222173e-01
5.673062296850288622e-01
5.673080631590593503e-01
5.673087888271561852e-01
5.673059019112285384e-01
5.673049076778301503e-01
5.673036665843115278e-01
5.673095752557735238e-01
5.673058929133015793e-01
5.673027548547091570e-01
5.672944237698840375e-01
5.672950100545640639e-01
5.673019445257130311e-01
5.672944878854400130e-01
5.672908629585252660e-01
5.672918126609481915e-01
5.672940445571507118e-01
5.672905212100860517e-01
5.672935398995913037e-01
5.672918960557904455e-01
5.673094901315514083e-01
5.672903670189649583e-01
5.672951425636080236e-01
5.672905151291973702e-01
5.672985108017301048e-01
5.672905442172652135e-01
5.672970451046250862e-01
5.672892935805130543e-01
5.672984605719383344e-01
5.672868590011305168e-01
5.673017456864587471e-01
5.672914341947064010e-01
5.672785282102279503e-01
5.672781161064169853e-01
5.672751827622053433e-01
5.672754411564696619e-01
5.672737213772747200e-01
5.672725085954178903e-01
5.672726357838729916e-01
5.672728044031671857e-01
5.672708505660075673e-01
5.672713030482858798e-01
5.672778165726695132e-01
5.672706162711339539e-01
5.672711440751573297e-01
5.672704587884307426e-01
5.672739192379376849e-01
5.672708800798647033e-01
5.672771406957739515e-01
5.672720098615133821e-01
5.672929773915930118e-01
5.672682696082420595e-01
5.672634588266221023e-01
5.672645910529091617e-01
5.672648096894696845e-01
5.672686621455462763e-01
5.672683728257954527e-01
5.672630604400860088e-01
5.672637553312662728e-01
5.672639778679910982e-01
5.672695306829288464e-01
5.672619870758628391e-01
5.672702594574901003e-01
5.672640488778833978e-01
5.672642997527106434e-01
5.672647639492145455e-01
5.672629227983853051e-01
5.672617396692616332e-01
5.672654573659782207e-01
5.672633998040349512e-01
5.672648977740123444e-01
5.672620353153572381e-01
5.672697482247412992e-01
5.672623944806156615e-01
5.672655821233634210e-01
5.672644760428663391e-01
5.672628817630958054e-01
5.672634088179128176e-01
5.672607825016876548e-01
5.672612570490883632e-01
5.672494297745485081e-01
5.672434166670585753e-01
5.672410301905925767e-01
5.672399803434259313e-01
5.672396650423161546e-01
5.672401864048690623e-01
5.672399674992222307e-01
5.672396197450227939e-01
5.672418424442552398e-01
5.672400398302248625e-01
5.672441534186196677e-01
5.672361657567874804e-01
5.672530149345194062e-01
5.672365623140025459e-01
5.672244593810218394e-01
5.672287876297359421e-01
5.672265899761941288e-01
5.672290417487886316e-01
5.672248998612129389e-01
5.672267627746809815e-01
5.672246231794285665e-01
5.672271801952947223e-01
5.672259671459725094e-01
5.672256201533103503e-01
5.672259992472374890e-01
5.672258501881833892e-01
5.672254584312862447e-01
5.672218919229680134e-01
5.672253246934718662e-01
5.672233504876521559e-01
5.672214828250792262e-01
5.672232359741633534e-01
