1.030479770140131146e+00
1.030042857826523273e+00
1.034555750403751029e+00
1.034719766804475416e+00
9.813663761159584498e-01
1.091235495458189320e+00
1.003366298671547474e+00
9.840202073443820030e-01
9.811056497810387578e-01
9.811517586755759135e-01
9.811678861599646417e-01
9.819745228056807607e-01
9.935540584421247434e-01
9.840084748140475179e-01
9.817777731334531577e-01
9.811522021091124701e-01
1.028902382758448031e+00
1.049966039491612158e+00
9.528353060794992890e-01
9.529108143296789457e-01
9.528281676863996630e-01
9.507894530849932968e-01
1.026381183193978641e+00
9.833128141726907856e-01
9.903459321075157584e-01
9.551122832044116606e-01
9.534085748550881201e-01
9.505268361289603840e-01
9.505260783856724904e-01
9.507067589006987784e-01
9.505544504913101544e-01
1.003235813985207336e+00
9.101435913737077055e-01
9.117863528697706110e-01
9.101407575390393356e-01
9.128456307369228195e-01
9.364841032844098967e-01
9.319004452782327919e-01
9.107645297094923986e-01
9.102790939705061035e-01
9.100860498844679514e-01
9.963262819782320312e-01
9.454621927310081775e-01
9.931898155718250631e-01
8.988508205411088747e-01
8.971335724510941523e-01
8.970780946372652886e-01
8.970780946372652886e-01
8.970780946372652886e-01
8.970193528087145873e-01
8.957024818559046198e-01
9.114965139400100780e-01
8.978107627209019892e-01
8.957024818559046198e-01
8.920230274840706963e-01
9.242729691722605390e-01
9.528915061767296857e-01
8.920230274840706963e-01
8.920230274840705853e-01
8.920230274840706963e-01
8.784208837460899533e-01
8.594716769676802315e-01
9.236695348592596222e-01
9.374254823753073174e-01
8.594716769676800094e-01
8.594716769676802315e-01
8.594716769676800094e-01
8.594716769676802315e-01
8.594716769676800094e-01
9.113948571908753182e-01
9.062404794352765247e-01
8.594716769676802315e-01
8.594716769676800094e-01
8.594716769676802315e-01
9.527656853113678492e-01
8.594716769676800094e-01
8.594716769676800094e-01
8.171324249366540560e-01
9.002034185812488598e-01
8.149944735038994192e-01
8.305614327180492751e-01
8.241575842331810842e-01
7.970909940040096231e-01
8.166746471716421762e-01
8.306609927794771364e-01
8.123145843233264829e-01
7.819995948173088518e-01
7.878576015923570708e-01
7.799541483158394239e-01
7.804735338834124514e-01
7.886376099895406888e-01
7.778051624758705040e-01
7.818435931807423689e-01
7.776888858995728571e-01
7.876483610000457602e-01
7.778535344631639648e-01
7.928602503191223283e-01
7.779046477221686073e-01
7.737498933027489034e-01
8.025817779412194319e-01
8.287920309556605636e-01
7.843049215853513667e-01
7.881872203190709580e-01
7.810338509229757253e-01
7.818463266444295456e-01
7.754836057319532960e-01
7.777149136060538259e-01
7.743519531878264583e-01
7.816988003068446877e-01
7.753487254402082751e-01
7.903680210261065930e-01
7.747514903077274973e-01
7.522654386022560313e-01
7.800472830784537237e-01
7.753963606646255835e-01
7.495690289411393037e-01
7.394897836254079593e-01
7.395614517946297317e-01
8.146978568197834614e-01
7.393047802626644405e-01
7.685892111084740019e-01
7.393009275803221758e-01
7.689917098739454948e-01
7.400112594822401135e-01
7.522024752064697672e-01
7.398943424698798399e-01
7.982377436843031138e-01
7.393009275803221758e-01
7.649779215360675844e-01
7.393009275803221758e-01
7.822184250149591955e-01
7.360135226317565671e-01
7.901878410469969083e-01
7.366329644306752744e-01
8.306138531841381623e-01
7.360135226317565671e-01
7.997931220560383636e-01
7.360135226317554569e-01
7.123887580217705962e-01
7.123887580217705962e-01
7.134205378025904043e-01
7.062768113173157891e-01
7.088768757659169584e-01
7.062768113173155671e-01
7.649133879907197286e-01
7.062768113173155671e-01
7.616788227403659128e-01
7.062768113173155671e-01
7.517777263798133269e-01
7.062768113173156781e-01
7.306664219891706447e-01
7.062768113173154561e-01
7.211851138583704746e-01
7.062768113173154561e-01
7.296872217048895326e-01
7.062768113173154561e-01
7.615988586651443182e-01
6.847779293524766109e-01
6.774975961699996052e-01
6.908451453917697771e-01
8.675063949579419065e-01
6.808642562478757210e-01
7.998863938608377078e-01
7.001831638720671380e-01
6.731350687622644768e-01
6.792345599452599414e-01
7.023800277437520778e-01
6.744573449448836300e-01
7.227490253754313976e-01
6.736363931777983316e-01
7.043449443582489033e-01
6.790507812606242366e-01
7.174825707777847672e-01
6.731984446466772187e-01
7.141971544459081445e-01
6.741608884329617357e-01
6.736967150712535046e-01
6.730744130663511848e-01
6.951069590121405906e-01
6.735366853156952160e-01
6.950680282302635904e-01
6.890143740149355933e-01
7.379521629235998859e-01
6.711245263966860719e-01
7.881676350302619927e-01
6.652448294160235864e-01
6.530991643037366012e-01
6.518992980853535180e-01
6.375950614165907249e-01
6.513271314917578048e-01
6.979763792161450819e-01
6.391296966463037021e-01
6.998258357631899074e-01
6.365754629593842751e-01
6.348384475473343169e-01
6.392381146154422211e-01
6.399903197873207938e-01
6.192813980732010393e-01
6.207601787013876660e-01
6.511469745760374295e-01
6.340805800003342929e-01
6.128133910538733353e-01
6.684716965484706064e-01
6.277945721696136516e-01
7.140841820981851384e-01
6.124754567142191020e-01
7.009499832038318390e-01
6.125394436552058508e-01
6.437406868560782147e-01
6.169701057564426216e-01
6.151946911238954652e-01
6.093774179838896687e-01
6.515082760640501514e-01
6.100027962285500260e-01
5.959053595258604341e-01
5.959053595258604341e-01
5.903047541322213876e-01
5.894190623258303008e-01
6.200608865511448853e-01
5.946021812382771277e-01
6.794217142565351919e-01
6.018458600462774921e-01
6.028988247619766483e-01
5.894376706269509603e-01
5.906528564395527869e-01
5.894190623258303008e-01
5.932981270778582283e-01
5.894190623258299677e-01
6.174258993460042255e-01
5.894190623258299677e-01
7.180338077033847632e-01
5.894190623258299677e-01
5.816501232821347234e-01
5.816501232821346123e-01
5.706466959796371308e-01
5.706466959796371308e-01
5.794146613277381119e-01
5.706466959796367977e-01
5.845601402345244058e-01
5.752952599380838361e-01
6.269624799882093091e-01
5.703611347884770533e-01
6.726604351853852082e-01
5.591396893912491395e-01
6.378435191372041624e-01
5.910746784516385244e-01
6.216244766442630132e-01
5.606384677210030087e-01
6.518736661923314468e-01
5.709759504415741205e-01
5.608888859094135482e-01
5.599970644067838732e-01
6.282645426615122153e-01
5.726090893071807963e-01
5.690620714385937751e-01
5.871731578259067330e-01
5.875004660365883424e-01
5.590465476740926754e-01
5.623987987338241457e-01
5.581867003869378507e-01
5.547575123352919135e-01
5.547113085301940139e-01
5.704229083096585828e-01
5.656843895555032642e-01
6.429561489235906535e-01
5.636261944963861792e-01
5.632963868984653955e-01
5.695799381146665619e-01
5.732697360608295378e-01
5.657279678060236350e-01
5.861865011322042740e-01
5.536423992975573194e-01
5.587060354965726061e-01
5.706719118233642973e-01
5.867150214414083020e-01
5.510734432858119813e-01
6.423956739544072203e-01
5.781399274956170453e-01
5.770887796602590658e-01
5.507910942761933271e-01
5.791242169538988183e-01
5.541733388151349748e-01
6.089845728390204105e-01
5.571372104097770395e-01
5.969910764423541627e-01
5.497019826045711488e-01
5.517383567096127983e-01
5.526449922084077926e-01
6.197684705216115475e-01
5.499026572211974662e-01
5.741594346336179600e-01
5.567145020354705709e-01
5.692662960579242259e-01
5.498729317691535279e-01
5.533722787137180799e-01
5.497019826045710378e-01
5.561881628558899004e-01
5.563135136501209388e-01
5.578537567872707825e-01
5.925133882514604933e-01
6.794505605993459429e-01
5.534434027886759866e-01
5.655311309941687403e-01
5.472323339897373629e-01
6.299977619704418830e-01
5.476395217158765982e-01
6.838671357481447277e-01
5.472293639582522795e-01
5.858075773237695349e-01
5.472293639582522795e-01
5.820153102693643721e-01
5.472293639582522795e-01
6.071228906575744100e-01
5.472293639582529456e-01
5.898041185176930989e-01
5.472293639582522795e-01
5.584108834665195698e-01
5.472293639582526126e-01
5.566431951440760084e-01
5.559555494015442356e-01
5.725929395308126946e-01
5.472293639582520575e-01
5.721695707503875461e-01
5.490188516174205891e-01
6.160890868125820097e-01
5.472293639582520575e-01
5.547706559683754923e-01
5.758335965033236636e-01
5.794723781538989593e-01
5.557573715255688107e-01
6.011096179031745201e-01
5.473673358640700481e-01
5.837924265897180831e-01
5.579188739507818795e-01
5.584853014080449762e-01
5.463266542923731484e-01
5.882497242304763896e-01
5.669896610931609571e-01
5.918004350564624039e-01
5.529768660086271659e-01
5.905092517091588000e-01
5.446237624362518792e-01
5.925959977670578471e-01
5.436686583511692872e-01
6.052900143882233852e-01
5.423327634424404131e-01
5.618306881721701895e-01
5.445929009554564271e-01
6.523320301645399999e-01
5.429869362552910417e-01
5.687962952859859644e-01
5.454351540242702301e-01
5.743970166709544412e-01
5.710595936116222848e-01
6.015913831474971607e-01
5.502841894310395165e-01
5.925470573589055601e-01
5.505722356318958344e-01
5.496954451627662497e-01
5.396079875354855560e-01
5.516826059377243352e-01
5.522584730605676340e-01
5.393963758888498106e-01
5.472680454060210309e-01
5.397388119999122491e-01
5.432072662920470751e-01
5.360187864561813953e-01
5.621166523476225363e-01
5.368165797883994728e-01
5.383417292730787729e-01
5.351856246460769961e-01
5.443078984555869138e-01
5.340826297878606965e-01
5.386061722068917756e-01
5.373247721902233431e-01
5.379412548405839711e-01
5.233365388348558689e-01
5.369984702477966776e-01
5.247151185959600950e-01
5.383603612316759657e-01
5.254652685595952999e-01
5.312235149103680110e-01
5.254234549847944802e-01
5.320984861560659196e-01
5.255602102183500879e-01
5.258182984578159136e-01
5.249185271006411302e-01
5.264965899769901148e-01
5.233519642318177345e-01
5.233609403361720869e-01
5.255619969059336372e-01
5.343743843241650637e-01
5.268358727061794866e-01
5.402644637534246286e-01
5.240228706624430188e-01
5.317738130542302155e-01
5.233328220855366641e-01
5.212764783679586511e-01
5.206226220520461245e-01
5.261560818860769873e-01
5.226156190697456294e-01
5.382305967045122319e-01
5.260384903935494405e-01
5.383570873440173266e-01
5.203429818013125541e-01
5.414282610507032967e-01
5.198474525054318507e-01
5.206476973881366543e-01
5.189335621230265483e-01
5.122116340695654912e-01
5.122701995929574981e-01
5.347457622480493722e-01
5.120681579582621046e-01
5.164191643020868971e-01
5.131192479667665562e-01
5.121937472626632015e-01
5.140768095769620016e-01
5.184755253092214744e-01
5.159103489881048388e-01
5.095402857838158273e-01
5.065172386712950559e-01
5.045507249941321160e-01
5.137862536939434843e-01
5.056967817577335822e-01
5.157557279197385602e-01
4.902725374357913002e-01
4.918389534090352733e-01
5.008465864286970604e-01
4.887112142980546969e-01
5.235076239807893161e-01
4.871266482753112137e-01
4.948513165663783742e-01
4.877065340635721724e-01
4.891133738071387627e-01
4.869684936516383567e-01
4.970470848405726394e-01
4.822650795758244846e-01
4.944575149071676612e-01
4.820356929884190844e-01
4.944601220597629743e-01
4.840533579793885877e-01
4.858982360023271774e-01
5.066786772067823907e-01
4.772247014440005319e-01
4.783865505366364790e-01
4.781886011002068892e-01
4.795742428478580455e-01
4.734825701802121700e-01
4.759974062025586483e-01
4.847510452474344533e-01
4.892790724210904774e-01
4.686051837148287325e-01
4.698641513999757824e-01
4.698050092202382122e-01
4.780867569328922650e-01
4.696976895709205069e-01
4.708724018971317538e-01
4.825566407481128306e-01
4.695896441617647410e-01
4.765941186437981925e-01
4.724454921341758040e-01
4.838456322243916419e-01
4.705771516100896168e-01
4.755837075623010612e-01
4.744041233653232825e-01
4.946548376129274449e-01
4.711989603577267371e-01
4.704300645947261938e-01
4.714964970970360048e-01
4.639126196186433293e-01
4.655361593193995673e-01
4.775269267807081830e-01
4.637751990836490035e-01
4.691096087339471921e-01
4.608990247782739913e-01
4.792288869955723118e-01
4.591394633743823839e-01
4.670251034963571191e-01
4.577031061532931266e-01
4.588250889508637131e-01
4.594820053072584676e-01
4.581591363062501587e-01
4.584267368048563496e-01
4.606344601241930126e-01
4.577417074319449775e-01
4.766636506017160047e-01
4.565304513911046524e-01
4.546659273736031737e-01
4.546062398718964670e-01
4.816701587059939449e-01
4.592592739808533109e-01
4.622552549377833553e-01
4.542106385056092210e-01
4.571096184328476419e-01
4.554188152637488884e-01
4.552879123363114400e-01
4.713577690070513415e-01
4.759519789453784400e-01
4.587672555473320535e-01
4.468480029043883639e-01
4.558801183178457506e-01
4.939726018485075532e-01
4.525636746246955999e-01
4.426052299205179286e-01
4.466286746319614309e-01
4.550744377701370080e-01
4.440996024165708711e-01
4.523690733524858842e-01
4.412743954775113497e-01
4.451019599134574678e-01
4.422880002857204618e-01
4.393983670175427569e-01
4.407912822088184690e-01
4.484539324443933550e-01
4.388516553973900169e-01
4.581119931724810801e-01
4.384421218836938028e-01
4.624522076915409952e-01
4.411877248455713385e-01
4.528330289813932152e-01
4.463009862385802218e-01
4.474457782640320902e-01
4.383602155551512003e-01
4.663646010997701818e-01
4.401167731171687358e-01
4.431610492019730230e-01
4.479287266062356165e-01
4.736818621777133531e-01
4.347042274658743377e-01
4.419455068670578579e-01
4.372650606869559198e-01
4.391997376657353347e-01
4.380044467959142707e-01
4.733168629940297523e-01
4.379549869893592517e-01
4.354683425291047127e-01
4.412263888360069553e-01
4.316080457215105137e-01
4.360508308355771079e-01
4.393433210096134856e-01
4.315304972150268981e-01
4.337694408538939617e-01
4.324111305745424461e-01
4.374023339868716165e-01
4.332114183611140423e-01
4.293552585921934228e-01
4.314457481063327937e-01
4.460254213370870024e-01
4.317995552315445629e-01
4.374806609599679597e-01
4.315978703824845941e-01
4.448198830202286236e-01
4.295958557272105405e-01
4.490849419651706809e-01
4.290112579528833625e-01
4.333719899236155304e-01
4.297951299692214233e-01
4.317695694217872915e-01
4.295567195727488796e-01
4.340618587380835613e-01
4.309564108392050508e-01
4.376741247827493630e-01
4.294047353275702306e-01
4.319134218314143459e-01
4.263269445213172526e-01
4.383354091120525431e-01
4.298209930725270800e-01
4.278625043283273977e-01
4.271076779809870327e-01
4.329136096527138045e-01
4.255808900299034581e-01
4.723274308441543501e-01
4.250040086618169233e-01
4.499409113291041318e-01
4.251027511844193141e-01
4.376309854149629253e-01
4.251038483791639844e-01
4.421440244642045325e-01
4.292820451893485934e-01
4.361696077754037004e-01
4.278992575489503070e-01
4.387627834112740599e-01
4.293138192083064131e-01
4.346900847641289589e-01
4.263561532715312019e-01
4.380394676037109303e-01
4.235393295994974716e-01
4.275744252049824001e-01
4.304091023380776648e-01
4.349489102434351828e-01
4.315172597954182732e-01
4.286470167681309396e-01
4.255042241575427431e-01
4.320605763536027877e-01
4.233534705675324195e-01
4.393448024415790298e-01
4.244698784160777505e-01
4.468022274125110216e-01
4.264606405085633600e-01
4.373006532584407524e-01
4.240837492382464324e-01
4.384473342186785971e-01
4.263072280003422088e-01
4.328360901695274543e-01
4.229485830001282198e-01
4.231594943770015105e-01
4.278187136560773762e-01
4.361768659611834908e-01
4.221941774381877122e-01
4.408139935592846892e-01
4.272828528788088498e-01
4.331352704653227970e-01
4.228825551893565238e-01
4.322111952808235236e-01
4.248723260385348088e-01
4.262674160561888415e-01
4.240771160676475859e-01
4.270134984507207299e-01
4.257778790670790903e-01
4.419176283976104513e-01
4.251072046552775152e-01
4.256416291416511011e-01
4.270571803185616022e-01
4.277433059828605333e-01
4.230543623556387023e-01
4.261672110062274532e-01
4.231603965523921818e-01
4.303697445682097555e-01
4.239700264597607293e-01
4.329765961757041093e-01
4.231828636667766541e-01
4.222199188360147293e-01
4.246346034168466121e-01
4.223218663161769637e-01
4.245644022948091845e-01
4.224122411781532360e-01
4.231668650218666783e-01
4.222448423129058215e-01
4.235986043325111750e-01
4.222656297504033818e-01
4.253391269707358369e-01
4.218064488841978266e-01
4.265915979265869629e-01
4.237833144592694223e-01
4.269732010699124891e-01
4.222307519457710878e-01
4.243564981607740316e-01
4.222624518206091748e-01
4.238900953853446674e-01
4.219787661555398084e-01
4.235182528703195781e-01
4.219649384547946580e-01
4.251435704568156670e-01
4.219612534224630451e-01
4.231231160906477884e-01
4.214947137019479650e-01
4.227422568597959396e-01
4.218194856018021022e-01
4.239457186024314650e-01
4.214394490796693482e-01
4.236277355356835583e-01
4.236056136224242152e-01
4.215009749281873330e-01
4.216685966996542856e-01
4.216864020606741481e-01
4.236930121707078722e-01
4.215669378815101176e-01
4.217724236209844380e-01
4.249297284392734020e-01
4.243238108083395299e-01
4.225839155751235365e-01
4.206218460142552851e-01
4.214003784295048405e-01
4.204534183997881702e-01
4.215862882653069188e-01
4.210502684123998973e-01
4.209005573122486799e-01
4.208844289670524152e-01
4.227720775727596414e-01
4.205076124694208106e-01
4.257774132671490741e-01
4.216273958390574506e-01
4.214087409087667879e-01
4.208542873838312937e-01
4.216943788182180297e-01
4.205311469322928764e-01
4.226545960999705254e-01
4.203936400357312642e-01
4.229263786277609460e-01
4.207496547228910533e-01
4.225237340425602173e-01
4.207258161143143660e-01
4.234187006341577075e-01
4.211627944948620472e-01
4.218668928851913025e-01
4.220600993007566082e-01
4.203894885236031387e-01
4.225286656144904840e-01
4.221569015108941336e-01
4.215165399294121262e-01
4.242802542275859179e-01
4.203768176564324222e-01
4.213175598371216579e-01
4.209406336412432892e-01
4.201889017225702294e-01
4.201284210666199614e-01
4.220714323456433714e-01
4.204382988841615099e-01
4.238873167073298198e-01
4.203604698496783421e-01
4.218844782913332425e-01
4.203105614211886665e-01
4.205485471888298354e-01
4.204207152154854077e-01
4.215966449279653916e-01
4.203489953319554662e-01
4.243159936744936300e-01
4.200840775709080988e-01
4.258014961607128335e-01
4.208630787266203765e-01
4.212839373594272074e-01
4.197432438269414479e-01
4.214607913630691316e-01
4.199486005354172158e-01
4.213107499120695154e-01
4.199255700014009607e-01
4.226817518125053907e-01
4.197455537773380763e-01
4.204548978240743584e-01
4.200253487303137190e-01
4.214685037743765572e-01
4.203738996330125821e-01
4.265694755106083091e-01
4.200071456427530991e-01
4.219370794325417728e-01
4.192619101841839058e-01
4.256975212707300171e-01
4.191049586885268186e-01
4.203968484129014804e-01
4.198237545873794163e-01
4.201344419467935576e-01
4.200769689743444890e-01
4.197720647362256363e-01
4.194591992965771565e-01
4.207179938891867921e-01
4.195395219152008304e-01
4.211634683688552094e-01
4.196362045419802511e-01
4.217582577218541018e-01
4.196730437175680284e-01
4.200486307615275416e-01
4.193031412383115275e-01
4.222791733720970275e-01
4.184845490120822076e-01
4.262588486005532973e-01
4.192913531024945462e-01
4.196942315146429126e-01
4.185389803849899892e-01
4.212816614515794145e-01
4.186854444569870215e-01
4.206174641865823571e-01
4.192126267423161301e-01
4.209829818566754311e-01
4.196374756503605807e-01
4.196858866172680780e-01
4.182492203820963317e-01
4.204802606031211032e-01
4.183719327139648891e-01
4.201893650992944429e-01
4.186892690101988723e-01
4.196618260005688938e-01
4.186791150449485910e-01
4.228025587863020185e-01
4.179200816721846401e-01
4.215217197811317873e-01
4.180089570616396522e-01
4.200267682574542194e-01
4.184823949662536124e-01
4.194602431778104989e-01
4.178552670209267905e-01
4.190223199492836836e-01
4.179361563840141569e-01
4.213610046574072232e-01
4.177828188769294182e-01
4.200173042247883903e-01
4.182493759100997521e-01
4.194387373190021084e-01
4.182645119770601605e-01
4.233681947719031280e-01
4.181688897722440346e-01
4.181377180968994800e-01
4.187579383986008708e-01
4.178665878734913464e-01
4.181551236274237970e-01
4.177214459973093152e-01
4.176856226195654886e-01
4.176305597143083470e-01
4.171609182039231478e-01
4.183399809995662633e-01
4.186272190197443677e-01
4.171390665273931320e-01
4.186519447852320996e-01
4.172287709282447299e-01
4.177480318563815409e-01
4.177587929793847854e-01
4.173571128212583692e-01
4.168080459036029861e-01
4.176021449001128816e-01
4.166036517034423237e-01
4.172736357219821168e-01
4.167596426861540637e-01
4.164146632030127915e-01
4.165369511012582127e-01
4.164021120913790064e-01
4.166561804608190367e-01
4.173879641206796332e-01
4.163206746837946337e-01
4.166351763656522822e-01
4.168870244677941317e-01
4.167591655514204518e-01
4.166146469522526985e-01
4.164771148866839856e-01
4.169091300796043953e-01
4.165977982939152446e-01
4.163452461047822406e-01
4.164559718546805289e-01
4.163056308559359708e-01
4.168177899115604879e-01
4.168540359842830556e-01
4.167722675324256887e-01
4.163372119478213618e-01
4.173756416623318755e-01
4.163380471545908290e-01
4.156561577443316224e-01
4.155291999626929966e-01
4.145515956610886787e-01
4.146502429157629122e-01
4.137454678098955729e-01
4.135516077202574525e-01
4.138819383778030159e-01
4.136151754495474564e-01
4.130793074894013039e-01
4.131049238076643371e-01
4.133143578764477133e-01
4.133058029258665500e-01
4.130190628918842255e-01
4.132324310979604842e-01
4.140056361141120078e-01
4.134378543624553926e-01
4.126228900591448756e-01
4.130789602785506220e-01
4.134283636783170346e-01
4.127803782144011113e-01
4.126773123007180244e-01
4.129831582480100183e-01
4.128998151037789888e-01
4.128615763434666519e-01
4.128605815150716007e-01
4.126956223759059572e-01
4.129903372877186674e-01
4.130128422523626774e-01
4.124632249809198070e-01
4.131036053879214576e-01
4.128822488576210925e-01
4.128054753399209575e-01
4.129239731418726245e-01
4.127115490357241567e-01
4.124241798428368577e-01
4.123509909294086340e-01
4.121224774026111537e-01
4.122809247062840798e-01
4.125977162590164227e-01
4.121752329769905465e-01
4.131017864984479759e-01
4.123925821958108195e-01
4.118743709985768220e-01
4.125856662297162081e-01
4.134365077053040460e-01
4.124537287839092348e-01
4.122319075552284828e-01
4.113573762103436282e-01
4.112219379869521685e-01
4.110385804723362679e-01
4.108976944010720445e-01
4.116541615520540320e-01
4.114069688273415681e-01
4.111090291214894443e-01
4.117929366641988054e-01
4.114179808864403820e-01
4.099664775999138366e-01
4.104752220061535506e-01
4.102318989596397403e-01
4.097932386516807135e-01
4.092631699790142408e-01
4.097071883190183117e-01
4.097432750446118876e-01
4.091213746453782885e-01
4.098944427287745662e-01
4.093406560668657601e-01
4.097276714089400640e-01
4.091390452822474821e-01
4.092203046438833702e-01
4.097191351100636370e-01
4.098125877470216727e-01
4.094669454026321209e-01
4.095654871179326695e-01
4.091361470399881295e-01
4.098859323214060213e-01
4.092276200389463048e-01
4.090123737800085979e-01
4.090606139265913765e-01
4.097921560052056322e-01
4.091840610060408778e-01
4.097611852975304170e-01
4.090500591061336233e-01
4.094937201542858674e-01
4.091094861744668520e-01
4.092012022932401960e-01
4.089918403319590112e-01
4.099103313226365453e-01
4.087747778745017269e-01
4.086818847285582090e-01
4.089367083392120295e-01
4.092235332161811567e-01
4.084831722873401572e-01
4.085134471788333110e-01
4.083037252976883247e-01
4.081947000219512955e-01
4.082922839625036660e-01
4.079496876275729988e-01
4.077174973211585285e-01
4.078778459931995393e-01
4.073919752576244946e-01
4.079524712284235965e-01
4.073288066822741693e-01
4.079926761344239150e-01
4.074174459388610892e-01
4.075068024388778798e-01
4.077187551448996361e-01
4.073010489661155753e-01
4.076703017067848100e-01
4.078232682013321897e-01
4.070615480796514474e-01
4.069351034460992889e-01
4.069736566548698420e-01
4.071954746651429424e-01
4.067933879672184783e-01
4.077814069644795092e-01
4.071568756408038281e-01
4.071499080497817391e-01
4.069753889853439666e-01
4.072095499800030827e-01
4.075094489284933341e-01
4.062307974093782303e-01
4.068438358846332426e-01
4.066798915832763317e-01
4.065115196488099936e-01
4.070908951930174435e-01
4.062125093773382156e-01
4.071353589863431210e-01
4.061345681573167998e-01
4.066040888481780025e-01
4.068319108940736117e-01
4.065755553936587496e-01
4.063605234119749277e-01
4.072183098606319551e-01
4.068963920888855057e-01
4.098754422038065059e-01
4.059819816952217053e-01
4.061561072514763282e-01
4.067575499689948249e-01
4.053330881431961852e-01
4.054279524979172988e-01
4.051928920878263840e-01
4.055824501750285860e-01
4.056720819106152676e-01
4.056823658434149382e-01
4.057363167350351296e-01
4.049949216493342607e-01
4.059769665119345450e-01
4.048725535620759097e-01
4.050446508445538218e-01
4.054549515742309485e-01
4.053841461651653821e-01
4.048329035151079780e-01
4.046941467153651883e-01
4.048350926309359776e-01
4.046578765497356733e-01
4.050780116711977796e-01
4.057114094146420102e-01
4.048662894360220976e-01
4.050269087082967179e-01
4.049053320382351440e-01
4.048672010189105497e-01
4.048194490081276076e-01
4.048820339270828850e-01
4.049555033444732222e-01
4.055682053945453003e-01
4.046180331912607175e-01
4.052904445071918160e-01
4.045915712781458784e-01
4.049384770874419615e-01
4.045347146671950389e-01
4.059248492169879596e-01
4.045363967324716037e-01
4.046822404655451288e-01
4.052284400844241019e-01
4.056228394532410131e-01
4.043199066625054461e-01
4.037893608209809360e-01
4.035192759974365884e-01
4.037331691132339251e-01
4.037408657654876776e-01
4.039527616033702917e-01
4.037019885841810485e-01
4.031619554445559639e-01
4.032075840448670623e-01
4.038624674362347178e-01
4.032319300447525512e-01
4.044518072819459631e-01
4.030683083979607062e-01
4.044290888510084225e-01
4.031688837445054907e-01
4.041112666575886192e-01
4.026977726660073698e-01
4.024670615189968048e-01
4.029144805657233208e-01
4.033532166383365092e-01
4.019424875471024894e-01
4.023076711669461014e-01
4.016215686992272715e-01
4.021600631572810891e-01
4.020148248735118113e-01
4.035937462897948858e-01
4.017525802115121114e-01
4.021588531788366505e-01
4.021565037584058921e-01
4.015412058012208241e-01
4.014512280334167627e-01
4.022318291817030267e-01
4.014938642843191019e-01
4.012106092395025803e-01
4.021925505079634866e-01
4.012295716990424421e-01
4.015163342628235710e-01
4.008285534546766615e-01
4.007744324814441761e-01
4.006683177938599738e-01
4.007981372879176329e-01
4.015237238107530193e-01
4.010295145068352718e-01
4.003295863787105224e-01
4.007391053636131240e-01
4.003696504310904625e-01
4.007904721172279028e-01
4.008009322801354135e-01
4.007965580329572730e-01
4.005284830769363369e-01
4.005102475200505996e-01
4.009088691159216067e-01
4.001319035399187873e-01
3.998846300951731103e-01
4.001451212856758088e-01
3.999903089685661883e-01
3.995834890751244761e-01
4.000214234535592328e-01
3.993172211278269712e-01
3.998080595850699304e-01
3.997486024239381708e-01
3.990250095529190855e-01
3.986727281914648757e-01
3.995120889389107144e-01
3.989872292460281966e-01
3.991528107487076760e-01
3.987741286448446276e-01
3.990603483824523567e-01
3.990223026824799013e-01
3.985349613463726182e-01
3.990593090127680931e-01
3.981995048756455935e-01
3.984446119737399816e-01
3.995252408693161783e-01
3.984314450069188496e-01
3.985713406833375494e-01
3.985060505753922899e-01
3.991638935201904381e-01
3.980200834562496182e-01
3.987470226547469854e-01
3.978355301606572025e-01
3.978378745564296048e-01
3.977137955022355675e-01
3.987886749652296281e-01
3.979090865999002080e-01
3.972959431837787547e-01
3.976998916496578551e-01
3.972509029307748629e-01
3.971829714202073092e-01
3.976388180306205111e-01
3.972027173676425105e-01
3.970695217684083178e-01
3.973640791070332523e-01
3.985010570176905076e-01
3.958811138184737399e-01
3.958170953971502093e-01
3.959054161783180370e-01
3.961418536729052198e-01
3.957573085424803128e-01
3.957325850707835713e-01
3.960199530904363052e-01
3.958871064376897619e-01
3.954749768720771108e-01
3.954733991535488991e-01
3.956496326868557678e-01
3.959548001026078623e-01
3.953958930571253028e-01
3.968127117147611238e-01
3.956335318073123664e-01
3.970536243320053615e-01
3.955525880794876770e-01
3.961475344089122608e-01
3.957100290223077299e-01
3.956317336236686577e-01
3.953285729744007715e-01
3.961557311197818620e-01
3.951811784621829804e-01
3.971723242443537250e-01
3.946800459907565117e-01
3.950237316563438572e-01
3.947598459729723674e-01
3.952580410362762087e-01
3.948942482128887099e-01
3.958542186047390721e-01
3.954441816472912818e-01
3.953632105479732983e-01
3.951924396390263383e-01
3.942801622613405499e-01
3.941918941869198556e-01
3.941473332522443251e-01
3.953816632320402702e-01
3.947229176596412925e-01
3.943981408114827225e-01
3.941950702140963325e-01
3.940947609998590173e-01
3.944068277388987354e-01
3.943466993679202170e-01
3.952821712352669881e-01
3.945806189558077604e-01
3.946065962401228422e-01
3.940748176425158955e-01
3.938515628191587847e-01
3.940672168386140650e-01
3.945018783655622197e-01
3.945766089693903966e-01
3.944180150034560239e-01
3.934869319456104075e-01
3.940153248754563187e-01
3.937811908415500550e-01
3.933824045971732186e-01
3.930054789441842500e-01
3.932665208618706942e-01
3.928914663727319789e-01
3.931268905008057368e-01
3.933583604016362978e-01
3.927449272221593679e-01
3.929884082452688165e-01
3.929659120919963833e-01
3.928222399675848631e-01
3.933026157984407245e-01
3.927665241446445799e-01
3.938911083756329590e-01
3.934540694610906830e-01
3.928338689578779186e-01
3.922843291449182312e-01
3.926304603108305979e-01
3.927381929963247864e-01
3.919344075130757887e-01
3.919816142588679053e-01
3.928096336738793326e-01
3.916660389385518415e-01
3.934603789759214543e-01
3.926392204291970778e-01
3.907330013638797284e-01
3.909515593345839757e-01
3.910581964534803889e-01
3.907969799085269647e-01
3.902540250906820773e-01
3.900018348946196478e-01
3.903081231681999053e-01
3.896860612941553392e-01
3.907760510242316299e-01
3.895909321347159060e-01
3.896715961555424768e-01
3.894398212393455627e-01
3.901373831950862292e-01
3.897350465017238030e-01
3.893595203848037034e-01
3.895269898194809177e-01
3.899122007316971339e-01
3.894875732503020327e-01
3.897832623000391794e-01
3.897441882388746892e-01
3.890839452943657961e-01
3.893768883669466163e-01
3.885838806133523060e-01
3.886922678888692362e-01
3.887669242891742538e-01
3.886110845302496175e-01
3.889851099687154368e-01
3.885320479203017707e-01
3.882340140735489609e-01
3.885591741846903813e-01
3.890053369024532026e-01
3.892203544103021717e-01
3.884962072077605133e-01
3.885390305337322325e-01
3.886732202250643975e-01
3.882470088190395074e-01
3.883949566043005119e-01
3.876955997905704998e-01
3.877022401405247343e-01
3.881719924048112613e-01
3.885011694156018103e-01
3.878787573388147725e-01
3.876260962211551253e-01
3.875555873412978580e-01
3.880371275398770137e-01
3.873856559065779193e-01
3.871727326847097528e-01
3.874663068700770485e-01
3.868216930552633159e-01
3.867652897450307159e-01
3.865204973975877589e-01
3.867883486306278873e-01
3.868422280561243376e-01
3.866896738922685484e-01
3.871993620241623302e-01
3.858184180332612789e-01
3.865984959262942500e-01
3.860712553887571397e-01
3.858496082276553496e-01
3.859353765915224943e-01
3.864923409664583476e-01
3.857669845079739757e-01
3.860246230277170065e-01
3.856161077441319640e-01
3.868510622214296757e-01
3.857589459851454849e-01
3.857432632375361048e-01
3.859987821558568122e-01
3.861759080401465649e-01
3.856842749759489264e-01
3.870288101570835693e-01
3.852187190676326645e-01
3.854990447846107782e-01
3.853944915028996165e-01
3.848416923896252895e-01
3.849083786648223593e-01
3.849193157377049368e-01
3.847966599306377189e-01
3.860429477257842912e-01
3.847487158238479532e-01
3.853176361124139304e-01
3.861159533170899771e-01
3.839296000247762741e-01
3.843987983053774871e-01
3.841856320841852135e-01
3.842636480120248388e-01
3.836427092076928336e-01
3.838374020278791932e-01
3.845187517641512898e-01
3.834053313142928299e-01
3.835223790090956930e-01
3.835302247512220042e-01
3.835276398737061943e-01
3.835095597991036165e-01
3.835945800693025820e-01
3.835342887116240940e-01
3.836682369451338559e-01
3.835801651735019080e-01
3.840967315824679873e-01
3.839452521540462904e-01
3.844664214910811784e-01
3.835161914487302259e-01
3.832332384328919761e-01
3.836997607703129809e-01
3.838177541987772834e-01
3.833766711076070921e-01
3.836738966247307259e-01
3.833440251909844276e-01
3.828426963140483252e-01
3.829684637841018757e-01
3.826002940762797122e-01
3.826968204180415944e-01
3.831934144448861934e-01
3.826320032004352778e-01
3.825110497177937607e-01
3.823264752879780293e-01
3.835091287329889242e-01
3.822642529310766868e-01
3.831316526714547699e-01
3.825486824154479826e-01
3.834686757065262630e-01
3.825500860640816403e-01
3.827071312235281186e-01
3.822994048410540135e-01
3.841303519499754127e-01
3.824824541203999395e-01
3.839952314152160762e-01
3.824177702072931173e-01
3.829082880859052129e-01
3.820762533278224682e-01
3.822690792855108488e-01
3.820542690990738066e-01
3.818388411332309107e-01
3.819856860547455324e-01
3.817312228627416926e-01
3.817551545968208560e-01
3.823768852214199931e-01
3.819799100287139537e-01
3.817895561879849908e-01
3.819932111907092254e-01
3.815949529397275053e-01
3.817206079161019061e-01
3.825743932597470143e-01
3.811137494068638221e-01
3.808662421572155399e-01
3.811198283249884189e-01
3.809133748297438560e-01
3.811205453250562925e-01
3.807162964765560265e-01
3.803467627587352462e-01
3.810932117970762811e-01
3.801958079042199179e-01
3.822568622446999576e-01
3.811068308840637742e-01
3.792467339584505437e-01
3.794447853884009292e-01
3.814674024617319970e-01
3.792446271574672068e-01
3.807460485157863617e-01
3.794827296091207169e-01
3.811779411437634657e-01
3.791609581090802372e-01
3.797010138800092638e-01
3.789936739812007627e-01
3.794911079064828829e-01
3.787169747578412737e-01
3.793547099353120622e-01
3.791570034516453247e-01
3.784885046842513812e-01
3.786039577982438509e-01
3.792186680728703574e-01
3.784967448166234316e-01
3.790911261095220586e-01
3.786120507133986512e-01
3.795864181852641739e-01
3.786747207485540723e-01
3.788909790606820871e-01
3.789154148065985162e-01
3.788180784640808874e-01
3.786588944090397701e-01
3.778168967094630015e-01
3.778915075543362034e-01
3.784165561723531468e-01
3.779246985756709587e-01
3.771920530777591041e-01
3.774279329659159243e-01
3.784620279814833732e-01
3.771870917383460253e-01
3.775732161655794838e-01
3.771398789626363435e-01
3.783979100214285851e-01
3.773947610207210035e-01
3.777757676091306194e-01
3.768760281633069531e-01
3.777151025156167963e-01
3.772644668982834126e-01
3.768319711672453165e-01
3.765901897768773599e-01
3.769285441158514161e-01
3.767495184365514116e-01
3.774363967646686691e-01
3.769354028535851775e-01
3.776900272577793927e-01
3.767524714353163162e-01
3.765637064528413736e-01
3.764146627644954224e-01
3.766643790928191349e-01
3.763192342247298483e-01
3.773251293297505415e-01
3.766129529085804895e-01
3.766184991446537289e-01
3.761581861686284500e-01
3.779431428825543171e-01
3.762168201394542333e-01
3.770273563435629915e-01
3.763034073892155829e-01
3.773077719919163409e-01
3.762350011573348807e-01
3.772860778575066742e-01
3.764273082622086042e-01
3.771814633795048666e-01
3.761304735273045541e-01
3.768304712400017964e-01
3.763141101243758779e-01
3.763313053958046717e-01
3.764497156741571371e-01
3.781414450976715025e-01
3.762086498053824890e-01
3.754525010402144924e-01
3.771265913959114813e-01
3.752757503955133633e-01
3.757309092611013090e-01
3.777279391230422001e-01
3.753373221248097469e-01
3.768111256629757544e-01
3.753296191087946987e-01
3.760852464678342555e-01
3.755530032978481869e-01
3.765480974526373981e-01
3.753064763036091933e-01
3.756014545024249363e-01
3.755404453955400457e-01
3.759951172779907314e-01
3.751958116974843382e-01
3.757079399761387717e-01
3.750919383531537421e-01
3.764597435012359550e-01
3.751218796296726943e-01
3.753515036745821432e-01
3.748634691051614953e-01
3.749868096425212904e-01
3.753905342117989652e-01
3.754713714511166422e-01
3.750905964609924648e-01
3.756389489687777528e-01
3.752139786632286422e-01
3.751257761802177515e-01
3.750786024669470753e-01
3.756787603589800684e-01
3.748038814230738036e-01
3.766297009385238259e-01
3.749238311995871653e-01
3.759396587012801549e-01
3.749841291333868010e-01
3.759785930786207486e-01
3.747332994548061014e-01
3.743001038353346854e-01
3.745357343614795220e-01
3.755859540351417225e-01
3.742227436008540020e-01
3.745006463971151667e-01
3.741564080874620890e-01
3.749933178732274275e-01
3.741315336371659472e-01
3.750579413446755161e-01
3.742917400996283450e-01
3.737950998312626893e-01
3.739384690411035050e-01
3.745629586471818651e-01
3.738745296392306239e-01
3.748067883895614960e-01
3.738884321631976704e-01
3.744076100683677577e-01
3.740438108699216113e-01
3.751197115038407137e-01
3.740797336675298901e-01
3.752898754566129647e-01
3.740380154437654148e-01
3.746125106853731568e-01
3.737753450427971358e-01
3.752759072822879904e-01
3.738187465182262192e-01
3.740699798218568017e-01
3.734570462219708453e-01
3.738144953277793281e-01
3.736720846990431166e-01
3.742541503812293890e-01
3.739832259042180640e-01
3.738073448871807036e-01
3.737283836746148613e-01
3.739543159437554998e-01
3.736101246529910935e-01
3.739524422846669527e-01
3.737627007538757984e-01
3.759964364380578017e-01
3.738703771313083846e-01
3.731742014194112111e-01
3.734725430396588775e-01
3.734976088728396149e-01
3.732700333042115459e-01
3.749038784901690402e-01
3.738491955771686692e-01
3.739403087395127279e-01
3.740001485192487318e-01
3.740813725348428598e-01
3.734357419395435973e-01
3.736131027765188239e-01
3.734089062020324867e-01
3.741431615202749361e-01
3.734273631481064837e-01
3.740946275573258650e-01
3.738227617104995515e-01
3.737373273121398776e-01
3.732247110679714486e-01
3.736717766862362455e-01
3.731022579568382125e-01
3.743643323034128723e-01
3.731225671777446129e-01
3.741061959086949273e-01
3.730927262050466320e-01
3.747558432338226053e-01
3.731881583161079097e-01
3.735920245453266397e-01
3.733673484457385450e-01
3.737413994735274692e-01
3.736435185498007128e-01
3.730325334286013206e-01
3.734144592395751694e-01
3.735834139145786104e-01
3.731835912400187083e-01
3.735290422276741351e-01
3.729140341918737445e-01
3.731703645216220555e-01
3.731260899835411315e-01
3.739161082935958391e-01
3.734436875265658706e-01
3.733893801672835133e-01
3.727749571214498125e-01
3.724793642407455141e-01
3.726598543824131138e-01
3.723554737049507013e-01
3.722457085834136037e-01
3.722001918068890136e-01
3.731445440458854290e-01
3.721970536201639201e-01
3.724588000116393904e-01
3.727242256182504709e-01
3.723548699384964800e-01
3.734742848745405963e-01
3.720042318128798375e-01
3.749889769899517056e-01
3.720051095538584596e-01
3.730562619753727271e-01
3.721871059257447212e-01
3.727995485431724321e-01
3.721584702172845427e-01
3.720155310395812376e-01
3.719925227381304933e-01
3.726536706128302789e-01
3.723397734713890794e-01
3.726000153027043682e-01
3.717534242813873568e-01
3.719140222629913062e-01
3.721667447375949234e-01
3.720009596989882206e-01
3.718624993439155202e-01
3.730513811776431932e-01
3.714670524889275294e-01
3.736324203011099354e-01
3.717432348068480108e-01
3.732928774844713193e-01
3.714722870888457207e-01
3.714689472546708338e-01
3.714191870262744111e-01
3.707367148694563075e-01
3.706534373530369630e-01
3.713824001771754979e-01
3.708952349409734284e-01
3.707575571022589389e-01
3.707837631295419767e-01
3.720851133790053500e-01
3.706252379828156585e-01
3.716370175436065071e-01
3.716971004524536326e-01
3.708971035963932183e-01
3.708635066488593646e-01
3.712091899526884231e-01
3.706596556085300365e-01
3.711971372396420388e-01
3.707274818867704047e-01
3.719207658243715575e-01
3.711991833734923363e-01
3.708950809866095044e-01
3.708056093369713757e-01
3.707639392076906293e-01
3.707378973647042497e-01
3.701745350921781808e-01
3.705681394860854683e-01
3.704153383767402330e-01
3.700118338676587348e-01
3.701281308370345524e-01
3.702888455199791484e-01
3.708132556123280854e-01
3.696942181486819190e-01
3.693561080619099379e-01
3.693792681327182637e-01
3.701074323795771615e-01
3.694717025183616999e-01
3.696510064098300075e-01
3.696507114972251151e-01
3.697887176477481219e-01
3.697359493482782478e-01
3.701353371263202408e-01
3.692992132392272642e-01
3.694353572297303101e-01
3.694643720627699968e-01
3.701636350022698418e-01
3.690224843203160354e-01
3.694223681953976435e-01
3.690983909311143507e-01
3.708498552140093718e-01
3.695507039911810621e-01
3.704484511330518037e-01
3.698487279738046363e-01
3.693706317585316867e-01
3.688306266949940571e-01
3.693028023056497133e-01
3.690684588214802053e-01
3.692216455700779720e-01
3.690047774102548361e-01
3.693570291044419585e-01
3.689226538614915896e-01
3.691365088866622735e-01
3.689465444092048241e-01
3.686964496484251841e-01
3.683892720745572946e-01
3.702821369219804759e-01
3.683801558358639205e-01
3.688483812647317395e-01
3.685320910993429844e-01
3.688814716850158937e-01
3.684968763225076605e-01
3.687223398683261433e-01
3.683846789712570402e-01
3.691716028338736799e-01
3.684625071495429838e-01
3.691202020925098415e-01
3.690498922731993980e-01
3.695532685054356281e-01
3.685381094856613471e-01
3.697667796987507138e-01
3.700094230955514596e-01
3.676688585167844914e-01
3.676440589304436624e-01
3.684811775414645885e-01
3.679664168565101035e-01
3.680121116847755447e-01
3.682514640097583891e-01
3.674695647630487061e-01
3.673115162430580782e-01
3.683585228120521138e-01
3.674911935880024738e-01
3.673051845982016061e-01
3.677635297111970791e-01
3.675667371727445176e-01
3.680781366709662272e-01
3.696361282515835400e-01
3.671757804491208588e-01
3.673921419657694143e-01
3.672534048033230247e-01
3.673290767111737076e-01
3.673912502545982894e-01
3.684996293480167218e-01
3.673364250681414589e-01
3.671516389415699355e-01
3.673999930273123549e-01
3.673063625642357111e-01
3.672513446034025297e-01
3.672278851684960266e-01
3.674653133882296863e-01
3.670263326549214611e-01
3.671691280191946016e-01
3.672799778117979419e-01
3.672107047430216431e-01
3.676393307769357244e-01
3.670717429856720226e-01
3.671466994302135523e-01
3.678894061216151923e-01
3.680433652166310021e-01
3.670162706676432518e-01
3.678662360965367917e-01
3.671625832411344881e-01
3.676484422011006004e-01
3.673360280753319440e-01
3.669696714654846481e-01
3.671372151218449398e-01
3.673730856262841238e-01
3.670634577679165456e-01
3.668233508095567474e-01
3.672791314700774024e-01
3.668208890653835152e-01
3.667932602116466545e-01
3.686117395020717113e-01
3.669414222207666443e-01
3.676878194878845374e-01
3.668170330344127650e-01
3.671098841500243792e-01
3.673390904261876200e-01
3.682201457130507283e-01
3.669416492406277208e-01
3.672621152530716193e-01
3.664741339804041820e-01
3.673829277995779852e-01
3.666003607196444691e-01
3.667957492237362560e-01
3.665737410122920648e-01
3.668351971086056817e-01
3.664287660422201331e-01
3.669652362886973718e-01
3.663754766402029239e-01
3.691015665494846165e-01
3.664411908110399296e-01
3.681640904724716723e-01
3.662447335002648741e-01
3.671892533049400664e-01
3.662345220611595842e-01
3.668547677171895005e-01
3.662696688240086873e-01
3.668920315725260339e-01
3.662487066687877268e-01
3.677474385146717317e-01
3.658414277068433584e-01
3.668463798836697487e-01
3.657513109838620435e-01
3.659137121176586072e-01
3.664759984799856873e-01
3.664581921177826884e-01
3.657653796528562706e-01
3.656716838283481930e-01
3.657183128250474646e-01
3.661131201101947008e-01
3.658618335414804967e-01
3.661083130223120041e-01
3.659417653590565922e-01
3.663166201779234354e-01
3.659923018562606933e-01
3.653106999062402660e-01
3.653674881438820909e-01
3.660402303885895714e-01
3.653764069765557676e-01
3.667430492601838066e-01
3.651042281287780189e-01
3.648263500897495071e-01
3.649683862009480140e-01
3.651097103009106615e-01
3.649412955215192156e-01
3.658703198409511415e-01
3.650056861348577875e-01
3.648591376943354225e-01
3.649474923934191706e-01
3.653856917446304808e-01
3.651785859448339333e-01
3.655539660133665381e-01
3.651604207795394741e-01
3.667558294883551673e-01
3.652907526499825086e-01
3.649221469250392702e-01
3.650159174027667319e-01
3.654796451655343836e-01
3.649574494594002294e-01
3.651441715558103041e-01
3.647642016055135938e-01
3.650652972760822790e-01
3.650186194922290239e-01
3.654814977171773616e-01
3.648446012082121048e-01
3.654916222786900870e-01
3.649814964769204084e-01
3.660019813213454820e-01
3.648020121417335226e-01
3.661914390929598695e-01
3.645895727276367571e-01
3.649367973229457052e-01
3.642956939385078030e-01
3.650519233825090804e-01
3.643435108967720271e-01
3.662555872246701649e-01
3.645202418957964596e-01
3.650894824118646187e-01
3.644280131698366954e-01
3.653489066908098271e-01
3.642942065718359212e-01
3.651926573304897228e-01
3.644485519933103324e-01
3.648741182255734183e-01
3.644631486514420815e-01
3.651019348671351028e-01
3.643005401883640526e-01
3.652845459848886867e-01
3.641898952673566225e-01
3.642511802392400244e-01
3.640853203736851285e-01
3.650957678185713373e-01
3.641279120348654974e-01
3.650628145094804156e-01
3.642617677902882378e-01
3.648265195738678024e-01
3.644961162245983211e-01
3.641273407849457411e-01
3.640539477774268340e-01
3.647529002091211559e-01
3.641267962203912356e-01
3.659513135730469990e-01
3.639459580000446448e-01
3.641405355142665057e-01
3.641070729851985099e-01
3.651638195292787326e-01
3.634111801781712003e-01
3.633225761267645515e-01
3.632932789041732891e-01
3.640341146832408725e-01
3.633372381051008237e-01
3.640519138683132039e-01
3.635317999342668749e-01
3.642902962377282949e-01
3.632436856855963403e-01
3.652959582800167637e-01
3.632053226218761033e-01
3.636256010239155567e-01
3.633325787064425327e-01
3.638146952751833973e-01
3.632929668290503789e-01
3.638074883642849477e-01
3.631366079131267410e-01
3.640780977836704513e-01
3.631748536900281654e-01
3.634218649424293401e-01
3.637432324742840284e-01
3.628510142183935527e-01
3.631991653168669121e-01
3.644682408692632158e-01
3.630865373175026223e-01
3.636963859867068938e-01
3.627414717620586204e-01
3.627469335307116349e-01
3.624147967691154215e-01
3.641075021753543695e-01
3.623585656938618227e-01
3.628221714062478953e-01
3.622300841788095305e-01
3.631718073981590189e-01
3.620312839798678906e-01
3.628711949590841535e-01
3.621486330620499738e-01
3.626704765847370560e-01
3.620497546683241197e-01
3.622227400295953692e-01
3.620900258030481655e-01
3.631068578119491796e-01
3.621120021000744371e-01
3.625151343590449771e-01
3.623181707345355385e-01
3.624556811224832753e-01
3.621057186696284846e-01
3.628668091818037511e-01
3.623244764148346175e-01
3.629011781303141393e-01
3.620923323443868691e-01
3.632876515092381409e-01
3.621996435223918120e-01
3.627635538464629716e-01
3.623251123684894104e-01
3.628231406280477689e-01
3.622092418146248827e-01
3.622879074998974214e-01
3.622725525173661199e-01
3.636774420440230249e-01
3.623529352223451849e-01
3.623067590769538104e-01
3.620470869252713220e-01
3.623496599125298756e-01
3.622268670263869561e-01
3.627025232073058381e-01
3.620896775707007076e-01
3.629005515618047295e-01
3.622942756288820565e-01
3.627076528296201419e-01
3.620285724133347482e-01
3.624796535830462907e-01
3.620909178185101052e-01
3.626924110508213395e-01
3.622442494778416178e-01
3.626599174030359918e-01
3.618547743910870973e-01
3.647875175436494644e-01
3.617905564451139311e-01
3.620647014227503235e-01
3.621515176147830362e-01
3.616130935401081770e-01
3.615589363311871862e-01
3.634411981730311103e-01
3.617090700924848190e-01
3.612740010153875359e-01
3.612317935952312764e-01
3.622181133306446865e-01
3.614929583796360757e-01
3.614384788116677960e-01
3.613663229638643948e-01
3.616676771939901225e-01
3.612928453335928491e-01
3.619141720221992764e-01
3.613175197258045590e-01
3.624965254724840658e-01
3.613569107514814638e-01
3.630076594438501059e-01
3.612940920351436769e-01
3.620372752119918047e-01
3.615536849715718093e-01
3.619634384350257084e-01
3.608580541899059635e-01
3.606613574957424628e-01
3.609602694356612851e-01
3.607487927983830112e-01
3.606601350935675354e-01
3.615275207161183779e-01
3.612721322689773085e-01
3.617068768918865196e-01
3.609081646045972369e-01
3.618297474043833395e-01
3.610762289104594847e-01
3.610931824336155449e-01
3.607598389465601629e-01
3.614765146606758184e-01
3.613182558286804902e-01
3.611806346752098329e-01
3.607751299290868907e-01
3.609743815690036883e-01
3.610112655396755521e-01
3.608795101137401984e-01
3.605164065733426071e-01
3.631036538568930827e-01
3.604986902839670271e-01
3.612342569040378204e-01
3.605974599694994898e-01
3.610581880963343315e-01
3.604053801861533679e-01
3.609430530632601886e-01
3.604177013826924125e-01
3.609548100533692128e-01
3.604357116796341187e-01
3.611748555680421857e-01
3.605113965191660275e-01
3.615664790484803826e-01
3.606491819546762123e-01
3.611051144486657760e-01
3.605126792236874045e-01
3.611907136482165326e-01
3.606168389217550563e-01
3.612037147587909836e-01
3.604605091832946417e-01
3.610720133947137311e-01
3.604724335822733772e-01
3.606685147932313096e-01
3.603825050015184717e-01
3.605997553675042155e-01
3.606730404026475822e-01
3.600087302200913886e-01
3.601070657969935862e-01
3.602502114697571645e-01
3.599349655425448380e-01
3.604945990673278367e-01
3.600438071145285468e-01
3.601471511169205830e-01
3.600486451686720213e-01
3.609802243637345032e-01
3.599338935203921230e-01
3.609166846568589992e-01
3.602944332841325759e-01
3.605710342286093661e-01
3.598891976955014282e-01
3.608559102544451891e-01
3.599353956308421476e-01
3.608435014412555986e-01
3.599324644219906166e-01
3.602223597189740945e-01
3.601119213965456312e-01
3.601826889362754192e-01
3.598430759620959707e-01
3.605749370672115539e-01
3.598081810138915038e-01
3.603051604760199034e-01
3.599276274282445787e-01
3.600943019989444882e-01
3.599852446141122986e-01
3.598400569266854698e-01
3.597672428403971834e-01
3.606605448264512126e-01
3.600754094426070195e-01
3.622773083362719193e-01
3.599851269630038875e-01
3.599656184925502656e-01
3.599067254876811561e-01
3.603967994489404303e-01
3.606256145297314086e-01
3.606510191076387484e-01
3.597737330487271734e-01
3.599826394715255340e-01
3.599923980498889731e-01
3.610827445372398192e-01
