9.562920415979133670e-01
9.563942858167580052e-01
9.592700229688734259e-01
1.051122688048850673e+00
9.606369444532089075e-01
9.034104196396648412e-01
1.042306288994235164e+00
9.705441330958687329e-01
9.553596368369993153e-01
9.044839388648530099e-01
9.038270620544890388e-01
9.034653651044188827e-01
8.870138720343696548e-01
9.746553010705623077e-01
8.815910752052031896e-01
8.863724215488640867e-01
8.905933909860046516e-01
8.192850531496224109e-01
7.803930194242807428e-01
7.894461768763925136e-01
7.803406738724408820e-01
7.802106440275331511e-01
7.808849817321584785e-01
7.917719175901440920e-01
8.759644183660399985e-01
8.630152097472826300e-01
8.398365102801534920e-01
8.446961347039229073e-01
7.847530345146077613e-01
7.801539998116830965e-01
7.801231302959501512e-01
7.838355790424513803e-01
7.710521386955829781e-01
7.554841319691346646e-01
7.570830898091083228e-01
7.547079012338383519e-01
7.508555665931444523e-01
7.478200508313030959e-01
7.472246443675414351e-01
7.472755285459211638e-01
7.472226869708024077e-01
7.480813289947805256e-01
7.486422594648397544e-01
7.663016315470495554e-01
8.133404658560184908e-01
7.696273803752204934e-01
8.169993432693807289e-01
7.472226869708024077e-01
7.472226869708024077e-01
7.472417354250640020e-01
7.485594862457436438e-01
8.456263531071140926e-01
7.950560665521693160e-01
7.472226869708024077e-01
7.473311581890113020e-01
7.479749510637433429e-01
7.967870649988633147e-01
7.472226869708025188e-01
7.472226869708024077e-01
7.472226869708024077e-01
7.475629031181431072e-01
7.483183067796167487e-01
7.525275595957691133e-01
9.588685683922866243e-01
7.472226869708024077e-01
7.472226869708024077e-01
7.472226869708024077e-01
7.472226869708024077e-01
7.472226869708024077e-01
7.471907167152872509e-01
8.695912992638265004e-01
7.471907167152870288e-01
7.471907167152872509e-01
7.471907167152871398e-01
7.805743256130233121e-01
7.471907167152871398e-01
7.471907167152870288e-01
7.230525236239360165e-01
7.197498572567265773e-01
8.008065445168142116e-01
7.274318710789625664e-01
8.535701069894485737e-01
7.188814917827650586e-01
7.332805675000771961e-01
7.231616068027907351e-01
7.352007251362920881e-01
7.213911574782552183e-01
7.369327744875648900e-01
7.201928351043089815e-01
7.373888024752757175e-01
7.188915712058564500e-01
7.288665818562629628e-01
7.290822507784026074e-01
7.168390205548205163e-01
7.163684903833444917e-01
7.945918326369140194e-01
7.120266583877633559e-01
7.182825280397184819e-01
7.406562172820955192e-01
7.242104842551481125e-01
7.460827360510760009e-01
7.538008775275147899e-01
7.080363443868231688e-01
7.275866759959740415e-01
7.081409695812093119e-01
7.424422576902299786e-01
7.085878884798179067e-01
7.472793695320486540e-01
7.081588610339094592e-01
7.398670162280498452e-01
7.080385326086736653e-01
7.601194397025315963e-01
7.081136546110438079e-01
7.181556745604983361e-01
7.080505174692768300e-01
7.638177968020598563e-01
7.313243028656574163e-01
7.090877458875374240e-01
7.075535576802048920e-01
6.929613324325778478e-01
6.925472639316690993e-01
7.083705686217824926e-01
7.141544757686183464e-01
7.120331153032762872e-01
6.969446941393030448e-01
6.915689906441302437e-01
6.913675770036119550e-01
6.847930924518583762e-01
6.852181184785195445e-01
6.859973119859956725e-01
6.850070869930615647e-01
6.855510920422603904e-01
6.850273603784584608e-01
8.486024704275140218e-01
6.848033554042515236e-01
7.321613743879712422e-01
6.847849877037857080e-01
6.900070601357397582e-01
6.847849877037857080e-01
6.785700637683935721e-01
6.785700637683935721e-01
6.828796503567209353e-01
6.785700637683935721e-01
6.868004931334912300e-01
6.785700637683933500e-01
6.958919001729887421e-01
6.785700637683933500e-01
7.237667153672943110e-01
6.785700637683934611e-01
7.428859808063285053e-01
6.785700637683933500e-01
7.372904007913511082e-01
6.785700637683934611e-01
6.907487401915096692e-01
6.785700637683933500e-01
7.019099987549208830e-01
6.785700637683933500e-01
6.894064909362523919e-01
7.084604395152727108e-01
6.565032341407907035e-01
6.591040610329743643e-01
7.449183808128038153e-01
6.588869608576849446e-01
6.820644109035673974e-01
6.503492383612824446e-01
6.871504938972772258e-01
6.483134127929792712e-01
6.515138872181517327e-01
6.482707788009736127e-01
6.469998476132813314e-01
6.468815678183839069e-01
6.671996630761151126e-01
6.468674203244828558e-01
6.507034334962126243e-01
6.649713402875667700e-01
6.779416433568830058e-01
6.390249357174818678e-01
6.795948638871032177e-01
7.023093354297665902e-01
6.214647746132491157e-01
6.141490663691898666e-01
6.823666414998518226e-01
6.263457438443287284e-01
6.663105924010166436e-01
6.150627396336926234e-01
7.888899526528906359e-01
6.171037183313504704e-01
7.404292561878508261e-01
6.131682321839310168e-01
6.215681011111110488e-01
6.171458353665327801e-01
6.209792276516663545e-01
6.131896607704850899e-01
6.276481605839153710e-01
6.143366815118485036e-01
6.095544730971733660e-01
6.095653872662410988e-01
6.162994916007263901e-01
6.137365705048584141e-01
6.492129502636636573e-01
6.146065019404013396e-01
6.139108301536964074e-01
6.091986122252120994e-01
6.565572058003701361e-01
6.132344094824124792e-01
6.930730169417023134e-01
6.093050302022868792e-01
7.167826695824943695e-01
6.084156894911236790e-01
6.663146869519549487e-01
6.085570862064357822e-01
6.320966149192449590e-01
6.069568409040869694e-01
6.218313757815661091e-01
6.065642639971647876e-01
6.499655748696591129e-01
6.061931982068178293e-01
6.063361926361140464e-01
6.051735299173084393e-01
6.058602064170974799e-01
6.051550037558889317e-01
6.076073857570393200e-01
6.066748711774367919e-01
6.413529818123085979e-01
6.136803255175319327e-01
6.439471142095710698e-01
6.051550037558888206e-01
6.902465894453635453e-01
6.051550037558889317e-01
6.250320103268783845e-01
6.051550037558883766e-01
6.098960841508948016e-01
6.051550037558883766e-01
5.891414409106640049e-01
5.891414409106641159e-01
6.083318916161778445e-01
5.891414409106643379e-01
5.986313138763382780e-01
5.891414409106641159e-01
6.015230468387520180e-01
5.911035165685317727e-01
6.266283970235541068e-01
5.858305383340777217e-01
5.997091972705228535e-01
5.836988902526765166e-01
6.008421836844243247e-01
5.837120907911403922e-01
6.041985576618874587e-01
5.848888874257309745e-01
6.585049553423828472e-01
6.014660668836665502e-01
6.242637683686188543e-01
5.853505339060156576e-01
7.281431225764612991e-01
6.032231523432829423e-01
7.975706671385509594e-01
5.958807135015200540e-01
7.288760659215616222e-01
6.090322849129817806e-01
6.297653271637704275e-01
5.899693855038192769e-01
6.227633567256576352e-01
5.997045653354358130e-01
6.080207517179236909e-01
5.837217686275913975e-01
6.011376561701065047e-01
5.854014828622764455e-01
5.981576347956425455e-01
5.801366850201654657e-01
5.833636152295830213e-01
5.773294581309008633e-01
6.209693464874996849e-01
5.782436218935292915e-01
6.431408661142687944e-01
5.838360151598477321e-01
6.422782937037849749e-01
6.282180733577943377e-01
5.852566307574499360e-01
5.755733823791246984e-01
6.052505442341225006e-01
5.821999435206965945e-01
5.899745237883219362e-01
5.780637817185327876e-01
5.805180052383119849e-01
5.760673043599739973e-01
5.896560366495493533e-01
5.742751276676282268e-01
5.916315066341184536e-01
5.736301099661256231e-01
5.883722086372111804e-01
5.735128153229476222e-01
6.390722955855924203e-01
5.735139540696633231e-01
6.059757628229354154e-01
5.737725243680121823e-01
6.237566649501047333e-01
5.726689285791846107e-01
5.973911784830120419e-01
5.705428559225554919e-01
5.718653520108375465e-01
5.704251083386364662e-01
5.788227677965982476e-01
5.714772654908202298e-01
5.735879326928612354e-01
5.725599054026927481e-01
5.694391987143676559e-01
5.694305610549286190e-01
5.667387565279243811e-01
5.667387565279243811e-01
5.723028081716650117e-01
5.667387565279243811e-01
5.712491136207127340e-01
5.685217866905927231e-01
5.940422013216094532e-01
5.689005614116096066e-01
5.789483421636977267e-01
5.835666857280731312e-01
6.587350722199258879e-01
5.737692708165225142e-01
7.395724726806615079e-01
5.808028460943520654e-01
6.122474023975063018e-01
5.864167976527536741e-01
6.102277582888980811e-01
5.755526074039585271e-01
5.910365170538216528e-01
5.674807540830499875e-01
5.892706844597929150e-01
5.686156967010096430e-01
6.488305928606198369e-01
5.667387565279242700e-01
6.189272255799872502e-01
5.667387565279242700e-01
6.090284178473138743e-01
5.667387565279233819e-01
5.905607393992164944e-01
5.656382031377878983e-01
5.803322131461120525e-01
5.956267355586629675e-01
6.498017666176867380e-01
5.718904443791784642e-01
6.148647377350361376e-01
5.716475069801180142e-01
6.009920653943030544e-01
5.612519283674484161e-01
5.884631368104040750e-01
5.691376314142965187e-01
5.809780908423382018e-01
5.609043131133326643e-01
5.726356122376214941e-01
5.601931880037301914e-01
5.706170865868580577e-01
5.636236745991435315e-01
5.908796083164196133e-01
5.602101052139365489e-01
6.725914069303008391e-01
5.582910400577093535e-01
6.383335731863069018e-01
5.676504541444651331e-01
6.175760141090785860e-01
5.671987066764698771e-01
5.781331316871304304e-01
5.622455790563485323e-01
5.648151865686100725e-01
5.569173875299151533e-01
5.639267768393323443e-01
5.577316788815218640e-01
5.688588037563722111e-01
5.579473622097856911e-01
5.705845520018228978e-01
5.578942304248167838e-01
5.580529234059646848e-01
5.582213998478564587e-01
5.562241738091158183e-01
5.570509865985248110e-01
5.616295976291083569e-01
5.560402640729525947e-01
5.595786232446331443e-01
5.576686672630896124e-01
5.645072173596131782e-01
5.558974867425808819e-01
5.584095993786662993e-01
5.558080984524730317e-01
5.596145230655490410e-01
5.698569710284434597e-01
7.187753188807960436e-01
5.847138982968752563e-01
6.253739322015084978e-01
5.528065599897142857e-01
6.124229983111059150e-01
5.524777113949650431e-01
5.859382725258163171e-01
5.554855469579266236e-01
5.684654651380197654e-01
5.577048059744730280e-01
5.531924515718028568e-01
5.336098534077116096e-01
6.362614561964501370e-01
5.330907580810594348e-01
6.112428771519741177e-01
5.351577716467235124e-01
5.802529806944279889e-01
5.389684269091615798e-01
5.731029739921416066e-01
5.317553735363276246e-01
5.690309291347999121e-01
5.628175454870130157e-01
5.621615340545644823e-01
5.346275137417786372e-01
5.574837846961686605e-01
5.361306487532233600e-01
5.581390128338307166e-01
5.271605644187440376e-01
5.406762252410168834e-01
5.337882327998209053e-01
6.291974792226260327e-01
5.271605644187438156e-01
5.619722401557281088e-01
5.271605644187437045e-01
5.390780998385751310e-01
5.271605644187437045e-01
5.791592187876217768e-01
5.271605644187439266e-01
5.469857676583425032e-01
5.271605644187440376e-01
5.301877936988018680e-01
5.268499944077816854e-01
5.846745041348548888e-01
5.269291006304666070e-01
5.602082859236778845e-01
5.384816500155366059e-01
5.449706099042778140e-01
5.328191008912556148e-01
5.466980102190933666e-01
5.346606739989502310e-01
5.364052274717281410e-01
5.253770657542243816e-01
5.388571888281569189e-01
5.258867088474337148e-01
5.633920773818128502e-01
5.269379177907236311e-01
5.465470088681444460e-01
5.253772635685519665e-01
5.342736440469690873e-01
5.253944875975807838e-01
5.379885350335973371e-01
5.242426036241640830e-01
5.264050580644024091e-01
5.257639460365414186e-01
5.288614954800011647e-01
5.244571439123549839e-01
5.239518600418376915e-01
5.259616595602920608e-01
5.336589340373342205e-01
5.241701702055324708e-01
6.837381308473668984e-01
5.260833968821454487e-01
6.013825807715417193e-01
5.230083471353745850e-01
5.934223169866825742e-01
5.232681686295750367e-01
5.665568444515499680e-01
5.228121073384813799e-01
5.376054227415598685e-01
5.224849168023892876e-01
6.403723059221386738e-01
5.213173425023112095e-01
6.103754432344019598e-01
5.213154957986587679e-01
5.604736682495187194e-01
5.257257282567812107e-01
5.883000293974797179e-01
5.293400974213599008e-01
5.689713433882437332e-01
5.326808983929715025e-01
5.972678823528789760e-01
5.230755913609503871e-01
5.272103304553813485e-01
5.222667389441792984e-01
5.340762609366394020e-01
5.295283201636127313e-01
6.292698203760241915e-01
5.333887463097969350e-01
5.903189716541769050e-01
5.341800096973765566e-01
5.345963479195992019e-01
5.306659004244647093e-01
5.399844500195741803e-01
5.279638684068558296e-01
5.798043396945197214e-01
5.219810286834898339e-01
5.308725621960852514e-01
5.373185093736585483e-01
6.953431236972464902e-01
5.216201398581512549e-01
5.709778789842364644e-01
5.228929607060762708e-01
5.411436456932063876e-01
5.267315873611051469e-01
5.532819156727741827e-01
5.272195569623138178e-01
5.429756799586590299e-01
5.228135103950092288e-01
5.687794677447542968e-01
5.191239300235872545e-01
5.215000787463344167e-01
5.138842897274086274e-01
5.166976919781566258e-01
5.192042481991856473e-01
5.128381645819103385e-01
5.223100620590029886e-01
5.136581460065176019e-01
5.059917771170778789e-01
5.097004767921863300e-01
5.179846535727177237e-01
5.079628269091832626e-01
5.067222651222523799e-01
5.059917771170776568e-01
5.060157191496392759e-01
5.059917771170779899e-01
5.065247806528978547e-01
5.059917771170779899e-01
5.081828552491086670e-01
5.048795300797148666e-01
5.169702126384660978e-01
5.036887203627473664e-01
5.098091175033890865e-01
5.045968946161202284e-01
5.209745409618308232e-01
5.020019092846567110e-01
5.186415576830138985e-01
5.020568521422816843e-01
5.152778324217301975e-01
5.008182432990628818e-01
5.309586363520050201e-01
4.998656145048451793e-01
5.343967079070904846e-01
4.993536301766947627e-01
5.263337871944150370e-01
4.997562652284431861e-01
5.234961192431466515e-01
4.995260969847512000e-01
5.053306718713831414e-01
4.999529905648602557e-01
5.217189372787144341e-01
5.001020412970699214e-01
5.181396200908816585e-01
5.001064494355046408e-01
5.126387974865983521e-01
4.992358322863060249e-01
5.138779241460565972e-01
4.993460976408967689e-01
5.029104373373571857e-01
4.988892307727673670e-01
5.117291313250525997e-01
4.961888055491674998e-01
5.038698680904476479e-01
4.987491440619006289e-01
4.994200380618760704e-01
4.983963713512286620e-01
5.014456037774873698e-01
4.955957154492199868e-01
4.965826312779736962e-01
4.943026363553989500e-01
5.180397873156185051e-01
4.903372470188629428e-01
5.042088138640641315e-01
4.927792885341040763e-01
4.997040696649406311e-01
4.913536657393635654e-01
4.946173128182976275e-01
4.897595219647007947e-01
4.973297953804177718e-01
4.944822726249603617e-01
4.843003459809465672e-01
4.833924988195438810e-01
4.930403850744750072e-01
4.814209019398721923e-01
4.845560604568568408e-01
4.861866625212579174e-01
4.818416054963655659e-01
4.816474003627271294e-01
4.877954740207216533e-01
4.798515654500543626e-01
5.005639181143886063e-01
4.828317563613224173e-01
4.856925901755560493e-01
4.803537695200403301e-01
4.880734834066255412e-01
4.811684191674186484e-01
4.917012605990587759e-01
4.816580528249054804e-01
4.937653494880855920e-01
4.797613600173522008e-01
4.825078962936022453e-01
4.794117245553818907e-01
5.095100500154333689e-01
4.789183556592647717e-01
4.875731177577741216e-01
4.789483513546298754e-01
5.035233497798967672e-01
4.789183556592649382e-01
4.876595860046000763e-01
4.789183556592649937e-01
4.964265174508236123e-01
4.789183556592644941e-01
5.078831236116100323e-01
4.769502679262143663e-01
5.011709741876450019e-01
4.797940705659125560e-01
4.873295051824118040e-01
4.766582656247971284e-01
5.025268449062204601e-01
4.775000015596507774e-01
5.021153111905173327e-01
4.733337806477710963e-01
4.795690236021875608e-01
4.745105014592136405e-01
4.902137158023944785e-01
4.747823330127002861e-01
4.843463515962506682e-01
4.745198112339882313e-01
4.829110578450984126e-01
4.725210502057387574e-01
4.777734726798891218e-01
4.739983588131848058e-01
4.731173496959477642e-01
4.724343708552546928e-01
4.733176667056026576e-01
4.726810958025438048e-01
4.721491213255302744e-01
4.718569575644399605e-01
4.723611855996631137e-01
4.713908003218894027e-01
4.712764051208280791e-01
4.706623049562685956e-01
4.926720929687207207e-01
4.753851708707756973e-01
4.857590486614806746e-01
4.676776614974736956e-01
4.826453749647626745e-01
4.690207794690059995e-01
4.770034803614878194e-01
4.674393219297574564e-01
4.758554060409229680e-01
4.680630163273040711e-01
4.808763798821775737e-01
4.714024344565271862e-01
4.763861907580994592e-01
4.699184097738373089e-01
4.863627144963298399e-01
4.736448426063837314e-01
4.775639177938958424e-01
4.697533058813800899e-01
4.734697875197045880e-01
4.688115487051238706e-01
4.848897377458514790e-01
4.685757600772869624e-01
4.790898812690662090e-01
4.681993805155684196e-01
4.735369902649923524e-01
4.666756282499988084e-01
4.733738213083762969e-01
4.664983676381678213e-01
4.893947922652310267e-01
4.681553750091288491e-01
4.881014853036180767e-01
4.664815046880606553e-01
4.802906731511307759e-01
4.644747960147309063e-01
4.811592850904534702e-01
4.640291413969806489e-01
4.699778919163218882e-01
4.658533241338512765e-01
4.745886524278364327e-01
4.629287887598372286e-01
4.866829314567712172e-01
4.625917695752869152e-01
4.863420063135729943e-01
4.618173779462179107e-01
4.768656391836336716e-01
4.707971854627310826e-01
4.891163802115729986e-01
4.620877027699211714e-01
4.802132167764742166e-01
4.628407587019287006e-01
4.711570150427775161e-01
4.618173779462174666e-01
4.677162270845054981e-01
4.618173779462170780e-01
4.627704524206083248e-01
4.618173779462169670e-01
4.674649407861012351e-01
4.644632429282397612e-01
4.659975451059891749e-01
4.659459519191038179e-01
4.790365078417407885e-01
4.604765408687098160e-01
4.711266385317389171e-01
4.618764338620601761e-01
4.760027353308579068e-01
4.602811773423837183e-01
4.643026692217785967e-01
4.603045624676268543e-01
4.618153197659588538e-01
4.609287436825341699e-01
4.813465752825222266e-01
4.602632136611800040e-01
4.759159304782806799e-01
4.600360480897401350e-01
4.689742486609994598e-01
4.628382167484127452e-01
4.699752236097231584e-01
4.600157308231830888e-01
4.644543892143009889e-01
4.602055949447522165e-01
4.696644375526168869e-01
4.601175664623716743e-01
4.755681720706951832e-01
4.592006219541214240e-01
4.750348667367758071e-01
4.623382966881812717e-01
4.695264762916075973e-01
4.620293632002703266e-01
4.739344935179631846e-01
4.588671343468026520e-01
4.749482657798018148e-01
4.600087434924931551e-01
4.679933008574554965e-01
4.585235823128933630e-01
4.837553039004476862e-01
4.606561146741384727e-01
4.756702794111373755e-01
4.616493033420963621e-01
4.750360280851308459e-01
4.570099413644131414e-01
4.609293200412220015e-01
4.605153167795811298e-01
4.616759381913414506e-01
4.569437729415861127e-01
4.610376989332921061e-01
4.555829674892225012e-01
4.738335979199390646e-01
4.579337379597266944e-01
4.681779546984279894e-01
4.581758751715756528e-01
4.604588006387954069e-01
4.561395223191291315e-01
4.632958923886933422e-01
4.572216929121647455e-01
4.759956502777433762e-01
4.548469567200135732e-01
4.850393999004415924e-01
4.551499703316642664e-01
4.696147149543757893e-01
4.618823460758563759e-01
4.893771667085956012e-01
4.535939424453717117e-01
4.615093858703083196e-01
4.536604787788067750e-01
4.627732805875084954e-01
4.620089811661694523e-01
4.511251764272045106e-01
4.528295808993860749e-01
4.719327588723326583e-01
4.538477140933187548e-01
4.640993098889004687e-01
4.513594133989776713e-01
4.553530071213637287e-01
4.580650668384302349e-01
4.564851264169793588e-01
4.511251764272041775e-01
4.740696388028143859e-01
4.512498468864115653e-01
4.573269975165640266e-01
4.511251764272042886e-01
4.592089264780039315e-01
4.513491513375051944e-01
4.574227270131310252e-01
4.511251764272040110e-01
4.585145945930478861e-01
4.502120203640767038e-01
4.645798194461211450e-01
4.544877202529559179e-01
4.609154338433058551e-01
4.530983717210114725e-01
4.567958696623624082e-01
4.511020723803849108e-01
4.660643380336536579e-01
4.507160666082364320e-01
4.649842737345383226e-01
4.509858372848045138e-01
4.641845614727588276e-01
4.501435642749828103e-01
4.635002511399714531e-01
4.491038334520269792e-01
4.644906419020959909e-01
4.492540208614428376e-01
4.700521892913125943e-01
4.488856345341479259e-01
4.736593221983341762e-01
4.483562345931093041e-01
4.630604301747914264e-01
4.481668455226259784e-01
4.562092401993000368e-01
4.479556252622536316e-01
4.580430389721779072e-01
4.483320122895448900e-01
4.550278536357135750e-01
4.529993232263203606e-01
4.508475712279751413e-01
4.479386289001697774e-01
4.585161440781596043e-01
4.460990876806944505e-01
4.583947846650316960e-01
4.462992427801124040e-01
4.587318575860618308e-01
4.493465107431721672e-01
4.521218970661761150e-01
4.481041596143456873e-01
4.762266655594991072e-01
4.494053536975328722e-01
4.720567186868631637e-01
4.451355628229181072e-01
4.533630544386829109e-01
4.465778136946646493e-01
4.597652982534890520e-01
4.457846997689332569e-01
4.528959837581608694e-01
4.517179719033922458e-01
4.433767907447776491e-01
4.426626343920516682e-01
4.480758842789792085e-01
4.431748059510868809e-01
4.635441812751383561e-01
4.438534793941191214e-01
4.663988965721667102e-01
4.435538829581240350e-01
4.608690590478066174e-01
4.427920204525361281e-01
4.556689270988559248e-01
4.443738764584956868e-01
4.543762687905807951e-01
4.457167664909205684e-01
4.641451969177458614e-01
4.445201740167702975e-01
4.526125513112847498e-01
4.442406990116393173e-01
4.486774283800539775e-01
4.443364379340384862e-01
4.596784387346834477e-01
4.433472811097777799e-01
4.519605481417225401e-01
4.415280116872646876e-01
4.606250715768057113e-01
4.432428212135827716e-01
4.469597423518408830e-01
4.424458730228155723e-01
4.519096669906513819e-01
4.435533835287210347e-01
4.494999061888784730e-01
4.442703892740694771e-01
4.593919927482643106e-01
4.415280116872651872e-01
4.489504358606451473e-01
4.415280116872652427e-01
4.509039490630530889e-01
4.441617091123796213e-01
4.547742392118423460e-01
4.458451482223209639e-01
4.471550183963258207e-01
4.441182752251447430e-01
4.547886201247576254e-01
4.446557472885905304e-01
4.420604729649594278e-01
4.412514498946381591e-01
4.541457711163658928e-01
4.412514498946379926e-01
4.517208696082988251e-01
4.417284289457533153e-01
4.472005209074301768e-01
4.428146928279519945e-01
4.516705439008923406e-01
4.425258497816662584e-01
4.588315784294296207e-01
4.413680294000158488e-01
4.750286880378730148e-01
4.431912907906151444e-01
4.480975301259009780e-01
4.428120453341506391e-01
4.415037955500458189e-01
4.433106397440595425e-01
4.410480133973083694e-01
4.406217085389461663e-01
4.413635935230419416e-01
4.410282535348789001e-01
4.407212800411061671e-01
4.443082677159074789e-01
4.400566624415278016e-01
4.407415902640788863e-01
4.411006107259286546e-01
4.414497882050279487e-01
4.400823966654582864e-01
4.415298245351976236e-01
4.403756450687648094e-01
4.410703800384007667e-01
4.410224690749076082e-01
4.413267341839727242e-01
4.396695862980219971e-01
4.472840218016578273e-01
4.400600937338050023e-01
4.444766567459985107e-01
4.388411435896699686e-01
4.503559483416100795e-01
4.396861496713060369e-01
4.446124336226907614e-01
4.392601583237427110e-01
4.418521147211472710e-01
4.384648538819694297e-01
4.414657160739693387e-01
4.388785056652424466e-01
4.449110726135990790e-01
4.372886696402864537e-01
4.413990247252894683e-01
4.385378782653625018e-01
4.401480263659828251e-01
4.376909972003824589e-01
4.404184362795394714e-01
4.399662378206521396e-01
4.386526649891787089e-01
4.368168667992444187e-01
4.386349800595142345e-01
4.382262374939109861e-01
4.399215656255135998e-01
4.356001285843674742e-01
4.357965015061521230e-01
4.359303946816616149e-01
4.384169021152104495e-01
4.355413999061797936e-01
4.365222505524351537e-01
4.354918076880259226e-01
4.348599605501330956e-01
4.353556218517501408e-01
4.394018274685305703e-01
4.343167519990427383e-01
4.361416289108108191e-01
4.345641643844639912e-01
4.373046767874309571e-01
4.342546725116321893e-01
4.356827578086874264e-01
4.344806963167597291e-01
4.367215181372446353e-01
4.354313998429769073e-01
4.341975571676480183e-01
4.339613144351239238e-01
4.346005745305115964e-01
4.339609310762947980e-01
4.359575725311820027e-01
4.341003715850685341e-01
4.373979863860686379e-01
4.340176289219433436e-01
4.330505149456626013e-01
4.342744233702272583e-01
4.347682678866933714e-01
4.330940487289491325e-01
4.341034198716726689e-01
4.333748989282077413e-01
4.336203776002647281e-01
4.330505149456630454e-01
4.331207239718516400e-01
4.330710028953289048e-01
4.325164214871111135e-01
4.325923750223050757e-01
4.354997568425631460e-01
4.329768226490291472e-01
4.361652868377989267e-01
4.318558518693396131e-01
4.348844263027023538e-01
4.340012327086977262e-01
4.301463187650191866e-01
4.315442373005106136e-01
4.350704921530884617e-01
4.310463731917691943e-01
4.339720547847946142e-01
4.299524558511624850e-01
4.327655466864929190e-01
4.301559691817804509e-01
4.319974707728050367e-01
4.304103936074094583e-01
4.327972643127327990e-01
4.310081870015555205e-01
4.324652145660655145e-01
4.313545871326407433e-01
4.333345772106944604e-01
4.304845298589381475e-01
4.325993019871590128e-01
4.297767045479615744e-01
4.317131811220785154e-01
4.288206795663548898e-01
4.347165615269345529e-01
4.293677285161195956e-01
4.319338759599326560e-01
4.287867464935305462e-01
4.306515506231378687e-01
4.288841962711701927e-01
4.314322800254913881e-01
4.326216143507073952e-01
4.306188563519044443e-01
4.279974745215417431e-01
4.341109029662569840e-01
4.291657764537002429e-01
4.296773069428497793e-01
4.279610461598130633e-01
4.336751623795050414e-01
4.290774112189720824e-01
4.386687136743536719e-01
4.284854141784339987e-01
4.271197133993706596e-01
4.268989798388363455e-01
4.254188454871779546e-01
4.251093120235731049e-01
4.254296359872881128e-01
4.246940931338962777e-01
4.250336341238752924e-01
4.248781829121607290e-01
4.256764707577849749e-01
4.246259395829923289e-01
4.266078406398741696e-01
4.246023654172946804e-01
4.260810289773088733e-01
4.249242657628877207e-01
4.258678138685029757e-01
4.245366271238458222e-01
4.240907248597481360e-01
4.243565243260618569e-01
4.254955356551317625e-01
4.242348751753874381e-01
4.245549403715683234e-01
4.240090646130573737e-01
4.243394769305682268e-01
4.247055831366238765e-01
4.258518702606779449e-01
4.240775201321805854e-01
4.259722061604091503e-01
4.241839191773487672e-01
4.257557755069389382e-01
4.242309710432621284e-01
4.254460727708076484e-01
4.247023117146549454e-01
4.251724347525922543e-01
4.240090646130583174e-01
4.279377531334132567e-01
4.245805109296508784e-01
4.298210476268052860e-01
4.251452153626092967e-01
4.311399693663932053e-01
4.258796202237046247e-01
4.238366474470231515e-01
4.250909456918485763e-01
4.277839119490641218e-01
4.256000840971396748e-01
4.255456598939416635e-01
4.232924282275269956e-01
4.246804258796904041e-01
4.234262877132121683e-01
4.235803298062096878e-01
4.218303994305849791e-01
4.225406754147048582e-01
4.233019334371896925e-01
4.215258094753667195e-01
4.226824782280502735e-01
4.262437041103475099e-01
4.210362028901086795e-01
4.238682115238638914e-01
4.218827461688339220e-01
4.217653572383043836e-01
4.212643772781882734e-01
4.272371452919543344e-01
4.207018210247359669e-01
4.227081125933014327e-01
4.215451395933856316e-01
4.304976427486434942e-01
4.209571175598628145e-01
4.236236029617070908e-01
4.203013548875042527e-01
4.248714315431455502e-01
4.210548077470680495e-01
4.215815770558509756e-01
4.200350344279146775e-01
4.222099331163970959e-01
4.206878523931814051e-01
4.241828612626598050e-01
4.202979341166213079e-01
4.205334560529137566e-01
4.200791531524247779e-01
4.274160245928135815e-01
4.223276336824905997e-01
4.228558912213700727e-01
4.203048648910337470e-01
4.214562366029167562e-01
4.191024349395772175e-01
4.176687381029665080e-01
4.173734133740601981e-01
4.179566717345140625e-01
4.174284978667624491e-01
4.212061342933596797e-01
4.176206214512207526e-01
4.182126984034152395e-01
4.172257985369757227e-01
4.202185489869617596e-01
4.178512203461994257e-01
4.197206644201497694e-01
4.192044894856999382e-01
4.168437162785118555e-01
4.176092627148366154e-01
4.198427521742730817e-01
4.174883508097264051e-01
4.199315010447552954e-01
4.177977864062946689e-01
4.172076846452361099e-01
4.163612406971572977e-01
4.176632786769389760e-01
4.165974782189139636e-01
4.169641386876519751e-01
4.180224483706019289e-01
4.188626727211529066e-01
4.173183677398079605e-01
4.185779610138240514e-01
4.163771374542869497e-01
4.172186959365209447e-01
4.165035367001883593e-01
4.164432687886881479e-01
4.163612406971557989e-01
4.163000459133899267e-01
4.171063484643386943e-01
4.155205212641855939e-01
4.167748929320200801e-01
4.144419480385274079e-01
4.157172511882854526e-01
4.153653987002625114e-01
4.163068231663412666e-01
4.184758090163687716e-01
4.175078742702619250e-01
4.185998055333965406e-01
4.157663643519242669e-01
4.174488613493358424e-01
4.163361742330535242e-01
4.148168171172167407e-01
4.141348645511990223e-01
4.186449665042827895e-01
4.138163931474848067e-01
4.147489632474098964e-01
4.149661374341783171e-01
4.136014827114593562e-01
4.145490022416224440e-01
4.145924030158413820e-01
4.140586395758760752e-01
4.140654252363572541e-01
4.131661994613283206e-01
4.162823792058124583e-01
4.129911272030370450e-01
4.132565282494881087e-01
4.137393975623898656e-01
4.120730720228521493e-01
4.120312503141727034e-01
4.110359678628658919e-01
4.114953721056961444e-01
4.116374270701593785e-01
4.112768357369129268e-01
4.109697850792554119e-01
4.094871510006566906e-01
4.150104569614685990e-01
4.093419149775122112e-01
4.113711127680376167e-01
4.101773310783201065e-01
4.115251116126900088e-01
4.101166668663735471e-01
4.110351169317646436e-01
4.107857174311026482e-01
4.128891468688616340e-01
4.093291693880145021e-01
4.091409755066632847e-01
4.095694112608299076e-01
4.117338262717044062e-01
4.091623402100003637e-01
4.116611162605539609e-01
4.100030121307670083e-01
4.109554921556124452e-01
4.083872835754372432e-01
4.087555799376134114e-01
4.083978415699219822e-01
4.099361651792867711e-01
4.085062169245001762e-01
4.113568484941670933e-01
4.092287733117268012e-01
4.087267868440855323e-01
4.084126402271729961e-01
4.080917682082809694e-01
4.078481993581539178e-01
4.083252114657116016e-01
4.088447734077425566e-01
4.104120428650530061e-01
4.070459591880722927e-01
4.076035694734900794e-01
4.074114097900529696e-01
4.077022943623055395e-01
4.070794020527636614e-01
4.114944122030789742e-01
4.080056577197921364e-01
4.116975578996939777e-01
4.070448440169737170e-01
4.084214848043354884e-01
4.095957613775981776e-01
4.068398966414864537e-01
4.083340955128362815e-01
4.073831743097783287e-01
4.098090363703010275e-01
4.106434061222583587e-01
4.069978960806074353e-01
4.071390432081432031e-01
4.051446119833179149e-01
4.085538972135341340e-01
4.059970807940889159e-01
4.181588411832636853e-01
4.055009219127356790e-01
4.143103694065653486e-01
4.049055385881454305e-01
4.085424136006171603e-01
4.053340521884442604e-01
4.044260673873710799e-01
4.050212841663051733e-01
4.131429401671790624e-01
4.047623842441918640e-01
4.065333568974222600e-01
4.045171635148823164e-01
4.042549240976821556e-01
4.056568195396259568e-01
4.051717394969153729e-01
4.047824820520237732e-01
4.097092711113964891e-01
4.050875047904615167e-01
4.060861130318458301e-01
4.050281642627733270e-01
4.067758916999323349e-01
4.047283733380758752e-01
4.038847430051832332e-01
4.049494624563516054e-01
4.086666417562757614e-01
4.043105532414455472e-01
4.061328835641527246e-01
4.037589633787091459e-01
4.073340624637357132e-01
4.033588386904176093e-01
4.083505250261814656e-01
4.034253818034362338e-01
4.057956189992778517e-01
4.038089278274721305e-01
4.060254127504190347e-01
4.030724363868940507e-01
4.048441944418762484e-01
4.027852915883108342e-01
4.029779268029278216e-01
4.025775780954917171e-01
4.035590630319020322e-01
4.032643641079969865e-01
4.019526433181113134e-01
4.027251299588070488e-01
4.040409460711559819e-01
4.018845769527445988e-01
4.048413899917045478e-01
4.025424429943530447e-01
4.028749559837445093e-01
4.023180183769554663e-01
4.009679292885635071e-01
4.012088031069334648e-01
4.037484460198417224e-01
4.012869528385532014e-01
4.079968006956274928e-01
4.012936950496253097e-01
4.017490537313141430e-01
4.016775585472950882e-01
4.035016445769602500e-01
4.012846566495738010e-01
4.045071736254706729e-01
4.010815685112778528e-01
4.031897656223161208e-01
4.012851567844433198e-01
4.022862171224521610e-01
4.010779571198007654e-01
4.046655248385536141e-01
4.033661230746444226e-01
3.990601424448018686e-01
4.015890247108822031e-01
4.026762321608011730e-01
4.012200710028298589e-01
3.991213183126402497e-01
3.989043716334503831e-01
4.012366977808921042e-01
3.985667246680155706e-01
4.083286389980193554e-01
3.996651439039314302e-01
4.144179036201846578e-01
3.986504193274064134e-01
4.058962479194643258e-01
3.979786863988732937e-01
3.985698804767121572e-01
3.996077299213766088e-01
3.966575985609034904e-01
3.966284494784081960e-01
4.001528979240167594e-01
3.960554221000036068e-01
3.999960355164017822e-01
3.965427840416849148e-01
3.970166395481702359e-01
3.967127588090194057e-01
3.977864590032644809e-01
3.961952103121808011e-01
4.011060962060568613e-01
3.962820668984201045e-01
3.980331555257036746e-01
3.952418487915002054e-01
3.971987946405474146e-01
3.952523901956810914e-01
3.971960400363651611e-01
3.957590000147396814e-01
3.963241127989656776e-01
3.971670959191673234e-01
3.992450130785504814e-01
3.952446631756192374e-01
3.978789530835210586e-01
3.959865186223946454e-01
3.974656369297597802e-01
3.952119969355047391e-01
3.963643945250714951e-01
3.960168062742243644e-01
4.001121627503123057e-01
3.955852498184685428e-01
3.943502106854265832e-01
3.937383477999160108e-01
3.965384648208197804e-01
3.939078368041080136e-01
3.975920251011154649e-01
3.941168714075566903e-01
3.932865737954152063e-01
3.938740488318296373e-01
3.959336754815839798e-01
3.940302721526176555e-01
3.948553264713978717e-01
3.931142240284642986e-01
3.946151300122552330e-01
3.926626250112342786e-01
3.937314266884903158e-01
3.927779304514981140e-01
3.936770620842772184e-01
3.926976187795937490e-01
3.938858177346184486e-01
3.931279265734215489e-01
3.940787063931290857e-01
3.925943685088859603e-01
4.008038719134529582e-01
3.927356483860283687e-01
3.942806881644075334e-01
3.927161389236283884e-01
3.938484328876385443e-01
3.928825426753155825e-01
3.930761943983454576e-01
3.928984597284128633e-01
3.933714649180644063e-01
3.918130308116390403e-01
3.954536853003632335e-01
3.931250200889229718e-01
4.010752982874225547e-01
3.923608542452550751e-01
3.964215791205858430e-01
3.910877359454503766e-01
3.978941221790554539e-01
3.923775302028940648e-01
3.951239525635950600e-01
3.917547771337712703e-01
3.933549449287911948e-01
3.914874256872041824e-01
3.952740903612212975e-01
3.912527330278178228e-01
3.935391187445552164e-01
3.931520563771073729e-01
3.902069884366334840e-01
3.908794494469119973e-01
3.923802840764227806e-01
3.910149538573404193e-01
3.924434757250623296e-01
3.902887560383727639e-01
3.920178424622252078e-01
3.905876665539170789e-01
3.904429618716204753e-01
3.898207502652141221e-01
3.916142655605321932e-01
3.896899593029702347e-01
3.933052611743292903e-01
3.919224530582879340e-01
3.897186966391493201e-01
3.894777088932911413e-01
3.926640667283414210e-01
3.895713372781807737e-01
3.892864008082846938e-01
3.883904270983264961e-01
3.924668793076823148e-01
3.891222516863979131e-01
3.892537591711724976e-01
3.886793352712598626e-01
3.896148301497375788e-01
3.903801981484745220e-01
3.901722936607589509e-01
3.886699281560495045e-01
3.897134655201094922e-01
3.896915275448898375e-01
3.920585261473399918e-01
3.881834382817083151e-01
3.915240169527506309e-01
3.889134485459488921e-01
3.904620151798831595e-01
3.885469791797636629e-01
3.896704855518838828e-01
3.880829874095905740e-01
3.906709644313739460e-01
3.889615467170614016e-01
3.886938150125365810e-01
3.881563078873911388e-01
3.911771070845517784e-01
3.875756217643590018e-01
3.955981023542435304e-01
3.877516960453831207e-01
3.968065081422225693e-01
3.873917781815933159e-01
3.896391616144526115e-01
3.875476390152992612e-01
3.904696814943384719e-01
3.879965630846690106e-01
3.886371480846368409e-01
3.876326102111016247e-01
3.903357793130297626e-01
3.876689738493431792e-01
3.903424003063954428e-01
3.877129077707035520e-01
3.896229901349796410e-01
3.876377694428619902e-01
3.892197957835366595e-01
3.874017780335098360e-01
3.885895494387897053e-01
3.883175360587268199e-01
3.881778750762209240e-01
3.878020128261267518e-01
3.883661156060937425e-01
3.876420429911733856e-01
3.910492310543882688e-01
3.901713354480008111e-01
3.894475811346914118e-01
3.878963929937725430e-01
3.917948925052655018e-01
3.882390430809487536e-01
3.902535549419092753e-01
3.893548691701916864e-01
3.893436016581321435e-01
3.869742538846777102e-01
3.875073232510574672e-01
3.870384696389544410e-01
3.890969657236410528e-01
3.878365601115620898e-01
3.873118004169315287e-01
3.872008724622709730e-01
3.884488107376242727e-01
3.863440856748766583e-01
3.868453631897691980e-01
3.875801912052025955e-01
3.879505923378789300e-01
3.871556039002357896e-01
3.893640636343677075e-01
3.866037903606431292e-01
3.899272707071165245e-01
3.856700442281095764e-01
3.893869325087321864e-01
3.860467621197743449e-01
3.866569645988514048e-01
3.859525367858346878e-01
3.859497929151434192e-01
3.872444797512777370e-01
3.864120656712780044e-01
3.864048868894016664e-01
3.857410517048420751e-01
3.860550889951322451e-01
3.858350678950140389e-01
3.859916171836360599e-01
3.859706113528543203e-01
3.860433005601337508e-01
3.858172027913808200e-01
3.863117579865517071e-01
3.867949112992413729e-01
3.869009300307699739e-01
3.858388516624233211e-01
3.852202249863933003e-01
3.850813863079960986e-01
3.851586798942837619e-01
3.860905195683401736e-01
3.848440431080387691e-01
3.848444042558388789e-01
3.860409853021877780e-01
3.856545591430510234e-01
3.849559964997619765e-01
3.847466449906208896e-01
3.858777092501850525e-01
3.850847171402962954e-01
3.843395450186782858e-01
3.839484316580662471e-01
3.841428707553722899e-01
3.837961131807067772e-01
3.831473584284246225e-01
3.836568261681613801e-01
3.836459843628793887e-01
3.833029180283581416e-01
3.835422015463277323e-01
3.827507479877124696e-01
3.830747358536832348e-01
3.824547228707108060e-01
3.822038639816090488e-01
3.823864184048402781e-01
3.818848629798788363e-01
3.816974003262098569e-01
3.827023272247710439e-01
3.819497670337210771e-01
3.820107427835399694e-01
3.817343689562723852e-01
3.809417794722588790e-01
3.813614148597761488e-01
3.801234914638594309e-01
3.803095557531794846e-01
3.810630937658897044e-01
3.795468084202281434e-01
3.794002488666919914e-01
3.796719709316627167e-01
3.802081483937839179e-01
3.797936005755077615e-01
3.813738558999222317e-01
3.798009931111565041e-01
3.793419423139868796e-01
3.799797301483683332e-01
3.797217662410631855e-01
3.793965555061737938e-01
3.801331572261338887e-01
3.793319942382573084e-01
3.794204520756496168e-01
3.793589853103181420e-01
3.802055709402578643e-01
3.786622901584062451e-01
3.782899332287151806e-01
3.782407360090922488e-01
3.779842594936257405e-01
3.777658000294028540e-01
3.790506382083420056e-01
3.775011178910332998e-01
3.788139914915289452e-01
3.783019402712197721e-01
3.776680339110170537e-01
3.782309588497748676e-01
3.774164687816902175e-01
3.775573413000968270e-01
3.780409317218650922e-01
3.773085257355292543e-01
3.781201128098208297e-01
3.774668538317136890e-01
3.781888143582653461e-01
3.774687919728363927e-01
3.779783974949804670e-01
3.773804871867386668e-01
3.770546377602493338e-01
3.772346372836893336e-01
3.771927257787490162e-01
3.773880692939471926e-01
3.784842420233146543e-01
3.772035629655442479e-01
3.771476278589772635e-01
3.766487675604631158e-01
3.766802629267020919e-01
3.767615660690539769e-01
3.775771770364884650e-01
3.769764504705993557e-01
3.771627985132136596e-01
3.770997809781755916e-01
3.764370353087601595e-01
3.764431208786898075e-01
3.772354986566548996e-01
3.773399161547572600e-01
3.766715328619522074e-01
3.770214035345566539e-01
3.764699172136932726e-01
3.765226570810222273e-01
3.772960611917113849e-01
3.762155686326517090e-01
3.768605021219758600e-01
3.766180664020233881e-01
3.768530190623415876e-01
3.761184096946924016e-01
3.769362829787776259e-01
3.761226652446794660e-01
3.767676174541945699e-01
3.758920196929566582e-01
3.761840975743905857e-01
3.759858615096011714e-01
3.760658116622357383e-01
3.762198402184779300e-01
3.766335639034457117e-01
3.757484989551876375e-01
3.763471735033914189e-01
3.760752029970074739e-01
3.768240727693920600e-01
3.757612721870975392e-01
3.754197005204857329e-01
3.753214712292009536e-01
3.763862385256043219e-01
3.754156916892901763e-01
3.755274403423376484e-01
3.755276268290431152e-01
3.754147469707327933e-01
3.754190023714115698e-01
3.752765188473835001e-01
3.755219195074720462e-01
3.763836905412175637e-01
3.753906738512680086e-01
3.761186928563108878e-01
3.751535301219413587e-01
3.758420924563744547e-01
3.752271580746661117e-01
3.758158764773630311e-01
3.760406577219319590e-01
3.755967882950864145e-01
3.757015486717388275e-01
3.750079070425641481e-01
3.750052173907060804e-01
3.760633073710993313e-01
3.751681807893231801e-01
3.766998753213367523e-01
3.747538356272058224e-01
3.754122808783503795e-01
3.746791177976381837e-01
3.756542843568291823e-01
3.752376220263219375e-01
3.751057089104039011e-01
3.744654763320748314e-01
3.737869706879616838e-01
3.744584294111354406e-01
3.745116371400061261e-01
3.739832023401919447e-01
3.737424146621735610e-01
3.736513208649628881e-01
3.746316410854793055e-01
3.737521240166860603e-01
3.736474462098390292e-01
3.740247826095403072e-01
3.738434887203685442e-01
3.737931810699373636e-01
3.748365146868730124e-01
3.737346896667648188e-01
3.750184724707535389e-01
3.745171148352960389e-01
3.744415194055408791e-01
3.735301848297482574e-01
3.736692522161084162e-01
3.733393824141554296e-01
3.726941766016684254e-01
3.727023932461264177e-01
3.734554321793918108e-01
3.731211247975232959e-01
3.724028792031968127e-01
3.724557516729234408e-01
3.728731955482063043e-01
3.724135058180361724e-01
3.730092428676258787e-01
3.723977770381174390e-01
3.735452837645266144e-01
3.723130906864425826e-01
3.726918857542206864e-01
3.725672401430570324e-01
3.728367889507637756e-01
3.723883983548664234e-01
3.729477922415440072e-01
3.725027700173533241e-01
3.740678424246479672e-01
3.722283416053561722e-01
3.723364014884297246e-01
3.723857960052495142e-01
3.729724537009341812e-01
3.722448439221923144e-01
3.737958226130414507e-01
3.719193669466930308e-01
3.720090376935020204e-01
3.719923276990639849e-01
3.721375910631425921e-01
3.719811286824866725e-01
3.717573655557198653e-01
3.719844198543866276e-01
3.718698400702258877e-01
3.717918583686916634e-01
3.724384157422599984e-01
3.718478277246644037e-01
3.720656960986746253e-01
3.718036093871676662e-01
3.718176947232709195e-01
3.716017637874866608e-01
3.718317782352331680e-01
3.720230902997495592e-01
3.724966117057857962e-01
3.715889386237566927e-01
3.716315627681066047e-01
3.716167480249317201e-01
3.719158821412661964e-01
3.715624718917033831e-01
3.717418308307259278e-01
3.717169370134417727e-01
3.714717477832246151e-01
3.717695006440434047e-01
3.716860897934045060e-01
3.714594378727768542e-01
3.724733503397975598e-01
3.713186662836470697e-01
3.714641368394575038e-01
3.711975644411474873e-01
3.733406577042698848e-01
3.713313571712675842e-01
3.724333310741630432e-01
3.712644503620092240e-01
3.718882036171221039e-01
3.713748801227155782e-01
3.723033919456001373e-01
3.715932795786227594e-01
3.712763491963078644e-01
3.718983560285975543e-01
3.709374676636937873e-01
3.709830591090278462e-01
3.719806539311593663e-01
3.708937420250252304e-01
3.726223746217613431e-01
3.710713346219967623e-01
3.717961925793984990e-01
3.709036566869729490e-01
3.709095309010653208e-01
3.711818851587097012e-01
3.712043632339063204e-01
3.714825758854113369e-01
3.720601780122859692e-01
3.711530530653079918e-01
3.712578116298214659e-01
3.711089858425526411e-01
3.710198702871917997e-01
3.708076250467368662e-01
3.720961308795830425e-01
3.707063584263998179e-01
3.709418478358315063e-01
3.712593192902917671e-01
3.705408574536094291e-01
3.707708946418091234e-01
3.712091553233886065e-01
3.712675608837582852e-01
3.710208606987809854e-01
3.708334734426117496e-01
3.705305605389634938e-01
3.700699254618357581e-01
3.706959301371796633e-01
3.701653721736268277e-01
3.702964361473743971e-01
3.701254724520093853e-01
3.708017465599290352e-01
3.702894981608767511e-01
3.714946729510330559e-01
3.703291356692093861e-01
3.704352224881264366e-01
3.703550228043909209e-01
3.699282400237888790e-01
3.704164826204044969e-01
3.699895353182204860e-01
3.698565281402556582e-01
3.703453201589358423e-01
3.696284156217579109e-01
3.699335207908606149e-01
3.700054166681722156e-01
3.703570192552668727e-01
3.698016714904497348e-01
3.697680195398079794e-01
3.696408283838404363e-01
3.694266500290639410e-01
3.693201555457663043e-01
3.703618958865045885e-01
3.695718849062728517e-01
3.698209114974480016e-01
3.692077847741056518e-01
3.695856576718116737e-01
3.699166077381060846e-01
3.698975500648643555e-01
3.693081834762391158e-01
3.702633004881143997e-01
3.693078190007653139e-01
3.697473375118094929e-01
3.694381416603350066e-01
3.695127475538681483e-01
3.693965801962112439e-01
3.703088177888413379e-01
3.696331357230204784e-01
3.707590989760801703e-01
3.696309524218894249e-01
3.702693649681413901e-01
3.691888781948945986e-01
3.691888767378824210e-01
3.692426810618191224e-01
3.710790657432987416e-01
3.696125272571328391e-01
3.702442767365925480e-01
3.692279545505804950e-01
3.696348362647441377e-01
3.694728528753170038e-01
3.694781389651379255e-01
3.692481313856646463e-01
3.700165263322237053e-01
3.699453447173151610e-01
3.705715263671794935e-01
3.694784763326393051e-01
3.698948227401369637e-01
3.691656830339465345e-01
3.688136258264195222e-01
3.686469691052658981e-01
3.690393498084263424e-01
3.689075389491216495e-01
3.687607686663326723e-01
3.688270930021264049e-01
3.687015812688111405e-01
3.686053098391917082e-01
3.707132114566663583e-01
3.688766871073439479e-01
3.688074504596215442e-01
3.687478548919007060e-01
3.694503048865572237e-01
3.690326040642071259e-01
3.688541123776731823e-01
3.686578606124347179e-01
3.687981526107420582e-01
3.686663989811640452e-01
3.697326992490653774e-01
3.686346606626904610e-01
3.687380680278322109e-01
3.685312038150342917e-01
3.694427852651006039e-01
3.684685503292045583e-01
3.687598169442115603e-01
3.684728085722878133e-01
3.686929487299805408e-01
3.686603282917297331e-01
3.687101491456034608e-01
3.684368972345214432e-01
3.696565936530673002e-01
3.686182371698661364e-01
3.684825603139368910e-01
3.685476029818365862e-01
3.692539903635764786e-01
3.684996326995881866e-01
3.692791140048947152e-01
3.686106512949144931e-01
3.690830697281631823e-01
3.687201524877148362e-01
3.700617908361327757e-01
3.686562930287841100e-01
3.688255993073970562e-01
3.686162718740688127e-01
3.686649752801257063e-01
3.689473917822471138e-01
3.694598171008737775e-01
3.684755768715039514e-01
3.684169397918338196e-01
3.685613036502196072e-01
3.688954741243027913e-01
3.687055928782884129e-01
3.692975006578987918e-01
3.683711310593739685e-01
3.707362136072199776e-01
3.682901204113235849e-01
3.689114764686856063e-01
3.685457853322620658e-01
3.687189647124721192e-01
3.682864624441696821e-01
3.679598055100803400e-01
3.680378733641547773e-01
3.688320862809179035e-01
3.682414003642651146e-01
3.682079241842368678e-01
3.687409132192426831e-01
3.685366600233254131e-01
3.681678133987626445e-01
3.683635821497746043e-01
3.682452342938065670e-01
3.694739339570856096e-01
3.680193507493850213e-01
3.688194411540036688e-01
3.680815924100250269e-01
3.680475161334664236e-01
3.680449026047097894e-01
3.680013242786712713e-01
3.679774870930587749e-01
3.687673179305591686e-01
3.680164283219649612e-01
3.686267402987580821e-01
3.681279856836386366e-01
3.694350566318289064e-01
3.679706295784701542e-01
3.689600932963964519e-01
3.680930211553967157e-01
3.686897435806136825e-01
3.677894845814045910e-01
3.681484947135404973e-01
3.677810152199557092e-01
3.687406575876023274e-01
3.679966715923718157e-01
3.680467837746083659e-01
3.678944382426992399e-01
3.682448529462539755e-01
3.678033685491089444e-01
3.679881579649778578e-01
3.680693033721683660e-01
3.687304961971853423e-01
3.681806321725546449e-01
3.678633097969651322e-01
3.678156188035017204e-01
3.685631694838172878e-01
3.683616377182182267e-01
3.682520534070798379e-01
3.679564460622134492e-01
3.687459742371561600e-01
3.679555057140564966e-01
3.680097443213938280e-01
3.678826440670085463e-01
3.678685564260169572e-01
3.677428780990745771e-01
3.676761116267649454e-01
3.678608874759971559e-01
3.677712161324631079e-01
3.677094096580263982e-01
3.677534216424306890e-01
3.676995780084180154e-01
3.677526393447027586e-01
3.680006427411469105e-01
3.676832452994247546e-01
3.678310195352698098e-01
3.676114732332405044e-01
3.678770857540660799e-01
3.675685350604512291e-01
3.678310546331620134e-01
3.675964664061583953e-01
3.677926506819003682e-01
3.675941385205070411e-01
3.677121735906832001e-01
3.676338752561729706e-01
3.677247075519915476e-01
3.676641905256681220e-01
3.677257551022669047e-01
3.677174228478157225e-01
3.680461129790456032e-01
3.675494215604632742e-01
3.677673688348234715e-01
3.674631289386999233e-01
3.676475311810805668e-01
3.675113508166341636e-01
3.676109982714729219e-01
3.675503627519410843e-01
3.676731240266063461e-01
3.675578189389586692e-01
3.674023519888920397e-01
3.675042454741054843e-01
3.674307377343281611e-01
3.673456486444661162e-01
3.675607591773473182e-01
3.672933063130990883e-01
3.674052573031886260e-01
3.673109160841095400e-01
3.673874695624823605e-01
3.673117933388356238e-01
3.674804022802216075e-01
3.674229847942249161e-01
3.673190330807015180e-01
3.673842533506319064e-01
3.675058075367208521e-01
3.672912264959511397e-01
3.672808530742319166e-01
3.673824691865605341e-01
3.670550028675150789e-01
3.670666849727130532e-01
3.672415676022403597e-01
3.671152212982442542e-01
3.673910257131315360e-01
3.670710392916393672e-01
3.672554304163751504e-01
3.670640594733708406e-01
3.671553314011369862e-01
3.671197674160489588e-01
3.672566163254871729e-01
3.670223083334210878e-01
3.670939443919067902e-01
