9.897404145534816067e-01
9.898987898650216666e-01
9.891930088505580532e-01
9.994880647698417553e-01
1.015452830360982883e+00
1.013274873464155013e+00
9.046954150219174151e-01
9.300038184383777606e-01
9.023404115222216637e-01
9.022515956812936500e-01
9.022534433934682463e-01
9.060729075988777081e-01
9.225937320482618942e-01
8.753655901981328702e-01
8.763066535745470675e-01
8.753267100439769965e-01
8.846708678564253470e-01
9.243167919397278220e-01
8.891181655532713890e-01
8.755537142037410625e-01
8.753109927225631859e-01
8.751682058977122702e-01
8.686819029467994779e-01
8.625205294883121487e-01
9.073327601898950601e-01
8.432140248208419564e-01
8.488294865797859634e-01
8.485753005127368853e-01
8.432140248208419564e-01
8.432140248208419564e-01
8.431326367204334815e-01
8.638142162716017092e-01
8.845596956108587872e-01
8.438531246346773207e-01
8.431326367204332595e-01
8.402668287453780582e-01
8.257169828864799888e-01
8.335597198507772587e-01
8.257169828864802108e-01
8.257169828864799888e-01
8.257169828864799888e-01
8.659202998310588928e-01
8.888501001886905950e-01
8.315376495395593315e-01
9.263861353542539590e-01
8.257169828864799888e-01
8.257169828864798777e-01
8.257169828864798777e-01
8.257169828864799888e-01
8.257169828864799888e-01
8.467544558190254200e-01
8.838464088840712884e-01
8.257169828864799888e-01
8.257169828864799888e-01
8.257169828864799888e-01
8.597859150415064766e-01
8.257169828864798777e-01
8.257169828864799888e-01
8.081723965466602877e-01
8.096403284776666487e-01
8.690746115421823514e-01
8.410499825115274053e-01
8.662792568132289261e-01
8.084281111508089257e-01
8.076979120458306349e-01
7.983257090080215779e-01
8.646988265962317621e-01
8.046821784091926499e-01
8.318637123026061397e-01
7.984981516223387255e-01
8.218331166795935783e-01
7.960536903280580612e-01
8.199230019367014233e-01
7.854962906331411920e-01
8.007854736432791221e-01
7.973617009334016403e-01
7.961497203474996454e-01
7.852940907294609918e-01
8.177178103708535595e-01
7.853141681985518208e-01
8.450716058433611622e-01
7.826057007796316523e-01
8.225417697146742979e-01
7.812646185734873905e-01
8.352382154343174214e-01
7.788612526151827975e-01
8.186648383439344423e-01
7.788612526151827975e-01
7.906106846550877698e-01
7.788612526151827975e-01
7.785303023735511418e-01
7.783965570502134890e-01
7.903976355812057930e-01
7.804568035625972788e-01
8.066279785657188839e-01
7.943993889136520270e-01
8.193600905842503002e-01
7.617588781509161411e-01
8.045281331619804632e-01
7.546145697142947473e-01
7.194965034438620677e-01
7.207660349556744839e-01
7.344551655027009573e-01
7.194965034438620677e-01
7.519153558319078279e-01
7.194965034438621787e-01
7.669224422322759027e-01
7.194965034438618456e-01
6.767482648028484427e-01
6.767482648028485537e-01
6.757752372891009385e-01
6.757752372891009385e-01
6.910418360242738256e-01
6.757752372891009385e-01
7.590433847720631233e-01
6.757752372891009385e-01
6.647647853523108719e-01
6.647647853523108719e-01
6.632883522981012359e-01
6.632883522981012359e-01
6.685014632242766153e-01
6.632883522981011248e-01
6.849093868541930030e-01
6.653945452738396771e-01
7.153155881748238798e-01
6.634128892200552574e-01
6.415179008305202935e-01
6.474987615534907315e-01
6.865186534299864141e-01
6.605721940154810623e-01
6.344668047237025377e-01
6.644452837571576120e-01
6.727745395950917029e-01
6.342799149649361867e-01
6.382483677857552218e-01
6.342202080414760523e-01
6.788757246633944087e-01
6.411827311694009435e-01
6.303810373294529423e-01
6.292285280405641723e-01
6.819819993379011569e-01
6.274792309775731880e-01
6.231255074684539652e-01
6.231651008708937178e-01
7.963945381204495799e-01
6.223949024931023644e-01
7.149813494037294825e-01
6.225762960299251469e-01
6.353575580922127264e-01
6.118921150073428628e-01
6.421569353007134939e-01
6.118921150073428628e-01
6.122831516788048711e-01
6.118921150073428628e-01
6.446580837879708481e-01
6.115971720588021521e-01
6.402819228239529092e-01
5.993010523256881994e-01
5.996257904311497189e-01
6.355693641018128615e-01
7.404910953409263863e-01
5.920041177095296536e-01
5.979607644119853127e-01
5.920041177095295426e-01
5.738757266554475045e-01
5.738757266554473935e-01
6.035740910130776848e-01
5.738757266554473935e-01
6.323496439490499110e-01
5.843569014149854191e-01
6.071714913728198937e-01
6.251751491960011453e-01
5.858294085811236451e-01
5.738757266554473935e-01
6.653401479954561548e-01
5.738757266554477265e-01
6.310373277862717512e-01
5.738757266554473935e-01
5.797623228751850322e-01
5.738757266554473935e-01
5.800563006048329306e-01
5.738814060011195872e-01
5.749243806746848762e-01
5.738757266554475045e-01
5.762822059519482343e-01
5.755913844824510628e-01
5.802507432359468309e-01
5.757687734686955938e-01
6.504385797991000251e-01
5.888152381065887564e-01
6.654865626071408968e-01
5.863899894539206237e-01
7.481175142770248865e-01
5.734023785604637213e-01
6.282024218290370721e-01
5.734316780614173714e-01
6.057781605818286508e-01
5.808538533899745282e-01
5.850360820849431764e-01
5.751951101176668857e-01
6.182393611637645447e-01
5.681637276580573381e-01
6.744653152705046839e-01
5.569873713585549169e-01
7.075784128658174632e-01
5.685481301053678660e-01
5.835695533978754179e-01
5.629465437336728106e-01
5.957545520969427244e-01
5.704757020255831756e-01
5.566538268713966398e-01
5.618921606876676744e-01
5.567019874153242842e-01
5.927114047170788380e-01
5.571038496571045773e-01
5.767416391088286964e-01
5.565166846781861576e-01
5.623271284292675753e-01
5.570510624065152516e-01
5.692890670231171013e-01
5.565734611948638388e-01
5.611736395487402218e-01
5.559642199732208745e-01
5.626986555684845293e-01
5.584178397321574172e-01
5.638226275308775293e-01
5.566702489017453237e-01
5.568034724883197395e-01
5.601387989988911853e-01
5.602753562969491341e-01
5.586225252526494378e-01
5.726843253649777088e-01
5.572625526483727665e-01
5.677341041312574665e-01
5.529269603569991753e-01
5.623458472152433885e-01
5.524491025817022116e-01
5.878880008534611568e-01
5.495283230054203161e-01
5.767697964244611342e-01
5.521070613035056196e-01
5.640867098375698108e-01
5.446409670713129314e-01
5.637015426176922306e-01
5.438157350109864563e-01
5.741109095491140346e-01
5.431103465392409513e-01
5.791805352353711633e-01
5.451758009002141137e-01
5.517154024169423909e-01
5.449027029484699858e-01
5.511821745842626630e-01
5.427430580302715635e-01
5.524397865589584233e-01
5.423837263089119620e-01
5.476750465236656096e-01
5.426647955967812686e-01
5.500957009301273848e-01
5.425920340465710812e-01
5.479975242541483826e-01
5.425702707853743423e-01
5.460110903706680840e-01
5.423837263089119620e-01
5.467356688085184269e-01
5.475372914668897861e-01
5.567958580027257964e-01
5.413782443990534654e-01
5.474175212312972771e-01
5.411346943911378160e-01
5.523889642565988911e-01
5.424494894622423624e-01
5.421698371668878247e-01
5.424751435006893718e-01
5.729500907796056808e-01
5.427923201450128854e-01
5.422173013540299014e-01
5.433103880008200992e-01
5.411332243519781926e-01
5.444493300864773344e-01
5.406372911277321780e-01
5.472112684042411690e-01
5.409307299470151875e-01
5.419431139580715984e-01
5.386198273007931636e-01
5.426376440336179163e-01
5.385035873651931038e-01
5.405010048058614958e-01
5.388905291113449403e-01
5.470741693101066616e-01
5.384735617940333841e-01
5.498105974498198600e-01
5.399567206484391368e-01
5.428927079410283962e-01
5.383970871581682527e-01
5.402075586443793043e-01
5.384253069837422467e-01
5.387516651996919759e-01
5.379522138781559493e-01
5.418010450661014943e-01
5.407439359223716879e-01
5.362681783011673531e-01
5.366448327605358726e-01
5.245701725503694179e-01
5.297296409551625063e-01
5.257842559512619918e-01
5.282039009567456311e-01
5.245830549321287561e-01
5.243294617871896435e-01
5.242799075494841698e-01
5.276628220489849586e-01
5.255245902780300016e-01
5.188135654953648368e-01
5.194718043288284459e-01
5.212295793188543858e-01
5.176799312540397713e-01
5.176986232835018020e-01
5.184152485408336508e-01
5.182630898195431657e-01
5.170858214970095457e-01
5.168555901337159586e-01
5.183061301998598269e-01
5.173982405967079146e-01
5.179727720451244855e-01
5.166761059085429597e-01
5.170070981149267331e-01
5.165184283328129178e-01
5.177517795093038444e-01
5.163386742164961518e-01
5.167326652902515249e-01
5.166622280723531802e-01
5.189456063236825845e-01
5.162692335902615559e-01
5.193138593571062778e-01
5.168470873166510771e-01
5.187291732955605639e-01
5.157592302247201443e-01
5.223655565747525875e-01
5.169078038816984355e-01
5.181975350783809553e-01
5.177523885004394755e-01
5.185710027825359836e-01
5.160920264096627852e-01
5.166839521741888319e-01
5.157353134615302315e-01
5.175039604162601226e-01
5.158561071386006391e-01
5.157943896816095108e-01
5.166494730457940054e-01
5.137255298365503986e-01
5.131840896902687410e-01
5.191036882938708796e-01
5.132759679013347842e-01
5.140155841776030687e-01
5.125660012692053735e-01
5.156091859871150263e-01
5.125138639389299478e-01
5.139621341081889172e-01
5.127298411290297508e-01
5.189005415855361125e-01
5.125772852278265290e-01
5.205919070141250549e-01
5.149690781082263413e-01
5.136967235941495291e-01
5.130797242691071958e-01
5.155788049784184590e-01
5.128865632869042956e-01
5.130709294033803936e-01
5.145328450610155979e-01
5.142809209333484288e-01
5.126195263592168150e-01
5.224095077620203309e-01
5.130222578532996902e-01
5.164491253099139367e-01
5.117822619504251991e-01
5.113073167391769536e-01
5.113771820882975216e-01
5.108793067298285084e-01
5.103864201890100372e-01
5.106705564008153786e-01
5.101016237212963045e-01
5.103226775008652405e-01
5.108000726676745762e-01
5.121075745311104432e-01
5.095803521614895581e-01
5.104694599922280362e-01
5.098290612498005414e-01
5.115765033090490244e-01
5.094601090615399341e-01
5.106783467785063202e-01
5.148944187326955912e-01
5.061990196549213117e-01
5.058720556958578030e-01
5.066384735741374934e-01
5.056150386298026156e-01
5.075532743907902322e-01
5.054355065145682557e-01
5.060489858368529825e-01
5.058445583622913633e-01
5.063291332479272766e-01
5.059938637730240218e-01
5.071183113455406399e-01
5.053550883434982932e-01
5.062101027048075963e-01
5.052587678329030219e-01
5.053146699229712491e-01
5.049500731548698385e-01
5.068102436902950370e-01
5.049308335115839652e-01
5.110823153322407997e-01
5.121885198592965871e-01
5.213302403969143350e-01
5.095946703176550407e-01
5.018265157206711624e-01
5.026980005038368393e-01
5.074645979749318192e-01
5.022075349279129242e-01
5.014785995551839237e-01
5.001722394767804669e-01
4.999804934618105601e-01
4.999784208753042525e-01
5.016358793750992362e-01
5.000064632089662453e-01
5.025827781525492588e-01
4.996612095165892664e-01
5.016893852225162709e-01
5.000098046787601058e-01
5.019330325219988342e-01
5.004153951123243571e-01
5.028547328890548007e-01
4.997620091437845469e-01
5.003794921071752499e-01
4.993701032451379751e-01
4.999127131526320267e-01
4.998259945206142696e-01
5.010145026859565975e-01
4.984503959280336405e-01
4.996903203675346350e-01
5.003212670372456650e-01
4.992787542504326104e-01
4.993117324062200102e-01
5.034257066749807663e-01
4.955876352210284996e-01
4.944573078096389240e-01
4.954082722574103537e-01
5.033661967839565543e-01
4.950971553569931682e-01
4.971178033192257817e-01
4.956258270103982566e-01
4.980513480688042449e-01
4.942925142772255920e-01
4.941240571273169957e-01
4.944856697615994112e-01
4.988902450437990854e-01
4.968790050417740134e-01
4.935471996617455948e-01
4.940950853797443920e-01
4.941881018809742843e-01
4.937024516105044114e-01
4.934194469657728344e-01
4.942582412053575514e-01
4.965011610814147325e-01
4.947757924388436201e-01
4.941037404238181052e-01
4.932697084421178157e-01
4.926981764549987486e-01
4.925220209483430200e-01
5.005026295501844302e-01
4.922971596950042605e-01
5.030649460108352899e-01
4.924689045434892387e-01
4.956000907599219518e-01
4.939372851041684553e-01
5.054282034650794397e-01
4.911862730955620093e-01
4.947775332314262586e-01
4.919626665742016236e-01
4.926472035480299883e-01
4.922800973152072213e-01
4.943038009790657328e-01
4.906243263905629703e-01
4.931035002750578378e-01
4.910136179902150344e-01
4.920015519127760029e-01
4.906262440305918515e-01
4.921015649701295236e-01
4.909765725669261172e-01
4.909542673899492393e-01
4.905445380145682099e-01
4.918580476287841008e-01
4.902262724717093567e-01
4.927006860232981955e-01
4.910164767986978096e-01
4.901931134991213135e-01
4.899865069162472331e-01
4.913086508211641501e-01
4.904143368056542163e-01
4.922264990231903226e-01
4.912502779682438869e-01
4.926554910681873456e-01
4.914017771089105868e-01
5.100142924590355120e-01
4.999148312926445237e-01
4.831086369939083802e-01
4.845142661873640400e-01
4.848878962057539543e-01
4.851638703309483769e-01
4.853225985559457278e-01
4.831649797118016676e-01
4.862711617281965659e-01
4.839372918672883439e-01
4.901298210298137281e-01
4.824993783823025018e-01
4.832577451650519329e-01
4.826781808708148214e-01
4.837195449550408255e-01
4.830913704352119975e-01
4.836147077231422453e-01
4.826594428338407683e-01
4.826047641966055846e-01
4.826994100537131960e-01
4.854946284432384296e-01
4.820723170606741048e-01
4.828627315163035449e-01
4.817987119257187145e-01
4.964991328296632922e-01
4.827396767887087714e-01
4.923982312750781465e-01
4.826164712576632154e-01
4.817124147183000082e-01
4.826773121371709663e-01
4.814166598720903134e-01
4.814167862858113045e-01
4.819268988927157271e-01
4.841687696757090431e-01
4.820977078465618626e-01
4.822606051403511840e-01
4.857636141053142675e-01
4.816677139661802443e-01
4.833634027560654300e-01
4.819266752784885921e-01
4.843899089315121809e-01
4.838011416452216440e-01
4.838512921549150692e-01
4.816918258025186805e-01
4.841438142937259936e-01
4.814731192770198009e-01
4.813905670174706830e-01
4.813240588750937188e-01
4.841837066610403251e-01
4.814035563216089719e-01
4.959912301252761835e-01
4.809537432917371791e-01
4.813884672888835148e-01
4.801314411387108128e-01
4.787407488802039035e-01
4.783026889917151858e-01
4.828293431007856240e-01
4.795553891517278511e-01
4.803290846275261039e-01
4.789543185023151795e-01
4.846745363351080416e-01
4.816856373952009829e-01
4.954694586110677257e-01
4.772444292008217737e-01
4.772469638504744371e-01
4.777295422352868526e-01
4.775440926202311753e-01
4.778880059367801580e-01
4.759713589093202968e-01
4.757970716104077957e-01
4.855063256255560122e-01
4.772070261662140211e-01
4.764815487955154083e-01
4.756546132892169321e-01
4.770333640490654892e-01
4.756755716949153667e-01
4.777032317044132004e-01
4.752194449825223876e-01
4.754977002785238938e-01
4.764891039376402126e-01
4.760877948310234808e-01
4.755839508176941122e-01
4.760088021592474017e-01
4.758621884695828919e-01
4.758861829414862132e-01
4.759686855596913513e-01
4.753456605653630929e-01
4.761662110876587195e-01
4.767343155765919049e-01
4.753585503876892604e-01
4.774209233860282620e-01
4.758790966968832747e-01
4.761362023257311726e-01
4.758437580824948498e-01
4.803697258288217586e-01
4.754968231512514687e-01
4.800068623334277640e-01
4.751981506540035594e-01
4.765321470759384948e-01
4.758523986212442880e-01
4.790325806991682089e-01
4.753301221755436012e-01
4.752835641885948537e-01
4.752708516876764655e-01
4.809793904244776264e-01
4.752471560794062078e-01
4.842582243143623844e-01
4.812772027915637740e-01
4.796514213242075164e-01
4.771781703404439634e-01
4.766832551602704360e-01
4.755812045531164767e-01
4.787304055411604198e-01
4.793325176918750707e-01
4.739343734833664223e-01
4.749594143305254090e-01
4.778931871730580649e-01
4.740656307329300101e-01
4.759970762413114898e-01
4.746837375823442784e-01
4.775167692574809331e-01
4.740763651844489557e-01
4.765606887812977033e-01
4.753566519669431556e-01
4.741166461686390221e-01
4.743918301007871152e-01
4.743953767747124961e-01
4.733345986728843546e-01
4.735515461795260506e-01
4.738190816688877538e-01
4.752532533083866917e-01
4.735347161078070077e-01
4.734860076437925613e-01
4.738106562664948784e-01
4.733329785754340491e-01
4.733956589945633731e-01
4.732944111235567464e-01
4.723697314918449131e-01
4.733716041215508818e-01
4.726446011395698532e-01
4.728104710328656091e-01
4.730896918709538990e-01
4.734928687730604047e-01
4.727190329704841765e-01
4.724957132369300150e-01
4.713653030228898144e-01
4.713204352011789444e-01
4.715052903234336346e-01
4.711399672868835098e-01
4.719899432208085055e-01
4.709732606796770416e-01
4.711348642337833126e-01
4.708669777628066155e-01
4.709832391423910969e-01
4.709560673720850077e-01
4.726793721131146708e-01
4.708557231094108175e-01
4.704378234552318849e-01
4.707240687764340237e-01
4.715636230360633618e-01
4.710943254930611279e-01
4.700231461336102923e-01
4.701927633515707861e-01
4.704953998496622658e-01
4.699599963573022343e-01
4.711044991786534353e-01
4.704982203682110953e-01
4.703318058876643226e-01
4.698576159977130851e-01
4.697327750052788797e-01
4.698288422058566338e-01
4.702985129110967000e-01
4.707423440089718580e-01
4.688223722056352738e-01
4.678037095168394721e-01
4.664492232873944100e-01
4.680276643950641580e-01
4.645488496309089221e-01
4.646897725913927690e-01
4.656703309488208764e-01
4.644817550311385879e-01
4.652627107583073296e-01
4.644976382969248085e-01
4.656319322652672787e-01
4.649345431724526412e-01
4.647784400456897447e-01
4.643679486247230814e-01
4.654252351190620862e-01
4.642572782520792418e-01
4.640294393517212512e-01
4.642018876116661419e-01
4.649640195059633885e-01
4.644551855572529586e-01
4.649560472036977643e-01
4.633834553385758892e-01
4.636811039715786897e-01
4.653454382390832533e-01
4.622025225342342725e-01
4.619417203980010767e-01
4.607109213943604287e-01
4.605722910886216881e-01
4.601433881320603492e-01
4.598026725237835954e-01
4.597963555358092758e-01
4.596122929021441150e-01
4.607623855082927378e-01
4.594793752084323502e-01
4.593672727703940195e-01
4.597969071732758151e-01
4.604081499073315875e-01
4.593550541186275926e-01
4.592623800399335265e-01
4.590726117392509020e-01
4.593592900303628546e-01
4.593803689994300776e-01
4.593437462447929609e-01
4.594448303150620028e-01
4.590654128449795923e-01
4.593532303999461885e-01
4.602555002826863584e-01
4.585093825362913100e-01
4.593036372166774406e-01
4.583778208850834979e-01
4.591949216649385268e-01
4.585342062164040056e-01
4.595440449353899726e-01
4.583692236260946684e-01
4.583908827292774157e-01
4.586806566099668747e-01
4.588938500235239526e-01
4.583306322980596481e-01
4.601149887949484429e-01
4.582676602647089426e-01
4.604529277038276747e-01
4.572633000991910279e-01
4.596387446621057471e-01
4.572202661829673498e-01
4.563783909804017269e-01
4.565827302048451886e-01
4.565250287701684839e-01
4.573323861156860515e-01
4.562937552265362018e-01
4.560488964686483793e-01
4.553508744253178531e-01
4.552207041361255868e-01
4.543322066377180057e-01
4.543110085715138524e-01
4.559494149848952738e-01
4.541770554396353243e-01
4.575958291590538352e-01
4.542775652386473184e-01
4.566212904702562914e-01
4.545455592041254822e-01
4.552490381518364826e-01
4.541231791535803031e-01
4.558150419540821785e-01
4.540358388989128025e-01
4.547123608648916404e-01
4.541140475939274279e-01
4.558848511867738540e-01
4.552657477358076910e-01
4.552390717604141712e-01
4.552262261078817152e-01
4.545822614289211638e-01
4.552362151239730537e-01
4.539966410490971493e-01
4.543261709533819026e-01
4.545745654241047928e-01
4.540967016612690310e-01
4.522509746988334633e-01
4.523502954516945840e-01
4.530200329515033930e-01
4.521920049782544027e-01
4.527382868085969569e-01
4.521865448769477047e-01
4.531691946209866484e-01
4.522496900930144115e-01
4.526945129361398812e-01
4.522427385597071470e-01
4.527614715716306582e-01
4.532971741383909348e-01
4.527750180658405288e-01
4.523623409169023057e-01
4.522028071091495627e-01
4.520132588906613513e-01
4.531090260051982010e-01
4.521049769338015833e-01
4.543161926295141706e-01
4.519370741812776537e-01
4.539361049243227364e-01
4.519461704948727343e-01
4.521863910244507956e-01
4.519248204658138923e-01
4.530624740076968915e-01
4.518527152377064260e-01
4.535046021519613668e-01
4.526793084713239268e-01
4.530598654174118889e-01
4.518754000478401589e-01
4.521073335207625443e-01
4.516734659581152500e-01
4.527525731777665707e-01
4.515446098393730012e-01
4.535555292780332759e-01
4.528410780563879023e-01
4.505670120834131542e-01
4.507188854462532701e-01
4.509301345504419523e-01
4.507115477692059113e-01
4.520487551578679652e-01
4.504807411906646131e-01
4.508201852785085340e-01
4.507429116952296755e-01
4.508454311527843594e-01
4.506065578883428624e-01
4.511026088598581452e-01
4.506443942005208259e-01
4.522861915755673756e-01
4.509280173474532472e-01
4.521374639547370844e-01
4.506503885717912938e-01
4.528798240688322596e-01
4.505788912476935137e-01
4.501806053856584056e-01
4.500198677991115725e-01
4.499075444138012636e-01
4.498643346742262072e-01
4.512742751912732775e-01
4.499526907615684079e-01
4.504447488362518515e-01
4.499657003069510997e-01
4.509736176596692014e-01
4.501137986260363988e-01
4.498351661662728929e-01
4.501198793149931987e-01
4.510154165137879589e-01
4.499162062694391229e-01
4.530338487190822550e-01
4.499695223888400819e-01
4.501088959461828631e-01
4.502804523181928031e-01
4.512412574340826654e-01
4.497552810409511381e-01
4.506510168315051579e-01
4.502267600689016103e-01
4.510767038818566665e-01
4.497875894064632951e-01
4.513166492259287343e-01
4.499549142060460527e-01
4.516002894511233490e-01
4.495628458643866621e-01
4.512770930037289241e-01
4.504350978851066611e-01
4.510840169214397344e-01
4.497135821125266553e-01
4.478805097839436145e-01
4.477606780237079476e-01
4.492850335205290646e-01
4.477632580090588066e-01
4.484966650251867581e-01
4.478343330498497643e-01
4.492705071846055387e-01
4.478266603017786451e-01
4.485814630492730437e-01
4.478639122413887175e-01
4.481539713534078428e-01
4.479206416394880819e-01
4.482148287906960182e-01
4.489324202449742063e-01
4.488347700660350603e-01
4.477578034006068908e-01
4.476415545255293948e-01
4.480104206528676691e-01
4.492221726680856175e-01
4.476394685839492626e-01
4.487058749099484545e-01
4.477594287418251162e-01
4.478948585929272697e-01
4.474445708594599336e-01
4.472996517295809160e-01
4.479333114423405537e-01
4.479732675875364167e-01
4.471685818424692149e-01
4.481989173953698224e-01
4.478106093249806241e-01
4.470468459103433823e-01
4.473249210378491547e-01
4.461126974218308505e-01
4.463040068219158440e-01
4.456855548405564416e-01
4.455939462181183752e-01
4.470047068296928994e-01
4.458088122167258582e-01
4.459489995892119696e-01
4.456859314632946045e-01
4.457540112502019203e-01
4.456021060127849376e-01
4.466142315229920667e-01
4.456743436118332791e-01
4.471450416064993716e-01
4.456612328654105948e-01
4.459194176062981074e-01
4.455497761554741420e-01
4.458762673035057134e-01
4.454890706776475362e-01
4.463334705055104212e-01
4.455831750539368530e-01
4.458882312924507541e-01
4.455439185682029124e-01
4.460055340970601190e-01
4.454491948614649477e-01
4.445434143198260801e-01
4.448592915253243296e-01
4.461931906633316847e-01
4.445973170288950449e-01
4.435158430018481535e-01
4.434655874681431298e-01
4.456753238824568975e-01
4.435026318346363960e-01
4.443608850947377009e-01
4.435333584963292997e-01
4.448976264534036384e-01
4.435105685570668310e-01
4.433743251453692302e-01
4.436226174859388971e-01
4.435160773473985074e-01
4.433264079124237811e-01
4.442864556314993774e-01
4.434462625414020698e-01
4.430957999876998787e-01
4.433029769822456889e-01
4.429124693693886616e-01
4.430002852185496720e-01
4.437025108795045747e-01
4.428944641476403321e-01
4.434334247160728326e-01
4.432250635788628768e-01
4.430524216270189664e-01
4.429169543027626776e-01
4.425917315226254312e-01
4.425261189215478619e-01
4.433157219193163412e-01
4.424540683749399461e-01
4.423782057065600570e-01
4.423902856782264137e-01
4.436005091048811910e-01
4.426593097836916679e-01
4.445579054158062537e-01
4.427410512371833251e-01
4.435609430075198589e-01
4.422701566261298955e-01
4.430320381930282769e-01
4.426513358520007824e-01
4.422046342695046262e-01
4.423941020412551772e-01
4.425218382756557212e-01
4.420268510532326389e-01
4.426062989289699656e-01
4.421700952880294189e-01
4.422822415679113495e-01
4.419248023206724940e-01
4.419995458871881500e-01
4.419405645312765585e-01
4.429812046102982737e-01
4.419876559742683675e-01
4.421482764516920794e-01
4.422496446444599827e-01
4.428956334432213038e-01
4.418938172491626015e-01
4.418375738375604489e-01
4.420612562466887385e-01
4.437628744606620934e-01
4.423059207697411233e-01
4.412380870157858181e-01
4.416558138983714410e-01
4.414504875433489239e-01
4.410681309226439639e-01
4.416382942895007990e-01
4.411135488030059060e-01
4.412840857976610409e-01
4.409027466055957523e-01
4.410083280766808334e-01
4.411192909038711418e-01
4.410418156101127418e-01
4.411266514462647836e-01
4.408762745591950916e-01
4.410110055545461982e-01
4.410992235288582752e-01
4.411489644856069203e-01
4.410989037813596303e-01
4.408273259060940807e-01
4.416559745311082197e-01
4.408105144627855743e-01
4.406150072707807896e-01
4.405422792024288325e-01
4.410707541573367085e-01
4.406928603288187696e-01
4.410959353226765467e-01
4.408361425844343762e-01
4.426824688488539272e-01
4.407716966423641525e-01
4.420451685163946376e-01
4.403734382128129954e-01
4.408728810014342914e-01
4.406389108547229538e-01
4.410314773101464136e-01
4.403506755716262711e-01
4.407573941183106636e-01
4.404363269521212043e-01
4.401235804140566366e-01
4.404803997216375500e-01
4.401806999241923979e-01
4.401218298774869919e-01
4.403629933666897700e-01
4.404008822523416966e-01
4.401298553242392608e-01
4.403899092079645028e-01
4.406311521232593731e-01
4.401657174116378468e-01
4.401243545331022800e-01
4.401961483861300262e-01
4.408681878570681612e-01
4.403440208169578374e-01
4.423679058145572607e-01
4.400284654491647962e-01
4.401949571055248644e-01
4.402967757124918724e-01
4.421993777963378336e-01
4.400980904147002160e-01
4.410042434107175335e-01
4.400266569466130817e-01
4.407618803520338968e-01
4.406927388778697496e-01
4.406937070714743721e-01
4.400526919532292136e-01
4.400409265301551964e-01
4.401093133702597693e-01
4.409054272952794840e-01
4.401789360603358681e-01
4.401628999883201443e-01
4.400178784766370921e-01
4.408428946444791774e-01
4.400240295050583672e-01
4.399240198213161812e-01
4.399476302155856944e-01
4.401277839181217399e-01
4.399936591334855929e-01
4.403209645610164369e-01
4.399137851870599247e-01
4.402342869122826130e-01
4.399778887064386135e-01
4.408199590666906365e-01
4.398834104948082246e-01
4.406375529568049565e-01
4.400172054044483860e-01
4.403870136032638216e-01
4.404045555026575021e-01
4.408000042342254954e-01
4.400441567229729789e-01
4.401837094448803889e-01
4.400271890008149445e-01
4.401200503892515048e-01
4.400222095207265705e-01
4.398298109206617568e-01
4.398433664684986422e-01
4.401163029713084929e-01
4.398559968780736962e-01
4.408614378742237716e-01
4.397932564660881338e-01
4.403849518694267773e-01
4.400152352495829144e-01
4.404145794694577232e-01
4.401008007470159078e-01
4.409040873890956447e-01
4.400412458263091020e-01
4.404686609207361103e-01
4.403241025779379703e-01
4.407325733401862844e-01
4.393551383245783426e-01
4.399577667253221080e-01
4.393288317451896630e-01
4.393927973185943192e-01
4.395106190108740152e-01
4.400168545184445223e-01
4.392210115362220058e-01
4.398068327418820922e-01
4.389887817122850588e-01
4.403484916991312614e-01
4.391651129360679140e-01
4.400057124986523349e-01
4.390714499502592072e-01
4.393528538271948558e-01
4.390089363292336566e-01
4.394289345182216255e-01
4.390685818246331529e-01
4.396759181482294276e-01
4.393507646172933323e-01
4.403054693107003037e-01
4.391789561039478040e-01
4.394834181390060990e-01
4.388150047560798184e-01
4.388355946200488411e-01
4.389657434743955422e-01
4.390514990279696939e-01
4.389796716549101974e-01
4.393360812400498583e-01
4.388040946840340295e-01
4.391604763507371278e-01
4.390083455411172286e-01
4.399465999831726482e-01
4.389101040781661633e-01
4.392648569233430500e-01
4.386497874812689268e-01
4.400390563599484994e-01
4.386574674645641325e-01
4.396321534058567626e-01
4.386270854587683288e-01
4.389398963001259757e-01
4.388358802712159501e-01
4.390785649794698431e-01
4.387637342733113344e-01
4.392543895519197550e-01
4.389269493066449979e-01
4.386888860244023136e-01
4.383875249406191665e-01
4.383610520429788715e-01
4.384042130394071313e-01
4.383303597051213529e-01
4.386265298585416139e-01
4.383947350235657403e-01
4.386686041600443842e-01
4.382964897166602980e-01
4.385520238737615206e-01
4.383542969953063140e-01
4.384240431130133619e-01
4.384212640358812751e-01
4.382668016933702337e-01
4.382476764824009829e-01
4.383853710684140759e-01
4.383060858230897194e-01
4.385013646683677546e-01
4.382280576855616117e-01
4.387395974223966544e-01
4.382144032159746017e-01
4.388222318579039216e-01
4.381766639355493265e-01
4.387836386694697888e-01
4.380795537735985290e-01
4.381063351523179494e-01
4.380051020179999699e-01
4.376624444505762823e-01
4.377069520523099722e-01
4.377665653129759749e-01
4.376321356861791467e-01
4.376893657730863696e-01
4.376194615696935575e-01
4.377268028327495064e-01
4.378579823212237487e-01
4.375873073325786122e-01
4.376472876074072316e-01
4.374671583678020892e-01
4.375177132247046741e-01
4.372882021921152829e-01
4.372114443677682094e-01
4.374693013733659264e-01
4.374265332121779482e-01
4.369583857561811224e-01
4.369633213337241751e-01
4.372252195295538990e-01
4.370640495708845163e-01
4.369350762888574713e-01
4.369122204223392925e-01
4.369314838297406745e-01
4.368010678806913405e-01
4.367273615209157356e-01
4.367854607419295321e-01
4.368589881605876024e-01
4.367322842618261980e-01
4.370586861553339419e-01
4.367233325117959031e-01
4.369228133059663288e-01
4.366326899836342479e-01
4.374186963021625685e-01
4.365875232966322517e-01
4.365094068972195096e-01
4.365430406395837126e-01
4.364157337189080721e-01
4.363572852356681908e-01
4.362960158783830145e-01
4.364701033654612705e-01
4.365052311573292543e-01
4.363491886046840240e-01
4.363220804597483515e-01
4.363184071291603128e-01
4.364263350111634576e-01
4.363326932831477767e-01
4.364442832210685963e-01
4.362695536535942664e-01
4.362274996299625451e-01
4.361872792642492169e-01
4.363185079448339554e-01
4.360446083344423629e-01
4.363619966995624377e-01
4.362530106427205401e-01
4.358237643215122081e-01
4.357466238806181336e-01
4.357284743238602487e-01
4.357631626648725831e-01
4.362679092508178202e-01
4.357968825559644377e-01
4.357525067251074025e-01
4.357513682165774505e-01
4.358530369101318303e-01
4.358292480399620361e-01
4.360023879666015678e-01
4.357481250332853051e-01
4.359026309642114461e-01
4.354763107185360416e-01
4.353551747199513322e-01
4.355170083931435010e-01
4.355128514046365251e-01
4.354413458260496528e-01
4.351204747816846963e-01
4.352282768844864536e-01
4.350994653973402904e-01
4.351322458210403199e-01
4.352636714114617167e-01
4.350937372514080415e-01
4.351323409811732601e-01
4.349754001712372586e-01
4.350540047146915223e-01
4.349832200655282533e-01
4.349332238145645624e-01
4.350413660430173524e-01
4.349223002060056409e-01
4.349019394556357110e-01
4.352009301319774703e-01
4.348996241514748173e-01
4.349272448265300572e-01
4.348461990149092293e-01
4.350201891669391863e-01
4.348986025451043735e-01
4.350294675157532209e-01
4.347878054845072393e-01
4.351126251254618382e-01
4.348739812569515362e-01
4.345118835882987862e-01
4.344686491038798892e-01
4.345305265795255112e-01
4.345107747910241791e-01
4.345496794692477738e-01
4.343974215356082857e-01
4.346165874758911030e-01
4.343901444004787948e-01
4.343866292430531018e-01
4.343460108818370524e-01
4.343608308420451869e-01
4.343891372084054403e-01
4.344447932921337019e-01
4.343564597050662002e-01
4.345387880796495184e-01
4.343170549292623139e-01
4.347092873830519233e-01
4.344270251705256713e-01
4.344169312600961730e-01
4.342961984857015012e-01
4.343025472178352886e-01
4.343529169226698627e-01
4.342220872650333074e-01
4.342371231251384023e-01
4.342674735809238795e-01
4.343456707284435447e-01
4.343136103745547927e-01
4.342184406298563726e-01
4.342771067269496355e-01
4.342536823037110305e-01
4.346469380157436113e-01
4.341939038093757808e-01
4.344485374634065034e-01
4.341256118799897701e-01
4.344870144039416071e-01
4.342484754433272309e-01
4.341745655676872429e-01
4.341159327110548638e-01
4.342980196296774009e-01
4.341353759629438258e-01
4.340862829688509339e-01
4.341054056166624986e-01
4.343155573027813743e-01
4.340681045756373813e-01
4.342420100579207354e-01
4.341107036443621059e-01
4.340745292163959990e-01
4.340932840471640186e-01
4.342660833025577261e-01
4.341310918535559171e-01
4.340557852682878082e-01
4.341586807928033975e-01
4.340552873869906181e-01
4.340946743160805643e-01
4.340107424980241269e-01
4.339587270114803608e-01
4.340476594748293171e-01
4.339412652644417112e-01
4.347891222047944315e-01
4.340617334662753568e-01
4.339821958933449686e-01
4.339650530283749030e-01
4.339711354471497695e-01
4.338706788431305750e-01
4.341957004663476449e-01
4.339053329228272360e-01
4.337924483379790308e-01
4.337345795735118581e-01
4.341840461484422486e-01
4.337674711278644013e-01
4.339228369548601139e-01
4.338170543031987791e-01
4.337247936299198914e-01
4.336507050800054164e-01
4.336909886343665033e-01
4.337195002433004709e-01
4.341151011169421814e-01
4.337065689407364477e-01
4.338408571147250314e-01
4.336647758095395488e-01
4.338019123607304572e-01
4.337478852844635635e-01
4.334238607379450325e-01
4.334727970808894826e-01
4.335720995823827972e-01
4.334173876258556879e-01
4.334466612966861310e-01
4.336545838507475104e-01
4.335606438236360161e-01
4.335169075974341091e-01
4.333397432952719175e-01
4.334745820957290330e-01
4.332352786952929358e-01
4.332489255741153733e-01
4.334737511742570160e-01
4.332552605166280491e-01
4.332592680994733492e-01
4.332170973677972881e-01
4.334673865338117271e-01
4.332121392708516150e-01
4.333505038805572918e-01
4.332683196960696592e-01
4.334175840484224551e-01
4.332636485085924472e-01
4.332762394510503157e-01
4.332530515104274782e-01
4.333481732373301032e-01
4.332644754226042672e-01
4.333602285458648118e-01
4.331627990835820730e-01
4.330675893737422899e-01
4.331047210607292253e-01
4.336555540497490369e-01
4.330994135246020171e-01
4.333126634727236803e-01
4.332019671683465800e-01
4.331984210054627416e-01
4.331070056421581493e-01
4.332331771275936272e-01
4.330557536886105452e-01
4.333159770049753723e-01
4.330599047604849483e-01
4.332069711918485888e-01
4.330994671143351127e-01
4.327053637549208576e-01
4.327542965503298755e-01
4.329073808422455039e-01
4.327033537309742939e-01
4.327850398046610980e-01
4.327209286544268507e-01
4.327282789737868507e-01
4.327584935100503571e-01
4.327056650971212726e-01
4.327402243889912348e-01
4.327327617137066151e-01
4.327187246816452393e-01
4.328770724009369242e-01
4.327083486289450276e-01
4.327801739447211249e-01
4.327422497268051393e-01
4.330342978026656686e-01
4.327391385601535023e-01
4.328293000785209399e-01
4.329385422486546342e-01
4.326954119863331005e-01
4.327495122326962540e-01
4.332324109785060107e-01
4.326380874107454422e-01
4.326220566254459499e-01
4.327755588637129391e-01
4.328626943958168716e-01
4.325954245744108584e-01
4.325931592394191005e-01
4.326697055899617617e-01
4.326034927994613644e-01
4.325759253917156877e-01
4.327090617627882829e-01
4.325712446828494651e-01
4.326170416047303013e-01
4.326167708689750979e-01
4.326085994033813664e-01
4.326109661234634474e-01
4.327607925449287740e-01
4.325494126561155173e-01
4.328248468200840415e-01
4.325656332717188191e-01
4.327085608446288312e-01
4.325481283638105690e-01
4.328134192311730022e-01
4.325458107607846325e-01
4.325831941654451618e-01
4.325311137410717266e-01
4.325444266804566174e-01
4.326020836028711680e-01
4.325726981242529745e-01
4.325625881773908499e-01
4.326815878668550663e-01
4.325347426244363636e-01
4.327083197752273902e-01
4.325667804345989520e-01
4.326705883984126588e-01
4.327070985514864798e-01
4.331352235873892620e-01
4.327973577421581619e-01
4.323748306508604644e-01
4.324488554654218331e-01
4.324184444179604014e-01
4.324071966915783993e-01
4.322623466558500605e-01
4.323640148965957053e-01
4.326358050645603970e-01
4.323010823169279315e-01
4.325534551901066282e-01
4.323489570987081310e-01
4.328334484202115418e-01
4.322592787451822183e-01
4.322661892129922023e-01
4.322268068338203095e-01
4.323068165112350925e-01
4.322228945017335122e-01
4.323612852733604295e-01
4.322547251133667112e-01
4.322548489394493765e-01
4.322579284804555222e-01
4.323400413151429755e-01
4.322762887359231088e-01
4.324954712344554197e-01
4.322078431314285707e-01
4.327818422590888336e-01
4.321575631364475423e-01
4.322969840688118404e-01
4.322122403867928453e-01
4.320932812913450549e-01
4.321245796832807184e-01
4.320607002016554343e-01
4.321032083146340574e-01
4.319292369631019812e-01
4.319748511852486428e-01
4.321234469100070918e-01
4.319587862759806107e-01
4.322461997623581742e-01
4.319884501132406074e-01
4.319024747032566558e-01
4.319108055953921332e-01
4.321588316040155808e-01
4.319234336535507368e-01
4.318875615918117417e-01
4.319354610688653229e-01
4.320469939503147061e-01
4.320425940110161900e-01
4.325785792001035635e-01
4.319555493651372480e-01
4.323375592716636184e-01
4.319397639374852327e-01
4.322045312109757953e-01
4.319260318124131248e-01
4.318643362232090777e-01
4.319160434702101758e-01
4.320068343414040224e-01
4.318418492815480625e-01
4.319506182389078464e-01
4.318259182396020912e-01
4.319875947323744692e-01
4.317305432754786620e-01
4.318154184505195725e-01
4.317436858258506538e-01
4.318673114118214973e-01
4.317175219468691871e-01
4.316852312985319240e-01
4.318776472295484115e-01
4.325809364891590736e-01
4.317137207381840369e-01
4.323023056608900627e-01
4.315193718274237256e-01
4.316756529491087013e-01
4.315754390671769913e-01
4.317329555618362180e-01
4.316504125805700198e-01
4.314357867226543131e-01
4.314796859562599063e-01
4.316430851883429343e-01
4.314706401176094386e-01
4.315669997433313476e-01
4.314629399062164805e-01
4.314946780114259917e-01
4.314206840859596825e-01
4.315036413482663535e-01
4.314675800554703677e-01
4.316149092504206197e-01
4.313360661492518511e-01
4.316983842636060165e-01
4.313437469211967579e-01
4.313388607945760067e-01
4.312916811045131027e-01
4.313699848597886133e-01
4.311675291105196983e-01
4.311982078175075617e-01
4.313736109717470346e-01
4.309972231764734873e-01
4.310298396240897500e-01
4.310409238656434106e-01
4.310286923169971418e-01
4.309522807251664478e-01
4.309987077266717592e-01
4.313804824621603751e-01
4.309588665868436808e-01
4.311010844294312916e-01
4.309896048431176574e-01
4.312352651957746530e-01
4.310219414421280204e-01
4.311409355357548878e-01
4.309425261636127824e-01
4.311430474368832533e-01
4.309889690325591216e-01
4.310851858754859989e-01
4.309976842821835463e-01
4.310473088787551421e-01
4.309371634574458154e-01
4.310458882002991543e-01
4.312129524993718599e-01
4.308717415342795953e-01
4.308256959596623581e-01
4.308978628672348044e-01
4.307820611293157742e-01
4.310326643325320117e-01
4.308099442400098456e-01
4.307366632043014287e-01
4.307094010515569726e-01
4.307984069960126283e-01
4.307370351307098777e-01
4.311121256338691921e-01
4.306897109224806508e-01
4.307708047316520794e-01
4.307167649095255957e-01
4.309732843961783244e-01
4.306859217304493392e-01
4.308131302150972619e-01
4.306565851911320908e-01
4.307868570205953818e-01
4.306633006887894966e-01
4.307517168858148726e-01
4.306873654631143689e-01
4.311359324853479280e-01
4.309057569037494373e-01
4.307048485213289535e-01
4.307209984152285953e-01
4.306632501925841128e-01
4.307559502820163533e-01
4.306222683188554168e-01
4.306804999736399964e-01
4.309848840815689863e-01
4.306974632880423148e-01
4.307577556173549094e-01
4.306401857651227516e-01
4.306162650708569850e-01
4.306402085077845054e-01
4.310165601761424825e-01
4.307561604849319825e-01
4.302569967562402953e-01
4.302850078063245598e-01
4.304919146808964814e-01
4.302125484449704773e-01
4.303075682210087960e-01
4.302617043535422736e-01
4.304821806888230462e-01
4.303204532844441821e-01
4.301512521371949060e-01
4.301714251199286743e-01
4.302842653102330606e-01
4.301472821625738630e-01
4.302443065122692478e-01
4.301781534925144257e-01
4.306151065763869634e-01
4.302328808330926346e-01
4.301334871648674896e-01
4.301817259366076951e-01
4.301608798733770334e-01
4.301377754764609818e-01
4.302434805053951816e-01
4.301054146369204800e-01
4.300935234560693265e-01
4.300951909158780007e-01
4.301989045566173009e-01
4.301037134721623079e-01
4.304774607437285572e-01
4.300693416706853345e-01
4.300629478502310810e-01
4.301050698531161953e-01
4.302561655176773137e-01
4.300685187318203928e-01
4.298022056913234912e-01
4.297786515647286643e-01
4.298917087839668194e-01
4.299619640781953689e-01
4.297316083738423886e-01
4.297513678629428791e-01
4.298484874665166044e-01
4.297829621682974777e-01
4.297078384843220356e-01
4.297544977315521653e-01
4.303362553545500013e-01
4.297490634798375453e-01
4.298483052889060518e-01
4.297168879856747004e-01
4.297453783801105653e-01
4.297708311584499397e-01
4.298590524867967888e-01
4.297044696782983952e-01
4.296450688260761153e-01
4.296966321285385915e-01
4.300162629370520295e-01
4.296881920056127568e-01
4.296458269560547438e-01
4.296405861732629505e-01
4.298807722255986175e-01
4.296940565127383427e-01
4.303162476409320703e-01
4.296950669498179054e-01
4.298831096085183878e-01
4.296456232053137425e-01
4.297542267391620818e-01
4.296135499005102054e-01
4.298379108135431115e-01
4.296641768021403629e-01
4.299279008377567823e-01
4.295673852201121190e-01
4.295956691565446239e-01
4.296066104946436037e-01
4.295689096668726115e-01
4.296380149600514398e-01
4.296981111132237574e-01
4.294781129464089742e-01
4.295813760961373351e-01
4.294778457485829426e-01
4.295550809656026314e-01
4.294930630346260880e-01
4.297055847064557565e-01
4.294628918245613214e-01
4.295013636208637742e-01
4.295420116110407749e-01
4.295434792718506589e-01
4.295335355793183929e-01
4.295590681386488030e-01
4.294535544035321117e-01
4.297291332759380356e-01
4.293738105354648615e-01
4.295699355107448492e-01
4.294344485227024610e-01
4.299501171706843206e-01
4.294485103833645678e-01
4.291259325971252259e-01
4.291148615645131725e-01
4.290190302679807166e-01
4.292155547370772872e-01
4.292599612471341142e-01
4.290898205007077637e-01
4.292450205599533386e-01
4.290481325028197013e-01
4.291778275522375452e-01
4.290573848821728764e-01
4.290963355066155782e-01
4.289987572248276093e-01
4.291281143269177756e-01
4.289841030259473054e-01
4.291841867883728900e-01
4.289205100791366743e-01
4.291856978270824907e-01
4.289145869538224520e-01
4.295999183854024017e-01
4.289793482206867292e-01
4.289519392764016281e-01
4.289763543118061961e-01
4.289937828065622516e-01
4.290845715321984777e-01
4.288912391622484166e-01
4.290741033523202685e-01
4.286265925300806190e-01
4.286916961503378642e-01
4.287734419673853159e-01
4.286871040075477812e-01
4.287760131579987366e-01
4.286577864888902467e-01
4.287576967811181361e-01
4.286498176918490111e-01
4.286663432840154275e-01
4.285600488847174927e-01
4.289697846274121984e-01
4.285458356854964790e-01
4.287267138094721930e-01
4.286148899205804441e-01
4.286797760096157095e-01
4.286032277373682531e-01
4.286552438230332718e-01
4.286044603823007115e-01
4.287576846032228883e-01
4.284955970214239795e-01
4.284876379601604834e-01
4.284939793814244724e-01
4.285018142111983730e-01
4.285403525038211092e-01
4.284685230934551781e-01
4.284671906578400580e-01
4.285845929716972647e-01
4.285244339694253557e-01
4.286253017035968060e-01
4.285289732761943804e-01
4.285060862650805769e-01
4.283543482399473357e-01
4.294226240900244074e-01
4.282299342318952595e-01
4.280725441353054883e-01
4.280919178043016693e-01
4.283622527665738033e-01
4.280664652751864918e-01
4.280386461456505698e-01
4.280787744841049181e-01
4.287491112220933598e-01
4.280975244939693169e-01
4.282310658658628477e-01
4.280036753950441919e-01
4.280741153418302081e-01
4.280071792491778604e-01
4.280283975798228613e-01
4.280378590621235491e-01
4.280896644981549981e-01
4.280441352766160001e-01
4.280929963863860377e-01
4.280626928283295940e-01
4.284143577454201379e-01
4.279760111181377669e-01
4.282513437589028360e-01
4.279705497559690430e-01
4.279914697384137878e-01
4.277191659924555744e-01
4.279446262438226234e-01
4.277435089273801117e-01
4.277789190224918769e-01
4.277965832112777811e-01
4.279072881144830864e-01
4.277858278891851218e-01
4.277160734316643453e-01
4.277431477505550528e-01
4.278697596351616061e-01
4.276812741294455655e-01
4.279553942006308898e-01
4.277027098748030220e-01
4.278381257286825168e-01
4.276302229281928602e-01
4.277944758506648237e-01
4.276565332651066087e-01
4.277338275084804353e-01
4.276193529493434453e-01
4.277146690717421040e-01
4.276566835399693844e-01
4.277282097082841239e-01
4.276227881655229601e-01
4.280347904273546500e-01
4.276747891680832692e-01
4.286431881022980672e-01
4.276409182360098593e-01
4.273229105506997638e-01
4.273822137850090686e-01
4.273642588343768978e-01
4.273567442217907075e-01
4.274750298692143180e-01
4.273036276744847095e-01
4.273491637196221160e-01
4.273226915948142857e-01
4.274134650630877497e-01
4.272918622510074038e-01
4.279638160984637341e-01
4.272880930960070156e-01
4.272762709564035255e-01
4.273085373814874965e-01
4.276165625321701746e-01
4.273785707804269585e-01
4.274280477318920246e-01
4.272554662438067252e-01
4.273056524828697245e-01
4.272846619182918415e-01
4.273380675409533813e-01
4.271971909391612532e-01
4.274450602414677225e-01
4.272538663247625323e-01
4.273732579942876031e-01
4.272155355944935451e-01
4.272505671945482919e-01
4.271985770740553967e-01
4.272646365627473797e-01
4.273763505226946813e-01
4.269631550893013827e-01
4.269760817969242561e-01
4.274801856123041643e-01
4.270223182342316459e-01
4.276307281740320820e-01
4.269693701832783517e-01
4.271919279824483162e-01
4.269571406290159077e-01
4.268681316008031690e-01
4.269315646178498680e-01
4.269716285890392538e-01
4.270043677981917307e-01
4.270327778049967105e-01
4.269770295790148440e-01
4.273188467663014412e-01
4.268727021960502799e-01
4.271140673206835214e-01
4.268654074056291159e-01
4.269030239709813435e-01
4.268671208656763527e-01
4.271785208157800606e-01
4.269798325424514207e-01
4.270039345140684839e-01
4.268538048779808025e-01
4.269634398123174357e-01
4.268388346623028240e-01
4.268861719253493892e-01
4.269857397998848558e-01
4.279448680418161954e-01
4.269794307600303096e-01
4.271821850085163463e-01
4.269222181721618603e-01
4.271412262177482488e-01
4.269506142896430378e-01
4.269224293196656750e-01
4.267860039332899147e-01
4.269182141485462489e-01
4.268385239308830070e-01
4.269898989108532605e-01
4.268421055445463241e-01
4.265672063378756484e-01
4.264017944494903900e-01
4.262058131511943238e-01
4.262654322099721504e-01
4.262871408693881814e-01
4.261549663639761509e-01
4.261693761086989274e-01
4.261841145604206571e-01
4.263375793425256410e-01
4.263215536193275534e-01
4.262544918295894103e-01
4.261649759146066696e-01
4.262015988474278094e-01
4.261652734324077318e-01
4.267461838257838314e-01
4.261580013649597931e-01
4.265202464010179328e-01
4.261827087767124378e-01
4.262925319226346654e-01
4.262505041289027519e-01
4.263743787413367681e-01
4.261396119838457008e-01
4.265900207293754631e-01
4.261841638740269667e-01
4.263433162343248095e-01
4.261204413934153723e-01
4.262058225005722067e-01
4.261179688479971306e-01
4.261925627395171112e-01
4.260420278192362242e-01
4.265563230126768191e-01
4.260671194722744359e-01
4.262506336180932887e-01
4.261737391149866272e-01
4.262640163830652140e-01
4.261088082589952752e-01
4.260546854544203232e-01
4.259977587983635461e-01
4.260565910554010571e-01
4.260430852310922445e-01
4.259862923272471069e-01
4.261002647806547139e-01
4.259318913120505590e-01
4.259305794115048061e-01
4.260945145061589834e-01
4.260005576440209496e-01
4.260705534584242615e-01
4.259501496020283162e-01
4.261559817465931377e-01
4.259746779604315914e-01
4.261441279300794416e-01
4.259841328016226725e-01
4.260678745136920464e-01
4.259102854696432683e-01
4.261099927948105437e-01
4.258894285404344338e-01
4.260220986338934535e-01
4.258529697648972268e-01
4.263407461541658949e-01
4.259649543217919332e-01
4.268808967574455049e-01
4.258831182644771673e-01
4.255116806871265256e-01
4.254941585963022965e-01
4.259463992193416315e-01
4.255711332817830317e-01
4.257460057045765467e-01
4.255319356574246425e-01
4.255397584547288004e-01
4.256307556030772266e-01
4.255802979452307233e-01
4.254964881654173525e-01
4.255283594028336780e-01
4.254831119924266103e-01
4.255652783482977708e-01
4.254579604854627495e-01
4.259502399860085053e-01
4.253822187739595972e-01
4.251819614594185559e-01
4.252137676394088794e-01
4.253679960240329128e-01
4.251722406564924506e-01
4.251774243919568819e-01
4.252619469928199947e-01
4.253174721671026948e-01
4.252017591712149436e-01
4.252031026677688952e-01
4.252717142254936467e-01
4.254114152002976823e-01
4.252303826120708008e-01
4.251764807899868215e-01
4.251969967147858354e-01
4.253492160424865443e-01
4.251353120284031006e-01
4.255960973721832352e-01
4.250984312275110644e-01
4.253484840690530122e-01
4.251029395620546381e-01
4.252180595317207046e-01
4.250880140618620850e-01
4.252883596872333305e-01
4.251654369333258687e-01
4.251897585628969245e-01
4.250589601965655828e-01
4.251126115768519287e-01
4.250525225949388641e-01
4.255399687126310004e-01
4.251284040089330363e-01
4.253758172908835844e-01
4.250354097617440319e-01
4.251464110496498972e-01
4.250521799179958760e-01
4.250836622527130459e-01
4.250468810467358804e-01
4.250968343033442731e-01
4.250449897189412241e-01
4.251192241309733055e-01
4.250127059917363503e-01
4.252361018765142830e-01
4.249900673080619362e-01
4.257639116680977942e-01
4.249903099976543031e-01
4.251222159186797689e-01
4.250644014164335904e-01
4.249623947591664175e-01
4.250680769415145499e-01
4.252305801834352916e-01
4.250778629620047822e-01
4.252299876089517539e-01
4.250015300467135937e-01
4.251357485198746788e-01
4.250186821821089200e-01
4.250255719439192670e-01
4.250764673556050588e-01
4.250781847309716976e-01
4.249604820795427895e-01
4.253783239577389463e-01
4.249928298761896373e-01
4.251020722442359068e-01
4.250173713117727514e-01
4.250948809424458519e-01
4.250332578121431282e-01
4.252194972482217783e-01
4.248732756018329115e-01
