1.171539984294713621e+00
1.171539984294713621e+00
1.171539984294713399e+00
1.177452394029418592e+00
1.220276045314977464e+00
1.171441173966834670e+00
7.976045735766302824e-01
7.976045735766302824e-01
7.976045735766302824e-01
7.976045735766302824e-01
7.976045735766302824e-01
7.976045735766302824e-01
8.005757359864491551e-01
8.131411251793022599e-01
7.976045735766302824e-01
7.976045735766302824e-01
7.976045735766302824e-01
9.518975246310051874e-01
7.976045735766302824e-01
7.976045735766302824e-01
9.849301655337425743e-01
8.242944942802968855e-01
7.976045735766303935e-01
8.112265012472283932e-01
7.976045735766303935e-01
8.087101359450665772e-01
7.989688256653295628e-01
8.444245804857989368e-01
8.126763822235358870e-01
7.976045735766302824e-01
8.022176237795533016e-01
7.976045735766302824e-01
7.970449356377076189e-01
7.977028536200859721e-01
8.159347353687329552e-01
7.970449356377076189e-01
7.931860454479805478e-01
7.931860454479807698e-01
7.925351189236080618e-01
7.925351189236079508e-01
8.017352648959652495e-01
7.925351189236079508e-01
7.927486142286480630e-01
7.925351189236080618e-01
7.996506220652760399e-01
7.925351189236079508e-01
7.996506220652760399e-01
7.925351189236079508e-01
7.996506220652760399e-01
7.925351189236080618e-01
7.996506220652758179e-01
7.932554556369891818e-01
7.992731774108896570e-01
7.950716452994897043e-01
7.925351189236079508e-01
7.985125912624925215e-01
7.925351189236080618e-01
7.900262672280762288e-01
7.900262672280762288e-01
7.903267080449037918e-01
7.900262672280763399e-01
7.895129158195062224e-01
7.891938183992699418e-01
7.920281936475213058e-01
7.891123872362859615e-01
7.908930435761230004e-01
7.890637791295034287e-01
7.895585388111292513e-01
7.893247877667335377e-01
7.893060582124303837e-01
7.891285432632683117e-01
7.895800985213916601e-01
7.892309070212943922e-01
7.890637791295034287e-01
7.891017915406770555e-01
7.890637791295033177e-01
7.891087573336091898e-01
7.890637791295036507e-01
7.891188557106826318e-01
7.890637791295034287e-01
7.898273738544229206e-01
7.890637791295036507e-01
7.891533400888169902e-01
7.890637791295034287e-01
7.891423706390761073e-01
7.890571893804969594e-01
7.891351733021991777e-01
7.892455894031632502e-01
7.888191190192395119e-01
7.887357877549789897e-01
7.888743853318245236e-01
7.886776909239714417e-01
7.886526635367077098e-01
7.886559071690093514e-01
7.886923125761575726e-01
7.885789946361198011e-01
7.886605822474005434e-01
7.885917362182743862e-01
7.885319193344371147e-01
7.885314396359009992e-01
7.885405222064334474e-01
7.885296983023805106e-01
7.884139144855778492e-01
7.883426724544261299e-01
7.883955386115593100e-01
7.883438013656568488e-01
7.883208277778724904e-01
7.883211888510770482e-01
7.882958453508196461e-01
7.882952340931992374e-01
7.882599957507597788e-01
7.882599957507595567e-01
7.882272569729126266e-01
7.882825380252579395e-01
7.880380023682359569e-01
7.879387749362355420e-01
7.878521074681439362e-01
7.879403429593533348e-01
7.878438582102252896e-01
7.879111455773006867e-01
7.878594618071662614e-01
7.879035444172108882e-01
7.878340786122771666e-01
7.879848406631055902e-01
7.878344727924848634e-01
7.879351542671196862e-01
7.878295220167427226e-01
7.878513162973896922e-01
7.878316913296333768e-01
7.878033552597552003e-01
7.878033552597553113e-01
7.878333343457261106e-01
7.878509878141121137e-01
7.879007215318790669e-01
7.877245458075512463e-01
7.877301247142435292e-01
7.877201170593877144e-01
7.877304620784519873e-01
7.877217543225430996e-01
7.877213360247206086e-01
7.877037967723388157e-01
7.877012360717626782e-01
7.876878322292976131e-01
7.876879272403414234e-01
7.876890520287360697e-01
7.876877758664984075e-01
7.876872130070182720e-01
7.876859179690188784e-01
7.876774501074905732e-01
7.876779946435916724e-01
7.876799501162898842e-01
7.876794432163649606e-01
7.876735570697057653e-01
7.876735570697057653e-01
7.877139086724485040e-01
7.878102720043982377e-01
7.874998855528447805e-01
7.874260114805020638e-01
7.874426398434548613e-01
7.874316234091951472e-01
7.874121949374935925e-01
7.874097228029294238e-01
7.873937908137423891e-01
7.873932992533150266e-01
7.873838322435133819e-01
7.873790647026500666e-01
7.873570534132772192e-01
7.873547690949680433e-01
7.873638341171689259e-01
7.873501248537989605e-01
7.873591457894816292e-01
7.873509883074295557e-01
7.873566071767926777e-01
7.873499217653249227e-01
7.873734154370195526e-01
7.873522862509984011e-01
7.873323388593513883e-01
7.874208231517964007e-01
7.872786204715641611e-01
7.871681398400538487e-01
7.871607873047737902e-01
7.871603431444912369e-01
7.872005104000434628e-01
7.871612786429503794e-01
7.871598494382971989e-01
7.871496526939699701e-01
7.871928848483442653e-01
7.871451061771101987e-01
7.871508766820431990e-01
7.871444143603694155e-01
7.870768342277387752e-01
7.870183128949040929e-01
7.869760032437799202e-01
7.869632957747660917e-01
7.869642235966494148e-01
7.869617922315450542e-01
7.869578687598891564e-01
7.869598320374306955e-01
7.869604338425071344e-01
7.869546458856427895e-01
7.869193040746893519e-01
7.868391474116028794e-01
7.867785092546919490e-01
7.867630271340689818e-01
7.867587938002307268e-01
7.867367115014680667e-01
7.867347005744674826e-01
7.867375310693683899e-01
7.867409840866330661e-01
7.867305210259720738e-01
7.867273906523306604e-01
7.867291924773530676e-01
7.867217362267423519e-01
7.868161148286515472e-01
7.867276770258929686e-01
7.866355760988484880e-01
7.865836168547433171e-01
7.865772776685380219e-01
7.865753779961391912e-01
7.865623939090626848e-01
7.865620267777854169e-01
7.865671702962813150e-01
7.865488137407736779e-01
7.866266687033426352e-01
7.865411924488916462e-01
7.864576988146310121e-01
7.864405677498299552e-01
7.864432711884468130e-01
7.864590128130853897e-01
7.864366983511337228e-01
7.864293134893228787e-01
7.864653602218806272e-01
7.864086268911337774e-01
7.864030994019050036e-01
7.863843860009183118e-01
7.863866256676310673e-01
7.863876309657718000e-01
7.863765045523815056e-01
7.863022672940719326e-01
7.862935709460325828e-01
7.862952358290852262e-01
7.862891039146446825e-01
7.862982976236267962e-01
7.862799787149169495e-01
7.862780533951465589e-01
7.862342170238620920e-01
7.861918106222466340e-01
7.862122994034606016e-01
7.862013710401987154e-01
7.861890499134164267e-01
7.861973599998963724e-01
7.861847674167948830e-01
7.861868879465975235e-01
7.861723693194609952e-01
7.861717324169920085e-01
7.861766070711925236e-01
7.862932258859264278e-01
7.860047997986955304e-01
7.859158608504843713e-01
7.858885591160383877e-01
7.858855149687939967e-01
7.858553209006254869e-01
7.858632750816599843e-01
7.858794231756811577e-01
7.858574209956072920e-01
7.858657470293075598e-01
7.858465861601867664e-01
7.858422754914373698e-01
7.858193300546826299e-01
7.858912015899987002e-01
7.858173088498677794e-01
7.857270534845294252e-01
7.856960615683368232e-01
7.856882596814126485e-01
7.856380978687188543e-01
7.856373968465355517e-01
7.855494563360969629e-01
7.854510044514051437e-01
7.853735813130567900e-01
7.852440816235380927e-01
7.851336903105722298e-01
7.850479656608539969e-01
7.849840372555783041e-01
7.849597562636161374e-01
7.849602008080276416e-01
7.849291982796208211e-01
7.849307116284068853e-01
7.849263017359741079e-01
7.849217576092090143e-01
7.849246003545515826e-01
7.849382425781414874e-01
7.848697691396427922e-01
7.848587250051733966e-01
7.848588594096531645e-01
7.848614065704982989e-01
7.848533278538726288e-01
7.848636188848090445e-01
7.847959154697744522e-01
7.848051629455955469e-01
7.847809278900842456e-01
7.846490880666100454e-01
7.846105690892744011e-01
7.846265143522530572e-01
7.846083979902296335e-01
7.846041989501750802e-01
7.846093090872907627e-01
7.846324745113415489e-01
7.845633087996891630e-01
7.845055024997868998e-01
7.845220763643990791e-01
7.844857091742249988e-01
7.844793606531187402e-01
7.844416528197234451e-01
7.844698790543385147e-01
7.843845562232988344e-01
7.843128040967848325e-01
7.843172230949055912e-01
7.842470958279198490e-01
7.842015160000540552e-01
7.841531945450347374e-01
7.841013769376652398e-01
7.842533723776754506e-01
7.840661822670621506e-01
7.839332407840631234e-01
7.839149899031725433e-01
7.839085518606723202e-01
7.839075015614486164e-01
7.838958931253068307e-01
7.838147101059039779e-01
7.837876020964126278e-01
7.837902364406826861e-01
7.837870954435159909e-01
7.837893883205905299e-01
7.837717365516725376e-01
7.837687648215014846e-01
7.837649751583568580e-01
7.837605600911865533e-01
7.836848924244241843e-01
7.836729165947625697e-01
7.837177888250683733e-01
7.837356719331594057e-01
7.837587153426235353e-01
7.835989531730911395e-01
7.834128149327616031e-01
7.833403020584746024e-01
7.833131664328415456e-01
7.833142348721002790e-01
7.833006018481566413e-01
7.832943935085668885e-01
7.832990324999263843e-01
7.832973211093552379e-01
7.832987818882505282e-01
7.832821640717323453e-01
7.832432875067200095e-01
7.832457087115585193e-01
7.831454917696997198e-01
7.830616696868206716e-01
7.829953339882474994e-01
7.829940018389258682e-01
7.829672295796756831e-01
7.829729115595016609e-01
7.828569508827379897e-01
7.827463666950849053e-01
7.826206401318730466e-01
7.825061473952382718e-01
7.823838096940571862e-01
7.822616593810118868e-01
7.821844764989038801e-01
7.821263012654152691e-01
7.820281588569873987e-01
7.819548762044825629e-01
7.819530411428908812e-01
7.819116163540927866e-01
7.817225981684030600e-01
7.816516728546090143e-01
7.816076767920667745e-01
7.816116728203537090e-01
7.815421113192481117e-01
7.814517948140921044e-01
7.813661361179901066e-01
7.813748538468422433e-01
7.813665829730721546e-01
7.813915780868905259e-01
7.813612500651648807e-01
7.814043941764791112e-01
7.814196345539231592e-01
7.813688376002797531e-01
7.813548160669923082e-01
7.813757100366878205e-01
7.813504795098392686e-01
7.813347524826042001e-01
7.813016048732980279e-01
7.812052588649145424e-01
7.810308341356566597e-01
7.809420827280307842e-01
7.809125612041241116e-01
7.809156910044346978e-01
7.808810167957085380e-01
7.809372721524665550e-01
7.808308327415128813e-01
7.806314059023545804e-01
7.805392856754064246e-01
7.805357217831444538e-01
7.804668191803765254e-01
7.804883669530957579e-01
7.804345740358764605e-01
7.804429839558043591e-01
7.804234323817900165e-01
7.804232375356470186e-01
7.804153219440594924e-01
7.804185675519720311e-01
7.803599879193994227e-01
7.803557420556150870e-01
7.802523587633712898e-01
7.801226525828874880e-01
7.801022866747104878e-01
7.801117464524468526e-01
7.801632055349900785e-01
7.801211481124836755e-01
7.802423588134523857e-01
7.801061799249809914e-01
7.798936995120202553e-01
7.797101309013285686e-01
7.796484693398876287e-01
7.796219943201168068e-01
7.796273958326632725e-01
7.795689731358353969e-01
7.795400626540998079e-01
7.795347475633011003e-01
7.795302740529382879e-01
7.795334957833414125e-01
7.795379131852231414e-01
7.795320268272437625e-01
7.795095063632492272e-01
7.795258355427036046e-01
7.796114774104953016e-01
7.795445584834123087e-01
7.793306761293410378e-01
7.792267592632080575e-01
7.792270170316980549e-01
7.792264427432513685e-01
7.791032922076469580e-01
7.790507072565974189e-01
7.788556089560394469e-01
7.788254316374116915e-01
7.788303756648063958e-01
7.788172991777964072e-01
7.788180583741606267e-01
7.788703069257335576e-01
7.788291187602606191e-01
7.787119087580358645e-01
7.786407688027559004e-01
7.786548787635965141e-01
7.784502894024500907e-01
7.782801480618301015e-01
7.781024094458534046e-01
7.779170849701357859e-01
7.777931385148506571e-01
7.777319860691584985e-01
7.776900777071501514e-01
7.776905992555720459e-01
7.776342334971179104e-01
7.776253140656566032e-01
7.775051538041792831e-01
7.774550789661899275e-01
7.774391736101136097e-01
7.774423048510008538e-01
7.772976999571357126e-01
7.770858186156801573e-01
7.770054319581054525e-01
7.769880369913896301e-01
7.769532202778945962e-01
7.769572300677461962e-01
7.768200468212049792e-01
7.766866589783469887e-01
7.766244855992406881e-01
7.765089176719518482e-01
7.764738639913841833e-01
7.764547213460450958e-01
7.765244397778464647e-01
7.764401421519490087e-01
7.764442180164911056e-01
7.764602980059214232e-01
7.764246904814655625e-01
7.764147042180526981e-01
7.764872291330876530e-01
7.763291934391967075e-01
7.762577455249568548e-01
7.762600207639029914e-01
7.760466528681840837e-01
7.759390232646545815e-01
7.758988746924329050e-01
7.759152489806279140e-01
7.758549677715274040e-01
7.758226300842010481e-01
7.757318913921841252e-01
7.756689270196703845e-01
7.754632220048924829e-01
7.754302893343494318e-01
7.754448534576723340e-01
7.752487500900345774e-01
7.751742385063605800e-01
7.751790694110586299e-01
7.751157957225502937e-01
7.751195390881939762e-01
7.750808933954986824e-01
7.750693695669209626e-01
7.748990810012491570e-01
7.747510184479661222e-01
7.745921832428204201e-01
7.745349351981984931e-01
7.745360053698100433e-01
7.745198749442084862e-01
7.744830110894166397e-01
7.743991654162353244e-01
7.743818708605032519e-01
7.744379926564313177e-01
7.741256995503650318e-01
7.739128516973685645e-01
7.737293454065007348e-01
7.735980601239612620e-01
7.735491585035726425e-01
7.735584180108523444e-01
7.735178090383834082e-01
7.735212672136377865e-01
7.734215459136153381e-01
7.734075522746983733e-01
7.734052421049920634e-01
7.733999644422114850e-01
7.734092709298372448e-01
7.733796896078767302e-01
7.733212814891523568e-01
7.733898702530355163e-01
7.733542321409485609e-01
7.731456963610907618e-01
7.728753334545831466e-01
7.727869534680368302e-01
7.727801603317784318e-01
7.727711077572944065e-01
7.725651229853385260e-01
7.724517660661001095e-01
7.724377062741051292e-01
7.724369423075565511e-01
7.724286012390163547e-01
7.724330565769255141e-01
7.725087428116766963e-01
7.723890286233813240e-01
7.722140847912839501e-01
7.720734331294245578e-01
7.720049140101397089e-01
7.720071571976946379e-01
7.718773746939413538e-01
7.718447997022485074e-01
7.718772944046367046e-01
7.717484905616687207e-01
7.715450155785164021e-01
7.714464534729181810e-01
7.713798082670132450e-01
7.713762532985332099e-01
7.712291153750074901e-01
7.712502710898347935e-01
7.711808986604641314e-01
7.709649944919996223e-01
7.708865657226428025e-01
7.708820167775148890e-01
7.708104761858388665e-01
7.708176452930053379e-01
7.706667080018066995e-01
7.705751829139072528e-01
7.705373830734678631e-01
7.705358243449912381e-01
7.704850213056673169e-01
7.704947956372381057e-01
7.704926366751414513e-01
7.704664625554290547e-01
7.703476785114380387e-01
7.703707918477950001e-01
7.703460833339842440e-01
7.703239258776051201e-01
7.704727111581862742e-01
7.701216674093083192e-01
7.699352590366611571e-01
7.697042569451868488e-01
7.695571000501540970e-01
7.694829948234355177e-01
7.694805498498408225e-01
7.694378841629769816e-01
7.694360818356985598e-01
7.693767743142542193e-01
7.693885598916581081e-01
7.693807953296099011e-01
7.693636574547739748e-01
7.694224671935049331e-01
7.693790976825882755e-01
7.693619349858733525e-01
7.692550330916476664e-01
7.693362272719506123e-01
7.689956064530114599e-01
7.688732955071293507e-01
7.688533815297431406e-01
7.688787355646153898e-01
7.686684040137817808e-01
7.684460870147841183e-01
7.682596826836837201e-01
7.681707835515213523e-01
7.682148303347273721e-01
7.681861190219585467e-01
7.681469790046471235e-01
7.682199644604007505e-01
7.681259043069763592e-01
7.681275811215726446e-01
7.678816754331521111e-01
7.677693010503836568e-01
7.676901996126765937e-01
7.677017398629666367e-01
7.675051266562474828e-01
7.672868158298222774e-01
7.670697842270448596e-01
7.668914186202611116e-01
7.668307681148581745e-01
7.668213644527513972e-01
7.667968256939383664e-01
7.667820555663608095e-01
7.666355307372479944e-01
7.665132068671416388e-01
7.665469250056211603e-01
7.665212821800219123e-01
7.663079930986763655e-01
7.661258396723378272e-01
7.659141645031565249e-01
7.657595140917863308e-01
7.656085479738927724e-01
7.654740630084666542e-01
7.653741002998492027e-01
7.653443750875756901e-01
7.653362264133986015e-01
7.651383572022513180e-01
7.649495683077344177e-01
7.647716490597741279e-01
7.645942419026878767e-01
7.645277132624418437e-01
7.645252032483136340e-01
7.645038475014691581e-01
7.644650567660804530e-01
7.643907507639808863e-01
7.642823137230126962e-01
7.641031694428755960e-01
7.638417730150750540e-01
7.636175536308681400e-01
7.634137956517237367e-01
7.633118508981883155e-01
7.631998498823439059e-01
7.631273178060860030e-01
7.630939168922958871e-01
7.631077981553462397e-01
7.630744356574614695e-01
7.631075369346110859e-01
7.629903260199187853e-01
7.628618733666905349e-01
7.627422004894428564e-01
7.626639274183878436e-01
7.626710346336671442e-01
7.626634052419246634e-01
7.626953993604814741e-01
7.625244827762843736e-01
7.626150492868148945e-01
7.624382707106963641e-01
7.621826398359671240e-01
7.619554798714608390e-01
7.617677239172258030e-01
7.616518846458442127e-01
7.616079673747028211e-01
7.615861318285160886e-01
7.614923947404774740e-01
7.613613309820310704e-01
7.613794334023709087e-01
7.613499771230903823e-01
7.612969303077411487e-01
7.613615899784464958e-01
7.611875031585475515e-01
7.610558668247223713e-01
7.609673274530631693e-01
7.609645095425661143e-01
7.608102094871196375e-01
7.606931846323311541e-01
7.605026300453932020e-01
7.604597739558509595e-01
7.604482418056777160e-01
7.602075866643347446e-01
7.600111922935474107e-01
7.597831047141785366e-01
7.596063747936225852e-01
7.594766750473379568e-01
7.594645602866029188e-01
7.594358461206649480e-01
7.592787608357479678e-01
7.590643676922019800e-01
7.589995220361670514e-01
7.589023357065316500e-01
7.589086566159308767e-01
7.586833038995495215e-01
7.584727626994902661e-01
7.582714189849292241e-01
7.581080928366906724e-01
7.580002966024563804e-01
7.579103417542688570e-01
7.577683313713334812e-01
7.576694489284849787e-01
7.575026613573514478e-01
7.574465635704588085e-01
7.572055470878412686e-01
7.570698095102814662e-01
7.569587961278350097e-01
7.568591521269152356e-01
7.568760886852365921e-01
7.567664668016750307e-01
7.565912696779283353e-01
7.565166084784707978e-01
7.565032329737937378e-01
7.564960870452018815e-01
7.563467916773120026e-01
7.562336425218342262e-01
7.561554913150602131e-01
7.560856944708385097e-01
7.560595723395037160e-01
7.560429355879080271e-01
7.560226470184887582e-01
7.560340923587317574e-01
7.559781149790751886e-01
7.561295938415449891e-01
7.557165264398031379e-01
7.555923740821627321e-01
7.554592547183992535e-01
7.553305414092656989e-01
7.552807000115002722e-01
7.552950154656704607e-01
7.551388976938602227e-01
7.550969181584790135e-01
7.550977794661885012e-01
7.550472948914909166e-01
7.550273002154584967e-01
7.549764034599257823e-01
7.550323021550762181e-01
7.549695240597511514e-01
7.549586674597266178e-01
7.549530569329241381e-01
7.547363101611959113e-01
7.545431894912673076e-01
7.543765053404334342e-01
7.543090527175624338e-01
7.542190149420335832e-01
7.542389136665349492e-01
7.542220961616121766e-01
7.540288407978912311e-01
7.538606535198972836e-01
7.536910921244049932e-01
7.535743481880379235e-01
7.535168391690438838e-01
7.535214344984543233e-01
7.534191653889429352e-01
7.532892648138971303e-01
7.531369249949579903e-01
7.530229989516051825e-01
7.529599791202239434e-01
7.529594153846066451e-01
7.529061987930782962e-01
7.528937517655700518e-01
7.528696927421764107e-01
7.526986021750136091e-01
7.525723946554444543e-01
7.525093742247692674e-01
7.525071858859325724e-01
7.525203014459043160e-01
7.523764761828882763e-01
7.522519272741694518e-01
7.521464028034462457e-01
7.521220485281632229e-01
7.520994334596144970e-01
7.520745792021754639e-01
7.521025309010991311e-01
7.521574651328412076e-01
7.520853390075545875e-01
7.519433078545110227e-01
7.517836798995769509e-01
7.517552329452131810e-01
7.517368426724911901e-01
7.516940397669891194e-01
7.516829126296598051e-01
7.515787460864492564e-01
7.515255761490504671e-01
7.515014728083213580e-01
7.515124043264671538e-01
7.514983634197260898e-01
7.514956100370865366e-01
7.514779655574687078e-01
7.513935512477759593e-01
7.514198887479286437e-01
7.513896526110136476e-01
7.512456960353766089e-01
7.511743892314917126e-01
7.511897875962441073e-01
7.511695646527372094e-01
7.511885959948985114e-01
7.510366218190513976e-01
7.509074377103893694e-01
7.508065975811678561e-01
7.507987911135683978e-01
7.508009229384253747e-01
7.507937786790688239e-01
7.507924795825514641e-01
7.508201973224654102e-01
7.507992685736581961e-01
7.508269079538516522e-01
7.507728030047877699e-01
7.506965420682349954e-01
7.506893207392094647e-01
7.506567777810609909e-01
7.506579485688964493e-01
7.505310268121994088e-01
7.504825671448828173e-01
7.504810225412026359e-01
7.504640259364021571e-01
7.504568725024070019e-01
7.504542323524093783e-01
7.504538140433814064e-01
7.504332063711967038e-01
7.504256754796410078e-01
7.503965137211104919e-01
7.503348413876838041e-01
7.503181715744803304e-01
7.501834535944273963e-01
7.501659483935020356e-01
7.501798393535736853e-01
7.502184077323610367e-01
7.501691434542300252e-01
7.500683253236344328e-01
7.500161350549995332e-01
7.500198615477587927e-01
7.500177893258941353e-01
7.499851504158739912e-01
7.499740313858052065e-01
7.499697124434516748e-01
7.499814955121894000e-01
7.499685758575443950e-01
7.499919229168577894e-01
7.498868500712123630e-01
7.499583623909144015e-01
7.499230645687705588e-01
7.498045110134533564e-01
7.497508334522875462e-01
7.497556558547282535e-01
7.496533288435183184e-01
7.496131203428432199e-01
7.496130289882668718e-01
7.496076899191516096e-01
7.496120966850076117e-01
7.496953327824537050e-01
7.496185443087900468e-01
7.495696516662704312e-01
7.495666142983121727e-01
7.496733838695954777e-01
7.495817055015717711e-01
7.495668237197788963e-01
7.495675098555311111e-01
7.495065964689067162e-01
7.494359422252284686e-01
7.493932665908722424e-01
7.493815891182115108e-01
7.493793620603854677e-01
7.493687030445991271e-01
7.493668005629655626e-01
7.495543289262757147e-01
7.494228421353692493e-01
7.492307020244203253e-01
7.491668808310885108e-01
7.491558162953881883e-01
7.491573368409690792e-01
7.491628985598401957e-01
7.491556958418648104e-01
7.491578372429054111e-01
7.491553713320021624e-01
7.491593852692884914e-01
7.491604171435890525e-01
7.491586090819430943e-01
7.491535772652017089e-01
7.491664857479821693e-01
7.492147875508448074e-01
7.490555180143129155e-01
7.489938045797586152e-01
7.489533429828215683e-01
7.488901399547914783e-01
7.488762707603813240e-01
7.488817243068520701e-01
7.488391999720153125e-01
7.489071004098910578e-01
7.488290163347917083e-01
7.487426001404839937e-01
7.487399703518868854e-01
7.487453018493215318e-01
7.487111013302824025e-01
7.487118457344019706e-01
7.487130188913869722e-01
7.487094786927960266e-01
7.487078480274478309e-01
7.487073682826089760e-01
7.486969938016608817e-01
7.487022126838489555e-01
7.486908551234104925e-01
7.486857096781414089e-01
7.487062289322473640e-01
7.486908122565644197e-01
7.487841019356420436e-01
7.486618460316692980e-01
7.485646178084586211e-01
7.485978655075263832e-01
7.485591297969869107e-01
7.485409634889331754e-01
7.484653186906731204e-01
7.484018945542156853e-01
7.484025397075864117e-01
7.484043820266939040e-01
7.484243619516827151e-01
7.484023077537685920e-01
7.483762988813542627e-01
7.483782672207570652e-01
7.483801631958962863e-01
7.483674714163589536e-01
7.483749905464082142e-01
7.483610487732502703e-01
7.483730500537014718e-01
7.483604680661786190e-01
7.483403814100929585e-01
7.483343035111541530e-01
7.482797145114506998e-01
7.482206425968080943e-01
7.481852548087761789e-01
7.481786670539903872e-01
7.482003339164617906e-01
7.481163800996520896e-01
7.480600631685780932e-01
7.480318729563646407e-01
7.479644593475731629e-01
7.479436222734660022e-01
7.479482832519418478e-01
7.479289116491347755e-01
7.479279470490102222e-01
7.479083860389332816e-01
7.479157641505591592e-01
7.479079455683016464e-01
7.479031164016918254e-01
7.479046470892951604e-01
7.479167873151191248e-01
7.479019670047625246e-01
7.479020350972245268e-01
7.478984437914959482e-01
7.479188504323315279e-01
7.478990781628204187e-01
7.478454153954595673e-01
7.478314052107120080e-01
7.478326444749693325e-01
7.478305899619752672e-01
7.478299861768642476e-01
7.478264986852294349e-01
7.478208373294966682e-01
7.477858559296517438e-01
7.477956166041399566e-01
7.477871004947498346e-01
7.478521597431415646e-01
7.477858952000614456e-01
7.477648653010149360e-01
7.477636059337824381e-01
7.477313176855460153e-01
7.477242207059158208e-01
7.477286424172037149e-01
7.477206202569725013e-01
7.477209533952948739e-01
7.477176681400494740e-01
7.476984164178089864e-01
7.476891284056085274e-01
7.477241710446309586e-01
7.476309469086899195e-01
7.476009583205814879e-01
7.475793993801337356e-01
7.475847706194539422e-01
7.475770639774802495e-01
7.475761121659783015e-01
7.475724236321228400e-01
7.475753480968490017e-01
7.475696808980449859e-01
7.475678336585848127e-01
7.475726559490940559e-01
7.475645495062175350e-01
7.476002546761653100e-01
7.475548203229054334e-01
7.475371357089358737e-01
7.475163797437708313e-01
7.475217324766894045e-01
7.475150185000740688e-01
7.475173374741599375e-01
7.475146483705538136e-01
7.475339140997986354e-01
7.475119090993188609e-01
7.475327278503369755e-01
7.475029168040530081e-01
7.475205618810987218e-01
7.475060309362687727e-01
7.474747219019333144e-01
7.474842756577785297e-01
7.474763792845253718e-01
7.474816800189852950e-01
7.474810048688750319e-01
7.474697947451929281e-01
7.474671195141638913e-01
7.474589509180106228e-01
7.474482906082433598e-01
7.474702932409399425e-01
7.474492201422938686e-01
7.474285136427242238e-01
7.474233378005913364e-01
7.474261983530697817e-01
7.474444201647789665e-01
7.474244628365704912e-01
7.474284983091670220e-01
7.474231654906583477e-01
7.474476215779413124e-01
7.474234773996845105e-01
7.474650434228121698e-01
7.474269881499354673e-01
7.473994542172762712e-01
7.474163537364806320e-01
7.474107646099190649e-01
7.473999241114978043e-01
7.474002182778536341e-01
7.474121993966085231e-01
7.473958936149364130e-01
7.473959382356971659e-01
7.474458584288529162e-01
7.474067314471298795e-01
7.474309956233494701e-01
7.474011982426849166e-01
7.473800935106437171e-01
7.473546589908972582e-01
7.473437161054532485e-01
7.473276037363423274e-01
7.473264867539018974e-01
7.473332323028771818e-01
7.473268241771187093e-01
7.473281820318129487e-01
7.473284535329830502e-01
7.473509890222640450e-01
7.473239898995898134e-01
7.472983018037337999e-01
7.472869605216454492e-01
7.473014832071693814e-01
7.472838430556630884e-01
7.473071348298533367e-01
7.472664578245227229e-01
7.472706770860533254e-01
7.472657064002580229e-01
7.472628251746976646e-01
7.472614544328107788e-01
7.472848054580636390e-01
7.472775849597275144e-01
7.472481553859269265e-01
7.472886992731100353e-01
7.472529905133838968e-01
7.472426735792913055e-01
7.472400525953070138e-01
7.472515592380183369e-01
7.472381288776135388e-01
7.472309000618506669e-01
7.472387924043693008e-01
7.472227186773292562e-01
7.472218101762625464e-01
7.472346476414108984e-01
7.472157923692273052e-01
7.472016972459221140e-01
7.472333858017476960e-01
7.471828948524588121e-01
7.471900295040529993e-01
7.471802710188844010e-01
7.471821024541318579e-01
7.471762633443679302e-01
7.471765238995273783e-01
7.471743895188472928e-01
7.471830605309980333e-01
7.471733087962151298e-01
7.471735681561055831e-01
7.471734789107959962e-01
7.471748527811372664e-01
7.471736437941454145e-01
7.471873311507393201e-01
7.471890380997151526e-01
7.471587929428004093e-01
7.471524602488452960e-01
7.471512259729812255e-01
7.471544418904105811e-01
7.471567483108069174e-01
7.471705225415915530e-01
7.471491462741266520e-01
7.471552046737419683e-01
7.471515234481679313e-01
7.471481312856395052e-01
7.471451037892100633e-01
7.471424202018995819e-01
7.471398092938896784e-01
7.471336500414125226e-01
7.471685529380132085e-01
7.471309371130647747e-01
7.471043360532879651e-01
7.471147700232794175e-01
7.471076898566716418e-01
7.471034705548086352e-01
7.471033239765046963e-01
7.471071461184239926e-01
7.471051638166134046e-01
7.471371204806573907e-01
7.471020043645849595e-01
7.471579063022867340e-01
7.471073704638319102e-01
7.470948732761973909e-01
7.470996712967450382e-01
7.470998315293611025e-01
7.471050823612178649e-01
7.470973292751945660e-01
7.470902970325903336e-01
7.470773486897066551e-01
7.470956517145372899e-01
7.470761688345411988e-01
7.471752113300060838e-01
7.470883584337392191e-01
7.470462158033800426e-01
7.470359440235114779e-01
7.470379960986329726e-01
7.470450709752169960e-01
7.470358798929622735e-01
7.470359041406412492e-01
7.470361331890651435e-01
7.470338968644507638e-01
7.470349020322606393e-01
7.470249151696559675e-01
7.470293297104485530e-01
7.470255544656149160e-01
7.470455547913669170e-01
7.470213103488354545e-01
7.470323103464939773e-01
7.470249439732221663e-01
7.470021528311882042e-01
7.470510359026849567e-01
7.469990130120693905e-01
7.469907939275800546e-01
7.469730412126812658e-01
7.469939215429922674e-01
7.469724615448993799e-01
7.469608653466662807e-01
7.469590986025254065e-01
7.469564408441288217e-01
7.469575196831460540e-01
7.469584555513423263e-01
7.469608553162500053e-01
7.469598800019574547e-01
7.469571674550548046e-01
7.469586837500953314e-01
7.469541624626513387e-01
7.470095170088129066e-01
7.469526312307589455e-01
7.469276804181277374e-01
7.469818097865135176e-01
7.469333778991281703e-01
7.469366785170205025e-01
7.469269385803366523e-01
7.469350077509988584e-01
7.469253166979504810e-01
7.469403333913992027e-01
7.469380423550793235e-01
7.469276402733926457e-01
7.469007804650897864e-01
7.468663627339028332e-01
7.468529214536557825e-01
7.468409701906605358e-01
7.468376278920384470e-01
7.468299026111875349e-01
7.468373049524353879e-01
7.468310441461410987e-01
7.468318015505635010e-01
7.468369753070890349e-01
7.468252308111700266e-01
7.468261136144320744e-01
7.467928687544611588e-01
7.467858798238895535e-01
7.467906814992447684e-01
7.467517185259582302e-01
7.467358140843078917e-01
7.467322803986435886e-01
7.467312430342943896e-01
7.467327360274393921e-01
7.467453207513936597e-01
7.467104162180036031e-01
7.467055491423900682e-01
7.467043385126719279e-01
7.467038403340778840e-01
7.467000228707879605e-01
7.466967879070601777e-01
7.466991171855548171e-01
7.467024701186252278e-01
7.466963606535786946e-01
7.467046069630849381e-01
7.467005896968267331e-01
7.467061988050003318e-01
7.467109848133531846e-01
7.466981749846703931e-01
7.466915764513794018e-01
7.466964445100954251e-01
7.466928946474045148e-01
7.466756281805829731e-01
7.466948237988586534e-01
7.466774330439510665e-01
7.467085389342988933e-01
7.466711197770997677e-01
7.466600182491266446e-01
7.466593926455682428e-01
7.466626517759440418e-01
7.466585172238314749e-01
7.466502461539682445e-01
7.466415352308762854e-01
7.466363820290414788e-01
7.466362831521409227e-01
7.466406732103100241e-01
7.466222891117577642e-01
7.466581460686785299e-01
7.466219186467208946e-01
7.466255357705859907e-01
7.466217388853871872e-01
7.466350692867155248e-01
7.466293756187967201e-01
7.466215671511889918e-01
7.466276222072347757e-01
7.466363570249869852e-01
7.466183427957727714e-01
7.466425886913098386e-01
7.466136324128211932e-01
7.466103633442686682e-01
7.466102467971998946e-01
7.466189325699231771e-01
7.466098609617720649e-01
7.466167146314147685e-01
7.466099409832914757e-01
7.466144355091840490e-01
7.466020282086905935e-01
7.465982387541219012e-01
7.465983538254922225e-01
7.465723957139468459e-01
7.465812880789535200e-01
7.465772488638071636e-01
7.465738133357950890e-01
7.465701720713040501e-01
7.465786665780430598e-01
7.465702819720242411e-01
7.465806846915001849e-01
7.465748539943839468e-01
7.465732637872259936e-01
7.465696148000835475e-01
7.465679885885515565e-01
7.465714493194151036e-01
7.465683396326729948e-01
7.465660886843556998e-01
7.465821008105805179e-01
7.465655129777856169e-01
7.465668824426847650e-01
7.465756872522023579e-01
7.465593654853988070e-01
7.465626772605067352e-01
7.465963415287676375e-01
7.465472458562374403e-01
7.465380921279424209e-01
7.465402725289518315e-01
7.465417472735369486e-01
7.465386446466326653e-01
7.465526657795636956e-01
7.465440644735206188e-01
7.465349822746798480e-01
7.465402832608857286e-01
7.465520407355209498e-01
7.465327865286779385e-01
7.465308639581096362e-01
7.465304161703946173e-01
7.465165581653281368e-01
7.465166476074008850e-01
7.465191802756528938e-01
7.465157185531399175e-01
7.465171571953066465e-01
7.465133974138993267e-01
7.465125313063273316e-01
7.465664456875534816e-01
7.465071346056904034e-01
7.465063604963082522e-01
7.465072360570915722e-01
7.465233946070074511e-01
7.465059375589936375e-01
7.465156509498229731e-01
7.465068613421800281e-01
7.465036147712734715e-01
7.465034339968463772e-01
7.465045289336467160e-01
7.465048416698968348e-01
7.465061924161366935e-01
7.465015482901397048e-01
7.465573842347296152e-01
7.465041351885604026e-01
7.465209522946285592e-01
7.465055282310844031e-01
7.464932138019664265e-01
7.464951904305862085e-01
7.464959745693878768e-01
7.464897758427440078e-01
7.464768499933990276e-01
7.464753009700343389e-01
7.464691848749642755e-01
7.464706322217141699e-01
7.465125676265526034e-01
7.464677517103156523e-01
7.464458658664921975e-01
7.464439585734923277e-01
7.464400824193290207e-01
7.464470858674960851e-01
7.464414726199699590e-01
7.464375845673243415e-01
7.464364925366125947e-01
7.464383817248775310e-01
7.464393234461071946e-01
7.464327161154147294e-01
7.464330255226356847e-01
7.464819453485468381e-01
7.464372421243686828e-01
7.464297917158484452e-01
7.464367880883676643e-01
7.464079645546650710e-01
7.464388324929509544e-01
7.464097735612321705e-01
7.463983323623409882e-01
7.464043788439214122e-01
7.464073252674570114e-01
7.463951095333067887e-01
7.464236554016989711e-01
7.463947869206860597e-01
7.464038885444550520e-01
7.463944524084044074e-01
7.464020345568800341e-01
7.463942427770200450e-01
7.463900536221634852e-01
7.463894928387135863e-01
7.463972312723663460e-01
7.463907149628788984e-01
7.463925374425719461e-01
7.463884538783484013e-01
7.463731940009624699e-01
7.463811974931784388e-01
7.463753259729929423e-01
7.463818139254880801e-01
7.463716621100818793e-01
7.464407039024157919e-01
7.463825449769815323e-01
7.463703044913897466e-01
7.463727542071675325e-01
7.464028142966905310e-01
7.463703859979879951e-01
7.463655431723633660e-01
7.463648279210932657e-01
7.463691269014499641e-01
7.463662292897856876e-01
7.463648263126346771e-01
7.463653162732433177e-01
7.463493511663852331e-01
7.463505042983031856e-01
7.463512895704192962e-01
7.463580011242461065e-01
7.463493889412495808e-01
7.463555350136600319e-01
7.463507630107762969e-01
7.463436421310137847e-01
7.464150853949558240e-01
7.463522116972403087e-01
7.463416557689533937e-01
7.463247932620902247e-01
7.463389975392502595e-01
7.463235873809090926e-01
7.463130694910757867e-01
7.463105914404046803e-01
7.463033180220026708e-01
7.463034345387266066e-01
7.463063266707417043e-01
7.463064956496866520e-01
7.463836397910260656e-01
7.463023090107095969e-01
7.462999797621461262e-01
7.462985555712945418e-01
7.462944252654494237e-01
7.462950068154069472e-01
7.463010463494956781e-01
7.462963733619836226e-01
7.463144596412039089e-01
7.462951075683724733e-01
7.463386485220663280e-01
7.462926219846683917e-01
7.463159833047259273e-01
7.462905210055958971e-01
7.462721947086238261e-01
7.462854970244323649e-01
7.462696555582367663e-01
7.462796172187032839e-01
7.462695558897745052e-01
7.462734412254014016e-01
7.462698875485875849e-01
7.462723780934211737e-01
7.462730354459792270e-01
7.462785294616383069e-01
7.462780127469996749e-01
7.462684276049792453e-01
7.462715046908815486e-01
7.462658300225541996e-01
7.462625162903940845e-01
7.462690434258131278e-01
7.462832858905921185e-01
7.462625900248236466e-01
7.462787981240995849e-01
7.462644438311728523e-01
7.462451755238943552e-01
7.462362927079326802e-01
7.462348293949790934e-01
7.462334779599901768e-01
7.462342258647997051e-01
7.462363553933475391e-01
7.462334103750336567e-01
7.462353611982212032e-01
7.462313618479408106e-01
7.462324255251899796e-01
7.462416778158057484e-01
7.462309923013645818e-01
7.462390022012312940e-01
7.462278610382010458e-01
7.462284505053966566e-01
7.462302646813957496e-01
7.462205826246282037e-01
7.462196401080797292e-01
7.462207678034062930e-01
7.462196750763047115e-01
7.462153388047545466e-01
7.462275573704084675e-01
7.462126400628983358e-01
7.462113308661773026e-01
7.462140787334715641e-01
7.462096363677044319e-01
7.462073105231581405e-01
7.461964796992811566e-01
7.461867921189737629e-01
7.461829685686102165e-01
7.461843682784090603e-01
7.461812442197532924e-01
7.461822573236459588e-01
7.461759129399910817e-01
7.461718269586317120e-01
7.461689633508155062e-01
7.461689982067664095e-01
7.461600828676877573e-01
7.461544447681144332e-01
7.461528856705248458e-01
7.461530522499799645e-01
7.461526019595018377e-01
7.461687894996889003e-01
7.461386591737011464e-01
7.461406263727748955e-01
7.461385158442950249e-01
7.461396465827399016e-01
7.461386379257138879e-01
7.461397184800222515e-01
7.461385923650392105e-01
7.461396717010432278e-01
7.461391462476688607e-01
7.461420557352149707e-01
7.461385396339065279e-01
7.461397511852444486e-01
7.461384686071771410e-01
7.461401063396921884e-01
7.461385041697924381e-01
7.461479836661010223e-01
7.461386855470502066e-01
7.461293246008503521e-01
7.461267239691279363e-01
7.461227025798595758e-01
7.461198675669317160e-01
7.461204864993709052e-01
7.461206143583345440e-01
7.461280964361654000e-01
7.461100361617353238e-01
7.461104141959923330e-01
7.461093042718190960e-01
7.461008413860474864e-01
7.460957206744558423e-01
7.460880441599603285e-01
7.460986156801086011e-01
7.460887867434818910e-01
7.460873757603248002e-01
7.460864513242625451e-01
7.460903638815037375e-01
7.460873130390416330e-01
7.460864966842464252e-01
7.460847269443796614e-01
7.460813334654213813e-01
7.460810187551119022e-01
7.460804562619967051e-01
7.460806326249305176e-01
7.460810883999871024e-01
7.460795378904458985e-01
7.460780731933839283e-01
7.460789882005025575e-01
7.460821804602193463e-01
7.460727009242560381e-01
7.460822072022424978e-01
7.460713244945189615e-01
7.460648085168063437e-01
7.460626790706752498e-01
7.460622900996947138e-01
7.460612032904503366e-01
7.460614241975220828e-01
7.460596240192349793e-01
7.460595680503077087e-01
7.460618012278916744e-01
7.460594947531600241e-01
7.460622655547224369e-01
7.460630540240901221e-01
7.460552888609603972e-01
7.460554201481366388e-01
7.460488931883906272e-01
7.460472227602162887e-01
7.460475958734908986e-01
7.460469963035615271e-01
7.460495177671938594e-01
7.460449990029762724e-01
7.460435451500351256e-01
7.460421380194943719e-01
7.460420143992332331e-01
7.460528191094590866e-01
7.460429987720115230e-01
7.460422192647803152e-01
7.460411920787978213e-01
7.460362717170079261e-01
7.460371519598654189e-01
7.460380577331615637e-01
7.460366267962166287e-01
7.460383873957056045e-01
7.460386128101377246e-01
7.460374805105881579e-01
7.460358969175477917e-01
7.460467301136535223e-01
7.460360191632250393e-01
7.460310139832762033e-01
7.460297465680889584e-01
7.460330213678807443e-01
7.460271219119690711e-01
7.460263265317004233e-01
7.460351399793199167e-01
7.460267106812386029e-01
7.460294801148733557e-01
7.460176096267018275e-01
7.460217786493961167e-01
7.460174555973131394e-01
7.460168076783261215e-01
7.460166866998009239e-01
7.460184816042230160e-01
7.460159977123863584e-01
7.460193469202939243e-01
7.460167600025303658e-01
7.460161830717061404e-01
7.460160337239092332e-01
7.460178631188135734e-01
7.460161540862624285e-01
7.460208219132750118e-01
7.460130233743734740e-01
7.460229332017457304e-01
7.460132845997090589e-01
7.460086544973706379e-01
7.460081781267483558e-01
7.460085995489397215e-01
7.460206287691997229e-01
7.460132365206220140e-01
7.460100237362985443e-01
7.460079738535524418e-01
7.460029655199660326e-01
7.460051710853508045e-01
7.460027835393084894e-01
7.460038707849777628e-01
7.460021455041991878e-01
7.460054452731453845e-01
7.460033867132989105e-01
7.460031816187151499e-01
7.460022512792416904e-01
7.460041660699874289e-01
7.460020572112029402e-01
7.460064279017005751e-01
7.460020492763528299e-01
7.460140349101793689e-01
7.460015267042282572e-01
7.460016116938139596e-01
7.459991749672771899e-01
7.459949168089862193e-01
7.459992011901765974e-01
7.459948557447311224e-01
7.460009704457526425e-01
7.460081237915338059e-01
7.459920140585142301e-01
7.459925965893496880e-01
7.459909860852904639e-01
7.459926893883918053e-01
7.459894864946952087e-01
7.459894030246475571e-01
7.459899692608462640e-01
7.459897092479481628e-01
7.459899617557701479e-01
7.459894696329667507e-01
7.459900353590536159e-01
7.459895752258842716e-01
7.459900540595423291e-01
7.459894273912794915e-01
7.459916161614814634e-01
7.459902543522255458e-01
7.459853640431879374e-01
7.459826555786014390e-01
7.459854631336272357e-01
7.459814074663733141e-01
7.459780746747942670e-01
7.459763853390511956e-01
7.459766996121468541e-01
7.459765652208122377e-01
7.459751236308811428e-01
7.459740031978610020e-01
7.459742839383316504e-01
7.459722378766739936e-01
7.459724270083091247e-01
7.459719031860241323e-01
7.459717526423537137e-01
7.459705829261930043e-01
7.459706127926138963e-01
7.459705626737673789e-01
7.459706913225312430e-01
7.459703999945808128e-01
7.459709421187642464e-01
7.459683834758865650e-01
7.459675401503821357e-01
7.459673271837987674e-01
7.459702087332112930e-01
7.459707687716350399e-01
7.459648218412990861e-01
7.459623440131830652e-01
7.459623160687552934e-01
7.459626622680769481e-01
7.459622691604951283e-01
7.459619687152920786e-01
7.459619592486191886e-01
7.459631844270619982e-01
7.459622063146118531e-01
7.459618415933830793e-01
7.459616390052360435e-01
7.459625504343206925e-01
7.459615110415100947e-01
7.459619208560569481e-01
7.459615543967754725e-01
7.459636066540757948e-01
7.459605224185961170e-01
7.459569581067803101e-01
7.459560765903946455e-01
7.459509156333181679e-01
7.459496707964221596e-01
7.459497065250344505e-01
7.459464462585020383e-01
7.459449262760370347e-01
7.459433387338620935e-01
7.459426180643325965e-01
7.459437894789553436e-01
7.459420575549627896e-01
7.459425384967212080e-01
7.459429019211503142e-01
7.459419325169067694e-01
7.459411207827791879e-01
7.459413175646213423e-01
7.459412163121483808e-01
7.459409875779521304e-01
7.459411679524060590e-01
7.459406114740245730e-01
7.459400474099837641e-01
7.459378020036359080e-01
7.459344087141106527e-01
7.459347310092667716e-01
7.459346794502212941e-01
7.459341357754512014e-01
7.459331630007179914e-01
7.459340761109031215e-01
7.459321394593635413e-01
7.459297822311876658e-01
7.459281537900332992e-01
7.459283547372829171e-01
7.459269650591947576e-01
7.459269483828112612e-01
7.459267061116262587e-01
7.459268343280385238e-01
7.459256229573101304e-01
7.459256617162505210e-01
7.459255152989564541e-01
7.459256533498338504e-01
7.459251535878770323e-01
7.459240364106634047e-01
7.459225253246336562e-01
7.459191926473939249e-01
7.459184240441313340e-01
7.459175354107949740e-01
7.459159407183338919e-01
7.459156186897227814e-01
7.459160370338183688e-01
7.459155841655557007e-01
7.459154080488408223e-01
7.459151397687895368e-01
7.459141391294907830e-01
7.459141355787981542e-01
7.459139458822884317e-01
7.459137257835590784e-01
7.459138889649528092e-01
7.459137177880467151e-01
7.459136706566893427e-01
7.459131308929192183e-01
7.459121804143584722e-01
7.459121402367936415e-01
7.459123473909501367e-01
7.459116430688031985e-01
7.459134060760483909e-01
7.459115377336987818e-01
7.459119172160151301e-01
7.459142653771916320e-01
7.459079749016550576e-01
7.459074079741009333e-01
7.459076092130145774e-01
7.459083316042353085e-01
7.459074900877390446e-01
7.459082044504258269e-01
7.459074400872408583e-01
7.459068843152502071e-01
7.459069974174334927e-01
7.459066572940478146e-01
7.459065391365370390e-01
7.459064045821630629e-01
7.459079280940217327e-01
7.459034136651495617e-01
7.459011573069018741e-01
7.459015513351759941e-01
7.459005537428958776e-01
7.458994999191099762e-01
7.458997324788120276e-01
7.458989702394124288e-01
7.459005681482009376e-01
7.458967591957261778e-01
7.458945467956930031e-01
7.458938208072771747e-01
7.458932440922673157e-01
7.458930337222462459e-01
7.458920517571265840e-01
7.458918486715696572e-01
7.458916902405847704e-01
7.458917995724867467e-01
7.458920315099645260e-01
7.458914822903428554e-01
7.458916804818004342e-01
7.458913185892649400e-01
7.458918056704388899e-01
7.458922670405083721e-01
7.458909960614170664e-01
7.458921410173727784e-01
7.458880632673795530e-01
7.458878021988565310e-01
7.458890008476953826e-01
7.458879042725272690e-01
7.458874276517305502e-01
7.458861831294437694e-01
7.458847631262109923e-01
7.458881634172572772e-01
7.458845544538978967e-01
7.458823611832470224e-01
7.458818500695015841e-01
7.458817506608141912e-01
7.458815577117123841e-01
7.458815620697990534e-01
7.458807930367923333e-01
7.458810390846924987e-01
7.458808749623210277e-01
7.458807137319810598e-01
7.458792953033722695e-01
7.458802877789106889e-01
7.458788737643791134e-01
7.458795006038915210e-01
7.458787431110321942e-01
7.458762790693660438e-01
7.458758087866351749e-01
7.458771847250698084e-01
7.458764861974347404e-01
7.458760216618086636e-01
7.458745044650066935e-01
7.458717690141158929e-01
7.458708113874228385e-01
7.458697729111614105e-01
7.458695497454324030e-01
7.458707973842667593e-01
7.458693512889860155e-01
7.458669292183431887e-01
7.458656194116530802e-01
7.458659424502072088e-01
7.458657317029524503e-01
7.458657195809642593e-01
7.458662198172708591e-01
7.458671714199980318e-01
7.458650926236035650e-01
7.458661412194758089e-01
7.458646913871715967e-01
7.458620769038410980e-01
7.458619491445341865e-01
7.458615777135425562e-01
7.458613517169967455e-01
7.458604747366951448e-01
7.458610947753461229e-01
7.458612048044032106e-01
7.458580986803191593e-01
7.458581515940653217e-01
7.458577879256593768e-01
7.458571277753749396e-01
7.458578675020679505e-01
7.458558722223785908e-01
7.458544539366899206e-01
7.458540129103489180e-01
7.458538976020205880e-01
7.458533761574306364e-01
7.458534557279561383e-01
7.458528391598151508e-01
7.458528022304877769e-01
7.458535837493831533e-01
7.458519495714268643e-01
7.458509187776114491e-01
7.458508467894022775e-01
7.458517215707080039e-01
7.458506487089617831e-01
7.458519551386991742e-01
7.458510935031299471e-01
7.458530047963266574e-01
7.458499951424434338e-01
7.458470017042317934e-01
7.458482560044841225e-01
7.458468298782446881e-01
7.458471248680604848e-01
7.458465079507409223e-01
7.458462493849312702e-01
7.458466148492937098e-01
7.458474164417341346e-01
7.458464227651290246e-01
7.458459295464351380e-01
7.458457358692901495e-01
7.458470410738724521e-01
7.458479164002488337e-01
7.458441718118538066e-01
7.458419802019418121e-01
7.458417812786821699e-01
7.458407891749455620e-01
7.458408174749614483e-01
7.458410817630030110e-01
7.458406317302759270e-01
7.458432775017677097e-01
7.458422236985029485e-01
7.458406703166481355e-01
7.458399112638878226e-01
7.458385433767112938e-01
7.458380788042491272e-01
7.458386844302626884e-01
7.458379981491914945e-01
7.458378919554617958e-01
7.458377585408272337e-01
7.458374671044071258e-01
7.458374061222967644e-01
7.458403819460416306e-01
7.458372976163174517e-01
7.458394359641279392e-01
7.458368382988860290e-01
7.458348446384571728e-01
7.458362881585012261e-01
7.458347691598011808e-01
7.458342970662132920e-01
7.458344128736732470e-01
7.458374010504508211e-01
7.458342647359232913e-01
7.458361166822781163e-01
7.458341181390228947e-01
7.458358517433991697e-01
7.458341673016936069e-01
7.458362162060702127e-01
7.458336579376876330e-01
7.458309866990623371e-01
7.458313932082162312e-01
7.458312136178874008e-01
7.458329194376039917e-01
7.458310785992183778e-01
7.458315679748289684e-01
7.458311670309947239e-01
7.458310818188598201e-01
7.458332957544615560e-01
7.458298253806158185e-01
7.458290621321539415e-01
7.458287056097360201e-01
7.458286842754164869e-01
7.458285133885451668e-01
7.458285419572868724e-01
7.458283806989967069e-01
7.458284094178780910e-01
7.458283865222322673e-01
7.458283210742369107e-01
7.458282932337113591e-01
7.458290509502519816e-01
7.458273425202361917e-01
7.458260489618792066e-01
7.458259905879651708e-01
7.458261293394130576e-01
7.458252708824404387e-01
7.458252544704182530e-01
7.458251200221672761e-01
7.458251493703713653e-01
7.458252946729972965e-01
7.458249651025903315e-01
7.458254198296135895e-01
7.458249565482438781e-01
7.458238056074116828e-01
7.458236428116800099e-01
7.458234828996690435e-01
7.458234249396324955e-01
7.458235314228834900e-01
7.458234736689597355e-01
7.458234830183061437e-01
7.458235142452673827e-01
7.458233571480368251e-01
7.458231025264163705e-01
7.458231906601250349e-01
7.458231837018035604e-01
7.458232073210201429e-01
7.458238497663721711e-01
7.458224837161848697e-01
7.458222493769509631e-01
7.458215503999041651e-01
7.458203866632928669e-01
7.458206015196269245e-01
7.458202631874277788e-01
7.458201474490000482e-01
7.458200960542437086e-01
7.458193369939577488e-01
7.458191955238492321e-01
7.458189229420592037e-01
7.458192454863047383e-01
7.458192909881887767e-01
7.458179991991856772e-01
7.458176170869803556e-01
7.458181392137628318e-01
7.458175279062462248e-01
7.458177291214533877e-01
7.458178947992507579e-01
7.458178526479831705e-01
7.458174120201812585e-01
7.458169851207371304e-01
7.458170669789637719e-01
7.458158744614283853e-01
7.458159087917052288e-01
7.458157973987518119e-01
7.458156963604893885e-01
7.458163334262002397e-01
7.458172005646932501e-01
7.458159393811010229e-01
7.458150611948969333e-01
7.458141319072600917e-01
7.458132134900237187e-01
7.458125978825039804e-01
7.458123640734755089e-01
7.458123420950426574e-01
7.458122913004953114e-01
7.458124661487399720e-01
7.458121296054083249e-01
7.458121811353889408e-01
7.458126162153306815e-01
7.458120648797569308e-01
7.458124288834744320e-01
7.458134666536911928e-01
7.458103094635349928e-01
7.458092124627275776e-01
7.458091491286472641e-01
7.458093243275962791e-01
7.458090249178906950e-01
7.458090831991102121e-01
7.458091004456631756e-01
7.458089629207580451e-01
7.458098158232168151e-01
7.458087776663676616e-01
7.458096410542798260e-01
