9.669000777360019505e-01
9.590577645546587426e-01
9.590339616051005711e-01
9.486072610277715977e-01
9.773794700509634836e-01
9.436527751941987674e-01
9.605715342851857130e-01
9.992108246438523578e-01
9.347057823086777351e-01
9.347286673814042546e-01
9.346531919733642724e-01
9.354716814461622176e-01
9.455876378025451778e-01
9.299475947377250362e-01
9.230718394460278864e-01
9.225966121349661320e-01
9.558887690638073753e-01
9.398235575009032949e-01
9.373055149636192462e-01
9.215877211465784979e-01
9.262276968329291593e-01
9.271862533500315751e-01
9.195578770417918157e-01
9.521878756139626754e-01
9.228037677272208361e-01
9.468975266194405993e-01
9.193555270331528195e-01
9.296733659038749487e-01
9.193555270331528195e-01
9.193555270331528195e-01
9.386301475255928173e-01
9.262009588439806818e-01
9.172009226624959766e-01
9.096767281074733535e-01
9.096767281074733535e-01
9.580561995256059449e-01
8.935209182471840483e-01
9.017784428956778786e-01
8.935209182471840483e-01
8.935209182471840483e-01
8.935209182471839373e-01
9.376856361743245438e-01
9.603716547334192333e-01
9.005244482994079203e-01
1.002982637026634150e+00
8.935209182471840483e-01
8.935209182471840483e-01
8.935209182471839373e-01
8.935209182471840483e-01
8.935209182471840483e-01
9.127822319421258213e-01
9.001844643629766107e-01
8.935209182471839373e-01
8.935209182471840483e-01
8.935209182471842704e-01
8.057905456724502313e-01
8.057905456724502313e-01
8.057905456724503424e-01
7.954192482085311600e-01
7.914348837992254415e-01
7.697084355323967619e-01
7.689958467819556498e-01
7.572233628457271104e-01
7.431328772408688499e-01
8.429345138937310855e-01
7.909065000271982004e-01
7.236208758682886044e-01
7.238672060850256385e-01
8.378008857531908937e-01
7.237333634899455470e-01
7.173158657662722648e-01
7.173364399010826453e-01
7.202035545912801595e-01
7.186085950239448072e-01
7.443350366282198705e-01
7.169808003989820433e-01
7.313859573376751966e-01
7.166891423694421448e-01
7.164926720082694933e-01
7.107552153870555500e-01
7.137428587530467716e-01
7.120285861860810028e-01
8.012110503080999147e-01
7.107162732245518866e-01
7.096248778184554018e-01
7.286749760382426055e-01
8.056152804348735152e-01
6.712912551176469789e-01
6.704651595774299144e-01
6.704651595774298034e-01
6.500852131451735350e-01
6.500852131451735350e-01
6.286919203803921219e-01
7.309954521132943084e-01
6.090810386488665351e-01
6.406269525538896836e-01
6.120772043296446308e-01
6.090810386488666461e-01
6.179894047980514227e-01
6.090810386488667572e-01
6.313741186727123145e-01
6.090810386488666461e-01
6.357981549831703827e-01
6.090810386488649808e-01
5.704982734165289227e-01
5.704982734165291447e-01
5.826770647554930793e-01
5.704982734165290337e-01
5.741274856982382380e-01
5.704982734165289227e-01
5.777778668602973067e-01
5.704982734165290337e-01
5.913455263678522034e-01
5.704982734165290337e-01
6.051980565957723046e-01
5.704982734165291447e-01
7.433872640765306627e-01
6.012748743164924026e-01
7.457361413792201743e-01
5.721403069548784970e-01
5.738732683522037581e-01
5.681180288954250646e-01
5.393413543846332647e-01
5.400067543391177116e-01
5.850133457934337811e-01
5.444258348256660884e-01
5.499333262638426145e-01
5.392828035553335342e-01
5.904239420991371778e-01
5.392269272411491787e-01
5.826368407978393948e-01
5.421565795315865799e-01
6.550905773421255018e-01
5.354151694001771933e-01
5.762242017710329511e-01
5.616775647248818393e-01
5.419011552119580299e-01
5.353751252601638422e-01
5.357643677174175334e-01
5.354063169195488747e-01
5.365310793168224235e-01
5.466533747433378609e-01
5.324375176428594036e-01
5.329250838308331462e-01
5.372564394935971377e-01
5.357722436338706595e-01
5.334528493336284649e-01
5.324375176428589596e-01
6.454877162403497293e-01
5.324375176428589596e-01
5.557182316094309016e-01
5.311458100681478722e-01
6.471928802675516179e-01
5.312342380582188994e-01
6.088825989977614261e-01
5.296154908672798811e-01
5.483196717232248218e-01
5.440162285401954900e-01
6.958714215122654423e-01
5.296154908672798811e-01
7.101625959996988868e-01
5.296154908672797701e-01
5.821959328810133449e-01
5.296154908672795480e-01
5.291050739299574257e-01
5.503511056390842926e-01
5.638604175155246256e-01
5.303751641571980979e-01
5.450704965706000271e-01
5.300071447950897019e-01
5.306177657881065990e-01
5.320077299887803202e-01
5.584097509740112431e-01
5.291050739299574257e-01
5.188827671521645257e-01
5.188827671521645257e-01
5.187001816628600270e-01
5.187001816628601381e-01
5.303076342562899059e-01
5.259902069426802829e-01
5.458119450737279887e-01
5.238489127503502818e-01
5.481950871666860792e-01
5.249311829757080661e-01
6.195767482393479408e-01
5.223545965022130533e-01
5.574840696326424094e-01
5.213030496919924817e-01
6.056683523857151474e-01
5.241952799098887894e-01
5.366613028848764566e-01
5.191500310405939844e-01
5.459714751796589383e-01
5.185671962257497603e-01
6.570261278039994934e-01
5.183815393448346631e-01
6.056487005466922868e-01
5.241694878776159694e-01
5.481866716292992381e-01
5.259715310743446892e-01
7.151277259003157027e-01
5.183624766359563596e-01
7.191423463689254891e-01
5.152283439362043138e-01
5.489044425640111635e-01
5.151636890744474284e-01
5.319519479177896581e-01
5.148481475087768322e-01
5.067306745323330031e-01
5.021635906357163615e-01
5.133491027978883681e-01
5.016053426892004286e-01
5.060567201190671049e-01
5.016053426892000955e-01
5.296202352506683697e-01
5.016053426892002065e-01
5.280268731531657656e-01
5.014928340708179055e-01
5.302632837800271837e-01
5.280743929589357677e-01
5.200017102866874019e-01
5.083472103475599191e-01
5.369854147214978557e-01
5.014928340708179055e-01
6.065884040255345999e-01
5.014928340708183496e-01
5.971994470410175726e-01
5.014928340708181276e-01
5.351815161209407812e-01
5.071059853404668027e-01
5.347652263390239025e-01
5.021262133601728239e-01
5.627221638742898602e-01
5.039278024917142051e-01
5.216328394225749898e-01
5.019639336352502701e-01
5.268995483667762159e-01
5.012376989564684138e-01
5.104206950631524631e-01
5.012376989564686358e-01
5.036288829460405791e-01
5.012376989564690799e-01
6.797400005419712565e-01
5.025505447626714695e-01
7.209150345914624447e-01
5.197518131936208485e-01
5.364350629128712411e-01
5.133844820448346669e-01
5.392519264017895386e-01
5.021283885521397039e-01
7.164998484096203324e-01
5.049186672567250733e-01
4.997102108993753400e-01
5.121227296562155251e-01
5.042506583092202233e-01
5.016536589182344352e-01
5.002181421220812663e-01
5.103424025466430924e-01
4.951021704801719103e-01
5.020098613992486358e-01
4.947189681140416462e-01
4.960330688158907653e-01
4.946466845843261462e-01
4.972314628821989935e-01
4.946420834330572114e-01
4.968235556704334033e-01
4.946159766234273225e-01
4.949293054611631493e-01
4.942857507243503257e-01
4.981236395590026289e-01
4.944572365359637955e-01
5.020859723929147478e-01
4.945728365158901796e-01
4.930020770447740563e-01
5.013816243552980945e-01
5.167954365843454578e-01
4.964169093704486890e-01
5.652621514649505130e-01
5.018261853401259076e-01
5.294983086462902167e-01
4.965168776829934627e-01
5.236070820883955701e-01
4.938276649840961374e-01
4.958432225065517729e-01
4.977242065251233361e-01
4.980264100065840416e-01
4.972318468627585086e-01
5.013864590651816444e-01
4.969421235180848662e-01
5.158806396425618113e-01
4.919774532622345764e-01
5.038438033786897252e-01
4.921500130586289878e-01
4.936932907583077013e-01
4.919774532622347429e-01
4.908511124191205499e-01
4.908511124191202724e-01
4.932844471505265505e-01
4.911843607192545869e-01
5.043283955894372061e-01
4.898586758116272866e-01
5.000465863940447564e-01
4.900241487314654365e-01
4.906184223125175659e-01
4.898264828543336113e-01
4.913120140396663449e-01
4.897465963027932134e-01
4.986666593215843823e-01
4.897280867958383466e-01
5.002131134128555701e-01
4.897280867958375694e-01
4.936556744236825778e-01
4.897280867958378470e-01
4.922337964397590637e-01
4.901468441187092906e-01
5.042136094758986609e-01
4.903640176239008053e-01
4.981708986930328820e-01
4.893929158866768825e-01
5.044287577657329269e-01
4.904702587780481737e-01
4.991223153228677711e-01
4.893128453684982282e-01
4.931511915535026214e-01
4.895037789383147042e-01
5.187824560675403651e-01
4.892803702941728727e-01
5.429404228157339585e-01
4.892278154557583303e-01
5.163366914078327818e-01
4.892177320568087406e-01
5.072908517245563464e-01
4.900987561790257074e-01
5.042374939628446739e-01
4.912546225138335609e-01
4.974014342261207089e-01
4.924431925856703196e-01
4.894590281872810977e-01
4.897901348125930365e-01
5.021149919342002832e-01
4.889654878384669390e-01
5.051818391039013534e-01
5.011811710690737831e-01
5.043832931344314208e-01
4.965587886715944199e-01
4.951700786657953768e-01
4.896437136357975062e-01
4.978135152259502427e-01
4.895614626939516212e-01
4.953420106615652463e-01
4.888225095579980528e-01
4.926584620016550287e-01
4.888239190883910124e-01
5.046524838458230633e-01
4.888225095579977197e-01
5.047138124131227421e-01
4.888456129165540398e-01
4.986021831051638542e-01
4.889695472505437568e-01
4.989570514324272454e-01
4.917258194731535248e-01
4.915438886350788072e-01
4.888596168021037691e-01
4.990107464779894308e-01
4.921256082823268208e-01
4.883226134822199471e-01
4.886990574043076907e-01
5.016348933461683979e-01
4.887639307178496262e-01
4.946973787327181293e-01
4.881407378792115281e-01
4.896103433775107483e-01
4.881407378792121943e-01
4.910994320545039038e-01
4.882642169569950119e-01
4.903418756734249651e-01
4.853995090898269860e-01
5.262490983255333488e-01
4.852845806569489606e-01
5.149980257079079804e-01
4.850941972865452367e-01
5.040489922362293429e-01
4.838194991922072363e-01
5.096719129544637905e-01
4.837513028161589124e-01
5.061596870532428794e-01
4.862886890023799258e-01
4.911492588860644770e-01
4.840050742911730652e-01
4.905619574521678516e-01
4.835584669391480572e-01
4.837941192330804108e-01
4.839635082415451039e-01
4.880603180048354583e-01
4.847035440156315933e-01
4.935070915111662293e-01
4.838572464634572912e-01
4.983977150623725150e-01
4.886998820385504150e-01
4.844347995808163110e-01
4.851886047054141393e-01
5.016140569970507501e-01
4.808156359792318257e-01
4.877221777186023788e-01
4.832035504176471763e-01
4.889909588378190675e-01
4.807891058648837701e-01
4.884148907102508486e-01
4.837393917197071458e-01
4.878573630050309640e-01
4.814393474128976225e-01
4.931307224803739286e-01
4.841855153398250677e-01
4.758448339022835483e-01
4.785353820316328721e-01
5.069375548512382590e-01
4.758422285954032604e-01
4.918753171869912899e-01
4.797231439707755341e-01
4.763504384965480676e-01
4.793807594894313184e-01
4.860283072784779557e-01
4.773380245696165480e-01
4.876221598504683619e-01
4.767486850378404029e-01
4.786579344803220670e-01
4.753166450158984868e-01
5.015624716533414462e-01
4.754999631617733979e-01
5.009385968735396988e-01
4.768097200319048601e-01
4.980503568819801830e-01
4.750291168863881586e-01
5.066061455782462364e-01
4.739900765099217539e-01
4.840935959100514663e-01
4.749731579458117414e-01
4.842614953851435700e-01
4.766150327895803396e-01
4.783173567205200594e-01
4.730725378126921510e-01
4.719849697363155405e-01
4.708857818905438641e-01
4.712093674407372701e-01
4.708857818905451409e-01
4.821498368213048002e-01
4.747176620777418532e-01
4.786547627932699611e-01
4.736664686110748645e-01
4.769658842311767510e-01
4.684073092349442247e-01
4.756263616539209704e-01
4.679897543208378918e-01
4.757034085246424904e-01
4.686448351535613677e-01
4.791084513016119484e-01
4.681994737698128017e-01
4.747301054999849557e-01
4.684758205091815175e-01
4.718711275391785920e-01
4.680330780548074832e-01
4.786161829975014159e-01
4.686180337839853105e-01
4.733851933585188076e-01
4.682399809677676439e-01
4.820492689041171452e-01
4.725371027316875860e-01
4.751613923410029638e-01
4.709215544819825294e-01
4.726528354258725528e-01
4.692872547652484627e-01
4.769826054233954893e-01
4.675728162892381357e-01
4.950351372275944017e-01
4.665798434295166386e-01
4.856174534372305063e-01
4.666266362584735039e-01
4.724984969475733987e-01
4.681415720800110591e-01
4.708874748220924777e-01
4.670323851520537528e-01
4.717601805024972395e-01
4.664877087101996778e-01
5.099308607601577004e-01
4.689510193370319269e-01
4.954836829355948602e-01
4.650167126208713531e-01
4.803997195935372777e-01
4.684867390532025944e-01
4.776326510780619650e-01
4.662841389663228142e-01
4.659379707816774241e-01
4.631677362927087427e-01
4.649342949228914001e-01
4.674262682440500360e-01
4.638991606324469608e-01
4.615489164047650861e-01
4.620317848319888121e-01
4.645146439447632725e-01
4.611857037999074760e-01
4.647598650596873604e-01
4.612443283389486282e-01
4.617917485856861681e-01
4.612429875691935188e-01
4.634842561938863348e-01
4.615745188064728222e-01
4.653730852339239554e-01
4.615435188391380228e-01
4.643450931304186069e-01
4.629070361957107194e-01
4.674845905806744861e-01
4.631420172882813602e-01
4.661066894431927232e-01
4.603745431459815296e-01
4.608335366595276428e-01
4.608233147887486059e-01
4.647940595826377530e-01
4.599364840018249079e-01
4.603635199102833475e-01
4.593177164470826357e-01
4.612620481424175578e-01
4.598834946333455465e-01
4.622540822413856443e-01
4.585252870537225300e-01
4.616655131762276709e-01
4.589220625352743999e-01
4.665625054572752339e-01
4.586987044331294339e-01
4.612461981481982831e-01
4.582824585078980606e-01
4.601961253514955108e-01
4.578858809581352052e-01
4.597881178229920596e-01
4.580387023174958272e-01
4.596329753803785612e-01
4.581797423030721239e-01
4.591634992085089628e-01
4.582259667690409266e-01
4.618963883683234739e-01
4.578167034709185179e-01
4.594862911201061939e-01
4.578644676193141527e-01
4.572331801939709117e-01
4.562114713961084034e-01
4.579951057100655198e-01
4.567006751161162281e-01
4.564646473024486228e-01
4.569057515844890394e-01
4.604990630741195856e-01
4.561270810618543448e-01
4.576471706889690405e-01
4.568171032379491625e-01
4.598210347367212569e-01
4.557614516751818390e-01
4.575539424200180671e-01
4.562646342829116408e-01
4.567983502584928579e-01
4.559488495823193488e-01
4.572900325821587786e-01
4.558829608454842419e-01
4.581731705874033667e-01
4.554925634352443575e-01
4.583835143445640914e-01
4.555835283272477443e-01
4.577456596224235286e-01
4.561911528775628444e-01
4.578177336364818717e-01
4.564559976153300114e-01
4.564776876160295815e-01
4.562186480950820577e-01
4.564754212858855853e-01
4.547953658459213955e-01
4.584433686935414642e-01
4.563580007243924763e-01
4.534258999445690552e-01
4.530697613241905231e-01
4.539723944795726607e-01
4.531118020054198392e-01
4.535674711320366037e-01
4.531573611629443055e-01
4.621412456107691913e-01
4.517909224970318438e-01
4.577435975255247369e-01
4.514735437289673081e-01
4.531125426272719636e-01
4.516224505550267554e-01
4.535584383561295785e-01
4.534020012026238056e-01
4.554345798735849882e-01
4.518590523256186264e-01
4.526116136289271008e-01
4.502610094611473879e-01
4.500380533227835711e-01
4.503581201011924162e-01
4.545488312142880183e-01
4.498733341387932683e-01
4.498470657413428664e-01
4.506848075649219076e-01
4.517601947407500207e-01
4.497839605925096351e-01
4.528682785542141875e-01
4.493527161338184972e-01
4.486477642913196950e-01
4.495908410088557128e-01
4.504187951808844015e-01
4.484411958659654807e-01
4.524006674909671899e-01
4.483036447574847427e-01
4.511790443968344277e-01
4.488637564086906395e-01
4.505994589531989725e-01
4.487090660749001314e-01
4.504347606512257296e-01
4.476978209237290618e-01
4.504279908783868080e-01
4.477150561659696826e-01
4.512864138240303968e-01
4.485129190675189448e-01
4.481588198361487474e-01
4.468572095407174483e-01
4.482040163422316703e-01
4.467288315557481626e-01
4.485791154559539695e-01
4.467510545887599660e-01
4.493314332169577874e-01
4.472009523629065786e-01
4.477781101886090243e-01
4.471435512636895426e-01
4.481924550818224828e-01
4.470587192337205362e-01
4.482376220637792619e-01
4.482666753854930852e-01
4.504905733384773070e-01
4.465771916630348892e-01
4.570686292379574356e-01
4.460283996568685239e-01
4.494789384526868270e-01
4.454741494855353756e-01
4.472372436335557144e-01
4.463119144985341347e-01
4.445772760644906008e-01
4.444471334504401239e-01
4.456316986473420338e-01
4.451307437084940921e-01
4.527514391324577447e-01
4.461893134827621954e-01
4.461346776428619099e-01
4.447033071003443361e-01
4.454747200163907683e-01
4.449446210011409608e-01
4.480541054988743110e-01
4.435340743313109790e-01
4.428615820369724565e-01
4.431495764708459073e-01
4.427119253302188584e-01
4.434059151661101095e-01
4.436521936015396794e-01
4.429261138035603951e-01
4.444515169822488843e-01
4.423340132512021405e-01
4.438204878211693960e-01
4.436463482518109847e-01
4.452147097933384368e-01
4.430652301539843574e-01
4.442777803749538568e-01
4.423685627230864448e-01
4.446166826479805989e-01
4.425577269326770313e-01
4.453377308186646788e-01
4.438348582113403329e-01
4.413130707344657400e-01
4.405696249341871651e-01
4.490857753465943847e-01
4.401361464714222960e-01
4.447068726050773524e-01
4.394236011207205417e-01
4.448532534642879455e-01
4.390742474512693838e-01
4.399067986192941038e-01
4.394355656156915813e-01
4.424621032505287599e-01
4.391201349201460102e-01
4.420533064217925245e-01
4.389698052868841738e-01
4.412870654650949409e-01
4.378316055035109677e-01
4.456255786396125518e-01
4.374729265571196679e-01
4.398896224667264154e-01
4.372837539186533173e-01
4.394723150254070676e-01
4.372186123219236054e-01
4.401631451705725340e-01
4.365956704496770091e-01
4.388473786976269109e-01
4.374858235102802029e-01
4.368209319837151328e-01
4.363449303741488428e-01
4.373721236308271143e-01
4.373129491770426647e-01
4.427322132181796821e-01
4.374082319553342368e-01
4.444909439883104607e-01
4.372453594967966040e-01
4.375010451903998399e-01
4.366682610742127491e-01
4.387521493235624348e-01
4.363818574454613186e-01
4.381869056131619811e-01
4.376320370467429721e-01
4.437070228292190888e-01
4.369286375345269313e-01
4.365579303710772074e-01
4.364160562501105955e-01
4.367854314830019735e-01
4.363913989947895145e-01
4.374203868023842090e-01
4.378700619386431958e-01
4.365051901209270890e-01
4.368649375861423101e-01
4.371699732558350093e-01
4.369530949462190894e-01
4.371398292641547334e-01
4.373181962954544311e-01
4.359459605159863305e-01
4.357886550692950389e-01
4.384912690555429760e-01
4.353789675384689417e-01
4.418674486664461165e-01
4.349133877849497010e-01
4.426141416443808430e-01
4.351445052768396771e-01
4.384028703861528875e-01
4.351556170414359048e-01
4.382909068441795397e-01
4.348492967358780215e-01
4.376899671362481370e-01
4.359702167782084081e-01
4.361325049558570366e-01
4.338505395650923413e-01
4.345999380542315271e-01
4.350129787180146979e-01
4.349997017971599655e-01
4.348891041468480045e-01
4.330520464484197696e-01
4.326961730438950160e-01
4.361107923229511352e-01
4.333047840925571825e-01
4.344599143768918537e-01
4.331368305932087326e-01
4.376051492683829536e-01
4.338327580004224804e-01
4.382906803891167824e-01
4.321158508510350993e-01
4.374837948907807084e-01
4.335274142360530658e-01
4.327507283413051242e-01
4.334067813964208038e-01
4.318192106068238223e-01
4.341193343986547437e-01
4.324337425280758707e-01
4.334619450187409684e-01
4.325493815111895457e-01
4.317604541929764839e-01
4.324507873826925475e-01
4.312801554590613984e-01
4.329966872557654556e-01
4.317436142042073710e-01
4.331376446433434779e-01
4.329349090401316547e-01
4.348427551411845893e-01
4.325378958707905008e-01
4.339547086491719607e-01
4.317046308673910260e-01
4.338816243216894186e-01
4.318765911234916932e-01
4.322960782378226230e-01
4.317723850375029815e-01
4.307617498137807366e-01
4.305699702309341848e-01
4.323930949299481519e-01
4.307151572223194558e-01
4.330220891673521311e-01
4.314721437224712797e-01
4.332213429800467752e-01
4.294897747642555941e-01
4.334130505499600439e-01
4.285634954971741517e-01
4.321642057357018563e-01
4.282290443788611678e-01
4.329910276717902629e-01
4.278886715000276841e-01
4.287578298185147907e-01
4.296434830377995895e-01
4.274729982453184807e-01
4.275835548418716048e-01
4.353039248754190238e-01
4.264912914787288845e-01
4.276701152254258620e-01
4.260045114880832706e-01
4.300031627121458366e-01
4.259463523153965703e-01
4.318377613148131622e-01
4.279359500566838892e-01
4.304209338444862643e-01
4.260429218385269889e-01
4.282800180114401667e-01
4.252432263583371674e-01
4.266538151361750630e-01
4.256795913614983551e-01
4.291511411270736431e-01
4.264384758341188131e-01
4.267511320628421534e-01
4.265113780318089964e-01
4.299952726210681253e-01
4.269745131200538002e-01
4.259399164409612415e-01
4.251229592657929102e-01
4.246600398542110799e-01
4.244840979761211885e-01
4.257697729051027613e-01
4.248251674578805148e-01
4.253106481791726345e-01
4.245655544867599218e-01
4.260609688251999483e-01
4.254170279072340133e-01
4.264677897280750862e-01
4.256302231309330164e-01
4.284606699675380104e-01
4.241053428094776478e-01
4.274023257319428115e-01
4.241661473213231837e-01
4.265163643913399971e-01
4.240361351675928092e-01
4.257539370822803759e-01
4.234728927668130471e-01
4.261478108879148685e-01
4.241414285384704219e-01
4.275463509427352982e-01
4.245441088244111261e-01
4.277767316576077672e-01
4.249429769054436368e-01
4.239819317942147281e-01
4.241661169776329565e-01
4.242065973905927989e-01
4.246978265544280595e-01
4.252948830755678422e-01
4.231053065625676179e-01
4.228862421226459167e-01
4.237452856364126719e-01
4.243605114728464800e-01
4.239792395468222064e-01
4.278954074025042020e-01
4.236062944470039282e-01
4.226684227482926381e-01
4.224997254203405883e-01
4.234525419880437180e-01
4.224247241252676588e-01
4.241867357485131218e-01
4.238603994281670562e-01
4.271416340679837775e-01
4.234022537980231538e-01
4.218301249089894123e-01
4.243039094785757692e-01
4.202699764511360070e-01
4.199829228271614312e-01
4.188581754429778203e-01
4.200668935012486505e-01
4.291138759237853595e-01
4.207532229882736119e-01
4.206629075761244563e-01
4.195649088134655313e-01
4.279540040172152282e-01
4.181205150418201844e-01
4.194839145257567292e-01
4.180043197219342477e-01
4.175846583579377325e-01
4.176157404108825633e-01
4.226171259479204467e-01
4.191720328363763293e-01
4.176116301114842777e-01
4.179916582874438347e-01
4.194546462057063274e-01
4.192094857407712705e-01
4.167649251939339883e-01
4.160718858299918277e-01
4.227723370852151108e-01
4.171046305569723889e-01
4.180533424631813211e-01
4.166362691785328032e-01
4.165813716223797369e-01
4.158099934441709666e-01
4.136020165069375087e-01
4.138505804654400988e-01
4.151914998069088369e-01
4.126835526966849410e-01
4.172294854003786857e-01
4.130195166974558463e-01
4.165679881813387220e-01
4.118388796822022857e-01
4.134035603103747292e-01
4.126617406557138712e-01
4.144162828064328341e-01
4.131962565570749257e-01
4.133195766238197399e-01
4.113648418347181090e-01
4.143952023406994867e-01
4.119046321725000626e-01
4.142256160169063839e-01
4.114297470632644615e-01
4.128942095520128919e-01
4.107675115415873046e-01
4.140149248715867536e-01
4.104367285015540490e-01
4.140278254316460682e-01
4.108027542693393208e-01
4.177730567411382379e-01
4.114899306773018850e-01
4.126485709013049119e-01
4.115955368471133635e-01
4.127993042723155925e-01
4.110882131915309934e-01
4.136603827174240022e-01
4.116212278202244779e-01
4.118543930130103559e-01
4.103559546230034494e-01
4.115160961426339026e-01
4.107913533543841034e-01
4.147509725322001684e-01
4.106831430912543657e-01
4.112934573970116192e-01
4.117531976700662399e-01
4.118288928893428791e-01
4.096356698861836065e-01
4.110529754696840565e-01
4.107787452102602543e-01
4.111326896119052998e-01
4.119351799581383311e-01
4.112262301062206693e-01
4.101191530720903478e-01
4.109595408025467078e-01
4.100968727369169176e-01
4.115447442688291990e-01
4.091788224348716363e-01
4.103532136126258889e-01
4.110151313636065118e-01
4.135364060534644226e-01
4.093600640969464188e-01
4.118542513254386250e-01
4.099671610049965831e-01
4.107730608558252117e-01
4.092870549054858920e-01
4.122439160168238637e-01
4.086479940417068191e-01
4.118784021238789950e-01
4.088203506613491411e-01
4.094938822879432005e-01
4.086507140510302061e-01
4.104473912825553072e-01
4.093865982850499741e-01
4.084590736372700759e-01
4.094525792396133124e-01
4.089288684836756005e-01
4.086426068132866796e-01
4.082323893733228459e-01
4.088354914380166183e-01
4.083898548228996339e-01
4.079244037934458555e-01
4.078785326514363097e-01
4.103510476442701060e-01
4.079496762522960562e-01
4.090081033698513835e-01
4.079470989473830134e-01
4.087048228980470488e-01
4.078062693015327977e-01
4.085778847339078812e-01
4.080430151232102287e-01
4.073380946584406748e-01
4.073226524860662501e-01
4.085738648009005214e-01
4.073257743800156594e-01
4.069266371305204633e-01
4.069084363368573598e-01
4.072783306506676526e-01
4.069097641924460107e-01
4.063718927744280340e-01
4.062417098662424730e-01
4.064508112672466922e-01
4.062309054839786104e-01
4.058931618114433038e-01
4.061009901682429701e-01
4.064368428901594110e-01
4.068795680201456322e-01
4.056346293006905523e-01
4.057456589087480303e-01
4.058795071080470995e-01
4.054770383774078391e-01
4.055943354056769645e-01
4.057917680389165893e-01
4.066384397585636190e-01
4.058073563022481234e-01
4.060466874323669373e-01
4.055513401828895748e-01
4.058635438510626581e-01
4.053457509294073891e-01
4.054760846409787289e-01
4.054842531704935804e-01
4.058903274994952737e-01
4.052404764148175853e-01
4.051055332607145232e-01
4.055528097151985811e-01
4.053672835435980226e-01
4.051323539865342438e-01
4.058254557804105156e-01
4.053248896540941337e-01
4.054613588063463725e-01
4.052707899892240562e-01
4.056623109118209225e-01
4.056130812154857268e-01
4.054692877606461132e-01
4.051050385781916896e-01
4.052365279889610372e-01
4.052826011610696777e-01
4.058674711475112606e-01
4.050156895279823921e-01
4.064293646012033245e-01
4.051698001110127789e-01
4.056594095328436289e-01
4.055006444220414785e-01
4.053685297870012749e-01
4.052510281936475001e-01
4.066954083920966134e-01
4.049807302126997577e-01
4.053891245717903269e-01
4.052645342166431019e-01
4.056464618141059075e-01
4.049605941117709329e-01
4.051519273779905506e-01
4.048659146266753162e-01
4.051064875109097185e-01
4.047683792234194056e-01
4.052675695029338554e-01
4.049575301751029421e-01
4.070788503800291114e-01
4.050068044760914421e-01
4.050516893206602687e-01
4.049242304790893199e-01
4.047839582667733249e-01
4.048168718413081568e-01
4.076174589239693336e-01
4.054146261029475395e-01
4.050765505727237370e-01
4.045618322190669414e-01
4.048005815321560896e-01
4.044777278487717287e-01
4.045702269358404379e-01
4.045000210883055725e-01
4.040656139469452346e-01
4.039567543369187996e-01
4.049155527831262424e-01
4.042298718578378747e-01
4.040316311908303537e-01
4.039427111410654470e-01
4.053763316436070352e-01
4.039686285955265133e-01
4.043042196107542452e-01
4.038751471385635949e-01
4.039327691510946061e-01
4.040316417284972039e-01
4.044804975251531376e-01
4.044621180266337324e-01
4.037009130252358080e-01
4.034724729297857193e-01
4.039004464748964240e-01
4.035345318972486939e-01
4.033527524268498143e-01
4.042629412617751439e-01
4.048554294156938016e-01
4.035238956668026900e-01
4.040460060949287446e-01
4.034416749782176459e-01
4.036807401559550090e-01
4.034427585468517985e-01
4.034729992871977089e-01
4.035570028633666539e-01
4.042723715479483171e-01
4.036091886682154906e-01
4.040887822436691756e-01
4.032890883222076117e-01
4.053399437503686920e-01
4.036624251032658317e-01
4.042489632618985196e-01
4.035012072459687738e-01
4.029889913281448632e-01
4.029587952431510911e-01
4.038735262384198221e-01
4.030584000059870275e-01
4.030115835860356155e-01
4.026159869271747072e-01
4.023063785041684493e-01
4.024433791922091830e-01
4.023202005602626308e-01
4.021109495666252975e-01
4.029176766371952989e-01
4.019437398870498446e-01
4.020289767784290258e-01
4.021011113636863143e-01
4.025828460036719458e-01
4.020412191271044433e-01
4.024767724249682099e-01
4.020433287744979434e-01
4.027512461079399420e-01
4.021902155141582336e-01
4.041531995461630777e-01
4.020954825876566496e-01
4.032004060628834874e-01
4.021288747414734632e-01
4.016820775402893395e-01
4.022590850873811741e-01
4.023161206142432111e-01
4.016927800318825792e-01
4.021546005745408325e-01
4.018168471862184066e-01
4.032273899269083195e-01
4.018884591999181133e-01
4.025870510682910686e-01
4.017534926540766160e-01
4.018824456604685458e-01
4.019392629439691444e-01
4.021842291575322692e-01
4.014377337865517870e-01
4.019649134591425366e-01
4.017758707008113883e-01
4.030046751248606562e-01
4.014063418529787430e-01
4.019327827828768629e-01
4.015145706046876484e-01
4.020783343591822767e-01
4.015257326231005397e-01
4.020320496116628339e-01
4.013070161272595526e-01
4.019656955205351823e-01
4.013833499345842437e-01
4.029132668736566392e-01
4.012985476827206632e-01
4.022250901053540662e-01
4.014542832948740925e-01
4.017337834267387109e-01
4.013116428474789443e-01
4.019682199564710845e-01
4.013531834591571590e-01
4.016774614861289838e-01
4.012617496690703001e-01
4.023728960048342240e-01
4.014144911331277710e-01
4.018081825975712285e-01
4.014574765272252432e-01
4.021623492421056989e-01
4.016538127078862486e-01
4.017750976219838788e-01
4.013397176495447360e-01
4.016343887797705348e-01
4.014125517496469620e-01
4.035634877594801440e-01
4.012289390360000430e-01
4.016981498660058270e-01
4.014091200364824363e-01
4.019066504919189264e-01
4.013500096555131513e-01
4.013907958162653555e-01
4.018040932359115969e-01
4.013108339545164993e-01
4.011860871696913966e-01
4.012433114722516736e-01
4.010406569077195060e-01
4.010500035583779987e-01
4.012758569880121029e-01
4.010635632449265353e-01
4.011905953540552683e-01
4.010615763583811333e-01
4.011410474262178671e-01
4.011586908147110053e-01
4.009662850363103770e-01
4.011224214707978519e-01
4.010778511113874401e-01
4.009127442933599905e-01
4.010804278498449338e-01
4.009652816455496760e-01
4.010673121539885533e-01
4.009215070997029784e-01
4.013060192323318898e-01
4.008185815633977245e-01
4.008442271926968004e-01
4.006139017890522069e-01
4.006609789869319815e-01
4.004612963429891037e-01
4.005387417909053727e-01
4.004254150409200519e-01
4.007501085049957057e-01
4.004316880823758917e-01
4.008284143165382063e-01
4.004683588271054084e-01
4.002194862334969572e-01
4.002736576053605999e-01
4.003122472684131905e-01
4.002348087392177400e-01
4.006582381302402074e-01
4.002896049290075586e-01
4.002066312643415280e-01
4.002943455059196909e-01
4.004111965381026983e-01
4.001826979382732685e-01
3.999952771769760829e-01
4.000372836901730511e-01
4.001474859527949235e-01
3.999782571504286177e-01
3.999750480533349473e-01
3.998896871609788350e-01
3.999462021924968247e-01
3.999141739509965987e-01
4.000690885381423811e-01
3.998819456456490506e-01
3.999119249819722000e-01
3.998551310178091178e-01
3.999318994715360676e-01
3.998824650064011221e-01
4.000170463856682623e-01
4.000757698897806636e-01
3.999356952434412471e-01
3.998712753252567920e-01
3.998730285545891716e-01
3.998481865862040796e-01
3.999096606059562298e-01
3.998519613459378119e-01
3.998627085005905246e-01
3.997882177730967546e-01
3.998717588922928723e-01
3.998444046915045624e-01
3.997170542036740937e-01
3.997325422638752235e-01
3.998174805693524569e-01
3.998053193422835272e-01
3.998204761620046122e-01
3.998452179312311783e-01
3.999773456508388114e-01
4.000445483776322031e-01
3.997164647862809228e-01
3.997613151904139128e-01
3.996496010176238123e-01
3.996292001266684712e-01
3.996778539113299833e-01
3.996405813675812935e-01
3.997793819663729709e-01
3.995724671953975182e-01
3.998454321414633417e-01
3.997231479808616150e-01
3.994936206556579106e-01
3.995714520893288157e-01
3.996495811069348258e-01
3.994228271514226880e-01
3.996287604913303926e-01
3.994676550185418118e-01
3.998531565284933476e-01
3.995134229502065870e-01
3.994322658379184099e-01
3.993931252821099065e-01
3.992035882306603223e-01
3.991275208932977825e-01
3.993124714651879459e-01
3.991018730556692429e-01
3.993758912925595705e-01
3.991296474841596886e-01
3.992430396878345333e-01
3.990676490249902564e-01
3.990203894797715867e-01
3.990166694190906971e-01
3.991587638330405530e-01
3.990156324169354951e-01
3.993883631887173435e-01
3.990023611841840290e-01
3.990684268654917100e-01
3.990189137398279517e-01
3.990859292707072403e-01
3.990164228324263318e-01
3.991828350503387468e-01
3.990985877360971323e-01
3.992209843125242297e-01
3.990434799546845879e-01
3.992638824556040134e-01
3.990359862307170657e-01
3.990499805590728699e-01
3.991128371649003692e-01
3.990850793867045110e-01
3.989754095452700544e-01
3.990819074956966084e-01
3.992088137666323644e-01
3.987052609543234594e-01
3.987211850913555122e-01
3.987759842561865442e-01
3.986989726941383982e-01
3.993639743026118349e-01
3.990869923859370338e-01
3.986920558060329522e-01
3.987424726936615871e-01
3.987951848534428967e-01
3.987837660864902434e-01
3.989381101878272107e-01
3.987198076815660075e-01
3.987784197512704298e-01
3.987828740816636297e-01
3.989322420354118326e-01
3.987511884860569511e-01
3.988482887087415607e-01
3.987220940101233180e-01
3.989361611750745773e-01
3.986897720639857035e-01
3.986868329595684712e-01
3.988175455107382805e-01
3.985389897995145758e-01
3.986349434609571252e-01
3.988430472350572575e-01
3.986894387072873469e-01
3.985360317158646581e-01
3.985678498756303201e-01
3.987652658712270148e-01
3.986067569568493285e-01
3.984230592882326283e-01
3.983115458657362495e-01
3.984445092524144805e-01
3.982702341430476856e-01
3.983243089102441736e-01
3.983341076718259210e-01
3.980331674713077916e-01
3.979766019015942846e-01
3.978806871438495540e-01
3.980833407826947501e-01
3.979032784643455334e-01
3.979820400121085733e-01
3.979327144115009651e-01
3.978596777838319110e-01
3.979156147887260575e-01
3.978192106205493683e-01
3.978717136762864870e-01
3.978197812328186922e-01
3.979629983228442081e-01
3.978508649738423664e-01
3.979355653739523602e-01
3.979043699463006289e-01
3.979632656705256455e-01
3.978586675228087954e-01
3.978406086795973073e-01
3.978449844012862946e-01
3.978396369756412865e-01
3.978254147718416345e-01
3.981647808508275710e-01
3.980536201169929678e-01
3.982585877001175167e-01
3.978416141061317246e-01
3.983774143025584635e-01
3.980948563544888241e-01
3.977411335101305734e-01
3.978515952984623683e-01
3.977583086245650712e-01
3.976455149827278768e-01
3.977462625447675260e-01
3.976681718321374293e-01
3.974267173886893989e-01
3.973896672974426281e-01
3.974573033549730905e-01
3.975040476555915525e-01
3.973350547184125725e-01
3.973407670294227256e-01
3.974076823181037499e-01
3.973025651963088545e-01
3.973931070274864252e-01
3.973217176231479408e-01
3.974162104860188838e-01
3.974194760602716703e-01
3.974054831473283200e-01
3.973192628523418146e-01
3.973584982876812721e-01
3.972833721828951115e-01
3.973347316710140187e-01
3.972791395505317347e-01
3.972775725473458586e-01
3.972461782006774245e-01
3.972414529072679779e-01
3.972189801557939326e-01
3.976490512426625878e-01
3.972000085762220634e-01
3.981940239505327161e-01
3.972796418288137010e-01
3.976417478966594587e-01
3.972364699879236127e-01
3.968978679060986003e-01
3.968593581606181253e-01
3.968641560784122446e-01
3.968563842034530387e-01
3.969039242143357349e-01
3.968376126543823323e-01
3.965860588589873448e-01
3.966335746455231237e-01
3.965795169272747223e-01
3.966205921640824084e-01
3.966780995772110630e-01
3.966345802929732711e-01
3.970281131369179928e-01
3.966005491971580921e-01
3.970469652131409788e-01
3.966276240474454484e-01
3.967062895693967972e-01
3.966628231105062685e-01
3.966486263805939494e-01
3.965750257197598883e-01
3.966371434134979279e-01
3.965893456062453692e-01
3.965272364954756101e-01
3.965223759753240262e-01
3.970266335118248224e-01
3.964379119880186431e-01
3.963741204325504919e-01
3.963990714596568599e-01
3.967307379083869212e-01
3.965495581209003695e-01
3.966030414976923213e-01
3.965010706961583087e-01
3.964551214372417087e-01
3.963202184635041259e-01
3.964662423466690511e-01
3.962645810607505759e-01
3.963480761439264199e-01
3.962714149186267742e-01
3.965237653434665610e-01
3.961967737478908624e-01
3.963415752710657824e-01
3.962750492592123641e-01
3.964702496795263209e-01
3.961740171106604702e-01
3.963691554709903864e-01
3.961088697362112332e-01
3.964071846397941856e-01
3.960926583022371661e-01
3.963138076720443825e-01
3.961154933691617419e-01
3.962311723949502595e-01
3.961155544652420479e-01
3.961637461423175854e-01
3.960630884330213486e-01
3.961440874273989277e-01
3.960821028459387549e-01
3.961465102803397587e-01
3.960628690043879185e-01
3.963528437641713476e-01
3.963270327280548622e-01
3.963466793470187821e-01
3.960502270789518775e-01
3.962347711336673961e-01
3.960584808347950014e-01
3.962875282652844056e-01
3.960523508956777516e-01
3.964061961184570104e-01
3.961481074286489767e-01
3.960157051058150746e-01
3.960340886875652888e-01
3.960115718594202083e-01
3.961226140111560601e-01
3.960520496168274396e-01
3.959750623496699484e-01
3.960375608044067741e-01
3.959596634085371103e-01
3.960963681880408926e-01
3.959870223281517498e-01
3.959867459448533356e-01
3.959971826036893794e-01
3.964979513894161811e-01
3.959264979116540739e-01
3.961634909865219822e-01
3.959250551807082519e-01
3.963586257599582829e-01
3.958688198711296513e-01
3.958818543298432968e-01
3.957881298797112923e-01
3.958841818969507931e-01
3.958112048693560037e-01
3.960167529323559421e-01
3.957665206065278385e-01
3.963025906768600226e-01
3.958414710455284147e-01
3.959439060901778218e-01
3.956465249614788404e-01
3.957606419412049159e-01
3.956745291326893010e-01
3.959831863084997128e-01
3.956692037909830817e-01
3.959046386296869446e-01
3.956108111158702645e-01
3.957066957176509914e-01
3.957511885083208059e-01
3.957292757779282688e-01
3.955655730962548411e-01
3.957207292127619125e-01
3.955994623923034248e-01
3.957221860235924926e-01
3.956404977050592686e-01
3.957711406554217382e-01
3.956437525961301049e-01
3.958919396743140195e-01
3.958809466935355736e-01
3.955886516045053480e-01
3.955584951971087282e-01
3.959802135087761576e-01
3.955521149507909007e-01
3.956975029975416946e-01
3.955437233303230049e-01
3.957149865496240038e-01
3.955966486357740952e-01
3.955864128400107260e-01
3.955592362743858281e-01
3.957104542255208135e-01
3.955833833637246721e-01
3.957509612319405345e-01
3.955724182097282160e-01
3.957306662685574072e-01
3.955810430361039187e-01
3.957414567990742427e-01
3.955732021707212276e-01
3.957015967414931890e-01
3.955506468738531067e-01
3.954390940209348004e-01
3.954018034099409107e-01
3.954527225183348538e-01
3.954230191095288727e-01
3.954501644434557095e-01
3.953451423439140466e-01
3.955303966811370420e-01
3.953030038382015499e-01
3.953129037957094916e-01
3.953259704177358724e-01
3.952804507093343744e-01
3.954137347489823928e-01
3.951878284042291689e-01
3.951872156710325434e-01
3.953730823924138660e-01
3.953761893919283676e-01
3.953112515332931620e-01
3.951993535064068919e-01
3.954014773107460967e-01
3.952351028851956993e-01
3.954200221715291064e-01
3.951469899671569141e-01
3.956303620722996794e-01
3.952094624992733007e-01
3.951760203493109858e-01
3.952900789538932314e-01
3.954929122594295632e-01
3.951137836331913844e-01
3.953124287960333993e-01
3.952344923073090599e-01
3.951645996724741372e-01
3.950153315666496412e-01
3.952606417316579246e-01
3.949168891452601859e-01
3.950721090813905101e-01
3.948902712095498924e-01
3.949919256095289488e-01
3.948958142097766522e-01
3.951073074055591605e-01
3.949950164230983107e-01
3.948331950295302373e-01
3.948904115846765261e-01
3.949998633903444301e-01
3.948482503297093826e-01
3.948253242847426514e-01
3.948704744848340886e-01
3.951574451909391494e-01
3.948818850302207029e-01
3.948312801352787949e-01
3.948712967355324510e-01
3.948964969000375858e-01
3.949034540692809014e-01
3.948400313746998624e-01
3.948774441129128121e-01
3.948405082888941098e-01
3.948127513664836385e-01
3.949517853937328238e-01
3.948463515643310662e-01
3.950469271222696865e-01
3.948137870881647804e-01
3.947546463155076624e-01
3.948463533021150385e-01
3.948004192659586020e-01
3.947945297543372090e-01
3.947631499730253068e-01
3.948395920596577957e-01
3.948984141196749675e-01
3.947560931781546878e-01
3.947413131879000114e-01
3.946852866316236663e-01
3.948467967506087972e-01
3.947884111576737132e-01
3.947036425897578193e-01
3.948135832377117072e-01
3.946143727520444178e-01
3.947514444348992346e-01
3.946834295083150868e-01
3.946208262508606457e-01
3.947094761264695051e-01
3.947250575630075753e-01
3.949290566977050609e-01
3.946143691567371992e-01
3.947878110459753787e-01
3.946681624574621128e-01
3.947216445263737050e-01
3.946135713876842699e-01
3.947178643163137268e-01
3.946503795530269532e-01
3.947990055528305953e-01
3.946193932119007042e-01
3.947053210728557748e-01
3.946564410668682576e-01
3.948750928499109580e-01
3.946580499144219378e-01
3.952147134356047142e-01
3.946243284264546181e-01
3.947564676274811224e-01
3.946704930115710885e-01
3.947353229226271965e-01
3.946604771518151256e-01
3.946446239983715243e-01
3.946542866833282481e-01
3.946891109303991563e-01
3.946194545759821870e-01
3.946804185412280397e-01
3.946654325906564509e-01
3.946154044843566133e-01
3.946549388243951739e-01
3.946170753853318058e-01
3.946340393326997487e-01
3.946595660350326606e-01
3.946056776637093533e-01
3.946277405566634422e-01
3.945613623529747871e-01
3.947002157900256769e-01
3.945462766195685367e-01
3.946669623844164532e-01
3.945604847134245308e-01
3.946515099386419534e-01
3.946902131527049162e-01
3.945483999014919863e-01
3.945996288612059755e-01
3.948139935878011153e-01
3.945781865037231717e-01
3.948887252055443553e-01
3.946227311171178753e-01
3.946153952323878111e-01
3.946145086707598115e-01
3.947473074359789114e-01
3.946214691160358501e-01
3.945632635644473196e-01
3.946100570228833759e-01
3.945338039944983888e-01
3.944917311477044164e-01
3.944783108677605288e-01
3.944983349432474307e-01
3.944845479509502262e-01
3.944491354478751322e-01
3.945344764442597629e-01
3.944064006153660262e-01
3.945104294986022664e-01
3.943211616928669061e-01
3.942232046541879198e-01
3.942626405510282206e-01
3.942296510057474723e-01
3.942513788035270084e-01
3.941923443235125779e-01
3.942026185008233319e-01
3.941751434512608121e-01
3.941887587141137961e-01
3.942009434736012952e-01
3.941830014492589407e-01
3.941808112020157018e-01
3.941812001366467588e-01
3.941818327923008458e-01
3.941582635051310013e-01
3.941736827625428874e-01
3.941880185450117313e-01
3.941569206685607840e-01
3.941501254091947515e-01
3.940628307331123237e-01
3.940335876714519681e-01
3.940176200520170147e-01
3.939603238038997257e-01
3.939650316964508625e-01
3.940163737874888272e-01
3.940158779004458989e-01
3.939802124124673344e-01
3.939934839255004873e-01
3.940186344236333849e-01
3.939331897712749497e-01
3.939341138068811476e-01
3.939428992506239235e-01
3.940058012301760892e-01
3.939339692183906338e-01
3.939094266643232145e-01
3.939319509419284548e-01
3.938512483395286701e-01
3.938687311109630995e-01
3.938453652346525224e-01
3.938687408298559012e-01
3.938010418396031831e-01
3.938297068534230005e-01
3.937487258198343887e-01
3.937449568545619560e-01
3.937712253586161948e-01
3.937463516706135591e-01
3.937653139034266725e-01
3.937492243416471638e-01
3.937629470783627350e-01
3.937495044031453229e-01
3.938323741316212545e-01
3.937466434347685618e-01
3.937625880007548096e-01
3.937626992701231399e-01
3.936958879046441040e-01
3.937073913943369696e-01
3.937087239943413142e-01
3.937020229022080708e-01
3.937386861999619958e-01
3.937080937415429749e-01
3.937827857369383122e-01
3.937113433544038310e-01
3.936686789811190135e-01
3.936798818997066518e-01
3.937346428180401592e-01
3.936367503902782339e-01
3.937001017790472956e-01
3.936414319586733490e-01
3.936363062547182379e-01
3.936699997735710332e-01
3.936836412659993067e-01
3.936323312186056911e-01
3.936612898695026064e-01
3.936490465059471755e-01
3.936005774505720867e-01
3.935816907096174044e-01
3.936595100005285675e-01
3.935339698671910247e-01
3.936378038102901211e-01
3.935654029222329098e-01
3.935614585428415246e-01
3.935902913839401940e-01
3.935529394541971704e-01
3.935534209588310572e-01
3.935023235904716588e-01
3.935142207505740730e-01
3.934626011320671024e-01
3.934577337468938008e-01
3.934498418232954542e-01
3.934357853452026821e-01
3.934890342555532605e-01
3.934377710718905963e-01
3.934753245505908104e-01
3.934265415932239329e-01
3.934932258707949937e-01
3.934242022200122868e-01
3.934272018003773796e-01
3.934034168535258114e-01
3.935489583799203217e-01
3.933597669944131070e-01
3.933533089181917575e-01
3.934053163734201330e-01
3.933650337773654804e-01
3.933618380793142411e-01
3.933305322751422528e-01
3.932777661148265658e-01
3.933067395847729131e-01
3.932766422270576601e-01
3.932827637134415077e-01
3.932898847455146840e-01
3.932590615130338585e-01
3.932618337430478506e-01
3.932592578373698133e-01
3.932761045956081336e-01
3.933135469717554678e-01
3.932806302870047177e-01
3.933165842377577270e-01
3.932728524862291186e-01
3.933046665218785098e-01
3.932491347717964603e-01
3.932872635273903517e-01
3.932445606386329451e-01
3.932379978821305411e-01
3.932282606667648617e-01
3.932992559385268261e-01
3.932293391146434169e-01
3.932348265299399070e-01
3.932036842775946672e-01
3.931992482801686672e-01
3.931931430786357873e-01
3.932469582136062236e-01
3.931785347514312190e-01
3.931485836709271986e-01
3.931974222125506624e-01
3.931134360855677579e-01
3.931426444158000466e-01
3.931400173960539757e-01
3.931074584227001179e-01
3.931492510136966878e-01
3.931294732234354994e-01
3.932132487702511559e-01
3.931197232966456290e-01
3.931312113180682188e-01
3.930968729337287471e-01
3.932099192082733619e-01
3.930862802246423149e-01
3.930417663408019568e-01
3.930327277042748313e-01
3.930400948965702135e-01
3.930294113274044321e-01
3.930442111415017314e-01
3.930432910250509781e-01
3.930805037648787414e-01
3.930408219222953359e-01
3.930572817521386098e-01
3.930402819619274180e-01
3.930664754251659843e-01
3.930570599722574832e-01
3.931255735514159189e-01
3.930243733008432772e-01
3.930517181030725449e-01
3.930261303742749179e-01
3.930441319350751472e-01
3.930491569577618804e-01
3.930317416129819885e-01
3.930368312106429785e-01
3.930662277527454118e-01
3.930165780312726564e-01
3.930605930378900381e-01
3.930268803319156290e-01
3.930144811019664064e-01
3.930014978223854705e-01
3.929930598429883792e-01
3.930408906437544148e-01
3.930411872379271920e-01
3.930426400938908937e-01
3.929279616110956663e-01
3.929321266932340184e-01
3.929256493655008398e-01
3.929320772898264869e-01
3.930277285974217438e-01
3.929473075974957430e-01
3.929307193552055155e-01
3.929288296006081538e-01
3.929098489713424014e-01
3.929375300833086726e-01
3.929192318648443427e-01
3.929158502439565881e-01
3.929978937404483008e-01
3.929006455384875807e-01
3.928325132764183270e-01
3.928347935551106396e-01
3.928521168224849425e-01
3.928414960804971212e-01
3.928575929992378923e-01
3.928436475630482927e-01
3.928310463380549344e-01
3.928293369540716840e-01
3.929037056313975929e-01
3.928507080905896953e-01
3.928064008077207792e-01
3.928148265516362425e-01
3.928370364724963482e-01
3.928107780695306861e-01
3.928857342649388351e-01
3.928082683777796014e-01
3.928675632709169863e-01
3.928285060485960378e-01
3.928566141599147965e-01
3.928339902608067313e-01
3.927842776734601915e-01
3.927964785219447141e-01
3.927782083450419570e-01
3.927939378152243144e-01
3.928153962623953110e-01
3.927765667831937257e-01
3.928165088222063672e-01
3.927758722544016923e-01
3.928021817277894678e-01
3.927825769118874488e-01
3.927881696887259300e-01
3.927877819439301033e-01
3.928254437175455194e-01
3.927855460070854288e-01
3.928229192306159634e-01
3.927972473166595480e-01
3.928416377173123419e-01
3.927528815268225282e-01
3.927637029886718034e-01
3.927276357663487261e-01
3.927588565771965023e-01
3.927707666890776217e-01
3.927599926794024254e-01
3.927340831639781760e-01
3.927692429920484618e-01
3.927374303024955826e-01
3.928264474004684592e-01
3.927220169186210752e-01
3.927477004517907488e-01
3.927119587780922849e-01
3.927502348991560588e-01
3.927193971408778350e-01
3.927738151282930135e-01
3.927357888226414850e-01
3.927351667957263981e-01
3.927283955098829216e-01
3.928137914267956221e-01
3.927115846478490546e-01
3.928260746787652358e-01
3.927027971840071352e-01
3.927177487207135220e-01
3.927330896227579360e-01
3.926925033103630391e-01
3.926936825582363899e-01
3.927009240704242843e-01
3.926923631827421990e-01
3.927331504726568334e-01
3.926842037855381995e-01
3.927104404619893852e-01
3.927021752160579360e-01
3.926670624609227001e-01
3.926704331310994500e-01
3.927018736189651360e-01
3.926738739529281874e-01
3.927246872990194926e-01
3.926882183293783357e-01
3.927039453549018844e-01
3.926666420696168780e-01
3.926693138991994014e-01
3.926923516127207581e-01
3.926601590699969058e-01
3.926794887669598499e-01
3.927057250901658803e-01
3.926840034275898006e-01
3.926914187339967111e-01
3.926891476589373098e-01
3.926651922122782468e-01
3.926599658670247850e-01
3.927104593706592373e-01
3.926751666028324150e-01
3.926913524886344042e-01
3.926582628892121285e-01
3.926599701766350092e-01
3.926679705971943268e-01
3.926552243364764827e-01
3.926682079580029461e-01
3.927211303953504484e-01
3.926783788706246225e-01
3.926857371356672899e-01
3.926546649639933162e-01
3.927651885853367664e-01
3.926233961024397923e-01
3.925980108467740370e-01
3.926116312362367688e-01
3.926960826485447198e-01
3.926234325475107534e-01
3.925768458858288068e-01
3.925812420714834827e-01
3.926223590022435705e-01
3.925915219257326005e-01
3.925704226272802022e-01
3.925838810568161308e-01
3.926000474062814050e-01
3.925649969618343893e-01
3.926257962172550187e-01
3.925806444799658790e-01
3.925844075027110636e-01
3.925670831190620214e-01
3.926699031317981148e-01
3.925804081264550605e-01
3.925530902134142797e-01
3.925473975891961009e-01
3.925800648138565441e-01
3.925529134680013077e-01
3.925654239160316639e-01
3.925563931170761300e-01
3.925597211104409068e-01
3.925465015599643448e-01
3.925814055631037802e-01
3.925534644461167733e-01
3.926461298671429789e-01
3.925788732120334412e-01
3.926292011292686346e-01
3.925305948766711905e-01
3.925767368549765712e-01
3.925457700992436294e-01
3.925952703302700852e-01
3.925409839366174047e-01
3.925201127759243569e-01
3.925587280918871325e-01
3.924903590960605038e-01
