1.046812702835487663e+00
1.046812702835487663e+00
1.046812702835487663e+00
1.045734424434442200e+00
1.004391991551201846e+00
1.003796208338007867e+00
9.789903736625775732e-01
9.789903736625773512e-01
9.789903736625776842e-01
9.789903736625776842e-01
9.789903736625775732e-01
9.789903736625776842e-01
9.985048751342914253e-01
9.810363657464491460e-01
9.789903736625776842e-01
9.789903736625776842e-01
9.789903736625775732e-01
8.965050601448487644e-01
8.965050601448487644e-01
8.965050601448487644e-01
1.067182260154458939e+00
8.965050601448486534e-01
9.757754754609694325e-01
8.965050601448487644e-01
9.622458538659376392e-01
8.985941965189041536e-01
9.073010184015424251e-01
9.000194268925317820e-01
8.965050601448487644e-01
9.058826728361434322e-01
8.965050601448487644e-01
9.401446660793372212e-01
8.965050601448489864e-01
9.141316676407791331e-01
8.965050601448487644e-01
8.963834807876260857e-01
8.965869066101268547e-01
8.982690151628580644e-01
8.963834807876257527e-01
9.010713048044737272e-01
8.963834807876257527e-01
9.112825673611142374e-01
8.963834807876260857e-01
9.172168708733479114e-01
8.984383592163851517e-01
9.357961885673427016e-01
8.991929670100282657e-01
9.083304744182079116e-01
9.006785251067521703e-01
8.972854808774619606e-01
8.954304188626555083e-01
8.954545099740559566e-01
8.960384541322005125e-01
8.954870728148038861e-01
9.091884330202228970e-01
8.955049074844591006e-01
8.935687789925704783e-01
8.936271525237697855e-01
8.972698449137433974e-01
8.937685276053893846e-01
8.979861084165767782e-01
8.942321380844052703e-01
8.938944709242093722e-01
9.027039262347387183e-01
8.928142028135946928e-01
8.927789868900836145e-01
8.933090491509176889e-01
8.927789868900833925e-01
8.896287866893599627e-01
8.899920950900847005e-01
8.896287866893599627e-01
8.881557506319582851e-01
8.875594920508120822e-01
8.875594920508118602e-01
8.888151576083438421e-01
8.875686626312786487e-01
8.870537808907470456e-01
8.869470732928700363e-01
8.877497463320315196e-01
8.869323853602598673e-01
8.894907445544862901e-01
8.872678961648903240e-01
8.869231639645369647e-01
8.869155964004848958e-01
8.879403435088881746e-01
8.868866219430341369e-01
8.861288968761875662e-01
8.861288968761874552e-01
8.852285458123400064e-01
8.858675474871111621e-01
8.855793089813175367e-01
8.851205195430447148e-01
8.849969233447003703e-01
8.854161115486721689e-01
8.850407041992722768e-01
8.853666577113107339e-01
8.849969233447003703e-01
8.849829283831948112e-01
8.850315459968391973e-01
8.856330269255210386e-01
8.850464211685976634e-01
8.858367050412647714e-01
8.849892922321480615e-01
8.852042032818807638e-01
8.849949218167869613e-01
8.850758504583042807e-01
8.850037338420526645e-01
8.855122735310291260e-01
8.852303338517327758e-01
8.849898583470637847e-01
8.854372264084588995e-01
8.847815036436628144e-01
8.846822124128195242e-01
8.846170929531819160e-01
8.845843078977482232e-01
8.845905393755438828e-01
8.846096565615327867e-01
8.845656480857376769e-01
8.845558888535323128e-01
8.845037335831791303e-01
8.845854725675147412e-01
8.845012158427261184e-01
8.845899504578254025e-01
8.846627223427131481e-01
8.845437807985516709e-01
8.845071922212819349e-01
8.844233350821646411e-01
8.844008629137417588e-01
8.844259306691120148e-01
8.844211772092694934e-01
8.843271829263243955e-01
8.844527268920433505e-01
8.846281531245581142e-01
8.843096035333735117e-01
8.846860740095020548e-01
8.843355541080425430e-01
8.843585674867164848e-01
8.843181592238978928e-01
8.842886919267117785e-01
8.842850676022347978e-01
8.843263309636885117e-01
8.842870430262044223e-01
8.843396406670539500e-01
8.842536418327753278e-01
8.843500075171639718e-01
8.842503603413189861e-01
8.845265432212802148e-01
8.842559857456121497e-01
8.844278174582048679e-01
8.842809082335181259e-01
8.843542819247641740e-01
8.843010030641154096e-01
8.842401673208406532e-01
8.843149070551568069e-01
8.842445994147506427e-01
8.842526622225653776e-01
8.842559458824256202e-01
8.842783591956122624e-01
8.842503006744062422e-01
8.842500524025724840e-01
8.842464125875970637e-01
8.842748263265465258e-01
8.842218672497549337e-01
8.842318759502535430e-01
8.842276002915683275e-01
8.842287798516172970e-01
8.842393113558874029e-01
8.842162576673153751e-01
8.842186287471153205e-01
8.842024689197730547e-01
8.842005821838386792e-01
8.842095149572133383e-01
8.841582022376526240e-01
8.841387455775649995e-01
8.841205151258721973e-01
8.841189553682509139e-01
8.841237388988748558e-01
8.840950742148256936e-01
8.840829350351813165e-01
8.840813991338200006e-01
8.840824601317474052e-01
8.840877912872523448e-01
8.840912195793936279e-01
8.840525197986625061e-01
8.840508793399379783e-01
8.840469680930544971e-01
8.840265732881888994e-01
8.840242502432305027e-01
8.840321086477735957e-01
8.840293914638931438e-01
8.840210591057630074e-01
8.840177279241332453e-01
8.840049015701259005e-01
8.840057126831449841e-01
8.840061714258834469e-01
8.839983008615666105e-01
8.839959574395968023e-01
8.840006947921281721e-01
8.840021032686862235e-01
8.839962483243032354e-01
8.839883166377827672e-01
8.840182711241988400e-01
8.839825820988057581e-01
8.840030269693657239e-01
8.839794571001506895e-01
8.839816031197772483e-01
8.839802659140939545e-01
8.839808201560120926e-01
8.839715778448943295e-01
8.839568072405725729e-01
8.839582677248769560e-01
8.839622235714941212e-01
8.839699141826296014e-01
8.839751463631951856e-01
8.839522154577307278e-01
8.839561892743574845e-01
8.839438547629037135e-01
8.839301127170455796e-01
8.839036209056347904e-01
8.838939628829524109e-01
8.838911029871562297e-01
8.838901014998234995e-01
8.838900185714985147e-01
8.838857691130874716e-01
8.838736669499349663e-01
8.838708492798625915e-01
8.838774970927296692e-01
8.838717999461136454e-01
8.838699444134695549e-01
8.838752052855740615e-01
8.838689171008634604e-01
8.838749062026015624e-01
8.838702962157112264e-01
8.838605596322728353e-01
8.838676956144053687e-01
8.838586320991745904e-01
8.838748822564513885e-01
8.838886744007206087e-01
8.838390104231992339e-01
8.838261531427152873e-01
8.838262920301896974e-01
8.838368893298691464e-01
8.838246744192649329e-01
8.838250314467867019e-01
8.838226924875242085e-01
8.838343602564755486e-01
8.838189579156480180e-01
8.838180844783901646e-01
8.838112375613504934e-01
8.838160074775032182e-01
8.838133226582234325e-01
8.838016164107209693e-01
8.838012079156140066e-01
8.837890084236716959e-01
8.837940410703720717e-01
8.837806405104590146e-01
8.837697331135311307e-01
8.837661877883652428e-01
8.837902701015570850e-01
8.837656692223736510e-01
8.837599625918878266e-01
8.837389513224542803e-01
8.837387325067020960e-01
8.837388111819225456e-01
8.837389219971084620e-01
8.837377621545934314e-01
8.837431794377940131e-01
8.837448293152498913e-01
8.837371641913517317e-01
8.837426014739435676e-01
8.837395669431205025e-01
8.837386695622503341e-01
8.837308033750637115e-01
8.837369314301235512e-01
8.837350190068788969e-01
8.837329908592291838e-01
8.837164498824834347e-01
8.837187403755660808e-01
8.837114687625386988e-01
8.837097866306758975e-01
8.837297393347834928e-01
8.836976477555898990e-01
8.837060380306747120e-01
8.836955633179466307e-01
8.836908993757608410e-01
8.836912444299029890e-01
8.836901221909075899e-01
8.836876524805202804e-01
8.836874739653269861e-01
8.836955096960569245e-01
8.836782681007073759e-01
8.836787585217574792e-01
8.836805935795805089e-01
8.836811538079426542e-01
8.836890486762782881e-01
8.836746173663133641e-01
8.836991795351745171e-01
8.836789887351850226e-01
8.836813238512044588e-01
8.836790429656198320e-01
8.836649399975824437e-01
8.837103029377650909e-01
8.836639101702603583e-01
8.836588717469607834e-01
8.836576231154551486e-01
8.836647292149499844e-01
8.836492835685290093e-01
8.836571527224366118e-01
8.836492573631847813e-01
8.836491522811077415e-01
8.836529293505189786e-01
8.836675879905584452e-01
8.836557581288760899e-01
8.836466735423235130e-01
8.836387044535159996e-01
8.836269060363851624e-01
8.836249863131238058e-01
8.836255034106746953e-01
8.836266520882274378e-01
8.836303502325115744e-01
8.836302595777469904e-01
8.836292669334171457e-01
8.836399192520242307e-01
8.836377931960713861e-01
8.836297367535359548e-01
8.836253982031881948e-01
8.836217427373617150e-01
8.836141359268888662e-01
8.836048416354180812e-01
8.836076377317392261e-01
8.836043280108925035e-01
8.836127261306100378e-01
8.836029933543881887e-01
8.836058346938506780e-01
8.836026616063089589e-01
8.836218718857237198e-01
8.836089666447832780e-01
8.836051959256384647e-01
8.835948516750358195e-01
8.836015988979240010e-01
8.835993576148011286e-01
8.835893178992910713e-01
8.835943333390778864e-01
8.835872003647944339e-01
8.835870002431031045e-01
8.835986869345932027e-01
8.835875385901135193e-01
8.835964720296842767e-01
8.836047761214833596e-01
8.835720905076067666e-01
8.835717666236015955e-01
8.835745634301476192e-01
8.835648642144329212e-01
8.835641891207682841e-01
8.835712439489339376e-01
8.835640442033284581e-01
8.835705404463560786e-01
8.835618072781566967e-01
8.835566748052732233e-01
8.835563744607135561e-01
8.835699733299205993e-01
8.835603706183799977e-01
8.835718103293584980e-01
8.835587784715377424e-01
8.835514543957048161e-01
8.835467566276616891e-01
8.835582807398080218e-01
8.835464159150270280e-01
8.835668643752716545e-01
8.835461311582980537e-01
8.835542967408231974e-01
8.835463701975060369e-01
8.835540539698566453e-01
8.835432997461419857e-01
8.835433781580038781e-01
8.835402042923842236e-01
8.835419229447774025e-01
8.835393229733251586e-01
8.835390452307575471e-01
8.835391146111158944e-01
8.835408500332688764e-01
8.835392071349210674e-01
8.835454908534210450e-01
8.835427555051152959e-01
8.835384235630098226e-01
8.835434254768259610e-01
8.835368471680866698e-01
8.835348640850597679e-01
8.835363652372633103e-01
8.835332488399355588e-01
8.835314662180419054e-01
8.835281636533474092e-01
8.835329101558209164e-01
8.835270380012614222e-01
8.835274679007474319e-01
8.835254427588746795e-01
8.835243024408561130e-01
8.835193416906345076e-01
8.835155156012516331e-01
8.835177740458041162e-01
8.835149690079773244e-01
8.835146484483312745e-01
8.835139512893399605e-01
8.835138996650283572e-01
8.835140484053765064e-01
8.835168553819675585e-01
8.835129753044865808e-01
8.835175476929396643e-01
8.835111646781731443e-01
8.835093068400119432e-01
8.835090263375049435e-01
8.835088154084145273e-01
8.835085352283963411e-01
8.835071264267509994e-01
8.835034196198308099e-01
8.835007940009663718e-01
8.835012190272057975e-01
8.835037254371426174e-01
8.835017343800305456e-01
8.834994103149770295e-01
8.834974231078740470e-01
8.834940362472943898e-01
8.834938950211391750e-01
8.834955823937714614e-01
8.834979845928122577e-01
8.834929102994864003e-01
8.834946033754972339e-01
8.834911088240076094e-01
8.834890469041176697e-01
8.834889962386860418e-01
8.834878448924731176e-01
8.834878549735906139e-01
8.834869343651393647e-01
8.834919658635831397e-01
8.834885646551103866e-01
8.834863452162086128e-01
8.834908176887876774e-01
8.834817596234580961e-01
8.834812534232361347e-01
8.834810932176637710e-01
8.834812164310776872e-01
8.834822490733070799e-01
8.834791004157628302e-01
8.834800351709637400e-01
8.834793757675537540e-01
8.834774388716423177e-01
8.834772585942024525e-01
8.834787048585714953e-01
8.834801585770516441e-01
8.834794096292161170e-01
8.834771443385337486e-01
8.834781053371649762e-01
8.834776681113993835e-01
8.834784871602844314e-01
8.834777527518705709e-01
8.834737375545167470e-01
8.834732473115982643e-01
8.834730745711890654e-01
8.834749139311514066e-01
8.834735190276920003e-01
8.834729195043197203e-01
8.834732666910509735e-01
8.834782898491003733e-01
8.834727131745019335e-01
8.834686954701318484e-01
8.834698199613445491e-01
8.834688480020773671e-01
8.834687074478360103e-01
8.834682421302546551e-01
8.834699837693440472e-01
8.834670873923748946e-01
8.834682373731636007e-01
8.834681200262654022e-01
8.834676023950829293e-01
8.834675276403397559e-01
8.834668742310385348e-01
8.834723495722938136e-01
8.834648311308425095e-01
8.834620346166295324e-01
8.834630381584345216e-01
8.834624012027025852e-01
8.834635598243478771e-01
8.834623475613634369e-01
8.834623578945576261e-01
8.834654612133380214e-01
8.834617579438076573e-01
8.834623397805116962e-01
8.834640227095016396e-01
8.834602667082891436e-01
8.834596938211726203e-01
8.834593160250870936e-01
8.834560084045863793e-01
8.834579235062643976e-01
8.834558466213968675e-01
8.834576735182080309e-01
8.834552563692542604e-01
8.834529859109898631e-01
8.834524424360753470e-01
8.834576314550659504e-01
8.834514880739314791e-01
8.834517530242793626e-01
8.834518978551544333e-01
8.834500619369562990e-01
8.834501876365763451e-01
8.834503340107195957e-01
8.834497254239020991e-01
8.834509412842737053e-01
8.834497647361880812e-01
8.834541928916278541e-01
8.834488366112981383e-01
8.834497528452422976e-01
8.834498207623082688e-01
8.834518550066574605e-01
8.834484831678021122e-01
8.834460969997790514e-01
8.834455571883824687e-01
8.834457625724235763e-01
8.834477732447416631e-01
8.834469771100130764e-01
8.834468702049007582e-01
8.834426747572178273e-01
8.834427520959167168e-01
8.834426286198903133e-01
8.834464060817952547e-01
8.834426062697074977e-01
8.834394095565194505e-01
8.834383291603193911e-01
8.834384061639811714e-01
8.834396541599227604e-01
8.834389752076985403e-01
8.834405942601012418e-01
8.834384042174040497e-01
8.834423295502612516e-01
8.834381315189235861e-01
8.834380134181730737e-01
8.834388503686150251e-01
8.834369168414865081e-01
8.834351052964480866e-01
8.834352031391861093e-01
8.834348763418015116e-01
8.834347134982969418e-01
8.834350657916006933e-01
8.834393748753301967e-01
8.834353781118134963e-01
8.834373869654610356e-01
8.834385709972704115e-01
8.834313475374941937e-01
8.834309803664989191e-01
8.834314236146829646e-01
8.834310977411421462e-01
8.834310270301389822e-01
8.834308890956754645e-01
8.834323192234072586e-01
8.834333562411031959e-01
8.834298759987226912e-01
8.834306971798688846e-01
8.834321626188778032e-01
8.834285413336757653e-01
8.834278561821746756e-01
8.834237421612672891e-01
8.834227501532299076e-01
8.834226502934819925e-01
8.834220310896023776e-01
8.834209708889712021e-01
8.834187753842739355e-01
8.834212437088234671e-01
8.834189815858748407e-01
8.834229635260393287e-01
8.834174848682705417e-01
8.834174804118427593e-01
8.834181659803703734e-01
8.834166757161147077e-01
8.834172915779008317e-01
8.834196607595037332e-01
8.834174783517655394e-01
8.834223489758914472e-01
8.834166801423545268e-01
8.834190065655379565e-01
8.834204287060076766e-01
8.834178732054629446e-01
8.834163223118881580e-01
8.834171354873502358e-01
8.834159764946889482e-01
8.834125429790472550e-01
8.834152074647535491e-01
8.834116035831162117e-01
8.834115565569528039e-01
8.834117254389209917e-01
8.834152508842458840e-01
8.834114797431689148e-01
8.834112707453656288e-01
8.834106334769671331e-01
8.834096465375108620e-01
8.834092332156818772e-01
8.834052848478994857e-01
8.834039142978353798e-01
8.834031642738897627e-01
8.834066571871204143e-01
8.834029736353609108e-01
8.834016836487018631e-01
8.834024391463456416e-01
8.834029128342063553e-01
8.834012709272713870e-01
8.834034604801698221e-01
8.834033040418747262e-01
8.833989123978137625e-01
8.834000837197089062e-01
8.833991324178870341e-01
8.834015277354309026e-01
8.833982645291944547e-01
8.833993554771569778e-01
8.833985323539411683e-01
8.834024403077476162e-01
8.833987286400981631e-01
8.833981732360027816e-01
8.833978341931834066e-01
8.833969449696177367e-01
8.833978802106062789e-01
8.833986327125058491e-01
8.833981489337114912e-01
8.833968370507570000e-01
8.833939206597091198e-01
8.833933411909578037e-01
8.833931133139510949e-01
8.833933653919204820e-01
8.833932023876106543e-01
8.833908267573518103e-01
8.833930555681765995e-01
8.833904319822932782e-01
8.833901883978547698e-01
8.833894144299863083e-01
8.833890484929023401e-01
8.833901761681324238e-01
8.833864021524129306e-01
8.833866444265205953e-01
8.833887362947169253e-01
8.833856828799421246e-01
8.833901064088304222e-01
8.833863930087136884e-01
8.833853574572584355e-01
8.833850455406406788e-01
8.833865592486253027e-01
8.833822879534173333e-01
8.833816444547366586e-01
8.833814603502713192e-01
8.833808788815250557e-01
8.833811018297771378e-01
8.833808767285954433e-01
8.833808084569176877e-01
8.833825588570212162e-01
8.833799597130296277e-01
8.833817452050863883e-01
8.833792288386468350e-01
8.833810661471317438e-01
8.833788996202759369e-01
8.833809105687713270e-01
8.833789662319575520e-01
8.833792104511317689e-01
8.833782805663161763e-01
8.833821198616546022e-01
8.833776919738693945e-01
8.833766518079732011e-01
8.833776616243685931e-01
8.833867846122712697e-01
8.833763752309667927e-01
8.833773022313167189e-01
8.833769215909422767e-01
8.833785120376350664e-01
8.833767761447265388e-01
8.833759558820046820e-01
8.833744240235116285e-01
8.833750200885632786e-01
8.833737672481899450e-01
8.833740450216855944e-01
8.833767230356105449e-01
8.833737512154342664e-01
8.833751295780118973e-01
8.833737110770834011e-01
8.833745574883449247e-01
8.833731903907642291e-01
8.833703876858453041e-01
8.833701798329831600e-01
8.833701641447549990e-01
8.833703332015326870e-01
8.833705848029463903e-01
8.833707633834295692e-01
8.833701766514570064e-01
8.833696107337219994e-01
8.833694220382893869e-01
8.833700745843235946e-01
8.833700556721898467e-01
8.833682850312607471e-01
8.833677353768245588e-01
8.833668382557317011e-01
8.833664413937843962e-01
8.833665778892927367e-01
8.833656441182859975e-01
8.833656885852393392e-01
8.833650878801154738e-01
8.833647525118185628e-01
8.833625523247222722e-01
8.833622697096056298e-01
8.833621404438082303e-01
8.833618863187593373e-01
8.833617222294838367e-01
8.833605604674177325e-01
8.833582643050765792e-01
8.833585214790466988e-01
8.833584025873586487e-01
8.833584228848652131e-01
8.833587547851478039e-01
8.833578060435210988e-01
8.833583351370408732e-01
8.833566566437953682e-01
8.833567929774774896e-01
8.833563341964103532e-01
8.833559972619501321e-01
8.833557277229560079e-01
8.833542511749532533e-01
8.833543916301864751e-01
8.833543474256873029e-01
8.833568643351361604e-01
8.833545144128113202e-01
8.833533138404715546e-01
8.833529009548021227e-01
8.833534605599165923e-01
8.833518068481298613e-01
8.833513860505332049e-01
8.833517600519601443e-01
8.833508838787987871e-01
8.833509419843795785e-01
8.833510917447350286e-01
8.833507652862009341e-01
8.833519534713281107e-01
8.833518098974835198e-01
8.833515529086839457e-01
8.833517302644897651e-01
8.833482825893079760e-01
8.833482544464870134e-01
8.833481589235565590e-01
8.833480746893590529e-01
8.833482120596789500e-01
8.833481175572767130e-01
8.833478383809123535e-01
8.833487861019994059e-01
8.833476342390802483e-01
8.833489367825060334e-01
8.833483175079118732e-01
8.833480516594889309e-01
8.833471265619182722e-01
8.833458980235077140e-01
8.833453307320630055e-01
8.833453771328768633e-01
8.833447100272610042e-01
8.833446810878310407e-01
8.833441004178504974e-01
8.833439181727513745e-01
8.833468867691248727e-01
8.833433722841355085e-01
8.833433513828478079e-01
8.833429904536387323e-01
8.833423277927814343e-01
8.833418289908430143e-01
8.833409082774318355e-01
8.833413610301361629e-01
8.833409472335802537e-01
8.833410669725869635e-01
8.833419957877142181e-01
8.833410104444985311e-01
8.833416361237957926e-01
8.833405928931001849e-01
8.833424605139321706e-01
8.833404772620625511e-01
8.833383815437967357e-01
8.833374064180758989e-01
8.833386207017174252e-01
8.833375403949003113e-01
8.833378616489715451e-01
8.833376018032181864e-01
8.833385298749953929e-01
8.833370111137706093e-01
8.833372295868368029e-01
8.833370855285904710e-01
8.833355467470682676e-01
8.833341199799489285e-01
8.833345485567727362e-01
8.833342787711434552e-01
8.833334367893288519e-01
8.833336047066522312e-01
8.833328343349241552e-01
8.833327811139791708e-01
8.833325664977446090e-01
8.833325422458125908e-01
8.833325269989265038e-01
8.833332284157994208e-01
8.833300895128823882e-01
8.833294124641218881e-01
8.833290054237636912e-01
8.833290544635934438e-01
8.833293167774101118e-01
8.833282835691556034e-01
8.833272089991995868e-01
8.833279186410865069e-01
8.833270926326457495e-01
8.833277441075165770e-01
8.833276685414249707e-01
8.833261405593630933e-01
8.833262443338527614e-01
8.833247801822255996e-01
8.833248034413287986e-01
8.833249981535448159e-01
8.833252819387550359e-01
8.833248197471140761e-01
8.833247892868647533e-01
8.833248394196757669e-01
8.833250937963732508e-01
8.833247451726116140e-01
8.833255251310002665e-01
8.833248156216655378e-01
8.833239603511234828e-01
8.833236324086880531e-01
8.833233095966244175e-01
8.833238634573299386e-01
8.833207312199521377e-01
8.833194592264492773e-01
8.833181121720641293e-01
8.833176504003441565e-01
8.833177492924958463e-01
8.833182082124328982e-01
8.833178838455670867e-01
8.833176040711275823e-01
8.833175071998473626e-01
8.833178293103803869e-01
8.833178513087369677e-01
8.833179154234711561e-01
8.833176359843519787e-01
8.833176779328484329e-01
8.833175813531949361e-01
8.833176093407855145e-01
8.833182232277863033e-01
8.833176787577483591e-01
8.833189868982787019e-01
8.833164828256985235e-01
8.833148685765352948e-01
8.833155320336304461e-01
8.833157501663095879e-01
8.833142976647463396e-01
8.833150296398299961e-01
8.833155648400969895e-01
8.833143489730542752e-01
8.833123690445700005e-01
8.833113050140755096e-01
8.833105240880001485e-01
8.833104192236608254e-01
8.833095100955988821e-01
8.833094917156556480e-01
8.833095348063564334e-01
8.833095966496239404e-01
8.833088855668923545e-01
8.833089258579084335e-01
8.833087865572334385e-01
8.833087427075044795e-01
8.833086598035696513e-01
8.833088997966278555e-01
8.833095930941946561e-01
8.833089228514141578e-01
8.833072049783102786e-01
8.833067802459640960e-01
8.833068408022429763e-01
8.833075411073251226e-01
8.833066918339472773e-01
8.833075827187670814e-01
8.833066072661824863e-01
8.833075888115610175e-01
8.833071361508008090e-01
8.833072324992292668e-01
8.833067660635274265e-01
8.833064245689185023e-01
8.833067865633414950e-01
8.833065827774463363e-01
8.833062423250094275e-01
8.833043969761315006e-01
8.833044627824713224e-01
8.833046196691247687e-01
8.833048143301122090e-01
8.833041481662291527e-01
8.833041788673108297e-01
8.833044016837975354e-01
8.833044176205629983e-01
8.833042664695738289e-01
8.833038922569158569e-01
8.833029781146758408e-01
8.833025308262285602e-01
8.833026209182855970e-01
8.833025060525465655e-01
8.833024841368345426e-01
8.833022663583833811e-01
8.833024974927031758e-01
8.833021258504425433e-01
8.833020311501202926e-01
8.833016222788449001e-01
8.833015588785210204e-01
8.833019132120091266e-01
8.833012812091871613e-01
8.833011525782029638e-01
8.833005206011751431e-01
8.833008385920392280e-01
8.832998723182476919e-01
8.832995216906480707e-01
8.832995369028706634e-01
8.832994744908891915e-01
8.832993298947884320e-01
8.832986719233689721e-01
8.832981066085161537e-01
8.832979231795201613e-01
8.832979894199918247e-01
8.832979610019975336e-01
8.832979815688114522e-01
8.832979488555271486e-01
8.832979010721089264e-01
8.832977617736885723e-01
8.832973775925249127e-01
8.832967733178175296e-01
8.832963597758434204e-01
8.832957685141926696e-01
8.832953163871311020e-01
8.832946832547308169e-01
8.832940308190136980e-01
8.832936981869876636e-01
8.832937220596636108e-01
8.832936324262975480e-01
8.832934083220662647e-01
8.832932253796272892e-01
8.832927587322336738e-01
8.832916614620623941e-01
8.832911190614863850e-01
8.832913537342560462e-01
8.832912312490639462e-01
8.832908941060191310e-01
8.832910980894803643e-01
8.832907866614315706e-01
8.832906687367270138e-01
8.832899613590405874e-01
8.832897951676976778e-01
8.832897659327055839e-01
8.832894981290718706e-01
8.832895593765088815e-01
8.832897374928818657e-01
8.832892883737560874e-01
8.832892734836788051e-01
8.832893448329738328e-01
8.832889240093438898e-01
8.832886521294770477e-01
8.832895311730430965e-01
8.832886174534794188e-01
8.832878408001650916e-01
8.832873664590579210e-01
8.832869464896427880e-01
8.832869083588397174e-01
8.832867852697530164e-01
8.832866979777249661e-01
8.832865458995309282e-01
8.832864313919420729e-01
8.832869860345062829e-01
8.832862930412636038e-01
8.832857040536767901e-01
8.832861865166912185e-01
8.832856955480213879e-01
8.832851820241627294e-01
8.832846472696189721e-01
8.832844846815222084e-01
8.832844975672784482e-01
8.832846411597817804e-01
8.832844726407454994e-01
8.832842676844669949e-01
8.832842160927630859e-01
8.832847234959535498e-01
8.832842368214334217e-01
8.832844262083835440e-01
8.832843261497174137e-01
8.832843134504363425e-01
8.832839090498788570e-01
8.832831852451871191e-01
8.832831903003667273e-01
8.832832203527428705e-01
8.832829163660411709e-01
8.832825716310944708e-01
8.832825673793771593e-01
8.832824720920878780e-01
8.832830480080863245e-01
8.832822941122464577e-01
8.832814985847967648e-01
8.832811773519468890e-01
8.832812187999271591e-01
8.832811828283101407e-01
8.832811583468611616e-01
8.832813223912067135e-01
8.832811815590837501e-01
8.832809525659932604e-01
8.832809988592265071e-01
8.832810629647601663e-01
8.832809337900817681e-01
8.832807128064723567e-01
8.832798287564171957e-01
8.832798918040525304e-01
8.832798828878100084e-01
8.832796398109259428e-01
8.832795869796005173e-01
8.832796870384985732e-01
8.832795927188639151e-01
8.832790533799371735e-01
8.832784880625601520e-01
8.832780803923537816e-01
8.832779637297544229e-01
8.832778743210050187e-01
8.832777510345687366e-01
8.832779218668912469e-01
8.832771552019096362e-01
8.832773034861903794e-01
8.832772394644695657e-01
8.832771346286738545e-01
8.832770776867846507e-01
8.832770337288804452e-01
8.832767584298414354e-01
8.832767263988168249e-01
8.832769230082261336e-01
8.832758428672836670e-01
8.832757117552102466e-01
8.832757450110302333e-01
8.832755184358846989e-01
8.832755306771947756e-01
8.832748781203351163e-01
8.832746915306344260e-01
8.832750701823873785e-01
8.832745388291316502e-01
8.832740430360442874e-01
8.832736299857014695e-01
8.832737525757833330e-01
8.832732531637526030e-01
8.832729382642490190e-01
8.832729383198735240e-01
8.832728719008681173e-01
8.832727833268485540e-01
8.832731754695026805e-01
8.832727107168083513e-01
8.832730694566967022e-01
8.832727526832305776e-01
8.832720378699234764e-01
8.832713700317020855e-01
8.832713329231280941e-01
8.832713867187048651e-01
8.832710998874150343e-01
8.832708125326071968e-01
8.832703416936292795e-01
8.832698986497033999e-01
8.832699424365547669e-01
8.832698827707373690e-01
8.832694698836436320e-01
8.832694491400685521e-01
8.832696305494184275e-01
8.832692543601963209e-01
8.832692203690403199e-01
8.832690359730479557e-01
8.832687355398931572e-01
8.832686915787653081e-01
8.832688147373966014e-01
8.832685151006847146e-01
8.832685169818058624e-01
8.832682147924832972e-01
8.832676099194829433e-01
8.832670453844190250e-01
8.832669050361862118e-01
8.832667473927406920e-01
8.832667473802745528e-01
8.832666822836636733e-01
8.832664288897843496e-01
8.832662047133239547e-01
8.832662471422109141e-01
8.832660783381588443e-01
8.832656247597571175e-01
8.832658171936422775e-01
8.832655722011677479e-01
8.832656204541813327e-01
8.832655001913574111e-01
8.832650027837291029e-01
8.832647388166769975e-01
8.832647628978973486e-01
8.832646714976326585e-01
8.832649276282099615e-01
8.832641816974445836e-01
8.832640049036880603e-01
8.832639463394814650e-01
8.832639627468782395e-01
8.832639579242955730e-01
8.832640374669546990e-01
8.832639885802207047e-01
8.832644898405964673e-01
8.832636891281246960e-01
8.832636490840496402e-01
8.832630575803619433e-01
8.832630611091523143e-01
8.832631482366812836e-01
8.832625741280993870e-01
8.832624829853518156e-01
8.832624841750331690e-01
8.832623452016343801e-01
8.832621928166233261e-01
8.832618201925884760e-01
8.832621641333365803e-01
8.832617645279473573e-01
8.832622984900139196e-01
8.832616615621849965e-01
8.832610029044394295e-01
8.832607710754761809e-01
8.832607885009894355e-01
8.832605643256896677e-01
8.832606445395828620e-01
8.832606034214931512e-01
8.832605888546083417e-01
8.832604136939585793e-01
8.832604930780476593e-01
8.832602471976332970e-01
8.832601296699456039e-01
8.832601828870684235e-01
8.832603116022704759e-01
8.832604437066126080e-01
8.832599694576033222e-01
8.832597623599324210e-01
8.832593608994103729e-01
8.832587773330372594e-01
8.832591374187912514e-01
8.832588248863879610e-01
8.832584667105791709e-01
8.832579660533167454e-01
8.832579537423609350e-01
8.832579764705243974e-01
8.832582572182936520e-01
8.832580118364864452e-01
8.832581992659723769e-01
8.832579942676391793e-01
8.832580821326997400e-01
8.832577827859341424e-01
8.832577575681719306e-01
8.832576496375450503e-01
8.832571252041655496e-01
8.832568416943324952e-01
8.832568152612529921e-01
8.832567535129334235e-01
8.832568117542923813e-01
8.832566804812854722e-01
8.832567049685544625e-01
8.832564275825782740e-01
8.832567735173961765e-01
8.832562959492077370e-01
8.832556059476809329e-01
8.832552618003624012e-01
8.832549185164191297e-01
8.832548284287105034e-01
8.832547275132953679e-01
8.832547509594410595e-01
8.832545995651718274e-01
8.832546104955105726e-01
8.832545624768153303e-01
8.832544997665932041e-01
8.832545851621282917e-01
8.832545111088964118e-01
8.832547290082489733e-01
8.832544401120930866e-01
8.832544585172734664e-01
8.832546725507607333e-01
8.832550037765605211e-01
8.832547049832851771e-01
8.832538233896856106e-01
8.832535407837576180e-01
8.832535198771331864e-01
8.832537021570433522e-01
8.832536227753452485e-01
8.832535509806489493e-01
8.832537379419291845e-01
8.832535433219816934e-01
8.832533505419006836e-01
8.832531999561270553e-01
8.832529397316862818e-01
8.832529938783906243e-01
8.832525374477310232e-01
8.832527084544998797e-01
8.832523088752383122e-01
8.832521674205363604e-01
8.832522530253700266e-01
8.832521941850246527e-01
8.832521842729048611e-01
8.832524541796017425e-01
8.832520418706444332e-01
8.832521963326319669e-01
8.832521309819314492e-01
8.832516476231331293e-01
8.832514842145238187e-01
8.832513925200773386e-01
8.832512435753788749e-01
8.832511954706505630e-01
8.832511788447671153e-01
8.832511498532460426e-01
8.832513007638181923e-01
8.832511088164120006e-01
8.832513340171471716e-01
8.832510968325349987e-01
8.832514196286331831e-01
8.832509015535956465e-01
8.832507961338678104e-01
8.832508592320652552e-01
8.832503417757696651e-01
8.832503054317216717e-01
8.832503094276324962e-01
8.832503912441541649e-01
8.832502937111557095e-01
8.832504502480758024e-01
8.832502520303975313e-01
8.832508343591246591e-01
8.832502652716337499e-01
8.832504790626126701e-01
8.832502029275116628e-01
8.832498031473681177e-01
8.832497877781433360e-01
8.832494854840494680e-01
8.832496243920588963e-01
8.832495349216109570e-01
8.832495272351158500e-01
8.832494356065213603e-01
8.832496438829818830e-01
8.832493838681114706e-01
8.832498470243729249e-01
8.832495370814208435e-01
8.832490715804772741e-01
8.832488115629972825e-01
8.832487779551957408e-01
8.832485840201571570e-01
8.832485807774356212e-01
8.832486416277867125e-01
8.832485616617964386e-01
8.832486083808672728e-01
8.832485785810788581e-01
8.832488610895550263e-01
8.832485401245699919e-01
8.832492927937225513e-01
8.832486087733038005e-01
8.832480451210349415e-01
8.832479321354239632e-01
8.832479257641597803e-01
8.832478601515221239e-01
8.832478958294790461e-01
8.832479706863286539e-01
8.832478604739192329e-01
8.832481603965822714e-01
8.832478210040332067e-01
8.832482838341315645e-01
8.832477326036024534e-01
8.832474770692632093e-01
8.832472408393470253e-01
8.832473567877338061e-01
8.832472823352441882e-01
8.832471696069581490e-01
8.832471645031887419e-01
8.832471983914764735e-01
8.832471775345767107e-01
8.832472124999777296e-01
8.832470722949322672e-01
8.832479076590570299e-01
8.832471291337489205e-01
8.832465495016735835e-01
8.832464668679774755e-01
8.832465410457056576e-01
8.832464016064024426e-01
8.832463862584551961e-01
8.832464801128007137e-01
8.832463908299317268e-01
8.832465014554500282e-01
8.832464252613075884e-01
8.832468417881096379e-01
8.832466937633745019e-01
8.832459120854552204e-01
8.832459047655731865e-01
8.832459035547635118e-01
8.832458903096419567e-01
8.832459264472156679e-01
8.832460180421778384e-01
8.832458826128951612e-01
8.832459970691045603e-01
8.832458752546861191e-01
8.832458783128118718e-01
8.832461668839153290e-01
8.832453820828194413e-01
8.832450515403265090e-01
8.832450790394327234e-01
8.832450849929448511e-01
8.832449515875595569e-01
8.832450160626315050e-01
8.832449084563823716e-01
8.832449663757498959e-01
8.832448819175408028e-01
8.832449589443553961e-01
8.832451794341584783e-01
8.832448905615064572e-01
8.832448419795555505e-01
8.832448402314402314e-01
8.832444478616010564e-01
8.832446080431192170e-01
8.832444904820953013e-01
8.832443386570881794e-01
8.832443300703560762e-01
8.832443432649387249e-01
8.832442639231662396e-01
8.832442067180198420e-01
8.832444706579138938e-01
8.832436223722833768e-01
8.832435859411205126e-01
8.832435906418369953e-01
8.832436076583088935e-01
8.832435762547952152e-01
8.832433990121709710e-01
8.832432946043392574e-01
8.832430591230077122e-01
8.832429280320391873e-01
8.832429019629953748e-01
8.832428708643553783e-01
8.832431405193410523e-01
8.832429756187297754e-01
8.832425995971090460e-01
8.832425518316389113e-01
8.832428436035474340e-01
8.832425658216735975e-01
8.832425032355901706e-01
8.832426743552380666e-01
8.832420756489848257e-01
8.832420443360818885e-01
8.832420355583308069e-01
8.832420538053821213e-01
8.832420597542448570e-01
8.832420651873679196e-01
8.832420428610183727e-01
8.832420502447242416e-01
8.832420569237843244e-01
8.832423399002953257e-01
8.832418474919473406e-01
8.832421398623928610e-01
8.832418577770233536e-01
8.832417607347997635e-01
8.832418448679109080e-01
8.832416822351153440e-01
8.832417041008733261e-01
8.832414516865407794e-01
8.832413514330407223e-01
8.832413621239025847e-01
8.832417387396221953e-01
8.832411938670597928e-01
8.832410342270866632e-01
8.832410848764788991e-01
8.832411428805203579e-01
8.832409407915340349e-01
8.832409636024465271e-01
8.832407880342669770e-01
8.832407961025432463e-01
8.832408551589012724e-01
8.832407880302467484e-01
8.832407896578202688e-01
8.832408217350989910e-01
8.832409894382416971e-01
8.832407824055650281e-01
8.832410488523314562e-01
8.832407570626882309e-01
8.832409113196943995e-01
8.832406485268464724e-01
8.832404809547667046e-01
8.832405236461262632e-01
8.832404135154648950e-01
8.832405775732067310e-01
8.832405652959826048e-01
8.832402882855185933e-01
8.832404323978256810e-01
8.832401854526308327e-01
8.832403540411351006e-01
8.832401680607597783e-01
8.832400791693993947e-01
8.832400753652789316e-01
8.832401979222753718e-01
8.832401692010246608e-01
8.832401116587081935e-01
8.832401664552184117e-01
8.832401470747373029e-01
8.832401390012505349e-01
8.832400525015901005e-01
8.832404614426808687e-01
8.832402343384403443e-01
8.832399589483594937e-01
8.832400072548958203e-01
8.832401472985550450e-01
8.832400265260934580e-01
8.832398467400223163e-01
8.832400155005027953e-01
8.832398675434690594e-01
8.832398647152505111e-01
8.832400172907736158e-01
8.832399178199188405e-01
8.832398682100572884e-01
8.832396929059472823e-01
8.832396902695800467e-01
8.832396477878901031e-01
8.832395087727298311e-01
8.832394951640064606e-01
8.832395024491236368e-01
8.832395585034008567e-01
8.832395156648971124e-01
8.832394861120494989e-01
8.832393556389644962e-01
8.832392902850690897e-01
8.832392844176140123e-01
8.832392682944504303e-01
8.832392449446760940e-01
8.832392161183771906e-01
8.832392271685582941e-01
8.832391324569093261e-01
8.832394186552773307e-01
8.832393081652890610e-01
8.832389572894987495e-01
8.832389919666161493e-01
8.832390030661189106e-01
8.832389796410117233e-01
8.832389351306270120e-01
8.832390271032488638e-01
8.832387529756366984e-01
8.832387389742697437e-01
8.832387881492949067e-01
8.832386170692624328e-01
8.832387394593361751e-01
8.832386993988882162e-01
8.832385999204412919e-01
8.832388228335931180e-01
8.832386037727656403e-01
8.832385065185841544e-01
8.832385172753929314e-01
8.832384997684854522e-01
8.832387799684768837e-01
8.832385555698571977e-01
8.832386757256154297e-01
8.832385460868550364e-01
8.832384882433282902e-01
8.832385200183426877e-01
8.832386984745808078e-01
8.832384505499526473e-01
8.832385551587326189e-01
8.832384694256232294e-01
8.832384332254079595e-01
8.832383982112899101e-01
8.832384125442206413e-01
8.832384015158536439e-01
8.832385121518540050e-01
8.832383792533688993e-01
8.832385271095724022e-01
8.832383927723357342e-01
8.832385570222510696e-01
8.832384280745202432e-01
8.832384846853948979e-01
8.832383918117313604e-01
8.832384031841927774e-01
8.832384225138669720e-01
8.832383867466523375e-01
8.832384035848553916e-01
8.832383364664921910e-01
8.832383749893214508e-01
8.832384212004174007e-01
8.832383267344577904e-01
8.832383250074994363e-01
8.832383403334117533e-01
8.832383282942227742e-01
8.832382408291815645e-01
8.832382508217975214e-01
8.832383343906409223e-01
8.832381417317046735e-01
8.832381534892781438e-01
8.832381280623647912e-01
8.832382208561100345e-01
8.832381183906511390e-01
8.832381618922833244e-01
8.832380832181573327e-01
8.832380211301785744e-01
8.832380157556724010e-01
8.832379649552544176e-01
8.832379987790530684e-01
8.832379783922326144e-01
8.832379284676903364e-01
8.832380005776908627e-01
8.832379337114876217e-01
8.832379034446871113e-01
8.832379237874553590e-01
8.832378946424135346e-01
8.832378994660549099e-01
8.832378752965690527e-01
8.832378436048239356e-01
8.832377510169112655e-01
8.832376687728361597e-01
8.832376761857002601e-01
8.832376685397214100e-01
8.832376408868815032e-01
8.832376321846640010e-01
8.832376314401277906e-01
8.832376130325558794e-01
8.832375780255700137e-01
8.832375864632602269e-01
8.832377402300851665e-01
8.832375556144985707e-01
8.832374762333834450e-01
8.832374006904967212e-01
8.832373963381793258e-01
8.832374197104420066e-01
8.832374354358010216e-01
8.832374353153242819e-01
8.832373923894761836e-01
8.832373745607378090e-01
8.832373749133554108e-01
8.832373832822559834e-01
8.832374232999649077e-01
8.832373801593143003e-01
8.832372871238002299e-01
8.832372487080044632e-01
8.832372776293595518e-01
8.832371991069555284e-01
8.832372098460525844e-01
8.832371868442565610e-01
8.832371543004315928e-01
8.832371465856988513e-01
8.832371476402794963e-01
8.832371650820645126e-01
8.832371246597354730e-01
8.832371548971170716e-01
8.832371172252996283e-01
8.832370565237651627e-01
8.832369810116954545e-01
8.832369627795660927e-01
8.832369807359886638e-01
8.832369752592619250e-01
8.832369689866148565e-01
8.832369463311789959e-01
8.832369459573781167e-01
8.832369284454535396e-01
8.832369341710313293e-01
8.832369309811893832e-01
8.832369289652010069e-01
8.832369781368599737e-01
8.832369368862809100e-01
8.832369286671259978e-01
8.832369410358827944e-01
8.832369217953482954e-01
8.832368684873082021e-01
8.832368818387127396e-01
8.832368680106560399e-01
8.832368496171761896e-01
8.832368693320988839e-01
8.832369362570741123e-01
8.832368623660554752e-01
8.832368584305378967e-01
8.832368369940226671e-01
8.832368424895481462e-01
8.832368378207595683e-01
8.832368045252605437e-01
8.832368620904927914e-01
8.832367837673668065e-01
8.832367808008217969e-01
8.832367853534296431e-01
8.832367882702565343e-01
8.832367563971738056e-01
8.832367437456666304e-01
8.832366859776744628e-01
8.832367717597071621e-01
8.832367323953065341e-01
8.832366053240637838e-01
8.832365940185215036e-01
8.832365965718457224e-01
8.832365880583420426e-01
8.832365960771597635e-01
8.832366483352585007e-01
8.832365939365578456e-01
8.832365788548282026e-01
8.832365945486910785e-01
8.832366432532180456e-01
8.832365686508031333e-01
8.832366488784813008e-01
8.832365977192140338e-01
8.832364809158337327e-01
8.832365200904312985e-01
8.832364825106340245e-01
8.832364930439643436e-01
8.832364782472277298e-01
8.832364838935815587e-01
8.832364825752812010e-01
8.832364814623078209e-01
8.832364864226197598e-01
8.832365550261465081e-01
8.832364642627543727e-01
8.832364874871264648e-01
8.832364478255103624e-01
8.832364102507612724e-01
8.832364441041445913e-01
8.832364105309570279e-01
8.832363947346616451e-01
8.832364001081920435e-01
8.832364186373370396e-01
8.832363901921160831e-01
8.832363533800846600e-01
8.832363490122526750e-01
8.832363793892558101e-01
8.832363409577678182e-01
8.832363430874787813e-01
8.832363144632673357e-01
8.832362692478253896e-01
8.832362417200844140e-01
8.832362431380120782e-01
8.832362319403104234e-01
8.832362422228301480e-01
8.832362603747884178e-01
8.832362009253484914e-01
8.832362605595529548e-01
8.832362067465554523e-01
8.832361376782452700e-01
8.832360771409477618e-01
8.832360815063010628e-01
8.832360798804644864e-01
8.832360692812384340e-01
8.832360710043944962e-01
8.832360830875287672e-01
8.832360700542695175e-01
8.832361016347862748e-01
8.832360809299101279e-01
8.832361825375587561e-01
8.832360961571193991e-01
8.832360534047568601e-01
8.832360694914004329e-01
8.832360224893495149e-01
8.832360291410840114e-01
8.832360315328690037e-01
8.832360241455730065e-01
8.832360135466369444e-01
8.832360197987713102e-01
8.832360394795117919e-01
8.832360859497803141e-01
8.832359722571643257e-01
8.832360092030584475e-01
8.832359841616463925e-01
8.832359732388875839e-01
8.832359660661562861e-01
8.832359313287664326e-01
8.832359331984344086e-01
8.832359724808961365e-01
8.832359319831828426e-01
8.832359580899089568e-01
8.832359384408214886e-01
8.832359395237363575e-01
8.832359802148810335e-01
8.832359710977509826e-01
8.832359195048372635e-01
8.832358924816887669e-01
8.832359146552927198e-01
8.832358884241228170e-01
8.832359130444822348e-01
8.832358865489360333e-01
8.832359438272364693e-01
8.832359017045283700e-01
8.832358499313583966e-01
8.832358493418015488e-01
8.832358600507073110e-01
8.832358466206260417e-01
8.832358577628651730e-01
8.832358638273997142e-01
8.832358353052582878e-01
8.832358409797836929e-01
8.832359013521333679e-01
8.832358196175844611e-01
8.832358096328786212e-01
8.832358077871683699e-01
8.832358156672219796e-01
8.832358064060340519e-01
8.832358430249982462e-01
8.832358286484833787e-01
8.832358322373616843e-01
8.832358089592773354e-01
8.832358098908785760e-01
8.832358272719298409e-01
8.832358767852290793e-01
8.832358034836003124e-01
8.832357998986311021e-01
8.832357673434112488e-01
8.832357812206423908e-01
8.832357383310329713e-01
8.832357319946294583e-01
8.832357317559388354e-01
8.832357350093854587e-01
8.832357270966303409e-01
8.832357481359471851e-01
8.832357343372629899e-01
8.832357114962571254e-01
8.832356835885856183e-01
8.832356692136397180e-01
8.832356699122536625e-01
8.832356674993094847e-01
8.832356681364804674e-01
8.832356708350568297e-01
8.832356626634760843e-01
8.832356611369569510e-01
8.832356624417976310e-01
8.832356617926626630e-01
8.832356635916129850e-01
8.832356558107196109e-01
8.832356492945433457e-01
8.832356328021437886e-01
8.832356359172097715e-01
8.832356338574290922e-01
8.832356264415934799e-01
8.832356326466529461e-01
8.832356204616574891e-01
8.832356216036989505e-01
8.832356161631425007e-01
8.832356322329472098e-01
8.832356292697889355e-01
8.832356025438399261e-01
8.832356074290621528e-01
8.832356067564071100e-01
8.832356092305847506e-01
8.832356006172501495e-01
8.832355673497401805e-01
8.832355660937717401e-01
8.832355664771815995e-01
8.832355592653607923e-01
8.832355720225406603e-01
8.832355549829506991e-01
8.832355508420367540e-01
8.832355347189445594e-01
8.832355206933455438e-01
8.832355191247945880e-01
8.832355248810594972e-01
8.832355347474902807e-01
8.832355241825693426e-01
8.832355508495794982e-01
8.832355144757810805e-01
8.832355240186353651e-01
8.832355154483192416e-01
8.832354924794636464e-01
8.832354913818079023e-01
8.832354818957616205e-01
8.832354814563562195e-01
8.832354679746463599e-01
8.832354594722138241e-01
8.832354565311645311e-01
8.832354509568264289e-01
8.832354435857148189e-01
8.832354562091397909e-01
8.832354646598223891e-01
8.832354426177213558e-01
8.832354415228642619e-01
8.832354329749199096e-01
8.832354171295381251e-01
8.832354091791250195e-01
8.832354029637231596e-01
8.832354084999370913e-01
8.832354028835786020e-01
8.832354063144054468e-01
8.832354057520814816e-01
8.832353944773727594e-01
8.832353933383763067e-01
8.832353999869720917e-01
8.832353863810764594e-01
8.832354257000345488e-01
8.832353836906188249e-01
8.832353790933279436e-01
8.832353844815479249e-01
8.832353637046701511e-01
8.832353548402520627e-01
8.832353412391882319e-01
8.832353586757497599e-01
8.832353381313334806e-01
8.832353397320682475e-01
8.832353367593047677e-01
8.832353368549524797e-01
8.832353438863672634e-01
8.832353297247049762e-01
8.832353312637185594e-01
8.832353220602930932e-01
8.832353235880195941e-01
8.832353281556211133e-01
8.832353180288708971e-01
8.832353164706295834e-01
8.832353091388076560e-01
8.832353126404423049e-01
8.832353092049723964e-01
8.832352946929213910e-01
8.832353013295373145e-01
8.832353020187999615e-01
8.832352897925924706e-01
8.832352942991431588e-01
8.832352916964512080e-01
8.832352923137553047e-01
8.832353059026849529e-01
8.832352765259821048e-01
8.832352784517131239e-01
8.832352753013872348e-01
8.832352747908218671e-01
8.832352685525193259e-01
8.832352690823874752e-01
8.832352651607480176e-01
8.832352660713664871e-01
8.832352646720151856e-01
8.832352712924295135e-01
8.832352749874853304e-01
8.832352662445344116e-01
8.832352743003729634e-01
8.832352579098144973e-01
8.832352570749572029e-01
8.832352483235940133e-01
8.832352449478998446e-01
8.832352525051151426e-01
8.832352424343353769e-01
8.832352374238006121e-01
8.832352345554184136e-01
8.832352353586698790e-01
8.832352437624689800e-01
8.832352344278249223e-01
8.832352335331835613e-01
8.832352341317967204e-01
8.832352292615778255e-01
8.832352423235485528e-01
8.832352117187501905e-01
8.832352049798444238e-01
8.832352006617449902e-01
8.832352042931772562e-01
8.832352036606252454e-01
8.832351959353988979e-01
8.832352039786611764e-01
8.832351945027309137e-01
8.832351932355481106e-01
8.832351859261613480e-01
8.832351828289377593e-01
8.832351864287772969e-01
8.832351726027225514e-01
8.832351727879377279e-01
8.832351710370861531e-01
8.832351754306038139e-01
8.832351726208583775e-01
8.832351758609471304e-01
8.832351705988467083e-01
8.832351742047295229e-01
8.832351724373447288e-01
8.832351708960004544e-01
8.832351777066763665e-01
8.832351745307449598e-01
8.832351663792094021e-01
8.832351610785345031e-01
8.832351849992318149e-01
8.832351620253147129e-01
8.832351739725520234e-01
8.832351584638105102e-01
8.832351615168456682e-01
8.832351592128053763e-01
8.832351559996115542e-01
8.832351639519334663e-01
8.832351634501359738e-01
8.832351538318976569e-01
8.832351480241507069e-01
8.832351519797176920e-01
8.832351424829374409e-01
8.832351456378607635e-01
8.832351502069842875e-01
8.832351430424397742e-01
8.832351469763798368e-01
8.832351415835003605e-01
8.832351449712109170e-01
8.832351452198994313e-01
8.832351315586166596e-01
8.832351502476436522e-01
8.832351331412342521e-01
8.832351268838808389e-01
8.832351262923667790e-01
8.832351336083084092e-01
8.832351266332822970e-01
8.832351406767342539e-01
8.832351232164692423e-01
8.832351294853075796e-01
8.832351215805667177e-01
8.832351275749611430e-01
8.832351159095327420e-01
8.832351097160232589e-01
8.832351103858054886e-01
8.832351069752890638e-01
8.832351077151623375e-01
8.832351026513401981e-01
8.832351048893914980e-01
8.832351203518185034e-01
8.832351028771751045e-01
8.832350990964685788e-01
8.832351050749871479e-01
8.832351068260064775e-01
8.832351036069775452e-01
8.832350909285634488e-01
8.832350918323157440e-01
8.832350925237932859e-01
8.832350911852290265e-01
8.832350914840061407e-01
8.832350998762115157e-01
8.832350929687244889e-01
8.832351061333547637e-01
8.832350929985922638e-01
8.832350968467606034e-01
8.832350936270597641e-01
8.832350955175867213e-01
8.832350880197968879e-01
8.832350854276750374e-01
8.832350852068818758e-01
8.832350878406058925e-01
8.832350858295915375e-01
8.832350852128888485e-01
8.832350835097422248e-01
8.832350800619489517e-01
8.832350844309063698e-01
8.832350746506195671e-01
8.832350721633106527e-01
8.832350720758354035e-01
8.832350738582387395e-01
8.832350705003089164e-01
8.832350715598720203e-01
8.832350728111716398e-01
8.832350701081675970e-01
8.832350705908499355e-01
8.832350700660682730e-01
8.832350699791770010e-01
8.832350746532193764e-01
8.832350746120564144e-01
8.832350707636005271e-01
8.832350689351182726e-01
8.832350683600955765e-01
8.832350658312196900e-01
8.832350654538171364e-01
8.832350659106477098e-01
8.832350637729959875e-01
8.832350592425035618e-01
8.832350625739082695e-01
8.832350584678358985e-01
8.832350596190897685e-01
8.832350580025876141e-01
8.832350569085857250e-01
8.832350581818589896e-01
8.832350570123013167e-01
8.832350573234171165e-01
8.832350592898656760e-01
8.832350573047104136e-01
8.832350548309562122e-01
8.832350534971560307e-01
8.832350549875895851e-01
8.832350543877784954e-01
8.832350538644262450e-01
8.832350530912287390e-01
8.832350545320062363e-01
8.832350542404153737e-01
8.832350534510938767e-01
8.832350545359956007e-01
8.832350550875209816e-01
8.832350520921662396e-01
8.832350540904526648e-01
8.832350483131220509e-01
8.832350522100854695e-01
8.832350482426544191e-01
8.832350502303583095e-01
8.832350481637399886e-01
8.832350476759041058e-01
8.832350470311653989e-01
8.832350519360604446e-01
8.832350479476305249e-01
8.832350464640419396e-01
8.832350468039128488e-01
8.832350440867478003e-01
8.832350424766576280e-01
8.832350423325296962e-01
8.832350458333626531e-01
8.832350424467402261e-01
8.832350464038524196e-01
8.832350429834842087e-01
8.832350445861923971e-01
8.832350416053182940e-01
8.832350380143163537e-01
8.832350427713248076e-01
8.832350385731577713e-01
8.832350382461982008e-01
8.832350376348901966e-01
8.832350387521570312e-01
8.832350380090713271e-01
8.832350382746577688e-01
8.832350373828097290e-01
8.832350379573571386e-01
8.832350371518767895e-01
8.832350400606439056e-01
8.832350375646720320e-01
8.832350366459950086e-01
8.832350361759495616e-01
8.832350357214225900e-01
8.832350342597220516e-01
