1.498847215274989653e+00
1.498506829485692027e+00
1.498311464719958241e+00
1.507157932291666613e+00
1.476347190302032875e+00
1.439743425200012084e+00
1.400381424216531556e+00
1.056019337159328053e+00
1.053361886774738299e+00
1.053361886774738299e+00
1.053361886774738299e+00
1.053536008296490634e+00
1.082238590207728279e+00
1.137515998359223124e+00
1.071297142104471023e+00
1.053361886774738299e+00
1.054750629993062017e+00
1.010683919675950060e+00
7.663287727307631636e-01
7.663287727307631636e-01
7.663287727307631636e-01
7.663287727307631636e-01
7.631945670795750036e-01
7.625355651970532334e-01
7.637361207668250662e-01
1.043352191999410428e+00
7.625355651970531223e-01
7.625355651970531223e-01
7.625355651970531223e-01
7.625355651970532334e-01
7.625355651970531223e-01
7.605682255030706829e-01
7.112921487752466021e-01
7.112921487752466021e-01
7.112921487752466021e-01
7.112921487752466021e-01
7.337468607480394089e-01
7.112921487752466021e-01
7.112921487752464911e-01
7.492973724620256570e-01
7.113048741181822177e-01
8.432490729750148351e-01
7.115486974042206647e-01
7.786636007106325641e-01
7.140338167518054391e-01
7.244532348924038745e-01
7.064908418014281821e-01
7.208108898479629323e-01
7.064908418014281821e-01
7.904547944069619803e-01
7.064908418014281821e-01
6.993715273183955805e-01
7.003872406730137223e-01
7.324467345201819413e-01
6.992976485088071570e-01
6.907792188608858908e-01
6.873459161652497595e-01
7.848678672315203553e-01
6.873459161652497595e-01
9.468666843120020493e-01
6.873459161652497595e-01
8.559111487346826586e-01
6.873459161652496485e-01
7.035110068287856455e-01
6.858590861776924230e-01
6.824927219811669499e-01
6.713824671243289188e-01
6.766368660154652437e-01
6.713894663601431834e-01
6.712616641438581278e-01
6.712616641438581278e-01
6.899386381099047449e-01
7.130650624035912433e-01
7.129836837815347605e-01
6.712616641438581278e-01
7.922418416582591716e-01
6.712616641438581278e-01
7.085067320818373426e-01
6.712616641438581278e-01
7.022979144176196842e-01
6.712616641438581278e-01
7.402154591382578142e-01
6.712616641438581278e-01
6.952834932012291747e-01
6.711936944432446150e-01
7.438775964399010343e-01
6.716541561094188095e-01
6.787254144824902413e-01
6.711936944432446150e-01
6.786782952039427386e-01
6.711936944432446150e-01
6.751301327500239813e-01
6.714191212678031206e-01
6.738048428206594442e-01
6.740968720051613294e-01
6.684996327555178253e-01
7.583837076573839431e-01
7.530500518544401833e-01
6.914447277428901195e-01
7.920199835542666156e-01
7.015607393852218987e-01
7.346336930010228805e-01
6.649348944371309411e-01
7.604411598650896442e-01
6.634069634923355219e-01
6.826108098830501181e-01
6.634069634923355219e-01
6.670669403731611657e-01
6.634069634923355219e-01
6.671602101602294166e-01
6.687556910071195126e-01
7.018189796408322856e-01
6.584549712723956061e-01
6.589840590627497052e-01
6.071053437857553137e-01
6.056712178891532350e-01
6.105083888070692577e-01
6.058843948601371210e-01
6.013365764172341477e-01
6.005688540609609438e-01
6.037735759810265446e-01
6.001303413483161098e-01
6.118995195403866827e-01
6.011566430117806226e-01
6.110972487923173047e-01
5.989030379518759384e-01
6.081564644518306917e-01
5.994312723406922672e-01
6.335562351688329707e-01
5.994321321056789165e-01
6.156102669160740115e-01
5.995939323287297062e-01
6.126021332235568329e-01
6.000922362452327796e-01
6.162908866685301579e-01
6.000200273334028722e-01
6.009405814046269168e-01
6.014083392335157763e-01
6.089896084661694520e-01
5.995356539714686850e-01
6.103523493772303743e-01
5.990443351510040815e-01
6.081461939039256581e-01
5.985060358870271102e-01
6.000773229207349013e-01
5.985060358870272212e-01
6.023908853538201269e-01
6.021202196731683109e-01
5.981338724361220383e-01
5.981338724361220383e-01
6.065622026222170504e-01
5.992262533819493475e-01
6.053601495872490412e-01
6.027613438649805921e-01
6.228231602972232883e-01
5.969327246375418783e-01
5.973103601624577541e-01
5.953168389044727338e-01
5.953184375763219682e-01
5.967023464981977554e-01
5.947951408963759734e-01
5.915575242203183759e-01
5.908870923036265710e-01
6.067370942295234881e-01
5.887795142082840050e-01
5.916042833058201555e-01
5.875407769635240252e-01
5.930976029606688238e-01
5.834590265440928736e-01
5.882036884763068851e-01
5.928564941759439932e-01
5.781271231781842657e-01
5.784552788713123173e-01
5.779396204314732888e-01
5.778402636692517857e-01
5.781983712390660335e-01
5.778076532057422332e-01
5.783048472646189486e-01
5.778257411265318444e-01
5.782077860091755506e-01
5.781895353009151028e-01
5.774380873982136730e-01
5.774374800302157773e-01
5.775082435833651662e-01
5.777641091933235495e-01
5.685622769878838634e-01
5.697856389275417488e-01
5.685622769878838634e-01
5.679783574689722947e-01
5.683267648170620134e-01
5.723949077214356418e-01
5.670881297248243635e-01
5.657716512308553769e-01
5.657716512308552659e-01
5.648332132320105226e-01
5.663973849615180356e-01
5.702292722061704788e-01
5.660207174371614247e-01
5.721549447587594983e-01
5.649926605655829492e-01
5.667954541268324098e-01
5.626757669878249546e-01
5.741253767806602237e-01
5.625141032821973086e-01
5.732552834396414942e-01
5.654438316935197495e-01
5.613488420496243192e-01
5.642356057458625118e-01
5.527892595635611750e-01
5.598878962479957311e-01
5.527625385251665469e-01
5.552656253861526503e-01
5.527400329795008060e-01
5.518268282956286797e-01
5.519721321886146281e-01
5.513533475856794430e-01
5.513096754362729612e-01
5.511082422418325244e-01
5.513761286694107699e-01
5.519051006002275717e-01
5.507001258304417002e-01
5.501037827938968228e-01
5.500667193536499244e-01
5.518188460139102913e-01
5.512412893573919170e-01
5.520953944654500845e-01
5.500667193536498134e-01
5.475793554330368185e-01
5.493619663187767621e-01
5.539526405127034314e-01
5.473617225520810425e-01
5.473786832227316435e-01
5.474261075223826323e-01
5.489606955916214170e-01
5.457796740499060162e-01
5.481450122452261597e-01
5.457796740499061272e-01
5.477916575577310709e-01
5.466148009524330886e-01
5.461622687599005932e-01
5.458092979338035056e-01
5.470302432308663532e-01
5.464995254223327104e-01
5.527862832418497518e-01
5.466589997595947548e-01
5.479861170207777077e-01
5.461384931700190570e-01
5.511153572040170534e-01
5.463497835435348060e-01
5.526063040829696238e-01
5.457363591641761769e-01
5.456868522984199554e-01
5.457642941746824183e-01
5.459344332096601748e-01
5.453930727515727828e-01
5.445739127822195602e-01
5.445503393432130634e-01
5.446222349630132076e-01
5.446828561527956580e-01
5.450283683139830471e-01
5.447468070097800652e-01
5.451081452503440117e-01
5.441153603525579197e-01
5.478617410699586632e-01
5.440907852342237172e-01
5.473117368622500978e-01
5.440907852342237172e-01
5.483135017760633056e-01
5.472306477172109718e-01
5.488536808069819362e-01
5.448130237963462186e-01
5.582928936285906918e-01
5.446500676797777496e-01
5.524010217006090073e-01
5.432353035208079550e-01
5.511028965654690692e-01
5.425671890275529652e-01
5.462783548856593452e-01
5.426773009095978706e-01
5.438993072375848392e-01
5.427451567449632641e-01
5.419616848843892276e-01
5.417034650731257228e-01
5.529691404972565394e-01
5.419027664163577063e-01
5.431651469712479585e-01
5.418721975217398734e-01
5.466159939548100866e-01
5.422169195726626034e-01
5.437945936069984443e-01
5.430976408183517679e-01
5.432305770435880143e-01
5.417482319636971466e-01
5.423056210104630903e-01
5.417246020867551026e-01
5.424229289612123583e-01
5.417087055547038510e-01
5.429633802312918700e-01
5.415264892282402043e-01
5.438638261051281786e-01
5.426484025632332120e-01
5.505189839871726942e-01
5.429441501030261019e-01
5.419307667896656744e-01
5.421044040126338226e-01
5.445823935285047934e-01
5.432987409502099130e-01
5.415031550160429585e-01
5.415420576353058291e-01
5.414819945124985656e-01
5.432797907962858552e-01
5.414048737805534639e-01
5.419220517462698394e-01
5.413234545714379342e-01
5.417643017321982501e-01
5.415778155111760084e-01
5.415769274185345816e-01
5.413795338726290485e-01
5.420803005000524033e-01
5.416685094283769653e-01
5.417777517770565598e-01
5.412601361261117905e-01
5.414736119067192766e-01
5.411395825096522172e-01
5.427984002018503285e-01
5.411045719531214493e-01
5.424257751720793497e-01
5.410773956186945011e-01
5.413604800518497795e-01
5.410282153456227316e-01
5.413715591774985736e-01
5.413974487006127934e-01
5.409116472217412319e-01
5.415660084848455957e-01
5.414791774095295551e-01
5.408720478546762411e-01
5.422986221679720886e-01
5.407839685308909461e-01
5.426998794763562284e-01
5.412319775642553399e-01
5.411690333508499817e-01
5.409044816682470058e-01
5.408731065025763618e-01
5.408260074945182572e-01
5.416535063169961584e-01
5.408803113891418324e-01
5.415509808686804760e-01
5.406817444121729821e-01
5.413520140922882806e-01
5.406972086254713261e-01
5.412655917428489394e-01
5.406797701299882464e-01
5.416494944624091756e-01
5.402100729932757250e-01
5.437609947203212446e-01
5.404572306797345016e-01
5.415097431806776829e-01
5.403258407664006668e-01
5.412329876377536264e-01
5.404924460909685813e-01
5.414043530631031942e-01
5.404578197227427605e-01
5.405642975277630269e-01
5.401718339956778081e-01
5.407243865497997071e-01
5.401765205345426812e-01
5.404395431329275246e-01
5.402642329557124645e-01
5.410474768139770241e-01
5.402551513189942645e-01
5.402542061424876474e-01
5.403633630317175029e-01
5.401187542427482446e-01
5.402646403686220955e-01
5.401321235466328696e-01
5.401692966167613852e-01
5.400495361470947220e-01
5.401002630991070808e-01
5.402598573316672592e-01
5.402001641250276931e-01
5.400658321808878837e-01
5.400179717197384210e-01
5.400764355739465783e-01
5.402915921609785510e-01
5.401201785361863239e-01
5.403506561195987601e-01
5.400484181114855176e-01
5.403788514073007976e-01
5.398030184535455023e-01
5.395270986145047631e-01
5.388283344066214786e-01
5.388650096858443872e-01
5.388310915946240565e-01
5.388284642266275570e-01
5.389237415968208822e-01
5.387700672142690106e-01
5.388791731831096277e-01
5.388485389754956723e-01
5.387746714058385678e-01
5.385261581101569162e-01
5.385488689951054564e-01
5.386785078710806252e-01
5.384760697771644455e-01
5.384305324891056621e-01
5.384077000988716222e-01
5.383233065708641352e-01
5.383091511355055925e-01
5.383622598286980088e-01
5.383308342936256041e-01
5.383609352956990612e-01
5.383059654869951638e-01
5.382663108076147784e-01
5.382271747136594398e-01
5.382574444841775607e-01
5.383209819497392079e-01
5.381537983504125489e-01
5.381834057503462887e-01
5.380108901656667220e-01
5.379893149650089024e-01
5.378990099879690234e-01
5.379605192347662879e-01
5.381813096666842045e-01
5.379067538887232214e-01
5.376507957203822130e-01
5.377476379266532547e-01
5.377721152366389257e-01
5.376567141732474520e-01
5.380072937256945576e-01
5.381460266982949214e-01
5.379417652513470705e-01
5.378199775226516488e-01
5.377300993484669389e-01
5.377197946095014780e-01
5.376417946749411092e-01
5.377216389901425808e-01
5.375727253860909105e-01
5.375434660680983301e-01
5.377196757228686064e-01
5.375593985707660671e-01
5.380053634272046192e-01
5.375237793187099822e-01
5.374872456250522346e-01
5.375087307039978501e-01
5.376292063832963652e-01
5.374974670890066974e-01
5.376154951863849618e-01
5.374692449106346359e-01
5.375681680741285495e-01
5.375260812023526791e-01
5.376214840805956241e-01
5.374572680270156555e-01
5.374711169852521842e-01
5.374808747100042750e-01
5.376297551307578360e-01
5.374111969904484809e-01
5.377391243415214905e-01
5.373536473365830846e-01
5.375873647958455681e-01
5.373656475808145094e-01
5.376306400751633685e-01
5.373825322608941635e-01
5.375094693063469098e-01
5.374446824873346795e-01
5.372044381691399861e-01
5.371345740427180271e-01
5.379305084713780216e-01
5.372519817005279030e-01
5.371426407494895860e-01
5.373150541423763471e-01
5.371220255736463001e-01
5.371866338216717551e-01
5.372484559614263411e-01
5.371175184714496176e-01
5.372708046262493209e-01
5.371073248663799093e-01
5.374197101178269653e-01
5.371127236642142533e-01
5.371286737384707299e-01
5.370967713879126748e-01
5.371241373029231880e-01
5.371307654184507285e-01
5.371352032725988934e-01
5.371258937461369509e-01
5.371381160257856502e-01
5.371287632390694400e-01
5.371972340624632247e-01
5.371373386578662812e-01
5.372327211070844211e-01
5.370897378754890816e-01
5.373442982870321183e-01
5.370628571878685031e-01
5.371841807814059511e-01
5.370583154264526593e-01
5.372780511799792880e-01
5.370892693753299696e-01
5.375542948065925586e-01
5.370470370737633337e-01
5.371445525348576000e-01
5.370405464882178626e-01
5.371899248264858651e-01
5.370325215096538596e-01
5.372121746228406547e-01
5.369212058229154705e-01
5.370545134627858763e-01
5.372520374787551622e-01
5.370096390490440852e-01
5.369398989561593449e-01
5.370268204442091298e-01
5.369456012398805544e-01
5.371106731950477942e-01
5.369287428876795554e-01
5.369496546787186908e-01
5.370030299586903144e-01
5.369386993153795196e-01
5.370034266013300472e-01
5.369393325193508870e-01
5.369508893409713490e-01
5.369126630151549451e-01
5.369304121496738524e-01
5.369369531808186879e-01
5.369553568850412573e-01
5.369643449158041371e-01
5.369157050104977902e-01
5.369308846343450181e-01
5.369139380820231455e-01
5.369176964316115797e-01
5.369066768503192311e-01
5.369097537648911400e-01
5.368721679261455604e-01
5.369076422110858893e-01
5.370139054050498961e-01
5.368769828409970524e-01
5.368468082130536390e-01
5.369396866034384930e-01
5.368198940004972330e-01
5.368430857704803438e-01
5.367964906227818966e-01
5.368208296648807609e-01
5.368374934721181768e-01
5.368745043140437101e-01
5.367297351363058411e-01
5.367165155876728599e-01
5.366958948889886116e-01
5.367018683436436399e-01
5.366969568198929341e-01
5.366889127019135453e-01
5.366906276771034046e-01
5.367264976563317358e-01
5.368281738993572194e-01
5.366874885907080284e-01
5.367001273555777052e-01
5.366993920660960704e-01
5.366706112037651355e-01
5.366818968809505819e-01
5.367488844193031294e-01
5.366723853801766975e-01
5.366274180660745019e-01
5.365778957157947282e-01
5.365746517215538303e-01
5.365782087278331280e-01
5.366725897957790314e-01
5.365810349201998175e-01
5.365878239883813405e-01
5.365870810051706075e-01
5.365848806782496094e-01
5.365835312307553062e-01
5.365662343451145233e-01
5.365470530480012101e-01
5.364921196667616909e-01
5.365369076661148373e-01
5.368646671431062112e-01
5.365054989390696250e-01
5.364128424286876973e-01
5.363610436432847406e-01
5.363624999277091243e-01
5.363737131289640914e-01
5.363278787728282815e-01
5.364037604417537519e-01
5.363135469085358320e-01
5.363882873486224279e-01
5.363298799470308520e-01
5.366623371125689435e-01
5.362983832966294884e-01
5.364578897169071103e-01
5.362771035707963874e-01
5.361729993908238567e-01
5.363324371626991827e-01
5.361454122301378966e-01
5.361072799752379936e-01
5.360589756998950239e-01
5.360734965175046884e-01
5.360774118775800678e-01
5.360759839589382958e-01
5.360773339660371839e-01
5.361031183360792651e-01
5.361216589697915813e-01
5.360703309832544061e-01
5.361170791520650791e-01
5.360780014895007994e-01
5.362782220707037473e-01
5.360694031757655686e-01
5.359866313293346618e-01
5.360168462101890796e-01
5.359625014065881876e-01
5.359806382420886361e-01
5.359904525218622817e-01
5.359880397123414353e-01
5.359902192128958021e-01
5.359700638523078320e-01
5.359718700513952383e-01
5.359788440057980941e-01
5.360044293887993305e-01
5.359631516311347266e-01
5.362894030108764643e-01
5.360012111327745465e-01
5.358712355416774820e-01
5.359014053229989027e-01
5.358776879227096224e-01
5.358815191765141650e-01
5.360024694127493161e-01
5.358499791645092714e-01
5.357697079967965736e-01
5.357921511153249661e-01
5.357688420712993782e-01
5.358398448756556132e-01
5.357488203564013673e-01
5.357214605807213426e-01
5.357485270885464779e-01
5.357231175177931126e-01
5.357256529590246341e-01
5.357377477436560120e-01
5.357059265363377509e-01
5.357038700638258044e-01
5.356614632842469081e-01
5.356801934806083576e-01
5.356694220907597392e-01
5.356797095972394285e-01
5.357243702143958952e-01
5.356839516670063306e-01
5.356311493974272864e-01
5.356152885593655766e-01
5.355927000946115735e-01
5.355756521157538641e-01
5.356273594809589644e-01
5.355829821785156319e-01
5.355766573946636466e-01
5.355823215774970780e-01
5.355898177474388566e-01
5.356068857903945046e-01
5.355810413043943230e-01
5.355751560324663041e-01
5.355754314120607651e-01
5.355834741675170596e-01
5.354996274251183630e-01
5.355192489314659632e-01
5.355229918450113979e-01
5.354655488768751415e-01
5.354739500956477993e-01
5.354408479753453021e-01
5.354207989924114619e-01
5.358169503365276531e-01
5.354394181350685678e-01
5.353194059462753618e-01
5.352695265096556465e-01
5.352428561193335321e-01
5.353911503849876352e-01
5.352563024142377168e-01
5.352118181596376978e-01
5.352466047384163428e-01
5.352676795556613465e-01
5.352429204831716802e-01
5.354133511371234055e-01
5.352015791670848843e-01
5.352050569634421162e-01
5.352570559160542141e-01
5.352631397070752861e-01
5.352366160676476081e-01
5.351654111231703981e-01
5.351729944529760585e-01
5.351228684903253097e-01
5.351461734263575076e-01
5.351252281258337407e-01
5.351310394962330852e-01
5.351004878022505018e-01
5.351291932314745647e-01
5.351212617415319617e-01
5.351056880235334212e-01
5.351003574313040190e-01
5.351143679891362526e-01
5.351122807960754235e-01
5.351023279648680075e-01
5.351124209399023002e-01
5.351142355217113344e-01
5.353919774946577226e-01
5.350881788919638060e-01
5.351944892157012301e-01
5.350535528957353071e-01
5.351253721912442307e-01
5.350437344586967958e-01
5.349422692283972713e-01
5.349542622169425332e-01
5.349896534993912045e-01
5.349089874894736862e-01
5.349109062075655396e-01
5.349520340745801406e-01
5.349189349931793291e-01
5.349444625409166543e-01
5.349136251117502239e-01
5.349441452689388532e-01
5.349402043042348343e-01
5.348961112867782752e-01
5.348980176828147526e-01
5.349103405420108093e-01
5.349078961810641575e-01
5.349434821622935932e-01
5.348894351066492137e-01
5.349100249283884612e-01
5.348996942082904216e-01
5.349573780577792093e-01
5.348730896421765024e-01
5.349209125483662675e-01
5.349088086020329369e-01
5.349071830476435085e-01
5.348508035844988795e-01
5.349247235079426233e-01
5.348600083543452177e-01
5.348720865798932689e-01
5.348382982166105526e-01
5.347930093670907326e-01
5.347984335400693956e-01
5.348732260913211523e-01
5.348103632662001283e-01
5.347629851164820147e-01
5.347363379019089979e-01
5.347307589494644242e-01
5.347835127802451627e-01
5.347921622869594716e-01
5.347129170089158778e-01
5.349737795767663950e-01
5.347632971893859777e-01
5.346547244527399823e-01
5.346536875702406766e-01
5.347653134170814448e-01
5.346811850523627285e-01
5.347275969112300631e-01
5.346336552069332893e-01
5.345943183516019825e-01
5.345887121103248818e-01
5.345685585502808479e-01
5.345644220574266026e-01
5.346201714581828579e-01
5.345727498293177948e-01
5.345469969804231836e-01
5.345625165663362433e-01
5.345630241142907968e-01
5.345553389292204693e-01
5.345929367248214437e-01
5.345490823774262656e-01
5.345769424290511829e-01
5.345272944224874756e-01
5.345509654790333576e-01
5.345341310285894876e-01
5.345405940375003162e-01
5.345334687006795260e-01
5.345978537920220708e-01
5.345202328761493593e-01
5.346040386086233775e-01
5.344051595799038656e-01
5.344119847271080470e-01
5.344078505484520791e-01
5.343944272081717628e-01
5.344114193135147683e-01
5.345401893518341163e-01
5.343967351667301413e-01
5.343893842705883523e-01
5.343798543644645571e-01
5.343874802256513012e-01
5.343779588463343222e-01
5.344448572880334813e-01
5.343665988772491326e-01
5.344413190160544058e-01
5.343655546839022330e-01
5.344458619886437445e-01
5.343718325912254485e-01
5.343973410938286372e-01
5.343495019653990985e-01
5.344512251980477746e-01
5.344423116397836182e-01
5.342595970090783242e-01
5.342736297595030992e-01
5.342275275748901153e-01
5.342306672268962719e-01
5.342719242104221333e-01
5.342496028274437148e-01
5.342497189735730956e-01
5.342233811706622593e-01
5.342118171655191317e-01
5.342165633939254255e-01
5.342652194670763910e-01
5.342304075887137627e-01
5.342029290467682490e-01
5.342179304710337195e-01
5.342445292949826730e-01
5.342033517767472706e-01
5.342320429135124504e-01
5.342322267640455813e-01
5.342466415750130038e-01
5.343316764744828751e-01
5.341071350530575135e-01
5.340955470871026067e-01
5.341040791598548054e-01
5.341426917512227535e-01
5.341085915407766116e-01
5.340844751301515592e-01
5.341108056905620183e-01
5.340759205326746084e-01
5.341250568204370941e-01
5.340403489565004325e-01
5.340379853137819932e-01
5.342291837442003644e-01
5.340323093961143464e-01
5.342102035896326706e-01
5.340145256983620525e-01
5.337955256118578351e-01
5.337978648835692841e-01
5.338306150087785973e-01
5.337789127915095744e-01
5.337803682940110983e-01
5.337873277035006803e-01
5.338078486687451996e-01
5.338164601260194653e-01
5.337926825017680343e-01
5.337681667531377627e-01
5.338028662006903957e-01
5.337613654586093048e-01
5.337130873657475183e-01
5.337336610928711256e-01
5.341846071427432951e-01
5.337053675065894787e-01
5.337143001926366592e-01
5.337151704673332997e-01
5.337250744596837571e-01
5.336907632383215416e-01
5.336823422227142677e-01
5.336890648657869329e-01
5.337044448615048120e-01
5.336896668537256527e-01
5.337123284245114396e-01
5.337020598115684855e-01
5.337476322119879546e-01
5.336350102246365523e-01
5.336804421485660255e-01
5.336448252666455838e-01
5.336460615848637179e-01
5.336103801957969850e-01
5.336788019982449116e-01
5.335831018127746850e-01
5.336304881076390227e-01
5.335935423518617382e-01
5.336663642001474583e-01
5.335996725188888457e-01
5.336606603862749099e-01
5.336143663816349525e-01
5.338597612564044415e-01
5.335870355294297651e-01
5.337413693734787135e-01
5.335966822353880312e-01
5.335378929451976004e-01
5.335563812140964313e-01
5.335946629497594351e-01
5.335595971892663769e-01
5.335544038449644422e-01
5.335317723946446655e-01
5.335820222909317678e-01
5.334790992893386763e-01
5.335233732552777663e-01
5.335249677136363333e-01
5.334840215434457633e-01
5.335432348058164465e-01
5.334940951378035479e-01
5.334696961725627906e-01
5.334663912915984518e-01
5.334883891952063584e-01
5.334934533963172631e-01
5.334602968091809450e-01
5.334857117900921875e-01
5.334590709570863343e-01
5.334756526208512817e-01
5.334461553745514228e-01
5.334212320035726096e-01
5.334407412740460597e-01
5.334423032270605436e-01
5.334357941349471277e-01
5.334340919979106976e-01
5.334072428163620927e-01
5.333230019699133351e-01
5.333386228149283870e-01
5.333609975307475048e-01
5.333078370403208091e-01
5.333030972650065760e-01
5.332814500104587907e-01
5.332788065406883771e-01
5.332665519727576298e-01
5.333106052897369498e-01
5.332767201598322959e-01
5.333017886579325406e-01
5.332772624086045132e-01
5.333389268674135764e-01
5.332746085262740632e-01
5.333070048319171752e-01
5.332714015860080536e-01
5.332567185453654934e-01
5.331734393601026412e-01
5.330493273928380571e-01
5.333138225826946632e-01
5.330435038323437791e-01
5.329821719030082283e-01
5.330135712318009311e-01
5.330470668492826025e-01
5.329673134733022843e-01
5.330152007993308461e-01
5.329613349778253850e-01
5.329492675767668608e-01
5.329723195532898306e-01
5.329255513071416983e-01
5.329269522526401959e-01
5.329531119477179946e-01
5.329323974973306788e-01
5.329614530388114835e-01
5.329120129281376128e-01
5.329078500037196520e-01
5.329022937538441251e-01
5.329243460468341409e-01
5.329333824154761645e-01
5.329852260180723000e-01
5.329420480462777610e-01
5.329235934071802072e-01
5.328581686133846418e-01
5.329096751510957741e-01
5.328734430012592727e-01
5.328548361293425906e-01
5.328762951376296853e-01
5.328279801016935213e-01
5.328415848217157302e-01
5.328295074933021569e-01
5.328081893335647745e-01
5.328521956124203651e-01
5.327992051329900614e-01
5.327811810530146408e-01
5.327828897679268705e-01
5.328424053896626544e-01
5.328929289084642917e-01
5.326468109888807811e-01
5.328034927331026793e-01
5.326648324418903346e-01
5.326412736520672597e-01
5.326744484798969781e-01
5.327058236772664879e-01
5.326254589023399211e-01
5.325635901332449462e-01
5.325596270072368021e-01
5.325967838092408035e-01
5.325335725537380105e-01
5.325592253699710232e-01
5.325360786934093538e-01
5.325216467648234975e-01
5.325315610687526569e-01
5.325277338764552448e-01
5.325308849406414913e-01
5.326016107375426412e-01
5.325216741884177818e-01
5.325066535144823421e-01
5.324991796541636013e-01
5.325388050818076202e-01
5.325375924514084147e-01
5.324980761625999204e-01
5.324928238024755345e-01
5.326364233287603778e-01
5.324353658120146715e-01
5.324684785290143552e-01
5.324448084209466581e-01
5.323986438320151837e-01
5.324256021296660535e-01
5.323802636485249762e-01
5.323731322555814716e-01
5.324244684324178634e-01
5.323633245072073583e-01
5.323400361751124965e-01
5.323204441125147790e-01
5.326684351947337248e-01
5.323270474555789056e-01
5.325714125106673080e-01
5.324778526886311258e-01
5.323245360474799792e-01
5.322833018576764719e-01
5.322066224483211760e-01
5.321432566462194202e-01
5.321314585146058596e-01
5.321600767156814404e-01
5.321541591400513749e-01
5.321210653006317459e-01
5.321013262341616201e-01
5.321486176953288405e-01
5.321222284550819470e-01
5.321302267347490789e-01
5.321759308625242380e-01
5.321034009254256292e-01
5.321524940018788064e-01
5.321107234446710299e-01
5.320920169433057678e-01
5.321346161486770754e-01
5.321191297371786755e-01
5.320895451408373944e-01
5.322412996673091534e-01
5.320904533882750975e-01
5.320473549945925473e-01
5.320284071521983460e-01
5.321257997385719918e-01
5.320039979780293304e-01
5.320043539355223672e-01
5.319946200294081162e-01
5.320584223074746877e-01
5.319992459180278299e-01
5.320241399512203317e-01
5.320030983738439634e-01
5.319673670967194345e-01
5.319638793899175155e-01
5.320401766799219834e-01
5.319906253682005204e-01
5.319808444392106761e-01
5.319770457342130054e-01
5.322302773512578300e-01
5.319676387588093691e-01
5.319794008248598383e-01
5.319641610669778586e-01
5.321948064150220370e-01
5.320574589110841357e-01
5.319582217858931372e-01
5.319504725151396052e-01
5.318931250578373682e-01
5.318923588890335230e-01
5.319134216095484646e-01
5.318777366368452331e-01
5.318651014715285452e-01
5.318672203555718792e-01
5.320694099102449837e-01
5.318614055295564080e-01
5.319246058777986619e-01
5.318541645628191983e-01
5.318964971607007541e-01
5.318556498972742963e-01
5.319923104448521789e-01
5.318387578757908241e-01
5.319989971240197679e-01
5.318547790648365803e-01
5.319170684617411382e-01
5.318376102857962362e-01
5.319380403991156303e-01
5.318261276386622161e-01
5.318953319844396121e-01
5.318571327809429317e-01
5.319236096289352567e-01
5.318365054678300119e-01
5.318726665029439582e-01
5.318200519857472219e-01
5.317747151124498917e-01
5.318138609040388154e-01
5.318298809892485490e-01
5.317897861193779940e-01
5.320034408813402171e-01
5.317867905540704099e-01
5.318381130258216238e-01
5.317876292731164023e-01
5.318103852459573622e-01
5.317946266348337891e-01
5.318117855331568888e-01
5.317852845402843975e-01
5.318410957257724281e-01
5.317966414076954473e-01
5.319087848365766646e-01
5.317372213027333760e-01
5.317425431729428942e-01
5.317458172479625489e-01
5.317126410386692204e-01
5.317128050749782009e-01
5.317910074665671560e-01
5.317171017085156048e-01
5.318342077609752305e-01
5.317484339502824842e-01
5.317692302084605638e-01
5.317371061485315353e-01
5.316924969767580222e-01
5.316879181185710790e-01
5.316858254259511085e-01
5.316952632195663941e-01
5.316943643605315239e-01
5.317049471183200593e-01
5.316806633851719477e-01
5.317019984174236047e-01
5.316945684321983112e-01
5.316896171303329144e-01
5.316740109614028764e-01
5.316676746639452666e-01
5.316736970166973109e-01
5.316934980628943430e-01
5.316702801499593178e-01
5.316785856859923554e-01
5.316990414171660628e-01
5.316223319605697384e-01
5.316357754962766080e-01
5.316337481998113512e-01
5.316184044982613655e-01
5.316412129510792450e-01
5.315412437101680876e-01
5.315398457558974110e-01
5.315715339562632202e-01
5.315176506024100744e-01
5.315193692699000660e-01
5.315040540419838644e-01
5.314986255426423778e-01
5.314129234496102194e-01
5.314009680807358915e-01
5.314444191154581443e-01
5.313459511821314596e-01
5.313426605806979008e-01
5.313362447416418721e-01
5.313042744633310610e-01
5.313117836807281780e-01
5.313409045390722341e-01
5.312991255728827245e-01
5.313062462624819071e-01
5.312887007781836868e-01
5.312492036430264131e-01
5.312469527829369875e-01
5.312634456773351888e-01
5.312578927606461665e-01
5.312347592991146783e-01
5.312391652806907061e-01
5.311963862651091217e-01
5.311931702229638619e-01
5.311731229714643510e-01
5.311716239964271447e-01
5.311458080250524016e-01
5.311667749614704670e-01
5.311972686500959773e-01
5.311406105734501892e-01
5.311374586969072054e-01
5.311334954223629889e-01
5.311826251968826407e-01
5.311260396205889078e-01
5.311194298862802476e-01
5.311555144088427882e-01
5.311305899847016398e-01
5.311015899567438359e-01
5.310466016507713327e-01
5.310498382949224716e-01
5.310553584180912612e-01
5.310447150467323407e-01
5.310560679482653201e-01
5.310626084715603934e-01
5.310806384748106845e-01
5.310369704810630198e-01
5.310681204710274717e-01
5.310275827573108787e-01
5.310296246770516149e-01
5.310215560793063450e-01
5.310462726236332420e-01
5.310263821982873500e-01
5.310199844087275522e-01
5.310230621671314655e-01
5.310288740573010369e-01
5.310218752413052856e-01
5.310409563051629034e-01
5.310166642199137810e-01
5.310218863311322313e-01
5.310205360566732091e-01
5.310247536979266769e-01
5.310163810420581720e-01
5.310463615428997475e-01
5.310224168268137257e-01
5.310554468632796565e-01
5.309827019636133016e-01
5.309610156129892511e-01
5.309581771915526938e-01
5.309515499346024736e-01
5.309500091254809595e-01
5.309514209271375407e-01
5.309451742217131676e-01
5.309315792929079070e-01
5.309322412835740801e-01
5.309514275131002048e-01
5.309259042633319714e-01
5.309425528356556123e-01
5.309973753459347190e-01
5.308545823460475432e-01
5.308597049116787758e-01
5.308762955789352311e-01
5.308460312746045018e-01
5.308507397298966035e-01
5.308564652095866254e-01
5.308485160751190701e-01
5.308432353064810316e-01
5.308538756750192933e-01
5.308557432747912364e-01
5.308524165116997873e-01
5.308469334432568409e-01
5.308441343731842288e-01
5.308515404439739793e-01
5.308463976045015853e-01
5.308615925729842644e-01
5.308416933072044319e-01
5.308460981607736606e-01
5.308496872540321432e-01
5.308377310512903957e-01
5.308406095100458577e-01
5.308451792034721839e-01
5.308353600219349877e-01
5.308582196287878752e-01
5.308416388348314863e-01
5.308420603599667276e-01
5.308279406810650913e-01
5.309264908797571847e-01
5.308346697056579577e-01
5.308409334017001324e-01
5.308623993241751160e-01
5.308549897425730579e-01
5.308362165614584072e-01
5.308532852954822578e-01
5.308495814464623264e-01
5.307786186551874952e-01
5.308039439694057782e-01
5.307853866258140929e-01
5.307462192775566079e-01
5.307487460391308032e-01
5.308302129380224610e-01
5.307422382986024534e-01
5.306978435344871237e-01
5.306998863118589371e-01
5.306943835571305002e-01
5.307099002563115953e-01
5.307062127155105502e-01
5.306997605131985596e-01
5.307032759646098663e-01
5.306879531438997155e-01
5.306890853554544485e-01
5.306818182391768168e-01
5.306884647730386595e-01
5.306843634940310306e-01
5.306499320911218787e-01
5.306611605526091457e-01
5.306570772334082697e-01
5.306464898820384413e-01
5.306483220627742359e-01
5.306459023326686175e-01
5.306495374382619312e-01
5.306454208576559806e-01
5.306437577640448211e-01
5.306422463349134144e-01
5.306384658960334733e-01
5.306348179852884428e-01
5.306359562027369581e-01
5.306658215929944689e-01
5.306365906127659127e-01
5.306566961623039314e-01
5.306330625106324694e-01
5.306392759432108086e-01
5.306340337068876645e-01
5.306360746887074376e-01
5.306977453537218281e-01
5.306171461438162762e-01
5.306002895898271898e-01
5.305188559985913876e-01
5.305488829996263256e-01
5.305151573843135404e-01
5.305093578668690357e-01
5.305122327577743713e-01
5.305488479627121778e-01
5.305065627439329301e-01
5.305040363710767926e-01
5.305086394675105899e-01
5.305297922898831731e-01
5.305060793268565611e-01
5.305111815472058900e-01
5.305083236371174182e-01
5.305713441650175000e-01
5.304941291147701188e-01
5.305526327565757150e-01
5.305230410681930353e-01
5.305588871867419343e-01
5.304970190989232171e-01
5.304805547527636778e-01
5.304854156895266737e-01
5.304572105583851283e-01
5.304551074283965217e-01
5.304546221223362945e-01
5.304567512008303565e-01
5.304602365350680193e-01
5.304557017087582205e-01
5.304332594165638293e-01
5.304352545638856276e-01
5.304848738702722111e-01
5.304358992785476179e-01
5.304920536732712355e-01
5.304387200865284813e-01
5.304341338350903046e-01
5.304408341863462439e-01
5.304957196390980290e-01
5.304360879073906077e-01
5.304499411117735708e-01
5.304347444674624157e-01
5.304405665049556351e-01
5.304310091295798557e-01
5.305085676441035902e-01
5.304123398115762056e-01
5.303713488563500666e-01
5.303750843807110149e-01
5.303869423651971227e-01
5.303692405232665052e-01
5.303754682004454546e-01
5.303777673908480761e-01
5.304251540575991575e-01
5.303732050020352196e-01
5.304080515643073701e-01
5.303694471010476086e-01
5.303649221123333257e-01
5.303710092850122404e-01
5.303800592316419982e-01
5.303636748542234214e-01
5.303414485091375585e-01
5.303385091523348249e-01
5.303879924533396739e-01
5.303424116698597368e-01
5.303274903556817188e-01
5.303291513554653225e-01
5.303290011624495204e-01
5.303256471128084959e-01
5.303197395387737600e-01
5.303182707769545923e-01
5.303154737977676669e-01
5.303198257014711814e-01
5.303210430211563464e-01
5.303210195631680168e-01
5.303152789677892942e-01
5.303175304198111117e-01
5.303401536397041038e-01
5.303145948952033839e-01
5.303356256836706528e-01
5.303117845675989761e-01
5.303125245998671078e-01
5.303123513541778689e-01
5.303254389944506153e-01
5.303108710921479174e-01
5.303471816504442549e-01
5.302810624655674987e-01
5.302686731116673657e-01
5.302743802886429325e-01
5.303122330834626474e-01
5.302862099046496969e-01
5.302474391128291220e-01
5.302467944899385000e-01
5.302500036729141941e-01
5.302421818004197096e-01
5.302302921232806554e-01
5.302327525572250178e-01
5.302342588326487416e-01
5.302363811469635868e-01
5.302106711832678121e-01
5.302481775387350993e-01
5.302067267636998427e-01
5.303257183089554738e-01
5.302009378592882349e-01
5.301948677466479243e-01
5.301950334493400474e-01
5.301856736353215416e-01
5.301903645959280542e-01
5.301810814385179427e-01
5.301805805874729716e-01
5.301742152084578663e-01
5.301768422120576307e-01
5.301751908056790974e-01
5.301739759211183678e-01
5.301504861848965744e-01
5.301519280027459091e-01
5.301554081431343324e-01
5.301487680282526149e-01
5.301467041141992853e-01
5.301451201493413423e-01
5.301487101364251719e-01
5.301448391049367048e-01
5.301492287076458032e-01
5.301468176627969209e-01
5.301896796505753962e-01
5.301877140356739959e-01
5.300947275586400664e-01
5.301304723852542367e-01
5.300994405673442600e-01
5.301608743882556540e-01
5.300932490552175969e-01
5.301060363925544916e-01
5.300886433517149054e-01
5.300981803073157028e-01
5.300837686738855137e-01
5.300860624687491196e-01
5.300847583774597194e-01
5.300930637159563252e-01
5.300737939576040114e-01
5.300764951430655403e-01
5.300842414595232643e-01
5.300937971930613779e-01
5.300768313912096463e-01
5.300657359976694849e-01
5.300672035194301523e-01
5.300774529890814879e-01
5.300671658973827860e-01
5.300631790782631692e-01
5.300623678180463871e-01
5.300533048342966902e-01
5.300570605458811979e-01
5.300593049423854008e-01
5.300553519388550017e-01
5.300750532099518519e-01
5.300692379349193351e-01
5.300271567883709789e-01
5.300285965495886709e-01
5.300354395676792896e-01
5.300292061492523077e-01
5.300396239939614285e-01
5.300270674620141120e-01
5.300557352608510353e-01
5.300350978609685848e-01
5.300367475260796546e-01
5.300274243307085964e-01
5.300252474503703848e-01
5.300239857328199466e-01
5.300469545238022384e-01
5.300232066357374316e-01
5.300238787351708725e-01
5.300511963701828311e-01
5.299803332025202485e-01
5.300330234585851619e-01
5.299814828158686542e-01
5.299810966803649714e-01
5.299717145779754279e-01
5.299749087663723213e-01
5.299803708650593359e-01
5.299681478834279424e-01
5.299806740824808404e-01
5.299685683682126003e-01
5.299609508876554909e-01
5.299589300552570714e-01
5.299746873285583471e-01
5.299564245653037853e-01
5.299557116320743333e-01
5.299543620060072069e-01
5.299801722094885648e-01
5.299507886392470501e-01
5.299562998607260100e-01
5.299525090247578785e-01
5.300219413476401353e-01
5.299434967994480772e-01
5.299101504653006556e-01
5.299091856825469682e-01
5.299698231059741804e-01
5.299204176396860033e-01
5.298444665980374113e-01
5.298500082281929480e-01
5.298475914472534631e-01
5.298427719525106161e-01
5.298403787814173205e-01
5.298407353765581806e-01
5.298309206989650910e-01
5.298305888084221538e-01
5.298275053371102050e-01
5.298237059765595891e-01
5.298490968019261560e-01
5.298268748979746423e-01
5.298367267421619786e-01
5.298322249335430945e-01
5.299581920663685164e-01
5.298827379060744303e-01
5.297535578091361330e-01
5.297523193394478858e-01
5.297535054917819064e-01
5.297727686264394054e-01
5.297562460898989078e-01
5.297535557243013837e-01
5.297522403648363687e-01
5.297490933966881865e-01
5.297505987578420283e-01
5.297565506668084900e-01
5.297527238714186959e-01
5.297505794298931203e-01
5.297509995377733816e-01
5.297467375333626549e-01
5.297463398253083877e-01
5.297564554391827052e-01
5.297497629260542462e-01
5.297497211112925930e-01
5.297492125814662334e-01
5.297974529308908664e-01
5.297510851993075809e-01
5.297749502544805145e-01
5.297507137376354924e-01
5.298169309367515289e-01
5.297452931407033994e-01
5.296962289570888993e-01
5.297103185910038148e-01
5.296945025539563368e-01
5.296916160678722951e-01
5.296914214299601742e-01
5.296873534895674140e-01
5.296898869886589312e-01
5.296950949859032809e-01
5.296908127266771737e-01
5.297024577301793213e-01
5.296886047506987882e-01
5.296849822954540210e-01
5.296878029995203407e-01
5.297044115272265818e-01
5.297070408641266770e-01
5.297666571454852091e-01
5.296714414755837597e-01
5.296538551551879248e-01
5.296614120427544092e-01
5.296696066086827859e-01
5.296545577554956363e-01
5.296561912951494033e-01
5.296551279652715882e-01
5.296639324755917366e-01
5.296580667673215226e-01
5.296627723296994938e-01
5.296567472624196249e-01
5.296708191501869889e-01
5.296590982810127635e-01
5.296562169542583520e-01
5.296557203129614866e-01
5.296618037142900581e-01
5.296517383307142168e-01
5.296545893052820864e-01
5.296484198979675151e-01
5.296530955134152174e-01
5.296506028903669172e-01
5.296486187686438862e-01
5.296500898918768963e-01
5.297311952075742791e-01
5.296361313696882345e-01
5.296224734348038421e-01
5.296240575787369842e-01
5.296249312303272783e-01
5.296236540008647520e-01
5.296303097254861925e-01
5.296253453707205905e-01
5.296401441152687184e-01
5.296242393048373742e-01
5.296218128661320801e-01
5.296256020286390642e-01
5.296285545835196507e-01
5.296212646025911797e-01
5.296335517927286407e-01
5.296210769593844292e-01
5.296353730126291959e-01
5.296268385683333690e-01
5.296804317714701726e-01
5.296267266810558150e-01
5.295806217745605560e-01
5.295891915875510225e-01
5.296556802135496955e-01
5.295806884316710539e-01
5.295776143277413084e-01
5.295812586376000830e-01
5.295828150679108282e-01
5.295794577903700784e-01
5.295919642156243778e-01
5.295762888353275910e-01
5.295757417334984174e-01
5.295791396093191272e-01
5.295850052258163077e-01
5.295787414305045404e-01
5.295769010732490623e-01
5.295758563958385956e-01
5.295835878213852599e-01
5.295786060331799661e-01
5.295760624973750996e-01
5.295753444383634045e-01
5.296018252341091470e-01
5.295521395771201068e-01
5.295256540234216658e-01
5.295267595736700139e-01
5.295287716030520064e-01
5.295340521616674900e-01
5.295286315681316802e-01
5.295259102165902343e-01
5.295230619606516864e-01
5.295243655906047842e-01
5.295369553868168877e-01
5.295231095927352971e-01
5.295289556085365223e-01
5.295243854249345183e-01
5.295230626903109084e-01
5.295289073563561599e-01
5.294715140305589207e-01
5.294500461581064243e-01
5.294264111399690220e-01
5.294273186255009644e-01
5.294216430307987498e-01
5.294254960914506203e-01
5.294139720918665803e-01
5.294031547827072748e-01
5.294144875318879118e-01
5.293757142328329168e-01
5.293722995741312332e-01
5.293823162757922418e-01
5.293748172155399168e-01
5.293945497780004894e-01
5.293679748096126181e-01
5.293792259784996235e-01
5.293712984959378920e-01
5.293654618672898327e-01
5.293660447036995231e-01
5.293616378966261582e-01
5.293645604411703065e-01
5.293513558486984127e-01
5.293524777685613136e-01
5.293731225616247205e-01
5.293478619409732744e-01
5.293649172068782827e-01
5.293462313657280038e-01
5.293081287486194331e-01
5.293101801516481020e-01
5.293014734725204340e-01
5.292993635032305910e-01
5.292984801831620567e-01
5.293021091908637343e-01
5.293023943600847492e-01
5.293012414555023915e-01
5.293162438168520501e-01
5.292934160434002999e-01
5.293071837220907350e-01
5.293001094565884523e-01
5.293405228477319202e-01
5.293070234930467022e-01
5.293074424345716178e-01
5.292950240524884054e-01
5.292759098003643192e-01
5.292824110785007141e-01
5.293176049419494600e-01
5.292640922645686086e-01
5.292922558761934404e-01
5.292612353587244911e-01
5.292736808884409561e-01
5.292598034776835325e-01
5.292434612981563591e-01
5.292444052853988445e-01
5.292497875520315587e-01
5.292450440783275090e-01
5.292473188359858582e-01
5.292404698335375635e-01
5.292376725779566193e-01
5.292455079117373007e-01
5.292878605080940657e-01
5.292368081905109989e-01
5.292611170600939330e-01
5.292506200250605142e-01
5.292372113517356258e-01
5.292368341991929848e-01
5.292417060643082038e-01
5.292598303096081036e-01
5.292881096396018226e-01
5.292245060403233392e-01
5.292133730119416013e-01
5.292168806946937476e-01
5.292237219806364967e-01
5.292211336452486981e-01
5.292043926302615331e-01
5.292044597181059240e-01
5.292122831987010612e-01
5.292071404615933394e-01
5.292119219263946572e-01
5.292054938592004598e-01
5.292517936130882727e-01
5.291996868744227589e-01
5.292114712650640707e-01
5.292028814958527061e-01
5.292242370944568730e-01
5.292196532147395160e-01
5.292220913130609716e-01
5.291933574468937751e-01
5.292589682345978375e-01
5.291916623560010136e-01
5.292132542271934526e-01
5.291946739463745386e-01
5.292514353975371622e-01
5.291992874563413718e-01
5.291441148865116961e-01
5.291944845368622419e-01
5.291441209484665231e-01
5.291620350641292880e-01
5.291459180256150585e-01
5.291550794731628704e-01
5.291445323123008526e-01
5.291556818375381388e-01
5.291460839722871290e-01
5.291425913501168754e-01
5.291504934978064068e-01
5.291888168088028088e-01
5.291453241508735639e-01
5.291800549482379434e-01
5.291336009330992463e-01
5.291704091964233303e-01
5.291278956849301274e-01
5.291472022802105046e-01
5.291323335670616856e-01
5.291160058386519260e-01
5.291177348619150456e-01
5.291210119303014769e-01
5.291231373921081449e-01
5.291321203162295816e-01
5.291188122320903409e-01
5.291245515128361054e-01
5.291114299457702064e-01
5.291393394629453351e-01
5.291107896044714431e-01
5.291209942097102603e-01
5.291122697275838505e-01
5.291324701339825687e-01
5.291106009547705824e-01
5.291213237707658168e-01
5.291157734533608048e-01
5.291077510730373135e-01
5.291100308496990978e-01
5.291174905822126906e-01
5.291079970735377280e-01
5.291002984335791970e-01
5.291375277270533584e-01
5.291369761486622858e-01
5.291054738276893543e-01
5.290844809290951023e-01
5.290838381030279480e-01
5.291209602376356624e-01
5.290841318947857586e-01
5.291256263878961752e-01
5.290845890421889131e-01
5.291080117697456453e-01
5.290846582064486769e-01
5.290970596934320147e-01
5.290834285666260461e-01
5.290845114139371974e-01
5.290831719106022790e-01
5.291285786358810306e-01
5.290820303712047146e-01
5.291199928462892998e-01
5.290572111099647312e-01
5.290626847967084823e-01
5.290595626200806922e-01
5.290325072679676888e-01
5.290556531274523966e-01
5.290320957669666369e-01
5.290305777522720243e-01
5.290282379574967608e-01
5.290305733223022999e-01
5.290396957946384981e-01
5.290193673003255048e-01
5.290338995401935307e-01
5.290174053966565371e-01
5.290438058739357352e-01
5.290226868408330896e-01
5.290250395490987412e-01
5.290201995406303981e-01
5.290254830534080188e-01
5.290199935736010772e-01
5.290718606140233371e-01
5.290182294765344295e-01
5.290962107658832014e-01
5.290070839557056148e-01
5.289898435751172467e-01
5.289823327521530061e-01
5.289448737530632050e-01
5.289449814617446233e-01
5.289484884534529918e-01
5.289513963504297589e-01
5.289537809423308090e-01
5.289437346261175454e-01
5.289602975528310269e-01
5.289427185496197170e-01
5.289746206227872172e-01
5.289396210998588144e-01
5.289533768220413545e-01
5.289452681827987446e-01
5.289533635209656692e-01
5.289389563191432275e-01
5.289544665813205038e-01
5.289414227258548706e-01
5.290033934607775157e-01
5.289389257535809241e-01
5.289530045494622579e-01
5.289320587908683535e-01
5.289984860888645724e-01
5.289299708063353034e-01
5.288922852306648936e-01
5.289025711102828264e-01
5.288968362158953385e-01
5.289003212132600273e-01
5.288946501025487690e-01
5.288931845548596744e-01
5.288965660047045825e-01
5.288959429153715641e-01
5.288920176542850626e-01
5.289181003104175272e-01
5.288900106274156965e-01
5.288882909097504248e-01
5.288932782353360507e-01
5.288950185718482855e-01
5.288825027165126036e-01
5.289191316711010504e-01
5.288820170280378319e-01
5.289575003348326865e-01
5.288975023593488478e-01
5.288539201908947218e-01
5.288583197135779956e-01
5.288536216806972723e-01
5.288552126119447916e-01
5.288800413408860646e-01
5.288337522805809376e-01
5.287796187139426340e-01
5.287716777839810423e-01
5.287652028395349868e-01
5.287906546456311307e-01
5.287650017915334066e-01
5.287638973955040012e-01
5.287638548819834083e-01
5.287451839659761399e-01
5.287444960177809516e-01
5.287424988128590631e-01
5.287397984862904909e-01
5.287471894617491452e-01
5.287413482885986449e-01
5.287371949533820059e-01
5.287411262451781058e-01
5.287898345712024328e-01
5.287483665943109035e-01
5.287512769327625817e-01
5.287374714603939596e-01
5.287029870131502163e-01
5.287418193412117828e-01
5.286948208186592613e-01
5.286910299121684309e-01
5.286919885942248376e-01
5.286958541633950404e-01
5.286912669039051105e-01
5.287005018037207460e-01
5.286866416112320222e-01
5.286940299479638838e-01
5.286877214037704054e-01
5.286964033811107910e-01
5.286830506354333048e-01
5.286895881800424135e-01
5.287171284264414739e-01
5.286706208454843292e-01
5.286838023576917456e-01
5.286550979449871068e-01
5.286645947560909553e-01
5.286414039312943292e-01
5.286660576069593942e-01
5.286544306109515201e-01
5.286433257863792923e-01
5.286226066740757901e-01
5.286475631064418979e-01
5.286025946609635984e-01
5.286044957488533758e-01
5.285938128561125104e-01
5.285906456794526864e-01
5.285871198707023932e-01
5.285918440648404992e-01
5.285883781444349339e-01
5.285866263105442053e-01
5.285833056261932672e-01
5.285829716766278219e-01
5.285844435664641683e-01
5.285848709349528773e-01
5.285762769689770213e-01
5.285774151412310218e-01
5.285426487771993642e-01
5.285808817923036695e-01
5.285503681888124028e-01
5.285560822657400237e-01
5.285506729196879361e-01
5.286141523226814964e-01
5.285442986540828114e-01
5.285530955492276917e-01
5.285456626144748871e-01
5.285381089501657303e-01
5.285356582219006283e-01
5.285490294668738764e-01
5.285406791460045550e-01
5.285431915795092417e-01
5.285434679008581549e-01
5.285333276501779087e-01
5.285303563859826692e-01
5.285520809413943866e-01
5.285224167935828055e-01
5.285555835305382200e-01
5.285080651986910905e-01
5.285017560505815837e-01
5.285051972288022926e-01
5.284858234937895860e-01
5.284774985328140051e-01
5.285142991348024122e-01
5.284787750549583274e-01
5.284754961110177396e-01
5.284709823063671319e-01
5.284752164837794863e-01
5.284684948934937898e-01
5.284646482445189974e-01
5.284609880674824289e-01
5.284641071583522365e-01
5.284578285064481795e-01
5.284602425686862892e-01
5.284573574553939057e-01
5.284685267375415219e-01
5.284573195789690203e-01
5.284294704515074548e-01
5.284147190091833535e-01
5.285284682300331882e-01
5.284175183446082613e-01
5.283873154694372909e-01
5.283858990735395000e-01
5.283733350669981288e-01
5.283796579779765912e-01
5.283659882865829882e-01
5.283647460193547918e-01
5.283612730905452581e-01
5.283529023113707757e-01
5.283637127241070930e-01
5.283525980218295448e-01
5.283821439369091877e-01
5.283537522298427103e-01
5.283661642234511735e-01
5.283540533292259145e-01
5.283678492126486770e-01
5.283536044902978901e-01
5.283619920334540199e-01
5.283586283045711429e-01
5.284008043231940288e-01
5.283251569932412295e-01
5.283441432978316366e-01
5.283239429271451293e-01
5.283112235119009625e-01
5.283120243907871716e-01
5.283120504328741029e-01
5.283029160451075956e-01
5.282979446980972105e-01
5.283016764213582794e-01
5.283024944587388916e-01
5.283030871587544031e-01
5.282900298378874204e-01
5.282930714422519047e-01
5.282993288670213561e-01
5.282867295868973745e-01
5.283337390465971950e-01
5.283201293789834274e-01
5.282831501696766408e-01
5.283171758050135836e-01
5.282356922857707193e-01
5.282336608644648823e-01
5.282349053574605380e-01
5.282418592107872568e-01
5.282359152345970088e-01
5.282268257232841657e-01
5.282292448151756359e-01
5.282414675804989468e-01
5.282313440510872926e-01
5.282546572309831934e-01
5.282332214776861434e-01
5.282181001465527936e-01
5.282256437908907643e-01
5.282438773811221067e-01
5.282223074478833436e-01
5.282336801737423926e-01
5.282213504046804342e-01
5.282449914021634108e-01
5.282211558139591201e-01
5.282952831083032041e-01
5.282136431156460032e-01
5.282636888749758786e-01
5.282103762738964425e-01
5.282185250944323451e-01
5.282125224689604437e-01
5.282873802801659746e-01
5.281990384392214466e-01
5.281887628769019738e-01
5.281856573164324109e-01
5.281806210035492333e-01
5.281740211895312731e-01
5.282077617386450319e-01
5.281754285575124275e-01
5.281804921493746807e-01
5.281763528689876752e-01
5.282014835304137401e-01
5.281721342086276305e-01
5.281684528390809819e-01
