1.746490846798927077e+00
1.746490846798927521e+00
1.746490846798927077e+00
1.727905199369007772e+00
1.750070008100446550e+00
1.729019732180280267e+00
1.071913125141875200e+00
1.071913125141875422e+00
1.071913125141875200e+00
1.071913125141875200e+00
1.071913125141875422e+00
1.071913125141875422e+00
1.121432913401430698e+00
1.031086623638895139e+00
1.031086623638895139e+00
1.031086623638895139e+00
1.031086623638895139e+00
1.105967323178606021e+00
1.031086623638895139e+00
1.031086623638895139e+00
7.797181437483790001e-01
7.766431089326383264e-01
7.766431089326383264e-01
8.043991412957316456e-01
7.766431089326385484e-01
8.028993794667049766e-01
7.849520429236159780e-01
8.551118036614382412e-01
7.766431089326385484e-01
8.573626459448794312e-01
7.766431089326383264e-01
7.451994426303221175e-01
7.451994426303220065e-01
8.213043312401344664e-01
7.451994426303220065e-01
9.043699522342448782e-01
7.451994426303220065e-01
7.526947417002437524e-01
7.451994426303220065e-01
7.730944669811995462e-01
7.431434428777178303e-01
8.498211004775590993e-01
7.652758710897422656e-01
7.872863416334799913e-01
7.617635016155419603e-01
7.434170135055083728e-01
7.524947877229514193e-01
7.440714934510154199e-01
7.448652158631516862e-01
7.429896990912364663e-01
7.545827703643934736e-01
7.428256782758573262e-01
8.043118604818501050e-01
7.425661224996787935e-01
7.470379404730357331e-01
7.430170096818973224e-01
7.460895285903246243e-01
7.433654700658356429e-01
7.827490742347092967e-01
7.432457277021896624e-01
7.664130094771305357e-01
7.503946946321408129e-01
7.425359601492631523e-01
7.436412973049145725e-01
7.425276525851853826e-01
7.445820637303051104e-01
7.425634899577511217e-01
7.582754805685087973e-01
7.425895301925456993e-01
7.469438843570821440e-01
7.424273024426976120e-01
7.493117030174373250e-01
7.425737750301009132e-01
7.515425857970142731e-01
7.428946908427668250e-01
7.431721320168312994e-01
7.424893355761313929e-01
7.441314230128723839e-01
7.428003752109648694e-01
7.424382842319254827e-01
7.426216837919412672e-01
7.424393038644895304e-01
7.428044069187323961e-01
7.424490700772053975e-01
7.435610599934753262e-01
7.424160488454030205e-01
7.466433529431510951e-01
7.424371533713893800e-01
7.436443598695076096e-01
7.434651259369359222e-01
7.424062497730962162e-01
7.424289637220817806e-01
7.424043710079277769e-01
7.424883871912855149e-01
7.424224334640152634e-01
7.424666899351312077e-01
7.424042655024579718e-01
7.424119092369183548e-01
7.424118117931818306e-01
7.424792454603910130e-01
7.424050222191468373e-01
7.428052269635165850e-01
7.424761077580303015e-01
7.425307305242372369e-01
7.435672218260094279e-01
7.425555892589938978e-01
7.423980711297466506e-01
7.425384236785168568e-01
7.424085110221773087e-01
7.424293661578053038e-01
7.423944409591405336e-01
7.424122201228804396e-01
7.424046347467871954e-01
7.423811835325804243e-01
7.423902082213095222e-01
7.425658085067582403e-01
7.423942697293239856e-01
7.424976792320162611e-01
7.423829350355103385e-01
7.424338685238182078e-01
7.423927044325530078e-01
7.423963497768061304e-01
7.423856467787881552e-01
7.424061228876247531e-01
7.424170723053078458e-01
7.423801237088032412e-01
7.423852001209793050e-01
7.423804004513210320e-01
7.423857635656095910e-01
7.423797907747411440e-01
7.423871186825786728e-01
7.423804550397637980e-01
7.423914449624119394e-01
7.423872030865783511e-01
7.423748526912377077e-01
7.423863506647170318e-01
7.424021561630929078e-01
7.423728528570888718e-01
7.423719094911440664e-01
7.423782077959936165e-01
7.423678721505195810e-01
7.423771495762718775e-01
7.423671083857268371e-01
7.423692957266568859e-01
7.423692276184507000e-01
7.423672479621663545e-01
7.423675982209315682e-01
7.423656938416693940e-01
7.423647382922861082e-01
7.423668275616183143e-01
7.423663658148689226e-01
7.423621033182865592e-01
7.423570493709769069e-01
7.423571461648227343e-01
7.423568738858437044e-01
7.423564572523666527e-01
7.423568816674398496e-01
7.423582379104631812e-01
7.423590735076318614e-01
7.423615099482093749e-01
7.423555265384067514e-01
7.423531074846844158e-01
7.423546446635798102e-01
7.423528405493509119e-01
7.423517615901646938e-01
7.423508178642487243e-01
7.423506170792042447e-01
7.423509453258071433e-01
7.423491665681728469e-01
7.423498578904681455e-01
7.423629178773397674e-01
7.423496371144346906e-01
7.423560084057667652e-01
7.423516959295709539e-01
7.423519389630059973e-01
7.423490462146015156e-01
7.423488488896673454e-01
7.423485826058777715e-01
7.423537724829879503e-01
7.423485758670258505e-01
7.423503861435369888e-01
7.423497116685457975e-01
7.423557843002998036e-01
7.423493390438256068e-01
7.423485377296472620e-01
7.423484680508327660e-01
7.423511853010592576e-01
7.423487852732905123e-01
7.423666736976463065e-01
7.423488793934984731e-01
7.423481458143964540e-01
7.423481483331489938e-01
7.423481046683813034e-01
7.423493998973597074e-01
7.423480254888572549e-01
7.423490148705284009e-01
7.423480144699128314e-01
7.423502780632391662e-01
7.423480240640315531e-01
7.423484350996475412e-01
7.423481089459448290e-01
7.423490724708093902e-01
7.423480785397889026e-01
7.423486784194991417e-01
7.423479575313569612e-01
7.423496955733404068e-01
7.423481386142048999e-01
7.423487669321732207e-01
7.423481842157373389e-01
7.423479172024650685e-01
7.423477347404150439e-01
7.423480855332672546e-01
7.423477603752947074e-01
7.423475983369831610e-01
7.423477037858312588e-01
7.423475500996333798e-01
7.423474986645440810e-01
7.423472859276619706e-01
7.423467973479924709e-01
7.423463204735000209e-01
7.423462478788105390e-01
7.423462389256685334e-01
7.423460855149665027e-01
7.423461141794509555e-01
7.423460656497903321e-01
7.423461160252396995e-01
7.423461710302667882e-01
7.423460946201760891e-01
7.423460995664631357e-01
7.423461009119237675e-01
7.423454558015215587e-01
7.423451729102701346e-01
7.423451981813752321e-01
7.423450601335760402e-01
7.423445440405981310e-01
7.423444263080399841e-01
7.423444165669058625e-01
7.423447559943310292e-01
7.423442701842157820e-01
7.423442103010992055e-01
7.423442242663756963e-01
7.423448795948982548e-01
7.423443183224358588e-01
7.423442024534445682e-01
7.423441516734433643e-01
7.423440617221805926e-01
7.423441362221885331e-01
7.423439830982749843e-01
7.423440081019867520e-01
7.423440373585263874e-01
7.423440300895544075e-01
7.423440234185486597e-01
7.423440933619505078e-01
7.423443266325865375e-01
7.423441711795981668e-01
7.423441065884868184e-01
7.423438691638084563e-01
7.423440060028921872e-01
7.423440172108817237e-01
7.423435682500050259e-01
7.423434864259055299e-01
7.423434562986077623e-01
7.423434363110270606e-01
7.423433363790216122e-01
7.423432711225651515e-01
7.423433089407707186e-01
7.423435796010335874e-01
7.423434503879731139e-01
7.423428689762284760e-01
7.423428500979276645e-01
7.423428241212258749e-01
7.423427135496882823e-01
7.423427639033184366e-01
7.423427342683527330e-01
7.423428466860946262e-01
7.423427613121420521e-01
7.423427075624031701e-01
7.423431422350456055e-01
7.423426162796629146e-01
7.423430403504702735e-01
7.423425332170159319e-01
7.423422981090092021e-01
7.423423585749709952e-01
7.423423127978755476e-01
7.423423762123301239e-01
7.423423107780845465e-01
7.423424025139236937e-01
7.423423730289269162e-01
7.423439097366306694e-01
7.423421574865219918e-01
7.423419458604039178e-01
7.423418964655523755e-01
7.423420585853991449e-01
7.423418988703238686e-01
7.423421924354679513e-01
7.423418823726315452e-01
7.423419612611316110e-01
7.423418925708807903e-01
7.423420520818477808e-01
7.423416831566327367e-01
7.423411878673171760e-01
7.423409585292758406e-01
7.423410215109691457e-01
7.423410304224274947e-01
7.423409466269664803e-01
7.423410056821813097e-01
7.423409290312287245e-01
7.423408215643935160e-01
7.423410010662834235e-01
7.423408336663601670e-01
7.423422834240803736e-01
7.423408363561319057e-01
7.423403553667495824e-01
7.423402684004546392e-01
7.423402815639869035e-01
7.423402660621486460e-01
7.423402762065037797e-01
7.423403551128044953e-01
7.423402515132607737e-01
7.423404580978851808e-01
7.423404019441177670e-01
7.423414431718633466e-01
7.423402985769558260e-01
7.423399016598337674e-01
7.423396853689772090e-01
7.423397264865919665e-01
7.423397142506108493e-01
7.423396056692717071e-01
7.423395316668972566e-01
7.423395601788536080e-01
7.423395414329141406e-01
7.423396776034622002e-01
7.423396102554038478e-01
7.423403543873938748e-01
7.423393615526674427e-01
7.423391603072092559e-01
7.423393023754211173e-01
7.423390234550089062e-01
7.423390550701910451e-01
7.423392613996534495e-01
7.423390159598918236e-01
7.423391139197847988e-01
7.423389904324473321e-01
7.423400738317293968e-01
7.423391236579990338e-01
7.423389653670200428e-01
7.423389884246661685e-01
7.423391052760266451e-01
7.423390103206105595e-01
7.423390331034480649e-01
7.423389188105251613e-01
7.423388361697093041e-01
7.423388766019510809e-01
7.423389882934333661e-01
7.423388715573319141e-01
7.423396631908081300e-01
7.423389256105610290e-01
7.423388027665070998e-01
7.423390357390630134e-01
7.423384736797190575e-01
7.423384247131668001e-01
7.423386004373474512e-01
7.423384799713290683e-01
7.423383481758832891e-01
7.423382987234067310e-01
7.423383183840983612e-01
7.423378536422544638e-01
7.423377156560023726e-01
7.423377842371967628e-01
7.423374848211062860e-01
7.423374414446641811e-01
7.423373780035751324e-01
7.423373680719338452e-01
7.423377257213280567e-01
7.423373186422695946e-01
7.423370269166094104e-01
7.423378027449784033e-01
7.423370679344053480e-01
7.423368898292934670e-01
7.423370515921293711e-01
7.423373229408753993e-01
7.423366073607859938e-01
7.423361939715511504e-01
7.423361078274604008e-01
7.423362394994206248e-01
7.423362587559401149e-01
7.423362914984620309e-01
7.423367632266921756e-01
7.423363335786989925e-01
7.423359095591500756e-01
7.423359117556030951e-01
7.423358040486564002e-01
7.423358679912427371e-01
7.423355296725800967e-01
7.423358614250115117e-01
7.423355214410114478e-01
7.423357835703215946e-01
7.423354923451155329e-01
7.423354583040980836e-01
7.423354410292495320e-01
7.423358155257971935e-01
7.423353768202047842e-01
7.423362719361408235e-01
7.423354107834837512e-01
7.423351798538094792e-01
7.423352155088147608e-01
7.423352788704185024e-01
7.423352259496728278e-01
7.423354264062174135e-01
7.423351801119465465e-01
7.423352927072810470e-01
7.423351816119396762e-01
7.423352418638240469e-01
7.423349539859189772e-01
7.423348845565783671e-01
7.423348769571410655e-01
7.423356209105353987e-01
7.423348873432968897e-01
7.423353597825756989e-01
7.423347959618293856e-01
7.423345799086101815e-01
7.423346581248512210e-01
7.423346217189303875e-01
7.423346776147371484e-01
7.423346104859237515e-01
7.423346653810443119e-01
7.423347930258765714e-01
7.423345122739863911e-01
7.423353240187923197e-01
7.423345309361945032e-01
7.423342742915123305e-01
7.423343280532889166e-01
7.423341894638377791e-01
7.423336891347934730e-01
7.423335799301766791e-01
7.423330986883739380e-01
7.423329046400988229e-01
7.423328492428084013e-01
7.423331556030625666e-01
7.423329847688238115e-01
7.423331562981909659e-01
7.423327561040649059e-01
7.423325554154976968e-01
7.423325263213735870e-01
7.423325632458487311e-01
7.423325791953475639e-01
7.423322050893904622e-01
7.423321558357829364e-01
7.423321639224915724e-01
7.423322274303972845e-01
7.423333023704309364e-01
7.423321965603927319e-01
7.423319753693629064e-01
7.423318054585100745e-01
7.423322632566229373e-01
7.423316116953392330e-01
7.423321288998471212e-01
7.423315726862970143e-01
7.423314317659934769e-01
7.423314718458667860e-01
7.423315674189877589e-01
7.423314212742259111e-01
7.423315685401232766e-01
7.423316243341544496e-01
7.423314422655098443e-01
7.423314168749237663e-01
7.423318721873767290e-01
7.423315072471936560e-01
7.423316718852854823e-01
7.423315242352872545e-01
7.423313688189763226e-01
7.423313944390310670e-01
7.423314561790428368e-01
7.423315629708410190e-01
7.423313623408572814e-01
7.423315855866724489e-01
7.423317926475421213e-01
7.423316782437359151e-01
7.423312424454823200e-01
7.423310297029435123e-01
7.423309597295887352e-01
7.423309665452613171e-01
7.423310956164623775e-01
7.423309641767116274e-01
7.423311769123761561e-01
7.423309522005530070e-01
7.423316636514988298e-01
7.423309854513279182e-01
7.423312781800460725e-01
7.423309428249241781e-01
7.423310326979798424e-01
7.423310341923660127e-01
7.423307857390232245e-01
7.423307812291793928e-01
7.423313591966311797e-01
7.423305304628589063e-01
7.423306722759294152e-01
7.423305167026909013e-01
7.423304250602127397e-01
7.423309321323989796e-01
7.423301022333428367e-01
7.423298638954710649e-01
7.423297135885399411e-01
7.423298115207837000e-01
7.423299564965627484e-01
7.423304306481950388e-01
7.423297892718166979e-01
7.423294505469590909e-01
7.423295216193622759e-01
7.423294335085294238e-01
7.423293858827639813e-01
7.423293991527121216e-01
7.423294721505684368e-01
7.423295889328337394e-01
7.423291768851142391e-01
7.423292007994104491e-01
7.423305761870035990e-01
7.423291729285368401e-01
7.423287648278215078e-01
7.423289357700944002e-01
7.423286786641659640e-01
7.423291221206352875e-01
7.423286463359077825e-01
7.423289684228387975e-01
7.423285887788551030e-01
7.423287422704667460e-01
7.423285339996497090e-01
7.423292811039845507e-01
7.423286104088515636e-01
7.423283860666193279e-01
7.423284185981510186e-01
7.423282531139426821e-01
7.423283144791664734e-01
7.423284745967657638e-01
7.423282787198213217e-01
7.423286283604217939e-01
7.423282544253035908e-01
7.423284357231697550e-01
7.423286272126604635e-01
7.423281252166823441e-01
7.423279542535682340e-01
7.423277081396945087e-01
7.423279698092555279e-01
7.423278512815801866e-01
7.423278188354831553e-01
7.423276888293246500e-01
7.423278634380505725e-01
7.423276702095743529e-01
7.423279281041338384e-01
7.423277942590835732e-01
7.423276285429161181e-01
7.423275701881119071e-01
7.423275193994320897e-01
7.423274335962742887e-01
7.423274589498284337e-01
7.423272308886474935e-01
7.423272943244212385e-01
7.423272138526199049e-01
7.423271424012434228e-01
7.423271663184517477e-01
7.423273926250567589e-01
7.423268811320040683e-01
7.423271789699104062e-01
7.423270476223754466e-01
7.423268045007485050e-01
7.423270120362011060e-01
7.423265894582613544e-01
7.423270153869625521e-01
7.423266270220493235e-01
7.423266832710883056e-01
7.423266067674177959e-01
7.423267574503992217e-01
7.423268603650743369e-01
7.423264841738668185e-01
7.423264218532859005e-01
7.423265203931052048e-01
7.423267542698577248e-01
7.423268298570516732e-01
7.423263422458133975e-01
7.423259523148397765e-01
7.423261972362572569e-01
7.423260082266418536e-01
7.423261029669877553e-01
7.423259600153743198e-01
7.423260562566599274e-01
7.423259757458678942e-01
7.423262822295959573e-01
7.423259148980743127e-01
7.423257476295782586e-01
7.423257199982469245e-01
7.423259335133961523e-01
7.423257234224506229e-01
7.423257522234933958e-01
7.423257443501602992e-01
7.423257700561203265e-01
7.423257095226026836e-01
7.423257605436868189e-01
7.423258012738198630e-01
7.423256325840100756e-01
7.423255014958219933e-01
7.423264498014743307e-01
7.423257940371090768e-01
7.423251373404914366e-01
7.423252752051231473e-01
7.423250937094845181e-01
7.423250735108297693e-01
7.423250716819224104e-01
7.423252548282451846e-01
7.423250745474283541e-01
7.423257929705997515e-01
7.423251169591875698e-01
7.423247314285331688e-01
7.423245570383852909e-01
7.423244383071931907e-01
7.423244214605304592e-01
7.423242615756260321e-01
7.423243890295380121e-01
7.423247388233211730e-01
7.423242782316377131e-01
7.423244643791203634e-01
7.423242708156745362e-01
7.423242811443985234e-01
7.423246829006843184e-01
7.423237776895089679e-01
7.423241037713860235e-01
7.423239202489761990e-01
7.423235537056949163e-01
7.423235790233039255e-01
7.423237414240123622e-01
7.423235689904751355e-01
7.423235450994395412e-01
7.423235525734827034e-01
7.423236699908136726e-01
7.423235517726267663e-01
7.423236694367509880e-01
7.423234765027429960e-01
7.423231090100328444e-01
7.423232052862777097e-01
7.423229830141735430e-01
7.423227175740818584e-01
7.423227389272226695e-01
7.423228540977970802e-01
7.423227189954094696e-01
7.423229899671091037e-01
7.423226424457167738e-01
7.423225460073253901e-01
7.423226792862850365e-01
7.423221793899544840e-01
7.423220603529760986e-01
7.423221304137295196e-01
7.423219101538321985e-01
7.423219450473845793e-01
7.423220985756372459e-01
7.423219141082210148e-01
7.423219778722511819e-01
7.423218593435377821e-01
7.423218486864688881e-01
7.423217033632023565e-01
7.423219630670343516e-01
7.423216388204292304e-01
7.423216359453979063e-01
7.423216509846165545e-01
7.423216503792280374e-01
7.423216674856564223e-01
7.423232922539813039e-01
7.423220275827903114e-01
7.423213295059861716e-01
7.423211167278951361e-01
7.423212165186048317e-01
7.423210882708362046e-01
7.423209350057733413e-01
7.423209360970187687e-01
7.423211092695118918e-01
7.423209276919789934e-01
7.423209594028696845e-01
7.423209682372755580e-01
7.423211648204406377e-01
7.423209533124889292e-01
7.423206610266868122e-01
7.423207440648477151e-01
7.423208134868373165e-01
7.423205620156823059e-01
7.423206122665122475e-01
7.423206011134262372e-01
7.423204648547767626e-01
7.423204833103996814e-01
7.423205096085833121e-01
7.423204977568913510e-01
7.423205823890178801e-01
7.423204799538751786e-01
7.423204899252570099e-01
7.423205120571505500e-01
7.423204067289175256e-01
7.423203948349637038e-01
7.423203559329492052e-01
7.423203538310216842e-01
7.423203469546305611e-01
7.423203408649291513e-01
7.423205937314896197e-01
7.423203790014094583e-01
7.423204095547470960e-01
7.423207798994939655e-01
7.423203906349338244e-01
7.423203905415635129e-01
7.423201350827338674e-01
7.423201788905966492e-01
7.423201689917037216e-01
7.423200606452884376e-01
7.423200882516793886e-01
7.423202149755212531e-01
7.423199792453983870e-01
7.423200813312924584e-01
7.423200144292246838e-01
7.423200639978917437e-01
7.423199798138762073e-01
7.423199499258300582e-01
7.423199493982673980e-01
7.423199363888272062e-01
7.423201290479609638e-01
7.423199265148282544e-01
7.423199402605161756e-01
7.423198501136392125e-01
7.423197844304512127e-01
7.423198150232876991e-01
7.423198369793034823e-01
7.423197830804301178e-01
7.423198394498099484e-01
7.423197283076417019e-01
7.423196246109075025e-01
7.423192898718697919e-01
7.423190746207014579e-01
7.423189662738207684e-01
7.423190278698996725e-01
7.423187608786679936e-01
7.423184878590102231e-01
7.423184403394845754e-01
7.423184391641746149e-01
7.423185340449568459e-01
7.423185054968844954e-01
7.423185582414267847e-01
7.423184251276646606e-01
7.423183392667530578e-01
7.423183476711759932e-01
7.423183423639608813e-01
7.423181548579075306e-01
7.423181014322473015e-01
7.423181030880888764e-01
7.423180778626484733e-01
7.423181711060659049e-01
7.423180889772516000e-01
7.423180736645593747e-01
7.423181428856342468e-01
7.423180696874657203e-01
7.423181256268800432e-01
7.423181760829685727e-01
7.423180433365426101e-01
7.423178818580370431e-01
7.423176688237294041e-01
7.423175365717116225e-01
7.423175643301516136e-01
7.423175377269937147e-01
7.423175407872503184e-01
7.423175425464668686e-01
7.423175377208235393e-01
7.423175011344164131e-01
7.423175885430192134e-01
7.423174847139615284e-01
7.423173916202302491e-01
7.423174493241345706e-01
7.423172076952594400e-01
7.423172278227513354e-01
7.423171135187519587e-01
7.423169773181277353e-01
7.423168421791311866e-01
7.423167234481440335e-01
7.423167329863359365e-01
7.423167388359745988e-01
7.423166763867655726e-01
7.423168730037127405e-01
7.423163602598704669e-01
7.423160923825465884e-01
7.423158519398843636e-01
7.423157955767505367e-01
7.423156325890912788e-01
7.423156221314648473e-01
7.423156300178221922e-01
7.423155830413756817e-01
7.423155862982495634e-01
7.423155193471268065e-01
7.423155279747705171e-01
7.423154336481372351e-01
7.423154459125024252e-01
7.423152927989529193e-01
7.423151255667095327e-01
7.423150219826664120e-01
7.423150781939947818e-01
7.423151336682191070e-01
7.423148778619330646e-01
7.423148784525995802e-01
7.423149394780979016e-01
7.423146946681395963e-01
7.423146408296501519e-01
7.423145554103688371e-01
7.423144442677739319e-01
7.423142811922864848e-01
7.423141042366668829e-01
7.423139472799588079e-01
7.423137031552846654e-01
7.423135137231956504e-01
7.423133602675449083e-01
7.423132037030227837e-01
7.423130610125551199e-01
7.423130794155040624e-01
7.423130775715476304e-01
7.423131021130794371e-01
7.423130390838037496e-01
7.423129110125177288e-01
7.423128535595888700e-01
7.423128698429646288e-01
7.423127714785745512e-01
7.423128018554874252e-01
7.423125125987718453e-01
7.423124079717089430e-01
7.423120833253710193e-01
7.423118651467897067e-01
7.423117524007835089e-01
7.423117140425199434e-01
7.423117860032216742e-01
7.423115424056241363e-01
7.423117485482206845e-01
7.423115720541261231e-01
7.423115369352094595e-01
7.423114821276850517e-01
7.423114541264269617e-01
7.423114623806904566e-01
7.423114983294203384e-01
7.423114588516428469e-01
7.423115279272215483e-01
7.423114293591138724e-01
7.423114246303000874e-01
7.423113970616610491e-01
7.423113955276873233e-01
7.423116398159903540e-01
7.423112521862504920e-01
7.423111518972528300e-01
7.423110977693871959e-01
7.423115796031037883e-01
7.423110889293672576e-01
7.423107918876908906e-01
7.423107601215204188e-01
7.423107249140377117e-01
7.423106688158687128e-01
7.423106623725951314e-01
7.423105108955259102e-01
7.423105192365273552e-01
7.423104740616673913e-01
7.423104681911545377e-01
7.423104797331340210e-01
7.423104666544896313e-01
7.423104434427554299e-01
7.423104549941853536e-01
7.423103946895162064e-01
7.423103811048399336e-01
7.423100396264052936e-01
7.423101067818789200e-01
7.423100646272143832e-01
7.423097892185703817e-01
7.423097612585378702e-01
7.423097669546924182e-01
7.423099861021749124e-01
7.423097511974523499e-01
7.423097817969028789e-01
7.423097328914951554e-01
7.423095875961530643e-01
7.423095883048380639e-01
7.423095835056530145e-01
7.423095915200348394e-01
7.423095778867112582e-01
7.423096395807787795e-01
7.423095789394353883e-01
7.423096003942288856e-01
7.423095688599721242e-01
7.423095848226186622e-01
7.423097013025439228e-01
7.423095003978529283e-01
7.423095505358622281e-01
7.423096674383755644e-01
7.423091911381307639e-01
7.423090388364853576e-01
7.423087184261755178e-01
7.423084801500839935e-01
7.423082277062480472e-01
7.423079731460197062e-01
7.423077624340350678e-01
7.423075837372612451e-01
7.423075017692551958e-01
7.423073514133784467e-01
7.423073616014581599e-01
7.423073833967934743e-01
7.423073642033187758e-01
7.423073305908178821e-01
7.423073458575428774e-01
7.423074389676285190e-01
7.423073513099366361e-01
7.423072299643679317e-01
7.423072378211736932e-01
7.423072090997941963e-01
7.423072155566530217e-01
7.423071594630349379e-01
7.423071549971277383e-01
7.423069814631949592e-01
7.423068174266037600e-01
7.423068520673249404e-01
7.423069122064351877e-01
7.423068464510833575e-01
7.423068680142423936e-01
7.423067337859187154e-01
7.423064470972168261e-01
7.423065786921629883e-01
7.423064214028470831e-01
7.423064215544125100e-01
7.423064742685463457e-01
7.423063557694459247e-01
7.423063535607485885e-01
7.423062548063550370e-01
7.423062541701340722e-01
7.423061998017791430e-01
7.423062017698617288e-01
7.423061665323251734e-01
7.423061667615128423e-01
7.423061375295617603e-01
7.423061239972548186e-01
7.423061985869122692e-01
7.423062455263649273e-01
7.423059684432571359e-01
7.423059212060677536e-01
7.423058428886885052e-01
7.423058966535640568e-01
7.423057925512702715e-01
7.423058912672221288e-01
7.423057897746619949e-01
7.423058709279555245e-01
7.423057873307618015e-01
7.423057986349329562e-01
7.423057481948281966e-01
7.423058111057093678e-01
7.423057574042846163e-01
7.423057971429448676e-01
7.423057488629782874e-01
7.423058105160279529e-01
7.423058972418028478e-01
7.423054846681216290e-01
7.423053173968724439e-01
7.423054485680214976e-01
7.423053130411862988e-01
7.423052375661420843e-01
7.423053702742883342e-01
7.423052742405372717e-01
7.423050848241480315e-01
7.423049475900672656e-01
7.423048363194251209e-01
7.423048500401240313e-01
7.423048042432391913e-01
7.423048232345716979e-01
7.423049554736289579e-01
7.423048029270818970e-01
7.423048122958213479e-01
7.423047998393516034e-01
7.423048150699923520e-01
7.423048033593446782e-01
7.423048058259572590e-01
7.423048007733592524e-01
7.423051557873806550e-01
7.423048820835257411e-01
7.423045525409489587e-01
7.423047486264801043e-01
7.423044997115977317e-01
7.423044501397115802e-01
7.423044306754006394e-01
7.423047660534203285e-01
7.423045437568275284e-01
7.423043161118068056e-01
7.423040702118954837e-01
7.423040074384074094e-01
7.423040190447516284e-01
7.423040565264446000e-01
7.423040566558493092e-01
7.423041343115744928e-01
7.423040049860993861e-01
7.423039751630532423e-01
7.423039783879380460e-01
7.423039814364211786e-01
7.423039777767351799e-01
7.423040277649030072e-01
7.423039873635672858e-01
7.423042027567352541e-01
7.423039255339438647e-01
7.423037073791812768e-01
7.423036436379104597e-01
7.423036647216054718e-01
7.423036370251595573e-01
7.423036338559491076e-01
7.423036553581235930e-01
7.423036342821544009e-01
7.423037921971519237e-01
7.423036626256114268e-01
7.423034417109316552e-01
7.423034440353077912e-01
7.423034427432148030e-01
7.423034721678254400e-01
7.423034509399026870e-01
7.423034610914387432e-01
7.423034375805395157e-01
7.423034326459662102e-01
7.423034301575683891e-01
7.423034524647993404e-01
7.423034199296062452e-01
7.423035604836393242e-01
7.423035150423685780e-01
7.423032654038940192e-01
7.423032577058271686e-01
7.423032595974055070e-01
7.423032632297553723e-01
7.423032675555175652e-01
7.423032415118073768e-01
7.423032528149668963e-01
7.423035971520425269e-01
7.423033155083660350e-01
7.423029790887338830e-01
7.423030512255690549e-01
7.423030015293945461e-01
7.423030042779580340e-01
7.423030107698606050e-01
7.423029609161673203e-01
7.423029635525828507e-01
7.423029728451326914e-01
7.423029611465331579e-01
7.423029733394516105e-01
7.423029609257876249e-01
7.423030442729033895e-01
7.423029103801365158e-01
7.423027548760744443e-01
7.423026561361384390e-01
7.423026303207058696e-01
7.423026224685805863e-01
7.423026122155766959e-01
7.423026491310864561e-01
7.423023175630480974e-01
7.423022759106142621e-01
7.423022779405655802e-01
7.423020470065055942e-01
7.423018092187954053e-01
7.423015087016209268e-01
7.423013812044949589e-01
7.423012448762017490e-01
7.423011304746699457e-01
7.423011674551011074e-01
7.423009442324416396e-01
7.423008247668482218e-01
7.423007090190953949e-01
7.423006062195738330e-01
7.423005294977179647e-01
7.423002758326202599e-01
7.423000547038686170e-01
7.422996945332193119e-01
7.422994926912414027e-01
7.422994486021655680e-01
7.422994605414128255e-01
7.422994752729734635e-01
7.422994433226280941e-01
7.422994795072550556e-01
7.422994788033665525e-01
7.422995937258557442e-01
7.422994728838970824e-01
7.422994500409199059e-01
7.422994202782371431e-01
7.422993949489221643e-01
7.422994301731493660e-01
7.422995704318883226e-01
7.422994162287581688e-01
7.422994656107331224e-01
7.422994305216844557e-01
7.422996880654393337e-01
7.422995640862765088e-01
7.422990939933483689e-01
7.422992523251255026e-01
7.422990708812090555e-01
7.422989566409182727e-01
7.422989627072988927e-01
7.422988365893383733e-01
7.422988139170467736e-01
7.422988896963327310e-01
7.422986308229070351e-01
7.422986667206638023e-01
7.422986014389503229e-01
7.422985879042940383e-01
7.422985278873746040e-01
7.422985686091760904e-01
7.422983840327160854e-01
7.422983770883786470e-01
7.422983790860192554e-01
7.422983510994378697e-01
7.422983692322222549e-01
7.422983711871190549e-01
7.422985421565119202e-01
7.422980801102291304e-01
7.422979483594384087e-01
7.422979752503321427e-01
7.422979741077015969e-01
7.422979971707316382e-01
7.422979575842335587e-01
7.422979663556614760e-01
7.422979386040403638e-01
7.422980136734013135e-01
7.422979493207804147e-01
7.422979421022737334e-01
7.422979437320026408e-01
7.422979472890791630e-01
7.422979301088598048e-01
7.422979692829412279e-01
7.422979223323411535e-01
7.422977023133374708e-01
7.422977219171494889e-01
7.422977274915214529e-01
7.422976683873006021e-01
7.422975951239657588e-01
7.422975194708675284e-01
7.422975885877419744e-01
7.422975044066114636e-01
7.422972301255448269e-01
7.422971410112000346e-01
7.422971245018551434e-01
7.422970812618646663e-01
7.422970817259647580e-01
7.422969860005357301e-01
7.422969999204577229e-01
7.422969746780315736e-01
7.422969550398841321e-01
7.422969267542208760e-01
7.422969253497725406e-01
7.422969704518895817e-01
7.422970347476635089e-01
7.422968374865996921e-01
7.422968011179301717e-01
7.422967694987432363e-01
7.422970122894748668e-01
7.422965719327457856e-01
7.422963556251845896e-01
7.422963188087617903e-01
7.422963047002851811e-01
7.422964776037839219e-01
7.422962680731276519e-01
7.422961344418498308e-01
7.422960646710163868e-01
7.422960400222121669e-01
7.422960345002889149e-01
7.422960453528026914e-01
7.422960577182455832e-01
7.422960318228560839e-01
7.422960523395720767e-01
7.422960475375708356e-01
7.422960430114601271e-01
7.422960116674065523e-01
7.422959756693475741e-01
7.422959719045019167e-01
7.422960081933587251e-01
7.422958896487613645e-01
7.422961103416130246e-01
7.422958193273155869e-01
7.422956057680798470e-01
7.422956795812373221e-01
7.422955988602412125e-01
7.422956739869176479e-01
7.422955549754826077e-01
7.422957135616132796e-01
7.422955757227923668e-01
7.422953357731285617e-01
7.422952443828534363e-01
7.422952217699010369e-01
7.422951606585324047e-01
7.422951604443113194e-01
7.422951249390967732e-01
7.422951471487251318e-01
7.422951317179178332e-01
7.422951262001333816e-01
7.422951484468964800e-01
7.422951235219796828e-01
7.422950306888731475e-01
7.422949671417886641e-01
7.422951096886196698e-01
7.422948750795351769e-01
7.422945392714024315e-01
7.422944581164161448e-01
7.422944664063846343e-01
7.422945545672464673e-01
7.422944470315373522e-01
7.422946012426846485e-01
7.422944680843621690e-01
7.422945680030994531e-01
7.422943950712315164e-01
7.422944519115656226e-01
7.422943942632992398e-01
7.422945122395810946e-01
7.422944073283916921e-01
7.422942767421580879e-01
7.422942751759405988e-01
7.422943456483918068e-01
7.422942375562341377e-01
7.422941960239963777e-01
7.422941596238312734e-01
7.422941397615284709e-01
7.422943444895717668e-01
7.422940041653414145e-01
7.422936769769913345e-01
7.422938740599863694e-01
7.422936586372037571e-01
7.422935148317155729e-01
7.422935867904049134e-01
7.422935145624075526e-01
7.422934848215575476e-01
7.422934769991873516e-01
7.422935544756514847e-01
7.422935012747600148e-01
7.422935671039239125e-01
7.422934770214849598e-01
7.422936059413574039e-01
7.422934592530874287e-01
7.422935353896945587e-01
7.422934925206309265e-01
7.422932465928002710e-01
7.422931477339687056e-01
7.422931240764851779e-01
7.422931103444423417e-01
7.422931180480347724e-01
7.422931898710667387e-01
7.422930748240256227e-01
7.422929257174539774e-01
7.422933675390208652e-01
7.422929192465210768e-01
7.422926824579794136e-01
7.422926144510680890e-01
7.422925999806673225e-01
7.422926260835156498e-01
7.422926149530194584e-01
7.422926405391039317e-01
7.422925987918232993e-01
7.422926315588569413e-01
7.422926081734958492e-01
7.422926169732020352e-01
7.422925726762046317e-01
7.422927540617992870e-01
7.422924871448571826e-01
7.422924720782156927e-01
7.422923834934243015e-01
7.422922369541673504e-01
7.422922874137659610e-01
7.422922221166853296e-01
7.422922283787236619e-01
7.422922155394542365e-01
7.422924993725020792e-01
7.422923532539241753e-01
7.422920608654354213e-01
7.422920437077101807e-01
7.422920842110540818e-01
7.422919233074507517e-01
7.422919238680397713e-01
7.422919284039021237e-01
7.422919314358173981e-01
7.422919250928601276e-01
7.422919289128120379e-01
7.422919417219880911e-01
7.422919405480654653e-01
7.422920593508182119e-01
7.422918709097812151e-01
7.422922008926103876e-01
7.422919060281879533e-01
7.422916131541323903e-01
7.422916450457028859e-01
7.422916165487002393e-01
7.422916650933235605e-01
7.422916482394527060e-01
7.422916538430224254e-01
7.422916476440138966e-01
7.422915578084351429e-01
7.422915402713567978e-01
7.422913893990218392e-01
7.422911837920368461e-01
7.422912411788264997e-01
7.422912070096839843e-01
7.422911029940306715e-01
7.422911184704246157e-01
7.422910784616622015e-01
7.422911160304930256e-01
7.422910655319634454e-01
7.422910760579702893e-01
7.422910588460245318e-01
7.422910873305473833e-01
7.422911865415247057e-01
7.422911617500596027e-01
7.422908367497501603e-01
7.422908453730933109e-01
7.422907656736098536e-01
7.422907076908498158e-01
7.422907098875092258e-01
7.422907428473417557e-01
7.422907214145266774e-01
7.422907188012712876e-01
7.422907292317004746e-01
7.422909275741660373e-01
7.422906936508808506e-01
7.422908154230181133e-01
7.422907626080480492e-01
7.422906764251382405e-01
7.422906696665639847e-01
7.422903859000304916e-01
7.422903181786841831e-01
7.422903008220418375e-01
7.422902586510923273e-01
7.422902231767518622e-01
7.422902332553535931e-01
7.422902374725460772e-01
7.422899963442756155e-01
7.422900260598829236e-01
7.422899814190244694e-01
7.422899384015106961e-01
7.422899322671872024e-01
7.422899949864689706e-01
7.422899249424097512e-01
7.422898987099385559e-01
7.422898975318490411e-01
7.422898946192874048e-01
7.422898789806532394e-01
7.422899143048520276e-01
7.422898883181331398e-01
7.422898441064210706e-01
7.422898115253943052e-01
7.422896815374232515e-01
7.422896822619775570e-01
7.422896753926500057e-01
7.422896762855921704e-01
7.422896202753227479e-01
7.422895754664049495e-01
7.422895839267394935e-01
7.422897733827158451e-01
7.422894293588205850e-01
7.422892915495494792e-01
7.422892680666440812e-01
7.422892474806372931e-01
7.422892190627524700e-01
7.422892241507584865e-01
7.422892045237796665e-01
7.422892078893104095e-01
7.422892684769619720e-01
7.422892103266283126e-01
7.422892507625211689e-01
7.422891927220480746e-01
7.422893358062548907e-01
7.422891971464831151e-01
7.422894281708671826e-01
7.422891415184681430e-01
7.422892472472037984e-01
7.422890924187232065e-01
7.422888674691169308e-01
7.422889480632082204e-01
7.422888546554359257e-01
7.422891013817436434e-01
7.422888415599023793e-01
7.422887775220227136e-01
7.422887238624120698e-01
7.422885624702804108e-01
7.422885533322949314e-01
7.422885375343946102e-01
7.422885156513742144e-01
7.422885367267059165e-01
7.422885319121717007e-01
7.422885229654658801e-01
7.422884915614635926e-01
7.422885245176161773e-01
7.422885105005664341e-01
7.422884928665678395e-01
7.422885354185829732e-01
7.422884714948700946e-01
7.422890457060599134e-01
7.422885066992626069e-01
7.422881266583968296e-01
7.422881517721746647e-01
7.422881481603430531e-01
7.422881352134911292e-01
7.422880969088192504e-01
7.422884015788253631e-01
7.422880909944328254e-01
7.422878179057691428e-01
7.422875621684769110e-01
7.422873942403173109e-01
7.422872221156884276e-01
7.422871673594008124e-01
7.422871325639831541e-01
7.422870674878035979e-01
7.422870464945363622e-01
7.422870026243020281e-01
7.422869470323937291e-01
7.422869393960699336e-01
7.422869653131076717e-01
7.422867828516636068e-01
7.422867214346882125e-01
7.422866947055426490e-01
7.422863683774467702e-01
7.422861049184693583e-01
7.422859091380106245e-01
7.422858416606054055e-01
7.422858099495979189e-01
7.422857625219682065e-01
7.422858424322004156e-01
7.422856794665882996e-01
7.422855538952404242e-01
7.422855193310317068e-01
7.422854799743968668e-01
7.422853677247316373e-01
7.422852916058333417e-01
7.422852141826224992e-01
7.422852080023927268e-01
7.422852332698900435e-01
7.422851478474014053e-01
7.422850681638204495e-01
7.422850946290177054e-01
7.422849906684492183e-01
7.422849235755251129e-01
7.422847811317024869e-01
7.422846549032884322e-01
7.422846449724578299e-01
7.422846702470162761e-01
7.422844558975443263e-01
7.422843703959149941e-01
7.422843137097316912e-01
7.422844518573876726e-01
7.422842690747473160e-01
7.422842189960018322e-01
7.422839813163424338e-01
7.422838251714838353e-01
7.422838709236516674e-01
7.422837796951361478e-01
7.422837123448760011e-01
7.422837176678027671e-01
7.422836961801883016e-01
7.422836867619748702e-01
7.422836557616092623e-01
7.422836251878758285e-01
7.422837687159985487e-01
7.422836464823885372e-01
7.422835454747567230e-01
7.422835795164000050e-01
7.422839291808711604e-01
7.422836477309781023e-01
7.422832076315150074e-01
7.422831001318088706e-01
7.422830788548262504e-01
7.422831043389116479e-01
7.422830469279881882e-01
7.422833851643112490e-01
7.422830876527296562e-01
7.422828749203904675e-01
7.422828640953883506e-01
7.422828183313265882e-01
7.422828261777330017e-01
7.422826649646825370e-01
7.422826404101356967e-01
7.422826353436946523e-01
7.422826396674810923e-01
7.422826359225291881e-01
7.422826373342543693e-01
7.422826516657829998e-01
7.422826241986666407e-01
7.422825992635597725e-01
7.422832018090931294e-01
7.422825009566219601e-01
7.422822660748243928e-01
7.422823757249317200e-01
7.422822712279965041e-01
7.422822654010480248e-01
7.422822668084603226e-01
7.422823450312825422e-01
7.422822504679668087e-01
7.422824070772430227e-01
7.422822475455641555e-01
7.422822851979204994e-01
7.422823554733740670e-01
7.422819689613028293e-01
7.422818400300652542e-01
7.422817629664312244e-01
7.422818076990098657e-01
7.422818157340523859e-01
7.422817854549641492e-01
7.422818997727610446e-01
7.422817705786245446e-01
7.422817885325536658e-01
7.422817550435428791e-01
7.422814868908362840e-01
7.422811958364340379e-01
7.422809565717893854e-01
7.422806615444462741e-01
7.422804038898125345e-01
7.422801441579591764e-01
7.422798692417961197e-01
7.422797142810738658e-01
7.422796217481706371e-01
7.422795852005272810e-01
7.422795796820618186e-01
7.422796251198315876e-01
7.422794826249921041e-01
7.422795161787556495e-01
7.422792560754190028e-01
7.422789159151210736e-01
7.422786837013846117e-01
7.422785404514480323e-01
7.422785274958159096e-01
7.422785517153093204e-01
7.422788586466940730e-01
7.422785320689129218e-01
7.422785123860367040e-01
7.422785214451489422e-01
7.422785427799162283e-01
7.422785016712283301e-01
7.422784984554999799e-01
7.422785336105716114e-01
7.422786276386174054e-01
7.422784532631151455e-01
7.422782644198716584e-01
7.422782163791605825e-01
7.422782343632666757e-01
7.422781916238627709e-01
7.422782661125301162e-01
7.422780766499614824e-01
7.422782312753175571e-01
7.422781777643946421e-01
7.422779303279262164e-01
7.422779176322706896e-01
7.422779107077721594e-01
7.422779245825555927e-01
7.422779086087641920e-01
7.422779462393505057e-01
7.422779208907974713e-01
7.422779396919816364e-01
7.422779060824504782e-01
7.422778975684722891e-01
7.422778949552329975e-01
7.422779268261143759e-01
7.422778921252675133e-01
7.422779970062324262e-01
7.422779986871678171e-01
7.422775410997290990e-01
7.422774344310030248e-01
7.422774451807747642e-01
7.422773984669687186e-01
7.422772975082964075e-01
7.422775805499255419e-01
7.422772486636693978e-01
7.422770737203628899e-01
7.422770408699361777e-01
7.422769456831838086e-01
7.422769012986618620e-01
7.422769210622417457e-01
7.422768866460465187e-01
7.422769078910513851e-01
7.422768765100042909e-01
7.422767635850259227e-01
7.422767656221359589e-01
7.422766281335904104e-01
7.422766299462844053e-01
7.422766309760531200e-01
7.422766559395854724e-01
7.422766860738143624e-01
7.422766673850342833e-01
7.422767419159306268e-01
7.422763959856505389e-01
7.422764235895810137e-01
7.422763948884064655e-01
7.422764996630455414e-01
7.422763886303357372e-01
7.422764748650427791e-01
7.422764037352859168e-01
7.422765039437363432e-01
7.422764200852723926e-01
7.422764034147848466e-01
7.422763894471705592e-01
7.422763999020538517e-01
7.422764438313257385e-01
7.422762201487278499e-01
7.422763320426691847e-01
7.422762765754923331e-01
7.422762232914527081e-01
7.422761504081731854e-01
7.422761476559438520e-01
7.422761048743085066e-01
7.422760634964303827e-01
7.422761235791542900e-01
7.422760368892948879e-01
7.422759226862571946e-01
7.422758738334432893e-01
7.422758734058375607e-01
7.422758334788788215e-01
7.422758361658299275e-01
7.422758194035582457e-01
7.422758217373008893e-01
7.422758146021428693e-01
7.422758161023657042e-01
7.422758075402151601e-01
7.422758045774306979e-01
7.422757903532046786e-01
7.422757845109944075e-01
7.422757864575318942e-01
7.422757787559574050e-01
7.422757949746104922e-01
7.422758764177276314e-01
7.422756074331697818e-01
7.422756196092336056e-01
7.422755905393657594e-01
7.422754804129153561e-01
7.422753734669271797e-01
7.422753788396336816e-01
7.422753820033055616e-01
7.422754057168321484e-01
7.422753648811176719e-01
7.422754033676360885e-01
7.422753832591485468e-01
7.422753756417538318e-01
7.422753715651465578e-01
7.422753756844100437e-01
7.422753820967712413e-01
7.422753468466402049e-01
7.422753825520390647e-01
7.422753892891680305e-01
7.422753663113604849e-01
7.422752330186456193e-01
7.422750961643534984e-01
7.422749815078082403e-01
7.422749459788813287e-01
7.422749612014087894e-01
7.422748837618657891e-01
7.422747856415599088e-01
7.422746834089436474e-01
7.422745724256193389e-01
7.422745455492089084e-01
7.422745266551095122e-01
7.422744845421337390e-01
7.422744840173505221e-01
7.422744230873699056e-01
7.422743862910844426e-01
7.422743891045173736e-01
7.422743638445478132e-01
7.422743636840263282e-01
7.422743579769464084e-01
7.422743558491430305e-01
7.422743265637242738e-01
7.422742814285248070e-01
7.422741712784057810e-01
7.422740261351985502e-01
7.422740404194112518e-01
7.422740241392079552e-01
7.422740307893475054e-01
7.422740322365575238e-01
7.422738556646362174e-01
7.422737699596522187e-01
7.422736745600533315e-01
7.422736710333360799e-01
7.422736643526315348e-01
7.422736708778340242e-01
7.422736622986857435e-01
7.422736749161389369e-01
7.422736597526333746e-01
7.422737098163432190e-01
7.422736527418292152e-01
7.422736285246781529e-01
7.422736358654988820e-01
7.422736759207756441e-01
7.422736868269093069e-01
7.422734940184245733e-01
7.422734512171004218e-01
7.422734594918948270e-01
7.422733948409298010e-01
7.422733961478688025e-01
7.422732996476186784e-01
7.422732820260199427e-01
7.422733520528579376e-01
7.422731414486576362e-01
7.422730464977097542e-01
7.422729188487054985e-01
7.422728529807437470e-01
7.422727573662611933e-01
7.422727242334763442e-01
7.422727182666349899e-01
7.422727249495407742e-01
7.422727294952424781e-01
7.422726809712166807e-01
7.422726846349215757e-01
7.422726668164885133e-01
7.422726714051381958e-01
7.422725944961188205e-01
7.422725072846588779e-01
7.422725922558767175e-01
7.422724991378911730e-01
7.422723459471576302e-01
7.422722270052227733e-01
7.422721725946169746e-01
7.422721465158113041e-01
7.422721560438669819e-01
7.422720778032160238e-01
7.422719872096268379e-01
7.422719243273414591e-01
7.422718867845080615e-01
7.422717919989020308e-01
7.422717391044010293e-01
7.422716013878518648e-01
7.422714803643843950e-01
7.422714183164923485e-01
7.422713160512260933e-01
7.422711748834083245e-01
7.422710736766769957e-01
7.422710423618938957e-01
7.422710320510698123e-01
7.422710030178598650e-01
7.422710403506742605e-01
7.422708486640745562e-01
7.422707301608396646e-01
7.422706409092609814e-01
7.422705954838185738e-01
7.422706046450763262e-01
7.422706111597954237e-01
7.422705996175105181e-01
7.422705974065051393e-01
7.422705772980051631e-01
7.422705449404227718e-01
7.422706086624861754e-01
7.422705704185312836e-01
7.422704986835587659e-01
7.422704483761695116e-01
7.422703297008668155e-01
7.422702752749238408e-01
7.422702411398031108e-01
7.422702465638613134e-01
7.422702162105702106e-01
7.422702104153411362e-01
7.422701689505274425e-01
7.422701695876339212e-01
7.422701680218400933e-01
7.422702573859097930e-01
7.422701735965636649e-01
7.422700778256869913e-01
7.422701038755639136e-01
7.422699313228660056e-01
7.422698944839354329e-01
7.422698970451359068e-01
7.422698745269956655e-01
7.422698733165543628e-01
7.422698489767620700e-01
7.422698451054463575e-01
7.422698385836504764e-01
7.422698032610202112e-01
7.422699236536572931e-01
7.422697853180858507e-01
7.422696629101535049e-01
7.422696178125113287e-01
7.422696215318119739e-01
7.422695600698858698e-01
7.422696036948753795e-01
7.422696413315518216e-01
7.422695574570695731e-01
7.422695453217803552e-01
7.422695377739811917e-01
7.422694300793508670e-01
7.422693257448341742e-01
7.422692310676710647e-01
7.422692414460199117e-01
7.422692231555283460e-01
7.422691626928399344e-01
7.422691559391922933e-01
7.422691864639473502e-01
7.422691659556870380e-01
7.422691591000293299e-01
7.422692044689138680e-01
7.422690260874473811e-01
7.422688946025368661e-01
7.422688166218234240e-01
7.422687881225072948e-01
7.422687875542178793e-01
7.422686721516201791e-01
7.422686423538422673e-01
7.422686459027816319e-01
7.422686221890133496e-01
7.422686546940735486e-01
7.422685206292021221e-01
7.422684044798245617e-01
7.422682754733672672e-01
7.422682101697893886e-01
7.422681975302756197e-01
7.422681969132225444e-01
7.422681924374499030e-01
7.422681917939025764e-01
7.422681859200979115e-01
7.422682081077253136e-01
7.422681739842026394e-01
7.422681170777306603e-01
7.422680568581639937e-01
7.422680327225589236e-01
7.422680389415051705e-01
7.422680396885207310e-01
7.422680390654742277e-01
7.422681785337007510e-01
7.422679582711569912e-01
7.422678719621002008e-01
7.422678949959033989e-01
7.422677629786478271e-01
7.422676755012703742e-01
7.422676957819528409e-01
7.422676502119013309e-01
7.422676626594285620e-01
7.422676458765601337e-01
7.422675916840495436e-01
7.422675749812130963e-01
7.422675660699176170e-01
7.422675510289914458e-01
7.422675606927546799e-01
7.422675631561387322e-01
7.422674330193321790e-01
7.422673811765341245e-01
7.422673393231906669e-01
7.422673377094588520e-01
7.422672759253525765e-01
7.422671771781941263e-01
7.422670926259040680e-01
7.422670526900374544e-01
7.422669687373598668e-01
7.422670198265374220e-01
7.422670609270798359e-01
7.422668290156513304e-01
7.422666944875891959e-01
7.422666761649301392e-01
7.422666608028591906e-01
7.422666131360772246e-01
7.422666136238886825e-01
7.422666352106764842e-01
7.422666215021119784e-01
7.422666611848415252e-01
7.422666180490304910e-01
7.422665805626608160e-01
7.422665893493608502e-01
7.422665292946027948e-01
7.422665270102840607e-01
7.422665022445745775e-01
7.422664878818120426e-01
7.422664733593873354e-01
7.422665036666877825e-01
7.422664619834874467e-01
7.422665574205767891e-01
7.422663217714620121e-01
7.422661574349284086e-01
7.422660387036824625e-01
7.422659904480850557e-01
7.422659857095685876e-01
7.422659265251694283e-01
7.422658317435865127e-01
7.422657841125877010e-01
7.422657867601385462e-01
7.422657624448981695e-01
7.422657739352926942e-01
7.422657411939588279e-01
7.422657371809415761e-01
7.422656340601732072e-01
7.422656169827634987e-01
7.422656227037298660e-01
7.422654670559241108e-01
7.422653587829625144e-01
7.422652346248072019e-01
7.422651589100652814e-01
7.422651157594650773e-01
7.422651113606946183e-01
7.422649694707856849e-01
7.422648386790203778e-01
7.422647168149362207e-01
7.422646154502275939e-01
7.422646481630922333e-01
7.422646747277552581e-01
7.422644662547410732e-01
7.422643779369202388e-01
7.422643187813618981e-01
7.422644281708586922e-01
7.422643195255447246e-01
7.422643199501814948e-01
7.422643170465178519e-01
7.422643311062587790e-01
7.422643121154076651e-01
7.422642470689150285e-01
7.422642267701371477e-01
7.422642190244326255e-01
7.422641922241567380e-01
7.422641853470216544e-01
7.422641564798930780e-01
7.422641540997189091e-01
7.422640933115834949e-01
7.422640411970847785e-01
7.422639079660127148e-01
7.422638872007422117e-01
7.422638592412803549e-01
7.422637939786779215e-01
7.422636274890032082e-01
7.422635759742204353e-01
7.422635360488285539e-01
7.422635490923157331e-01
7.422635087992797143e-01
7.422635068383012236e-01
7.422634404702057598e-01
7.422634315386685833e-01
7.422633501037182446e-01
7.422633136229249695e-01
7.422633071021653706e-01
7.422632596287528362e-01
7.422632510688988994e-01
7.422632255198499118e-01
7.422632274987579493e-01
7.422631404647072051e-01
7.422630436231786311e-01
7.422628685063196174e-01
7.422627113484785433e-01
7.422625573971023405e-01
7.422623987432102055e-01
7.422622410203281174e-01
7.422620823062429096e-01
7.422619237484007204e-01
7.422617653914704849e-01
7.422616079281988410e-01
7.422614495729467077e-01
7.422612913619153208e-01
7.422611340360668608e-01
7.422609763210817890e-01
7.422608186982960765e-01
7.422606608401660644e-01
7.422605029558801970e-01
7.422603458374729124e-01
7.422601879744759046e-01
7.422600313967760988e-01
7.422598750076389029e-01
7.422597177690508641e-01
7.422595603251666008e-01
7.422594070905076391e-01
7.422592497531856903e-01
7.422590941008370136e-01
7.422589414405094121e-01
7.422587862150700211e-01
7.422586301171247847e-01
7.422584753440930605e-01
7.422583177985367930e-01
7.422581613163886649e-01
7.422580034030102913e-01
7.422578459202777701e-01
7.422576887565354165e-01
7.422575320028613755e-01
7.422573774190274198e-01
7.422572220984822167e-01
7.422570649685517052e-01
7.422569133184228063e-01
7.422567582568929678e-01
7.422566116024187366e-01
7.422564620385059264e-01
7.422563044926244746e-01
7.422561469685222679e-01
7.422559946433422429e-01
7.422558379730044287e-01
7.422556807908605725e-01
7.422555237531549555e-01
7.422553678256025300e-01
7.422552108285499495e-01
7.422550544095403158e-01
7.422548984526116111e-01
7.422547430801241797e-01
7.422545868903279720e-01
7.422544359012073212e-01
7.422542802228195846e-01
7.422541300174987366e-01
7.422539766955387197e-01
7.422538235045328392e-01
7.422536703092655896e-01
7.422535271326979878e-01
7.422533695421863476e-01
7.422532129548266022e-01
7.422530575713609524e-01
7.422529031297461222e-01
7.422527477208260560e-01
7.422525916331302875e-01
7.422524364339236902e-01
7.422522906936780407e-01
7.422521362961449487e-01
7.422519874351086733e-01
7.422518322982857297e-01
7.422517086051885205e-01
7.422515527196310581e-01
7.422513965397639080e-01
7.422512429734204886e-01
7.422510922822699309e-01
7.422509523964502254e-01
7.422507974924799079e-01
7.422506437081624053e-01
