9.864065806425165173e-01
9.830818037904776041e-01
9.778549687354631814e-01
9.697345316224434963e-01
1.025021724412653379e+00
9.188330208973199964e-01
9.652573673369155838e-01
9.299659628053591476e-01
9.190081929833289198e-01
9.154042772450973198e-01
9.153421066108256010e-01
9.125440547069758601e-01
9.181316503577172661e-01
9.210544179766809725e-01
9.093748664436002160e-01
9.093388642328434912e-01
9.092888849514151328e-01
9.096340254255124158e-01
9.604811104835601077e-01
9.040970344594069230e-01
9.041654202779622063e-01
9.034243386489936301e-01
9.287195086776479647e-01
9.403087845577553505e-01
9.185739389504283814e-01
1.012078828096154126e+00
9.023033323427628316e-01
9.249881876741082865e-01
9.023033323427630537e-01
9.023033323427631647e-01
9.026684919180838484e-01
9.061926871705352493e-01
9.094923637009302286e-01
9.032801986859365639e-01
9.023033323427630537e-01
8.982691380096268219e-01
9.808600961989539790e-01
8.795409443055832721e-01
8.795409443055832721e-01
8.795409443055832721e-01
8.795409443055832721e-01
8.839584499064637724e-01
8.894352343150006002e-01
8.966653230658039320e-01
8.771677460986075925e-01
8.771677460986079256e-01
8.771677460986075925e-01
8.771677460986075925e-01
8.771677460986078145e-01
8.771677460986075925e-01
8.823574847227991791e-01
8.813359681718708760e-01
8.771677460986079256e-01
8.771677460986079256e-01
8.771677460986079256e-01
9.209112074839835849e-01
8.771677460986079256e-01
8.771677460986079256e-01
9.202274576758482372e-01
8.776087549897676476e-01
8.928052618646804550e-01
8.757996699537111684e-01
8.733326367456554218e-01
9.118469333553016476e-01
9.192112892112197509e-01
8.897312546246144427e-01
8.902103908997373027e-01
8.768289205595858338e-01
9.240902291196171348e-01
8.733574611060843651e-01
8.852527784050326920e-01
8.733122890422948537e-01
8.892200028977901294e-01
8.941351225007643233e-01
9.312131375817594980e-01
8.689794293953964077e-01
8.795152649034990722e-01
8.689867352370044262e-01
8.775669250846224179e-01
8.685602095179046911e-01
8.634939866932039854e-01
8.634931941315995285e-01
8.893998060595694755e-01
8.638489905150892323e-01
8.545253096851398444e-01
8.483735466652588819e-01
8.646488746812230897e-01
8.505897138866862495e-01
8.640656498425366427e-01
8.464519953720704981e-01
8.204895186291257803e-01
8.199364048333025456e-01
8.272987314902434663e-01
8.199364048333027677e-01
8.377860364017611916e-01
8.199364048333025456e-01
8.243940140125085581e-01
8.202783834878184521e-01
8.300151744768811124e-01
8.199364048333025456e-01
8.239290512319611404e-01
8.199364048333025456e-01
8.409638288504009962e-01
8.199364048333025456e-01
8.255185838364175188e-01
8.131929232111752004e-01
8.296695964032382298e-01
8.131929232111736461e-01
8.648431933231806035e-01
8.131929232111736461e-01
8.134756537984865199e-01
8.131929232111736461e-01
8.423565014474599932e-01
8.131929232111736461e-01
8.652707653383386877e-01
8.131929232111736461e-01
8.234864506929946426e-01
8.131929232111736461e-01
8.328398932077829553e-01
8.131929232111738681e-01
8.443269294183790574e-01
8.131929232111736461e-01
8.312295230352374498e-01
8.131929232111738681e-01
8.327614804318725916e-01
8.131929232111736461e-01
8.124573991682679797e-01
8.199391466733041423e-01
8.263394239850357925e-01
8.411733447965816790e-01
8.737594815328970643e-01
7.806026434056969610e-01
7.937425122393778620e-01
7.799457810029712945e-01
7.954067339204309306e-01
7.797303537554922670e-01
7.860713235461201931e-01
7.793700935718791412e-01
7.789167731002735184e-01
7.804418352249895552e-01
7.822798284543426295e-01
7.792289703725401306e-01
7.840628142866818973e-01
7.966267843434938767e-01
8.020338241622310127e-01
7.741299634775548055e-01
7.826516175006662523e-01
7.650671871985113004e-01
8.612324551956741514e-01
7.520795977744327843e-01
8.034480272012191060e-01
7.767744382155928884e-01
7.672044235187984729e-01
7.523984204722696800e-01
7.661841999740679476e-01
7.495148829569707738e-01
8.225178346662335160e-01
7.993748780722599312e-01
7.090567937239870000e-01
7.214977374166989810e-01
7.346797875317824245e-01
6.872675528836547088e-01
6.749622633487811774e-01
6.539633610340683800e-01
6.533724616833652687e-01
6.644986658990247319e-01
6.534025137859781340e-01
6.371939994830734255e-01
6.392858580480369479e-01
6.910256427282822633e-01
6.371939994830736476e-01
6.594045745363215083e-01
6.371939994830734255e-01
6.660394371926496859e-01
6.371939994830734255e-01
6.658168678892845138e-01
6.371939994830764231e-01
6.876121133490948889e-01
6.371939994830734255e-01
6.509054790396466839e-01
6.371939994830734255e-01
6.505830302417904276e-01
6.371939994830733145e-01
6.461591371333959000e-01
6.371939994830734255e-01
7.282890284423613192e-01
6.371939994830734255e-01
7.883171247093478939e-01
6.371939994830728704e-01
6.277980307268843374e-01
6.277980307268845594e-01
6.346083001033013815e-01
6.277980307268844484e-01
6.667219237280305189e-01
6.510323051901972802e-01
6.315727769657062396e-01
6.296213315696482793e-01
6.236814779682983145e-01
6.229929434604898342e-01
6.214174188795517084e-01
6.212397890983429871e-01
6.905604987589788468e-01
6.250001355860808072e-01
6.294979311777548769e-01
6.244119471000981747e-01
8.361938603471550380e-01
6.208650061695968336e-01
6.705598104389719483e-01
6.180460003162564497e-01
6.053670771369376036e-01
6.085608835594567001e-01
6.516891294157437509e-01
5.992517264687368117e-01
6.191617605211483522e-01
5.989292206549847730e-01
6.159136200033050734e-01
6.024401260718165174e-01
6.753593814309645227e-01
6.073113435445441910e-01
6.005944815258585923e-01
5.994525473995206966e-01
6.072725100022575706e-01
5.993189587584544231e-01
6.209988322995594334e-01
5.983359097412884742e-01
6.904028385499630938e-01
5.968599859510469452e-01
6.764640793755698489e-01
6.051519708594954583e-01
6.184982254805702073e-01
6.510948918093830695e-01
6.562928163690608940e-01
6.009252166887172342e-01
6.283241511313583105e-01
5.985627358405128939e-01
6.037768061447355006e-01
6.187889480201687054e-01
6.005817202792582687e-01
5.990502997332890489e-01
6.513773127481561342e-01
5.968599859510440586e-01
6.633420514864728501e-01
5.968599859510442807e-01
6.265695308842611500e-01
5.968599859510439476e-01
6.528806974199066193e-01
5.968599859510440586e-01
6.175466461406058372e-01
5.968599859510440586e-01
5.971208420325092581e-01
5.968599859510439476e-01
5.987647106073286096e-01
5.968599859510439476e-01
5.972954621036110634e-01
5.968599859510439476e-01
6.054483749158617867e-01
5.999489741402495024e-01
6.048887134979278324e-01
5.968599859510440586e-01
5.981867706582315591e-01
5.968939381448105097e-01
6.006311517254150356e-01
5.990360197738608949e-01
6.343100623241821889e-01
6.158617143331550636e-01
6.385671973162894144e-01
6.035911710414868514e-01
6.084013166565122033e-01
6.026819770038163160e-01
5.929471399914306717e-01
5.975149850622700765e-01
6.783307697302367600e-01
5.999484984059783033e-01
6.221559709325301668e-01
5.981776452393847698e-01
6.625236057023665692e-01
5.994245986804044302e-01
5.936206465441455915e-01
5.898244581875227155e-01
5.924146926317066519e-01
5.966689493735913841e-01
5.901270305017716211e-01
5.981100614587087083e-01
5.889907597247542315e-01
5.934211911969562436e-01
5.776499975488158523e-01
6.044312690303679236e-01
5.848927853786450859e-01
5.857275512554009911e-01
5.849336476922203376e-01
5.844476904566500153e-01
5.972279132725527573e-01
5.861939780867038152e-01
5.783753857456845893e-01
5.755437039264774679e-01
5.724874167538839265e-01
5.664032234008464783e-01
5.675031539515642542e-01
5.913993587099154459e-01
5.658026484760860786e-01
5.790159740089719786e-01
5.624448788894502727e-01
5.595964160868659443e-01
5.611472119767323408e-01
5.600463766438746882e-01
5.590806513219543916e-01
5.649737709508833028e-01
5.562343635121580476e-01
5.566912819165421578e-01
5.553396536465706745e-01
5.554457328799319304e-01
5.568299448127674856e-01
5.536680165662100084e-01
5.505529153878951920e-01
5.516776840821027150e-01
5.505958952430125564e-01
5.620113582456794932e-01
5.457435876634888494e-01
5.500407840695833439e-01
5.509867599844897601e-01
5.537794698504734381e-01
5.445366868551860806e-01
5.453007911888900772e-01
5.444168555324004899e-01
5.468151560042847636e-01
5.443812489419755929e-01
5.562617416017763272e-01
5.443286000375723299e-01
5.693874855655491896e-01
5.441895262513964937e-01
5.438540899099090220e-01
5.443460349728059811e-01
5.666913710296873630e-01
5.436881971605169728e-01
5.438244909047315057e-01
5.430322404870577824e-01
5.495555463287714604e-01
5.472922686737016207e-01
5.471640254576950468e-01
5.434019459908348004e-01
5.403809316819545572e-01
5.387754260577899412e-01
5.793451984232098617e-01
5.408378175532086996e-01
5.519990953812760059e-01
5.381054710266762742e-01
5.588691900116631306e-01
5.410860456959403209e-01
5.668083007079093294e-01
5.360137379852382145e-01
5.479534069031991583e-01
5.382342214662620972e-01
5.301470072406143652e-01
5.421416392924603977e-01
5.319551398554012156e-01
5.295427525974532035e-01
5.355384326011852769e-01
5.278799202823688530e-01
5.306697310757270136e-01
5.253395955467387024e-01
5.260187789083864418e-01
5.327728743012930535e-01
5.282532473418617425e-01
5.286531974279975454e-01
5.284370024469322580e-01
5.260783271083829815e-01
5.263643986859249946e-01
5.257044712143460474e-01
5.271534484694033740e-01
5.252439393384579214e-01
5.265109396143291542e-01
5.248727475661133512e-01
5.352526484999777789e-01
5.318105705542370831e-01
5.170821415935717980e-01
5.207814388062961264e-01
5.200221836316967217e-01
5.166151921023607319e-01
5.202957549411043603e-01
5.161297758826831616e-01
5.299586507981633998e-01
5.209480521882685622e-01
5.331163091642344698e-01
5.146987505468211266e-01
5.275312870016556355e-01
5.145451740595090584e-01
5.154905824556303973e-01
5.145945269702995040e-01
5.209894938854352509e-01
5.143134021130337796e-01
5.277594195148711531e-01
5.142411478952807480e-01
5.305492087846703786e-01
5.141031943065330623e-01
5.277250424014815477e-01
5.173514569214979764e-01
5.341642949368496929e-01
5.134244021889943221e-01
5.288949099060656911e-01
5.119335907862405666e-01
5.133006580557213372e-01
5.121944699821896485e-01
5.124266704966169428e-01
5.117071295495232430e-01
5.197871131090137098e-01
5.119412204870713579e-01
5.206786225222280740e-01
5.116036272601443002e-01
5.194335564786254356e-01
5.148754210547783483e-01
5.247799312635612612e-01
5.122146373814062681e-01
5.195486940509002061e-01
5.105139366339634943e-01
5.539956954613954876e-01
5.154995335543138824e-01
5.147778736996267979e-01
5.120681963081855637e-01
5.158290022693170496e-01
5.090099492389605906e-01
5.085783678430754184e-01
5.108958445420478389e-01
5.110776189353180010e-01
5.085235601633192326e-01
5.280422428255374667e-01
5.109171780463416246e-01
5.141973731123636870e-01
5.075620674696982304e-01
5.205978140877736138e-01
5.072144930585893441e-01
5.332857658053227201e-01
5.065531388386635969e-01
5.116028554510203552e-01
5.095867150554486136e-01
5.238251301756814415e-01
5.130115886367884181e-01
5.199577432343840400e-01
5.067698501218684815e-01
5.190844441116349017e-01
5.060429072212072610e-01
5.042441890041148289e-01
5.039872869733059702e-01
5.145913821533634191e-01
5.051609688210048077e-01
5.097338196478458094e-01
5.040114884198485523e-01
5.204502757156787007e-01
5.066616404044229638e-01
5.157568131520225974e-01
5.038214316292451977e-01
5.297148147139195684e-01
5.038120333164203268e-01
5.125428415754984535e-01
5.037401689674796401e-01
5.149482473938105098e-01
5.036095928324629822e-01
5.093979994305019021e-01
5.119048011317888225e-01
5.161728498903618290e-01
5.054972958006417327e-01
5.125240714392084174e-01
5.026048166618969359e-01
5.086353431972377992e-01
5.024467749574925701e-01
5.461714193863915767e-01
5.044691033014033765e-01
5.184082821377626882e-01
5.015846274792742365e-01
5.122942069530381781e-01
5.016399992425990551e-01
5.047302724296476306e-01
5.040536279677356735e-01
5.075908673437962149e-01
5.001074167192742781e-01
5.024666736796015165e-01
4.999451572695048363e-01
5.036140217627631532e-01
5.030361649139416524e-01
5.084325995278889954e-01
5.010335475371862080e-01
5.190211986464946525e-01
5.026114962704143485e-01
5.166408787959125837e-01
4.970355946010585058e-01
5.099162635692852108e-01
4.987325269144241013e-01
5.096070675704604813e-01
4.985945551678671039e-01
5.058497912321588963e-01
4.974651212323469851e-01
5.141242233144923679e-01
4.958987050995773416e-01
4.975486829423185764e-01
4.958538561513582410e-01
5.123706871723765488e-01
4.958098656610464561e-01
5.160319155327439677e-01
4.983981822180070798e-01
5.039456091822996919e-01
4.953154275569718323e-01
5.054729594986023811e-01
4.945097134933335026e-01
4.983050411489814979e-01
4.980591546095872735e-01
5.061611876742957428e-01
4.946170659122867130e-01
5.057446664135519798e-01
4.949981775727116950e-01
5.087860538913144826e-01
4.960759607967034635e-01
4.963341330892074854e-01
4.936371377384156101e-01
4.995595026710648034e-01
5.004078074054908454e-01
5.013351150407922008e-01
4.954737467769835813e-01
4.975390561324946059e-01
4.944597771191913682e-01
4.998236774834709517e-01
4.946197578764994773e-01
5.040100720049329741e-01
5.018968157217874593e-01
4.935632270586500225e-01
4.992915891479698387e-01
4.937667568268662155e-01
4.952282763021105261e-01
4.939107257482024949e-01
4.954881637466717059e-01
4.935479189519020871e-01
4.940263432805072075e-01
4.935302445821778128e-01
4.942384811466067895e-01
4.937243585069374108e-01
4.948413482306593947e-01
4.938764066001324893e-01
4.950387690895490800e-01
4.930308029355365829e-01
4.990407904432369035e-01
4.921876710291437917e-01
4.978598179822747438e-01
4.925267424700819352e-01
4.944312282378152679e-01
4.917133834797540182e-01
4.917675972089173286e-01
4.905924739292203962e-01
4.907981800708555165e-01
4.905581240683068445e-01
4.923126786045068370e-01
4.904810991781498597e-01
4.922547062643186644e-01
4.892644713431490988e-01
4.932070266056189922e-01
4.894398949890266248e-01
4.930489493044015181e-01
4.892828478123059655e-01
4.925522384721134905e-01
4.894128191470183964e-01
4.909920892874564124e-01
4.906636891533083800e-01
4.896502422825940171e-01
4.906024751675562845e-01
4.928374837383360796e-01
4.890093042719986238e-01
4.931113986455026299e-01
4.902060515316271072e-01
4.898978043011200656e-01
4.893176090993195948e-01
4.919022794933398113e-01
4.883616411898006326e-01
4.907491436500731607e-01
4.893503793291008042e-01
4.887549157042072046e-01
4.884192876693083663e-01
4.894716423232889912e-01
4.894605749401144124e-01
4.904992102076447535e-01
4.881925488786794110e-01
4.907776239947261865e-01
4.883165233572046016e-01
4.917198150985787608e-01
4.898999362188208861e-01
4.902991433424988554e-01
4.882525195816254104e-01
4.912190609775122785e-01
4.884861398237572705e-01
4.880669376811174742e-01
4.880175087474442619e-01
4.890252410955036044e-01
4.886508506759457693e-01
4.892623730277251837e-01
4.870324188833163315e-01
4.860588019944876992e-01
4.858214386498833637e-01
4.892816499473149894e-01
4.862373451492534304e-01
4.860143665753700049e-01
4.861001984371231543e-01
4.853076874629607129e-01
4.852884285714553214e-01
4.854007323308922595e-01
4.852785511412876507e-01
4.871660158929511653e-01
4.868738418441277416e-01
4.875006744139130932e-01
4.880462148362118557e-01
4.886396387817240616e-01
4.852751144638213776e-01
4.852957859209692804e-01
4.887483903674265662e-01
4.813333342710047758e-01
4.821228836112542160e-01
4.831606987577367618e-01
4.850911868100086788e-01
4.832125969691950518e-01
4.821563414836598782e-01
4.805585077935390359e-01
4.875172283345392543e-01
4.807585955800354749e-01
4.852472477575028864e-01
4.807646895295229483e-01
4.799179651538145741e-01
4.793229151173634683e-01
4.756496519210784424e-01
4.762862085771122911e-01
4.735226191888497471e-01
4.733329911692115699e-01
4.702324321912716987e-01
4.693326314684647116e-01
4.695119835059112234e-01
4.696734533712535464e-01
4.718154144833300312e-01
4.710387898418771369e-01
4.700663536841607204e-01
4.691482127624079790e-01
4.721145691469993966e-01
4.686564835496181969e-01
4.733090457724768441e-01
4.690466633874816882e-01
4.692069773690712431e-01
4.679832986541224704e-01
4.689036014873850244e-01
4.698095379476687761e-01
4.685642794758256291e-01
4.685358386953807353e-01
4.678784001244918334e-01
4.668489450325696843e-01
4.733864891847537337e-01
4.670211498911876480e-01
4.682491465643686679e-01
4.659883379436062789e-01
4.666122346442404534e-01
4.682454384483606957e-01
4.641776402143161784e-01
4.662802160584580968e-01
4.664016314524424001e-01
4.640983311458188876e-01
4.663607896485444382e-01
4.646964148572935160e-01
4.666244539229060240e-01
4.659879163783679501e-01
4.630515143994594074e-01
4.630000523287571279e-01
4.641248463252968248e-01
4.635860723047534049e-01
4.605591195679543115e-01
4.606152206915463676e-01
4.617081813459042450e-01
4.606026575039109394e-01
4.621894935697942186e-01
4.583492731313271729e-01
4.617512056745034510e-01
4.610302984399926585e-01
4.560125127442256621e-01
4.559706122782303805e-01
4.609824707508113351e-01
4.583126138648100367e-01
4.614348524002768182e-01
4.568008319765058389e-01
4.557999721884261612e-01
4.566523803454957675e-01
4.579070186449167301e-01
4.548580782314868287e-01
4.575761738796055300e-01
4.588558387354892409e-01
4.566701498639970658e-01
4.555834727527122707e-01
4.534609071568501126e-01
4.534510496476518160e-01
4.570294233076908630e-01
4.539980781785651898e-01
4.552971504654914070e-01
4.550161918330671296e-01
4.555327310990154865e-01
4.542725003636581271e-01
4.552851780386694691e-01
4.544628770515164451e-01
4.536043175237989278e-01
4.538179663268089303e-01
4.559292743264551917e-01
4.550511900569568224e-01
4.558830453862082743e-01
4.552980296351555323e-01
4.577449058025456763e-01
4.532829074493524013e-01
4.534781051663288598e-01
4.528486319182115638e-01
4.543722332506008321e-01
4.532319712137092838e-01
4.523175005780731284e-01
4.520979980467497716e-01
4.556042766465305260e-01
4.528382849098536722e-01
4.584387447001325167e-01
4.516804233891313913e-01
4.531774309226169750e-01
4.514833665742618574e-01
4.529840934814243769e-01
4.515448536931599421e-01
4.513615034565607864e-01
4.521778668670289325e-01
4.535820301626715123e-01
4.521111432607677894e-01
4.538603297692412331e-01
4.516439281873489420e-01
4.563016821899301134e-01
4.513580491043860388e-01
4.564776970157873315e-01
4.512447411423416987e-01
4.541047882284778847e-01
4.522097468666826381e-01
4.584369807470767277e-01
4.527279101475276679e-01
4.548115871307906177e-01
4.512167518279150413e-01
4.552255059404627935e-01
4.507282347663925104e-01
4.509553469348012156e-01
4.504921102848550851e-01
4.500673545299848088e-01
4.492830043193469236e-01
4.539253309204702713e-01
4.501499865363087771e-01
4.519451735778366452e-01
4.500405248133280689e-01
4.512714349339188580e-01
4.505892791609526493e-01
4.505776121771762344e-01
4.504994391346454075e-01
4.499968995421146922e-01
4.522699585207244910e-01
4.486908836956145508e-01
4.485270372083894896e-01
4.489227044737022498e-01
4.493708504114040658e-01
4.476226981829127261e-01
4.490693077904783781e-01
4.496557820088910029e-01
4.478748784463786881e-01
4.485223736322069277e-01
4.477867919267327079e-01
4.478033426844373333e-01
4.480143319998647899e-01
4.494058398076375416e-01
4.480779314627744703e-01
4.517055561292948607e-01
4.481874795988158855e-01
4.534021991258285755e-01
4.476918359513358259e-01
4.486763511645835423e-01
4.477139559579280115e-01
4.477505809342715581e-01
4.478695601840322338e-01
4.513779163125393734e-01
4.474579256156430707e-01
4.479891118586653009e-01
4.475405459120064267e-01
4.511992141000219503e-01
4.482215060031245479e-01
4.494010621442930398e-01
4.490549880820215445e-01
4.472996170818318573e-01
4.475389760980397758e-01
4.488500890593574155e-01
4.471554490428766848e-01
4.512194906003674788e-01
4.468279936557654763e-01
4.473929649962014032e-01
4.469741658926614236e-01
4.486509863160303979e-01
4.450082762963420424e-01
4.489600743685951967e-01
4.450321647884097342e-01
4.482008970480896859e-01
4.461027528278962984e-01
4.455767863029670428e-01
4.470811052465013535e-01
4.479701185315021483e-01
4.479613311133589515e-01
4.453450307001516895e-01
4.458853742668089093e-01
4.476748050955590696e-01
4.454260098226311415e-01
4.486367511073657277e-01
4.456744471585784573e-01
4.440584965891299918e-01
4.427165907047997950e-01
4.511144443599236498e-01
4.426231884057517108e-01
4.443945777472643743e-01
4.436283507553375749e-01
4.426774011927785968e-01
4.422666954562968766e-01
4.443107553361766993e-01
4.432854062031862385e-01
4.465168471388232252e-01
4.420064317634023188e-01
4.429991529590781574e-01
4.414690990865262621e-01
4.423174594924674796e-01
4.421768547531058635e-01
4.434227323402717968e-01
4.421633145802103537e-01
4.418419887657264455e-01
4.428782675175121919e-01
4.430414474591413132e-01
4.410979972886522882e-01
4.475382697441414592e-01
4.413004576020900793e-01
4.413887254321227083e-01
4.416887650259488374e-01
4.427575760292705165e-01
4.411983065755422651e-01
4.414216635830721658e-01
4.411919771883366370e-01
4.430869679247608217e-01
4.412385621463447150e-01
4.421002290529528200e-01
4.412895634986473414e-01
4.496445901058611083e-01
4.422965859942947220e-01
4.440924475340916611e-01
4.404448644324217566e-01
4.429331586381834995e-01
4.398939300714491130e-01
4.402643716505242888e-01
4.400070107753669135e-01
4.401543680665530589e-01
4.404651925282000446e-01
4.442838287724647506e-01
4.401167684877911324e-01
4.421838665321383699e-01
4.408246212671170783e-01
4.399774305580519962e-01
4.400698733944328755e-01
4.402593670912581802e-01
4.412296803785165089e-01
4.399174619331719382e-01
4.402931439115080336e-01
4.398552170501068281e-01
4.402739882697713769e-01
4.397663161792025877e-01
4.414158909084233140e-01
4.395748123181988376e-01
4.413163449740969413e-01
4.397418562717586576e-01
4.409057105572151691e-01
4.392420521004102296e-01
4.402669549599299570e-01
4.392364390039534827e-01
4.391549685992287011e-01
4.385876431878697468e-01
4.410833708762710303e-01
4.390399164592696524e-01
4.392735269866093195e-01
4.381957760140078317e-01
4.380116272672184841e-01
4.382082395811667253e-01
4.375131641148402584e-01
4.377528264977947892e-01
4.390716117074699998e-01
4.366571578514858998e-01
4.370200851416053967e-01
4.368401989824343135e-01
4.367942011036990424e-01
4.364982955200502612e-01
4.369878471265214448e-01
4.371802637152206183e-01
4.367942745266155669e-01
4.364396476509450618e-01
4.362533748115295928e-01
4.361503146526555241e-01
4.371097996089843285e-01
4.363054862860860084e-01
4.367646426815405825e-01
4.360368530429591938e-01
4.362851318289752145e-01
4.358642351270654025e-01
4.358767619117185355e-01
4.361600996697144184e-01
4.365334553246855154e-01
4.361304965924447941e-01
4.363019471006380212e-01
4.357627004497539036e-01
4.358809615320169972e-01
4.358897798999710749e-01
4.356639500625664185e-01
4.357006721437364227e-01
4.376953911674225650e-01
4.348529969353723823e-01
4.360870416639129887e-01
4.353466601091048882e-01
4.355374044470695094e-01
4.345472974617149986e-01
4.348894740831572570e-01
4.348078861506458059e-01
4.340251259624229307e-01
4.339801924386522125e-01
4.352571615940929450e-01
4.340126691901430855e-01
4.352935689866709312e-01
4.339223474018433779e-01
4.346141345178631821e-01
4.343752620636173178e-01
4.339856967560626333e-01
4.338658916828973533e-01
4.345860497796121824e-01
4.337841032038162181e-01
4.334615228053554370e-01
4.337710089245727652e-01
4.341091540396116999e-01
4.343012745942992359e-01
4.350858217038535702e-01
4.336191699538695099e-01
4.337936222464061631e-01
4.332995926987434077e-01
4.324171866460548297e-01
4.325423285099105897e-01
4.328285072509888143e-01
4.323646317258013072e-01
4.318099366434124398e-01
4.320746267489659620e-01
4.321625923943460679e-01
4.321297067108113010e-01
4.335820529933759326e-01
4.323405288667885316e-01
4.325635276693618470e-01
4.317265246058070716e-01
4.320123379947232167e-01
4.320315149728205517e-01
4.313714664444467384e-01
4.315738439543438387e-01
4.313318978808697857e-01
4.314955279381483821e-01
4.316702634037014041e-01
4.315357198444792486e-01
4.312728185319961716e-01
4.313586377458951682e-01
4.320221891674081438e-01
4.313269235170413829e-01
4.320049377888406927e-01
4.313900343012840866e-01
4.315279603678504605e-01
4.312417136197561063e-01
4.318998210383820924e-01
4.312677652633404302e-01
4.318664110663952282e-01
4.314097204302554389e-01
4.315160066419026497e-01
4.311206977484823288e-01
4.325750843177362803e-01
4.310796332078633553e-01
4.315271648467469134e-01
4.312144979284659452e-01
4.326726277527935816e-01
4.307323020578556760e-01
4.311588820928017873e-01
4.308189440481212107e-01
4.310063507888314827e-01
4.308661966317702263e-01
4.323103518478498830e-01
4.308941686524274672e-01
4.308700343439843539e-01
4.309564633480863494e-01
4.310915226335496619e-01
4.305847725141012661e-01
4.303932053965911497e-01
4.300823974300016506e-01
4.314755555204010107e-01
4.303668878794230102e-01
4.308597127859626341e-01
4.303859724111390728e-01
4.302820452317088207e-01
4.300442942292506121e-01
4.356397270812213951e-01
4.295949846274980111e-01
4.299245718958130680e-01
4.297807520553301730e-01
4.296747616849960205e-01
4.297816817138577772e-01
4.293720458778274018e-01
4.295275900037091588e-01
4.291258759558835845e-01
4.288218626243369136e-01
4.290598447115347436e-01
4.293331826192927081e-01
4.287404574343206543e-01
4.287719327270790859e-01
4.287190049952573911e-01
4.290742471037127803e-01
4.282748097296746881e-01
4.282521176911638361e-01
4.278948526013799381e-01
4.282281603525920910e-01
4.275831224290927435e-01
4.275647832314019015e-01
4.277049041359103354e-01
4.274652235142193946e-01
4.303789075714929413e-01
4.273495272173619686e-01
4.277816985146645767e-01
4.273571030974234186e-01
4.284406975690647768e-01
4.274765287061275121e-01
4.276035441354761879e-01
4.273245275225977524e-01
4.273977615875803604e-01
4.273949390350000321e-01
4.276039940817305540e-01
4.273264558463188978e-01
4.271636365855477901e-01
4.272897909204599887e-01
4.271020043009851053e-01
4.273210560305626404e-01
4.296271409143847531e-01
4.276318458622229146e-01
4.273603746732288489e-01
4.274884724111566170e-01
4.275440338142488805e-01
4.273657553970388601e-01
4.280429847262436915e-01
4.272575601697695125e-01
4.274564954584652021e-01
4.274129738268473422e-01
4.275433612605494260e-01
4.269110374461013158e-01
4.283822159547467368e-01
4.270823140698206122e-01
4.274412231596843581e-01
4.267549728030784473e-01
4.270707234478137160e-01
4.271813207541298452e-01
4.270514037092019710e-01
4.274530604267947065e-01
4.280983338265080818e-01
4.267113021553927132e-01
4.286018519329114485e-01
4.268504489008401181e-01
4.275388546368391052e-01
4.268721297366668277e-01
4.277355375512649771e-01
4.269124443165748795e-01
4.271010818971046064e-01
4.267989846035340484e-01
4.271080688390498925e-01
4.268065784364220572e-01
4.271064406851490247e-01
4.265102210231216384e-01
4.269509865340698207e-01
4.266735579987578353e-01
4.274140575377809448e-01
4.263625513252298771e-01
4.269316398534200308e-01
4.267396964398956771e-01
4.274397061854510182e-01
4.263317376453935048e-01
4.277256935070217758e-01
4.265124286354429195e-01
4.276177810281505676e-01
4.263921627550384397e-01
4.262850184767231765e-01
4.260190400412013356e-01
4.260886809416163379e-01
4.260486331304577101e-01
4.262593051360144547e-01
4.261968255780136938e-01
4.261496827575361190e-01
4.261187469112621140e-01
4.263464185434484022e-01
4.260937059337629451e-01
4.270728283263982017e-01
4.263846696184266927e-01
4.271952297243790109e-01
4.261072946265241912e-01
4.271719980500255365e-01
4.261215982246066569e-01
4.266657694131847922e-01
4.258449746058841634e-01
4.264502459447520044e-01
4.263151142300093399e-01
4.277457844356450378e-01
4.263737427984833350e-01
4.260862123593226469e-01
4.261095526490697449e-01
4.259469779597583328e-01
4.259241643469572902e-01
4.259049925985599616e-01
4.256082043300500328e-01
4.255982795943174524e-01
4.256043549816583282e-01
4.256137495142208182e-01
4.259565173787000503e-01
4.256067055989730119e-01
4.256629438952965194e-01
4.256888448399537839e-01
4.257824365476596262e-01
4.256407815825670182e-01
4.258823641555622430e-01
4.257208164823069740e-01
4.257369585667165057e-01
4.256582364643091143e-01
4.259454007627622163e-01
4.256397759843825179e-01
4.257640587055988579e-01
4.259023106011073367e-01
4.252525145473962653e-01
4.254269311708119283e-01
4.253283955626340207e-01
4.252489650874541338e-01
4.255104532084735824e-01
4.252370199151452312e-01
4.255269935463460995e-01
4.253069319357809519e-01
4.253803158080227131e-01
4.252408106301364121e-01
4.254427724680517331e-01
4.253136169683338075e-01
4.252342615523400648e-01
4.252636929036771041e-01
4.254362362686301968e-01
4.251190558254062113e-01
4.253191109429081962e-01
4.251880721360331017e-01
4.252834210269861304e-01
4.251115284865514821e-01
4.251174763403250956e-01
4.252409678788944825e-01
4.250903174116609229e-01
4.250858544960751106e-01
4.249930134420905614e-01
4.250620097376706097e-01
4.250902118879639202e-01
4.249754977579509596e-01
4.250027941789040198e-01
4.249804576743491658e-01
4.250924936778044394e-01
4.249749912639838034e-01
4.252205392513020432e-01
4.250419768341740512e-01
4.251705857106976572e-01
4.249642479900923586e-01
4.250984391465560397e-01
4.249921246210203729e-01
4.251196490643038284e-01
4.249741321975405439e-01
4.252025688190477770e-01
4.249448165259122057e-01
4.251443265239248648e-01
4.249842505288481953e-01
4.252095244906560767e-01
4.249866289098865879e-01
4.250192185599537265e-01
4.249457534122146329e-01
4.249695272444932725e-01
4.249195531747905763e-01
4.256451538716707894e-01
4.249830252160170518e-01
4.251257243441169398e-01
4.249763198665587605e-01
4.250615454712848851e-01
4.249531710256251871e-01
4.250265418046595967e-01
4.249344954937243624e-01
4.256125017823267354e-01
4.249569766023832962e-01
4.246309332146976367e-01
4.246114015477704395e-01
4.256228877898116103e-01
4.245032360497489332e-01
4.250391820206371740e-01
4.246455871583001418e-01
4.249078762789436081e-01
4.244693304416896074e-01
4.246374311237332000e-01
4.244794336032102211e-01
4.244895304681020054e-01
4.244516508948148470e-01
4.243438188109442399e-01
4.245605005832439605e-01
4.243887635587553775e-01
4.243095199017983266e-01
4.247438928587168316e-01
4.243575103366875600e-01
4.244090571878385010e-01
4.242362417159728505e-01
4.243854051378815884e-01
4.242665581995935242e-01
4.243043417828312180e-01
4.242481487753175240e-01
4.246105084176060585e-01
4.241854618077036121e-01
4.243373578024084436e-01
4.241495137403216154e-01
4.244596404325625683e-01
4.241968581498006263e-01
4.241780232880659751e-01
4.241635990528122568e-01
4.243341309317593679e-01
4.241859007590074726e-01
4.250806620967823024e-01
4.241748937841339218e-01
4.241960198384751579e-01
4.240913795144570786e-01
4.240696970922129272e-01
4.240652492201701373e-01
4.241882185614529455e-01
4.240700594577591631e-01
4.244076979386887105e-01
4.240666245337226803e-01
4.241416856677868719e-01
4.240475974242204349e-01
4.241453503570989936e-01
4.240552649532943197e-01
4.241729202351670613e-01
4.240848691828842942e-01
4.241878165250654309e-01
4.240459733913858331e-01
4.244746861353579925e-01
4.240761117438994199e-01
4.244250004701596857e-01
4.240446144197142497e-01
4.243798061785006848e-01
4.240651860359189174e-01
4.251164515066469529e-01
4.239485392177023693e-01
4.238321853518328131e-01
4.238294058719364044e-01
4.243764773300215398e-01
4.238863878811670038e-01
4.242311994520025498e-01
4.239210735295516064e-01
4.241132867345100976e-01
4.238519668615520208e-01
4.239521422935820794e-01
4.238478361276320494e-01
4.242169998036214862e-01
4.239942812339926870e-01
4.245764840289383835e-01
4.236567375276973912e-01
4.239490030936938769e-01
4.237211669275964265e-01
4.234763124455667160e-01
4.235235402769535473e-01
4.236445717821306078e-01
4.236173944310702710e-01
4.234526546294954397e-01
4.234703209164989990e-01
4.237052611935492319e-01
4.235830564321046432e-01
4.235628819622198615e-01
4.234862112538344547e-01
4.234714006258151198e-01
4.234845947523372955e-01
4.235736840484394805e-01
4.234083519367860537e-01
4.234650618539050337e-01
4.234916367428883666e-01
4.234547119689854866e-01
4.234336458482063636e-01
4.236202775131500120e-01
4.234372210812885062e-01
4.242394914620316593e-01
4.233919652047993254e-01
4.237728591132123301e-01
4.235260114608070392e-01
4.234791588968929710e-01
4.233791203357017974e-01
4.237035963811338068e-01
4.235422236337593738e-01
4.233636643256912246e-01
4.233320473711466581e-01
4.236363567374085148e-01
4.233397102080062036e-01
4.233029780088457539e-01
4.234099748075695890e-01
4.231655597836230243e-01
4.232601975522969906e-01
4.231428765064603748e-01
4.232585486073726644e-01
4.233867483764711670e-01
4.231440744213738059e-01
4.234352398055963862e-01
4.230492447887178598e-01
4.233311668218425750e-01
4.230459848443431925e-01
4.232464666425405087e-01
4.231497022164670829e-01
4.232141733184103249e-01
4.231213185383415065e-01
4.233273751746814417e-01
4.231410732543736675e-01
4.234145861853524373e-01
4.230393444633765432e-01
4.230948230930421938e-01
4.230490811388954997e-01
4.233491421644660635e-01
4.230275819512410163e-01
4.233998497149946694e-01
4.230341340075292611e-01
4.237237005680934976e-01
4.231465244707520723e-01
4.230020884146630800e-01
4.230390824571063080e-01
4.234151275887846344e-01
4.230231565965967833e-01
4.231992719573272610e-01
4.231201449357647748e-01
4.232050603603691452e-01
4.228835073990667159e-01
4.231312960353242891e-01
4.228708242662299055e-01
4.231666948178077758e-01
4.229139389082817724e-01
4.229934457992891028e-01
4.228335888695112788e-01
4.231258748940620040e-01
4.228876360466220508e-01
4.228837275721546995e-01
4.228819225148027772e-01
4.227752934544590779e-01
4.227737813923643229e-01
4.229112207606742224e-01
4.228025646138877103e-01
4.229045916942856254e-01
4.228264810819969965e-01
4.228267700487996494e-01
4.227509689516895652e-01
4.228969153545711346e-01
4.227829192270697867e-01
4.228944752830577358e-01
4.227576827614992760e-01
4.228192971965251679e-01
4.228393619645035573e-01
4.230995541609508526e-01
4.228395229901683594e-01
4.227588371641824994e-01
4.226632669118369212e-01
4.225826527232340868e-01
4.226808342984880729e-01
4.228973333879811891e-01
4.227649288563127827e-01
4.226955720346993739e-01
4.225989135857656787e-01
4.227648288579458624e-01
4.225674940200739860e-01
4.226991777768289715e-01
4.226157300213869150e-01
4.226909150719065922e-01
4.227651888959986781e-01
4.228039280269523248e-01
4.225592432430285150e-01
4.226551707582384410e-01
4.225650522106353946e-01
4.230827180270969046e-01
4.225664092087426105e-01
4.228677254398170993e-01
4.225605184608712261e-01
4.229996902088125621e-01
4.225597719525426288e-01
4.224998453737645043e-01
4.224714268572865028e-01
4.226402144950160977e-01
4.225326022389233604e-01
4.225086903468406319e-01
4.224675544507467406e-01
4.224501781982752391e-01
4.224379489804069299e-01
4.224992518968320176e-01
4.224669267613209711e-01
4.225842475951359090e-01
4.224768064952847402e-01
4.223385001894119917e-01
4.223145840762883019e-01
4.225222883086702796e-01
4.222908439463969876e-01
4.224629352407523464e-01
4.223120891282216571e-01
4.224845701689668998e-01
4.223458910401549637e-01
4.224157253742706342e-01
4.224829385517733793e-01
4.223445866796232684e-01
4.224028295916327780e-01
4.222495747701606739e-01
4.223121443932413843e-01
4.222641377981868338e-01
4.223266300561888120e-01
4.222440300478384478e-01
4.223278443028967710e-01
4.224167380387499615e-01
4.222933176391578947e-01
4.223771114863121845e-01
4.223918164644430151e-01
4.223653423454242772e-01
4.223699444111547741e-01
4.222441047581512175e-01
4.222853583571540281e-01
4.222986116536279200e-01
4.221935108637382972e-01
4.230236918221986775e-01
4.222244860047303927e-01
4.220507240687784156e-01
4.221556445007151326e-01
4.227667934167174679e-01
4.220713336519643089e-01
4.223654389748461857e-01
4.220070817282322584e-01
4.222589393537385383e-01
4.221167327775724454e-01
4.223741003540745775e-01
4.220078621739098423e-01
4.221978712786935706e-01
4.219329878924075183e-01
4.220105503364784960e-01
4.219446796360328267e-01
4.217779787325849905e-01
4.217602686338283724e-01
4.217519152102879310e-01
4.218547820373278467e-01
4.219065645249015506e-01
4.220043497162446755e-01
4.217860466107671846e-01
4.217049705754349342e-01
4.217174940724426335e-01
4.216582112051068254e-01
4.217130093838907801e-01
4.216727466058395324e-01
4.216945645576548607e-01
4.217608867763612546e-01
4.217127863316991188e-01
4.216818467765800493e-01
4.216734546649392734e-01
4.216682014650021126e-01
4.218238803182461361e-01
4.216050651561605855e-01
4.217281387129369619e-01
4.216620470513776087e-01
4.218566460112881389e-01
4.217020203994595318e-01
4.217772824398793863e-01
4.215939395788872446e-01
4.216898990818200299e-01
4.216053509438350000e-01
4.217685289355734279e-01
4.216111579520263053e-01
4.216792664128169998e-01
4.217140986479837039e-01
4.216014671477005815e-01
4.216442859807943422e-01
4.216640732728647589e-01
4.216838600919555757e-01
4.217006050838719711e-01
4.216320547476060665e-01
4.217760809056012583e-01
4.216626549670220991e-01
4.215885532253099699e-01
4.215929723855933453e-01
4.216865181323691814e-01
4.216873284761900043e-01
4.214432166002232139e-01
4.215846968664668237e-01
4.216370957882134007e-01
4.214284514472825260e-01
4.215909602266527667e-01
4.216021184477576900e-01
4.213187620682908308e-01
4.212442926472733662e-01
4.213019824308864014e-01
4.212257995961383727e-01
4.211871999882946249e-01
4.212512387129582203e-01
4.211353888593037942e-01
4.211713073773256655e-01
4.213100799778187189e-01
4.211408131343792882e-01
4.212325558599171460e-01
4.211496888106265879e-01
4.211636685150325632e-01
4.211382999145242279e-01
4.213494349014711982e-01
4.210565978692645261e-01
4.210819880761793588e-01
4.211411911498132987e-01
4.213543974673016335e-01
4.211586817202112032e-01
4.211276570139400599e-01
4.210692114881663395e-01
4.211875552987277560e-01
4.210465389469045250e-01
4.213777791020408836e-01
4.211546306071949908e-01
4.211143191424879251e-01
4.210627279238859932e-01
4.211252797151140426e-01
4.210735525587259720e-01
4.210445158971840574e-01
4.210778969794869431e-01
4.212172316486716972e-01
4.211086685328351287e-01
4.211893240598579280e-01
4.210492418111274060e-01
4.210413570065912880e-01
4.211114328210419644e-01
4.211207571224757085e-01
4.210409479600877858e-01
4.212437118278737347e-01
4.211160208207190836e-01
4.212787825524221819e-01
4.210515685467963176e-01
4.211515945097569213e-01
4.210635963057760001e-01
4.210747722092018086e-01
4.210640046721013108e-01
4.210869995615134087e-01
4.210088412045762674e-01
4.211049146003587595e-01
4.210368010073021194e-01
4.212292301042299680e-01
4.211075940334643719e-01
4.219764821900546248e-01
4.209708688521986431e-01
4.218622634404673444e-01
4.210510086656141238e-01
4.210561742957311115e-01
4.209997070272168407e-01
4.210090448979342814e-01
4.209972663069015408e-01
4.210527694038913582e-01
4.209843566996954167e-01
4.210618831672863216e-01
4.209823279263870122e-01
4.211729485769955539e-01
4.209798985715024200e-01
4.210127250185541903e-01
4.209996166595778022e-01
4.212604209484898110e-01
4.210042612301496678e-01
4.210257273127919753e-01
4.210365221048709139e-01
4.210502832192023481e-01
4.210169861843361394e-01
4.218202813001322715e-01
4.210108723464721647e-01
4.211360823437720335e-01
4.210183764574376708e-01
4.218000823060161220e-01
4.210414182689775631e-01
4.209913824084605682e-01
4.210193647152147833e-01
4.209509523526272501e-01
4.209545308650565754e-01
4.209836975000001980e-01
4.209730896472086981e-01
4.209640701972642840e-01
4.209919582985539033e-01
4.209442955064113812e-01
4.210842121655150594e-01
4.209798494731850083e-01
4.210628904116044957e-01
4.209508850786786160e-01
4.209855233474908975e-01
4.209565535045652895e-01
4.209796727726142773e-01
4.210270881063404858e-01
4.209430480675069863e-01
4.209874824314650543e-01
4.209526724436959966e-01
4.209587557330881635e-01
4.209559153868269732e-01
4.209415180325861150e-01
4.211653381915598793e-01
4.209529984593300411e-01
4.209562181602353736e-01
4.209045895886920907e-01
4.209145875324373787e-01
4.209331819636578653e-01
4.209654260804966408e-01
4.209440433251274705e-01
4.208817587078994005e-01
4.208891785428131027e-01
4.209021974711540937e-01
4.209233294721276830e-01
4.208384599904292367e-01
4.208473757333356935e-01
4.208193620840119387e-01
4.208024214969918186e-01
4.208441226116589884e-01
4.208027759644166754e-01
4.208499947354093496e-01
4.207942451520496063e-01
4.208877760657813161e-01
4.208716787573208995e-01
4.207988720427486840e-01
4.208201040149610606e-01
4.208236663882726769e-01
4.208023278634447917e-01
4.207831073895178520e-01
4.208102053500180073e-01
4.208010913421942889e-01
4.207730939619234722e-01
4.207151958860606555e-01
4.207082764990267010e-01
4.207645973998694888e-01
4.207143861300575161e-01
4.207130312448309484e-01
4.207113842768694378e-01
4.206461800182507149e-01
4.206437307243823254e-01
4.206550330948908845e-01
4.206607887095860088e-01
4.206601600438317212e-01
4.206605192766761370e-01
4.206746247853046516e-01
4.206598224095785543e-01
4.205882482548372048e-01
4.206353900675187107e-01
4.205754325961122420e-01
4.206103215082276359e-01
4.205754384323604489e-01
4.205945325958057590e-01
4.205773094586467420e-01
4.206237401742901061e-01
4.205943742720305578e-01
4.205558935914507912e-01
4.205687353705899745e-01
4.205901180388187943e-01
4.205411900131897363e-01
4.205131795626133595e-01
4.205091233559227204e-01
4.205638371529851760e-01
4.206222482645421423e-01
4.204690777276723912e-01
4.204773925906025722e-01
4.204579982215139733e-01
4.204877193222172904e-01
4.204682889566380699e-01
4.204516573478368491e-01
4.205337111178203968e-01
4.204721224921998401e-01
4.204315806367578956e-01
4.204406269692241294e-01
4.204715028992673798e-01
4.204357638946981668e-01
4.204839022300987939e-01
4.204563969739794072e-01
4.204679649885093018e-01
4.204329603815177285e-01
4.203944686574042078e-01
4.203608154785096751e-01
4.204587122687059586e-01
4.203565323310699542e-01
4.204292377121788826e-01
4.204017286484886817e-01
4.203547358598867523e-01
4.203691623860024151e-01
4.203625680029104972e-01
4.203118382831469990e-01
4.203211904936494658e-01
4.203689017471845535e-01
4.202744471380088220e-01
4.203073847956264042e-01
4.202456267852226479e-01
4.202422384223230001e-01
4.202707053411869897e-01
4.202498640066381630e-01
4.203808070313828638e-01
4.202533715552252414e-01
4.201831627538444303e-01
4.202047015705164257e-01
4.201929679845768373e-01
4.201972576102812051e-01
4.201516936972644056e-01
4.201772588392873042e-01
4.203081795499463702e-01
4.201692456700649170e-01
4.202445273045348206e-01
4.201384595425503021e-01
4.201545579358757498e-01
4.201352887951370074e-01
4.201369578446353392e-01
4.201639839801148968e-01
4.201607465595579849e-01
4.201398097826177791e-01
4.201452697509943102e-01
4.201766598238111383e-01
4.201791550070368975e-01
4.201761866527317091e-01
4.202902367093129254e-01
4.201470633768519813e-01
4.201617844676337477e-01
4.201590478288221853e-01
4.201958102711986220e-01
4.201246298222970910e-01
4.201309772524230435e-01
4.201268091810285710e-01
4.201817639537601679e-01
4.201622093297777139e-01
4.201373149482593994e-01
4.201373038370390112e-01
4.200996328772529376e-01
4.201150543265531612e-01
4.201789930058194011e-01
4.200920587362328984e-01
4.200957017591404052e-01
4.201094238822302152e-01
4.202319210147014705e-01
4.200700525060399038e-01
4.200928088912647684e-01
4.200684502942756415e-01
4.200871745085288933e-01
4.200646057372846576e-01
4.201294261434904143e-01
4.200761602665502581e-01
4.200726367015966134e-01
4.200571551894592970e-01
4.200854858423176408e-01
4.200589348974866910e-01
4.201060875330845379e-01
4.200642812072289956e-01
4.201008242677851667e-01
4.200486998455126297e-01
4.201466046960372069e-01
4.200507935673783999e-01
4.200689119663665316e-01
4.200533677160775414e-01
4.200617416755493827e-01
4.200704031674183381e-01
4.200912309105578335e-01
4.200507690964918051e-01
4.200395727865098849e-01
4.200610331053621915e-01
4.200732141569475941e-01
4.200338278020237515e-01
4.201708756603127481e-01
4.200553690042049260e-01
4.200529323738354526e-01
4.200894511635246409e-01
4.200245119568343233e-01
4.200109289950391678e-01
4.200183549411801165e-01
4.200977863059452422e-01
4.200207339303909104e-01
4.200209593173082068e-01
4.200336300558916713e-01
4.200272765064677061e-01
4.200395532598844572e-01
4.200262351954426321e-01
4.200937014937806691e-01
4.200108455227147819e-01
4.200409119972913219e-01
4.200193224934219427e-01
4.200337436681003123e-01
4.200278590829674696e-01
4.200513449389466358e-01
4.200125996938420814e-01
4.201027132677469522e-01
4.200126757856835757e-01
4.200580151322107492e-01
4.200227393699615952e-01
4.201153040955854512e-01
4.200263873803264381e-01
4.200672034577250247e-01
4.199992958623812722e-01
4.200025089471311479e-01
4.200105173012134707e-01
4.200040971851213834e-01
4.200070183225808051e-01
4.200434653305647470e-01
4.200058662886176353e-01
4.200649031416120449e-01
4.199781034888490638e-01
4.200720151256480683e-01
4.199942824897244797e-01
4.200451126939543367e-01
4.199527228605661189e-01
4.199269496712489946e-01
4.199398283089421091e-01
4.199583799051047617e-01
4.199489607612970077e-01
4.199571770678251492e-01
4.199292222733350677e-01
4.199396797201647713e-01
4.199105991374105229e-01
4.199228429373094151e-01
4.199305644995288134e-01
4.199519772495011738e-01
4.199095193469995491e-01
4.199210132019893793e-01
4.199209063831358946e-01
4.201183959301302839e-01
4.199077498638348338e-01
4.199269089286120082e-01
4.198983477813545973e-01
4.199363764315514613e-01
4.199103322543706884e-01
4.199713376668737230e-01
4.198875150384245858e-01
4.199740410552971759e-01
4.198891706156815951e-01
4.199766790471951561e-01
4.199158087770731851e-01
4.198845297696979229e-01
4.198916190898355216e-01
4.199352364471655163e-01
4.198914133426679962e-01
4.199227222545517391e-01
4.198926241119779190e-01
4.199632079622105385e-01
4.199010478749218844e-01
4.199147878306421222e-01
4.198798764045745258e-01
4.199201530704232965e-01
4.199059804169771870e-01
4.199015635256869716e-01
4.198854158403942383e-01
4.200278315640233462e-01
4.198845141801205716e-01
4.199189616398104619e-01
4.198811371854834773e-01
4.199269020667172891e-01
4.198794823989256964e-01
4.199482508349929866e-01
4.198768254618635565e-01
4.199079037536194714e-01
4.198862563572933193e-01
4.199514964531279593e-01
4.198875148063224150e-01
4.199466221095485285e-01
4.198845804498375633e-01
4.198803857920426208e-01
4.199013969138613023e-01
4.199235686679144708e-01
4.198744036274097424e-01
4.199947625795670270e-01
4.198697154946799959e-01
4.198839857265397324e-01
4.198543288218867797e-01
4.198853354237312430e-01
4.198552936256317314e-01
4.198925783164519920e-01
4.198559774771126740e-01
4.199502926567785788e-01
4.198301273097146957e-01
4.199014468429754232e-01
4.198320028132870863e-01
4.198370182958396368e-01
4.198422906245549702e-01
4.198486505162726257e-01
4.197909252900696164e-01
4.198701466134609483e-01
4.197830799764697973e-01
4.198107371602940452e-01
4.197848096503095094e-01
4.198049394527522127e-01
4.197852608185180801e-01
4.197316252180826046e-01
4.197447706801429312e-01
4.197224139387166209e-01
4.197340729574416951e-01
4.197240188522037840e-01
4.197531578343559056e-01
4.197279445927596386e-01
4.197253048889565963e-01
4.197265530073737705e-01
4.197472475318180796e-01
4.197223061133821820e-01
4.197349434956874625e-01
4.197150566055052878e-01
4.197128916738159243e-01
4.197104915318118912e-01
4.197170750721326282e-01
4.197152217051404732e-01
4.197126347000449953e-01
4.197105464935250718e-01
4.197330751066449261e-01
4.197104436092831681e-01
4.197193674449169465e-01
4.197150327866380759e-01
4.197205110496440295e-01
4.197138977945362170e-01
4.197176433758355030e-01
4.197212803522531455e-01
4.197164608837343769e-01
4.197163875646180986e-01
4.197142037927933389e-01
4.197078221701287526e-01
4.197151619572619952e-01
4.197057348227137830e-01
4.196933490444051951e-01
4.196956529281770099e-01
4.197165444117907374e-01
4.196979383131194674e-01
4.196808623647062531e-01
4.196835692582304711e-01
4.196931378023766035e-01
4.196843778956437232e-01
4.196852390970194358e-01
4.196877900802394867e-01
4.196185116332113996e-01
4.196253143034323618e-01
4.196251623997354629e-01
4.196274650273442153e-01
4.196065766536299368e-01
4.195409873119449462e-01
4.195456696806926233e-01
4.195477756103740963e-01
4.195432469825628452e-01
4.195415578478782215e-01
4.195306816193913324e-01
4.195379672595392906e-01
4.195339157924874440e-01
4.195304149745275879e-01
4.195126997022701199e-01
4.195230277553137488e-01
4.194897332872421503e-01
4.194822647135263982e-01
4.194766640835785876e-01
4.194986728849179336e-01
4.194488346060164519e-01
4.194484379474642255e-01
4.194376058160216303e-01
4.194368841666807346e-01
4.194474740472234897e-01
4.194319155045250769e-01
4.194129820323805324e-01
4.194152688646365368e-01
4.194059088178357375e-01
4.194076943612404240e-01
4.194098591815678123e-01
4.194096234960651981e-01
4.193971531420649934e-01
4.193903992358759547e-01
4.193895496101558429e-01
4.193938943580621803e-01
4.193670465025585714e-01
4.193594406329617108e-01
4.193439238541801783e-01
4.193547667754283226e-01
4.193218074045815813e-01
4.193174593931224825e-01
4.193396729557236080e-01
4.193265111999512906e-01
4.193252871209119381e-01
4.193114077537479778e-01
4.192808426687169021e-01
4.192766638837934767e-01
4.192637395192974070e-01
4.192684396320505158e-01
4.192678552640806133e-01
4.192602354640849183e-01
4.192598611860988700e-01
4.192731836636465204e-01
4.192484212112163600e-01
4.192520137951394332e-01
4.192482480671870793e-01
4.192465878611987273e-01
4.193726425853608886e-01
4.192600512781799460e-01
4.192062293461965572e-01
4.191992008915965129e-01
4.191658603996208932e-01
4.191720291668943332e-01
4.191769076224930446e-01
4.191718163770937200e-01
4.191455079353004765e-01
4.191480393516758274e-01
4.191525467538417815e-01
4.191548594016202833e-01
4.191487881614990307e-01
4.191446417471363373e-01
4.191427846870026674e-01
4.191452098360890499e-01
4.191511061939730554e-01
4.191427254813614445e-01
4.191579292144420044e-01
4.191440269316373257e-01
4.191774090232594507e-01
4.191457568633713549e-01
4.191164544955415239e-01
4.191127111501194991e-01
4.191378409581670850e-01
