1.018914370891653931e+00
1.018209858685634295e+00
1.016775374738773108e+00
1.007028936574226874e+00
1.057187776255023248e+00
9.871357363228939752e-01
9.435713120518426367e-01
9.522392873365264077e-01
8.901781710937467507e-01
8.987789025445641622e-01
8.842922826227496147e-01
8.843691110528124621e-01
8.700395797533856390e-01
8.735546074092522817e-01
8.470109847530987723e-01
8.479349784812610924e-01
8.401765818275753750e-01
8.113604790130087840e-01
8.181189575919579626e-01
8.181987751195172187e-01
8.072095081899439695e-01
8.130792546216467631e-01
8.405777181058149417e-01
8.430367932753772831e-01
8.123175924093013478e-01
8.505740806613266702e-01
8.232035987470905924e-01
8.800166046254677132e-01
8.086126742186046101e-01
8.107875254009906385e-01
8.070860943004644072e-01
8.450792316839115248e-01
8.172725061308571126e-01
8.163153159817685411e-01
7.995019207258735605e-01
7.998582427872913403e-01
8.042862775544227238e-01
8.806037696479636079e-01
8.077336823632279561e-01
7.991877341683691904e-01
8.003775055859814191e-01
8.009034050603984767e-01
8.400918316216967607e-01
8.270332378768563419e-01
9.017519944967941070e-01
8.012976817162563714e-01
8.933230026569890514e-01
7.991877341683691904e-01
7.991877341683691904e-01
7.992441436741172245e-01
8.160785967416738229e-01
8.261202256054803739e-01
8.183871314673056840e-01
7.991877341683691904e-01
7.996950351944243085e-01
7.977885358314414921e-01
8.074810145881708978e-01
7.977885358314412700e-01
7.977885358314412700e-01
7.977885358314412700e-01
7.977517011350311327e-01
8.306100093498810510e-01
8.012782736600708722e-01
8.711607988106552236e-01
7.977517011350311327e-01
7.977517011350311327e-01
7.977517011350311327e-01
7.977517011350311327e-01
7.977517011350311327e-01
7.978666105608483994e-01
8.429040568373044051e-01
7.977517011350311327e-01
7.977517011350311327e-01
7.977517011350311327e-01
9.214983951648670901e-01
7.977517011350311327e-01
7.977517011350311327e-01
7.540088897800588663e-01
7.494195270784580476e-01
7.487911127373246822e-01
7.614186498953831039e-01
7.482322441847141237e-01
8.451878242938781760e-01
7.724518045284066714e-01
8.950474776013098710e-01
7.516889074170153284e-01
8.666916239612380002e-01
7.404992080752472727e-01
7.480934755740091813e-01
7.406309164071783746e-01
7.403319611041437875e-01
7.384451757800154503e-01
7.181218511853471043e-01
7.175100939528225030e-01
7.089653513732628864e-01
7.205767137817166157e-01
7.496607133616797203e-01
7.232279873080909027e-01
7.921055807652793712e-01
7.377727709514602106e-01
7.597084217308121001e-01
7.095992213635392565e-01
7.025262623691994612e-01
7.188287616015618386e-01
7.620563354484766183e-01
7.029142473841371030e-01
7.013865553323826996e-01
7.238663397649409692e-01
7.090148735672223701e-01
7.373553738678568781e-01
7.908762084524058045e-01
7.012998214676211539e-01
6.876642899233342821e-01
6.871297967118412675e-01
7.704199960434932049e-01
6.843829388061036800e-01
6.887601507468517070e-01
6.864348995621399885e-01
7.074695497254890331e-01
6.858918938179362490e-01
6.618773532573811735e-01
6.796440805376513516e-01
6.996524246392502588e-01
6.588284184865209614e-01
6.818678497199814892e-01
6.622483380084656091e-01
6.650418895062271130e-01
6.591625454228084990e-01
8.266411278789804751e-01
6.584847129111984776e-01
6.560433103989159465e-01
6.559500881436941544e-01
6.506615046466974750e-01
6.507248477687629373e-01
6.807614694697596835e-01
6.506615046466975860e-01
6.631144750498014773e-01
6.506615046466974750e-01
6.582296754534220362e-01
6.506615046466974750e-01
6.536761476000884086e-01
6.470026036050372520e-01
6.601290092670332177e-01
6.470026036050372520e-01
6.516584123984269228e-01
6.470026036050372520e-01
6.565042202392239457e-01
6.470026036050372520e-01
6.598315726345633792e-01
6.470026036050372520e-01
6.662729359332540957e-01
6.470026036050372520e-01
6.827670136009016399e-01
6.470026036050372520e-01
7.694717146649613371e-01
6.687707147846964073e-01
7.040784088621581116e-01
6.559557646532444553e-01
7.388477445787118292e-01
6.735347418529705754e-01
7.013719630932333526e-01
6.571658565330489310e-01
6.682007525355898592e-01
6.470609050400918383e-01
6.885608340013922302e-01
6.623085522470528730e-01
6.444389522021561900e-01
6.455188561825545568e-01
6.937363290899484225e-01
6.450482764429861238e-01
6.430269564902356683e-01
6.427219729520025071e-01
6.418201728576532483e-01
6.419313871351788325e-01
6.509806711419366954e-01
6.553081982054111965e-01
6.274058231254846518e-01
6.397229542850217943e-01
6.632911421726667145e-01
6.272571292789764774e-01
7.161156591287448636e-01
6.331959605932425683e-01
6.501816381231595443e-01
6.263524432387383989e-01
6.519345277535036898e-01
6.264987180607125561e-01
6.647564632411364638e-01
6.264269715790085069e-01
6.939104271014298053e-01
6.975201200046409200e-01
6.758817524940192722e-01
6.250732826837367417e-01
6.948150983488226018e-01
6.258131508785466091e-01
6.757867506564050331e-01
6.247366308870079266e-01
6.436105207190331301e-01
6.340885093632189218e-01
6.123703926527191976e-01
6.131578818060117175e-01
6.299928427599977843e-01
6.381867578359892157e-01
6.615519590930889482e-01
6.144752115947025306e-01
6.237034094558666641e-01
6.166437537420497161e-01
6.626670089841488753e-01
6.122381255721783821e-01
6.219586058831915176e-01
6.122313412440956171e-01
6.332853363271416791e-01
6.356673753806498794e-01
6.463139649733763425e-01
6.122438338330101759e-01
6.171947200532386102e-01
6.121555873996211705e-01
6.209621228357923295e-01
6.112139819697469667e-01
6.158191827621015690e-01
6.431386502845120035e-01
6.048674473282774633e-01
6.086403772840717208e-01
6.201204376795684814e-01
6.046913526317996279e-01
6.162052292249393659e-01
6.047119919941082999e-01
6.080559177524468284e-01
6.046913526317998500e-01
6.567011669224279702e-01
6.046913526317996279e-01
6.657132015527119639e-01
6.046913526317997389e-01
6.349360355336701733e-01
6.217416924180090287e-01
6.920786074817874001e-01
6.048063176510634076e-01
6.133769995377927886e-01
6.046913526317994059e-01
6.024555280969132731e-01
6.024555280969131621e-01
6.351725366897378322e-01
6.024555280969129401e-01
6.011981785116957688e-01
6.011981785116956578e-01
6.063076817932019358e-01
6.011981785116956578e-01
6.057133834924879334e-01
6.011981785116956578e-01
6.214915472584860989e-01
6.011052621495980297e-01
6.074679019660729207e-01
6.022506960069607951e-01
6.112076358248381691e-01
6.068630559097967225e-01
6.864828148274645381e-01
6.047636757347145675e-01
6.106246798818520949e-01
6.183051623665852814e-01
6.603567744112882609e-01
6.038568288537894402e-01
6.386341208380384993e-01
6.295432220386703026e-01
6.644595644079972496e-01
6.111217063735588928e-01
6.894802205103574000e-01
5.977142645719351055e-01
6.798624284684557928e-01
5.988608979202839633e-01
6.070952789543050399e-01
5.969194411505770459e-01
6.325499004624446364e-01
5.972101855232599954e-01
6.320016835304053116e-01
5.976716747099266591e-01
6.071112471843524983e-01
5.970946534286494245e-01
6.306291235823038299e-01
5.968576996512079402e-01
6.170962407754051471e-01
5.981379922315129827e-01
6.364548858629970329e-01
6.222871914871179744e-01
6.572801530108125512e-01
6.036216654992689890e-01
6.364127848229520490e-01
5.989606627325385624e-01
6.675071399238247105e-01
5.968766494181733107e-01
6.309917238504584303e-01
5.990883337354756533e-01
6.698421920892276837e-01
5.962733227564491756e-01
6.325808727644912643e-01
5.946756134472386268e-01
6.142029120426930611e-01
5.948936746184101398e-01
6.439835985437657451e-01
5.946710238189891751e-01
6.376432178356358227e-01
5.946827763257515054e-01
6.002773747575637087e-01
5.977144778305863992e-01
5.945887869125271452e-01
5.916516083190270781e-01
5.978371742926543719e-01
5.905694390673537075e-01
6.199437533429957847e-01
5.905023777431146481e-01
6.422342520351176365e-01
5.903521445587639471e-01
6.222530366321923356e-01
5.903462467065467845e-01
6.070002679987075433e-01
5.903462467065467845e-01
6.702565583209247890e-01
5.903462467065467845e-01
6.597317618094352687e-01
5.903462467065468955e-01
6.603074573035075945e-01
5.903462467065464514e-01
6.570062273257164520e-01
5.983769247479274744e-01
6.242740328944698103e-01
5.903462467065471175e-01
5.995844242611303443e-01
5.903462467065477837e-01
5.956603905968756996e-01
5.889509985175302997e-01
5.932255774567168904e-01
5.879107846505209345e-01
6.078145425265949475e-01
5.892943598902272706e-01
6.639832724919114693e-01
5.964819741398915687e-01
6.322952140846153091e-01
5.911486705390033292e-01
6.223642930411930063e-01
5.879107846505209345e-01
6.622178802374245610e-01
5.879107846505209345e-01
6.636115351606530766e-01
5.879107846505204904e-01
6.581495586065512216e-01
5.952936168996435518e-01
6.465176847686959771e-01
5.917741213597027539e-01
6.901982479020632999e-01
6.059384468349096053e-01
6.178261780944753756e-01
5.935135190668190397e-01
6.118311466726001902e-01
5.935600221399660592e-01
5.922747301248743046e-01
5.854796666559484164e-01
6.197560000837517569e-01
5.846018488408503133e-01
6.318305510421355908e-01
5.872241617262656810e-01
5.892474106547284096e-01
5.893950751340732985e-01
6.295119870734915413e-01
5.841549176166285218e-01
6.615058269087658038e-01
5.839762318282253339e-01
6.271230260239455401e-01
5.842131340676676166e-01
5.870147617284737773e-01
5.844238102107034427e-01
5.953723487071036491e-01
5.901364993032367501e-01
6.060802794073228972e-01
5.843629962492249419e-01
5.849774277710183545e-01
5.915611486076359782e-01
5.848984668683715471e-01
5.838680934666078404e-01
5.881950253658319028e-01
5.838599932246129054e-01
5.873229151201808662e-01
5.838214137076501720e-01
6.145390761324386331e-01
5.883875217933182133e-01
6.375180253508722084e-01
5.904504972924511375e-01
6.063691811818964217e-01
5.843795485230076636e-01
6.005971315683272804e-01
5.835168270654834677e-01
6.577425068790169194e-01
5.903605065723309675e-01
6.324899563995867169e-01
5.930043908016368048e-01
6.460190100880280895e-01
5.754009056062944216e-01
6.979503537188831430e-01
5.741594712306765658e-01
6.165891305360365893e-01
5.826028444435148446e-01
6.296853899393102250e-01
5.882149093596341638e-01
5.827637464673147694e-01
5.740539115491234412e-01
6.465667390302447526e-01
5.740185475990353670e-01
6.287568305278238290e-01
5.781475010995197339e-01
6.008443296671457379e-01
5.747764310738153748e-01
5.817935484157666925e-01
5.739471530472231020e-01
6.520591698541989834e-01
5.739768850180368975e-01
6.462798323306658821e-01
5.739136832458310300e-01
6.017120306341018354e-01
5.737211182248115326e-01
6.110211400458522846e-01
5.743792641274897415e-01
6.649363061936838237e-01
5.716885812070783279e-01
6.057305597133273434e-01
5.700720011701799761e-01
5.876009617867451462e-01
5.727787301533849851e-01
5.834793985566578689e-01
5.706522949383024956e-01
5.709284547913265895e-01
5.736302662965552246e-01
6.181938967034558141e-01
5.725280401951535758e-01
6.149482737360082441e-01
5.704722542330854518e-01
6.489265426525675506e-01
5.743003749944977088e-01
6.165484290785719912e-01
5.753510782998654260e-01
6.088070827147207265e-01
5.843600617159642185e-01
5.911423038905206928e-01
5.738530971190989316e-01
5.960875201397574097e-01
5.777455351487134072e-01
5.770160704680172836e-01
5.749974314880093029e-01
5.978950779808861471e-01
5.738753415361023125e-01
5.912711906983973975e-01
5.767823394824245220e-01
5.819096191114347949e-01
5.685187025683779982e-01
6.308458857477905468e-01
5.693423424819781253e-01
5.920272454326310774e-01
5.673712223472534566e-01
5.762229011464142792e-01
5.709152138157603806e-01
5.753502460358956849e-01
5.659667124137687244e-01
5.734435346762604135e-01
5.646332417303582263e-01
5.838104835997581787e-01
5.626060875529863559e-01
6.059145672269714566e-01
5.640382441162002936e-01
5.796819591500159685e-01
5.659814131053119146e-01
5.679599655983101902e-01
5.631302252152261545e-01
5.756415561767955769e-01
5.910677867109469519e-01
6.380652733532091725e-01
6.610917223409463750e-01
5.719682438847338846e-01
5.626843900963424128e-01
5.748997001417330832e-01
5.612057555115939067e-01
5.646839650009872758e-01
5.627341653955409972e-01
5.769045720198029414e-01
5.611503020002034381e-01
5.670624648834585724e-01
5.614782989367179677e-01
5.632597981238497420e-01
5.620286215138702302e-01
5.648100709081718129e-01
5.703180304975417059e-01
5.732302403450837414e-01
5.644869359106143847e-01
5.717044703008040685e-01
5.608618928357133049e-01
5.723315948420067967e-01
5.573300932606161107e-01
5.701659868581551160e-01
5.557371485617951246e-01
5.544918479093636776e-01
5.554975984829608748e-01
6.004721954598051248e-01
5.545608401832951007e-01
5.646465535183174955e-01
5.566362941513511853e-01
5.749837157930030029e-01
5.568290385475233029e-01
5.604847865168064436e-01
5.551272428498141842e-01
5.594662002836018333e-01
5.578249542239127612e-01
5.652874374678914515e-01
5.547889543970785375e-01
5.496765997545984828e-01
5.526735911492348663e-01
5.556846445607536156e-01
5.520232958962251191e-01
5.579032101162829660e-01
5.499027216233810522e-01
5.539448452490371988e-01
5.497945080566607468e-01
5.488389372367257213e-01
5.505608287834490300e-01
5.531016378797767308e-01
5.497534857970789446e-01
5.537153841903643681e-01
5.504466822130629211e-01
5.554256269084983932e-01
5.544948795022331955e-01
5.582611736155383975e-01
5.508635781327910763e-01
5.491142411957484759e-01
5.498559276195157386e-01
5.497783229490432744e-01
5.480026671920305015e-01
5.542205665368461487e-01
5.491681611495726756e-01
5.600753926466722765e-01
5.478654399367436367e-01
5.353798559808590207e-01
5.391992040381489160e-01
5.394179119339038708e-01
5.452602028246618104e-01
5.570474986275683049e-01
5.353381263077304775e-01
5.421479194507545785e-01
5.354327049933138571e-01
5.372148983324089855e-01
5.361989041150477808e-01
5.351657797849358467e-01
5.361174504244162753e-01
5.420652697575596424e-01
5.333009058542651504e-01
5.337451078859659637e-01
5.325653935201168920e-01
5.298118157144011686e-01
5.303779419995767741e-01
5.528368600212463235e-01
5.339362893179033787e-01
5.493036841441151230e-01
5.311103417617507594e-01
5.296339328727078799e-01
5.336683644948454486e-01
5.322958285153263081e-01
5.295192318773077611e-01
5.397256633551307248e-01
5.375672196298394434e-01
5.397839573578581129e-01
5.275795468747529471e-01
5.322137691507009549e-01
5.265916050721253239e-01
5.528275552164390039e-01
5.249468488697988100e-01
5.420829283708508139e-01
5.255113228081568222e-01
5.333152413075085141e-01
5.250932961974550395e-01
5.458235297286887500e-01
5.264829954913915477e-01
5.324231466680194869e-01
5.273023694248910598e-01
5.315605346363803108e-01
5.364082683704355370e-01
5.298922845971146822e-01
5.341652289723709535e-01
5.269483201922521287e-01
5.280818357980097133e-01
5.249480425185265586e-01
5.287431664305388690e-01
5.239833340786150817e-01
5.238919003247803907e-01
5.239419096720674407e-01
5.279055846923386142e-01
5.420212864232271111e-01
5.234231978060043255e-01
5.268954917081081213e-01
5.235073976168932441e-01
5.315593986966712370e-01
5.223412726288598762e-01
5.325102194854934856e-01
5.221394555802574278e-01
5.245919957665462485e-01
5.274267813004934746e-01
5.245398601228891122e-01
5.215488602957117914e-01
5.209664201750194845e-01
5.199759015651016503e-01
5.240274684876430333e-01
5.217933778013658097e-01
5.226828871131947718e-01
5.215947033145675871e-01
5.231662653939682661e-01
5.226378422197938134e-01
5.266543800077012616e-01
5.213740739179069106e-01
5.193350706095368752e-01
5.201102141573950011e-01
5.421549822809405006e-01
5.256932998552275027e-01
5.177410544715902452e-01
5.170253309457693014e-01
5.210125321511454022e-01
5.169579489608411293e-01
5.366863639892998084e-01
5.161612226688349070e-01
5.242943985537277252e-01
5.202096828332154477e-01
5.186988384760030657e-01
5.187988478986278462e-01
5.182477082185834583e-01
5.160886873623381499e-01
5.157830022350845534e-01
5.211275551868677081e-01
5.285638534705946467e-01
5.176810585854511038e-01
5.311105992594674641e-01
5.182261778726049428e-01
5.246357252348136102e-01
5.185952028805017600e-01
5.192827281085063973e-01
5.213972119908616421e-01
5.258049313032631122e-01
5.195282997652730383e-01
5.152574624542443082e-01
5.271833581809668434e-01
5.355880778729391611e-01
5.119533337430950404e-01
5.305424875663329320e-01
5.198494773778919997e-01
5.169279101863383241e-01
5.106173074174433779e-01
5.167113816147682614e-01
5.101003591964254902e-01
5.133414865057828180e-01
5.100978676890903785e-01
5.183080146534985166e-01
5.137181249520195170e-01
5.323922348393714810e-01
5.120898492979628625e-01
5.337788596224271043e-01
5.151680826457619711e-01
5.168116648256684265e-01
5.100932053373055108e-01
5.171260661879598652e-01
5.134042104321893119e-01
5.162132724815243767e-01
5.125672495860886801e-01
5.252874344492391989e-01
5.141617236667203050e-01
5.139435125918685454e-01
5.103224704840917392e-01
5.120178215190730464e-01
5.115231119531722381e-01
5.173092801256039541e-01
5.100381467167601768e-01
5.102429236728598383e-01
5.094814020333557902e-01
5.110430224833614199e-01
5.086813971684011060e-01
5.184143297605621203e-01
5.092349744834329117e-01
5.117649500430718756e-01
5.062452294772985528e-01
5.067781182774367954e-01
5.084738380785519540e-01
5.118280599923973329e-01
5.077721792807797785e-01
5.210513385248379814e-01
5.053903936875573377e-01
5.083146383073260388e-01
5.072676049776786433e-01
5.153113181003284859e-01
5.056965424089513439e-01
5.114199370287751956e-01
5.069367161676145983e-01
5.091735153541431247e-01
5.071636119514025820e-01
5.247028782849050277e-01
5.152385691839205251e-01
5.122281660635811251e-01
5.050428688043970826e-01
5.105994691259679863e-01
5.054128574783893768e-01
5.115487121772995804e-01
5.056367218877200198e-01
5.161083796508154631e-01
5.048924669471618332e-01
5.064912170984657847e-01
5.046681580650324017e-01
5.112590628362909673e-01
5.045236882302813752e-01
5.147215937959290777e-01
5.042411842327577665e-01
5.088623295389764767e-01
5.048727321965713610e-01
5.165717431207502708e-01
5.029618176212738989e-01
5.073563894880021019e-01
5.048853748691861654e-01
5.110308203250467640e-01
5.055129883145376146e-01
5.076037120237079092e-01
5.083748773559736422e-01
5.111355016112992811e-01
5.031014791379521123e-01
5.094559755181935490e-01
5.054786290793614745e-01
5.276819708929941788e-01
5.053362503090180757e-01
5.070886681871326074e-01
5.057166980084523145e-01
5.120142608164004461e-01
5.042060782066054569e-01
5.056191208001556969e-01
5.027696188822264878e-01
5.113873628962665174e-01
5.065463172798648772e-01
5.152371393710973857e-01
5.043954170718143448e-01
5.018849936645806142e-01
5.039654635181938236e-01
5.043479402830254310e-01
5.044222636183584019e-01
5.028653140081582595e-01
5.039106780760391757e-01
5.022304388458816993e-01
5.031754362897433719e-01
5.016397987609408915e-01
5.041900056865753488e-01
5.025057264961529935e-01
5.019145388632085814e-01
5.028755365548738254e-01
5.026335045380798672e-01
5.013915468665085529e-01
5.036329413292367496e-01
5.031128121793287944e-01
5.023385818068726305e-01
5.013770178341117045e-01
5.017721099438295917e-01
5.038096467934862766e-01
5.018372034302220897e-01
5.009917409736864835e-01
5.048428801064910321e-01
5.009081484606129342e-01
5.025681100290165793e-01
5.008979770144716959e-01
5.003968680735542129e-01
5.001197725451411724e-01
5.001427774728086639e-01
5.010465205876271089e-01
4.974076832186351549e-01
4.983420406179039919e-01
4.990782895689576115e-01
4.972217605105204719e-01
4.986202712690640526e-01
4.969706841510480588e-01
4.973204308705946874e-01
4.957311638352073224e-01
4.935787148269609736e-01
4.957253981660040831e-01
4.986569167300907712e-01
4.942148881623922851e-01
4.939740025922474409e-01
4.942977406760150627e-01
4.952633120811830714e-01
4.937987020080222278e-01
4.945331271279422292e-01
4.936216209200248728e-01
4.980987148444634416e-01
4.936186392842167869e-01
4.969956699794984001e-01
4.936333562324216051e-01
4.931039138944437461e-01
4.927396807417024904e-01
4.951807804357993281e-01
4.921637222383978827e-01
4.923201584038043865e-01
4.914853265414094174e-01
4.921303413118292558e-01
4.921496754997779499e-01
4.925059377455078824e-01
4.912741001145318198e-01
4.921415173778627139e-01
4.927999389965907473e-01
4.914471332264548908e-01
4.914687572487597134e-01
4.928872098328249685e-01
4.904706168063915350e-01
4.924742645197280888e-01
4.893586199212359156e-01
4.926953213882944715e-01
4.896694080338505062e-01
4.934699738825835680e-01
4.903353425592844594e-01
4.894005739832578139e-01
4.888442302073270906e-01
4.930103990249985468e-01
4.902762524394280730e-01
4.915952611662312011e-01
4.883238630781641110e-01
4.890487396050045010e-01
4.904528815607889225e-01
4.906270163426767472e-01
4.903724456477124294e-01
4.881076335995079285e-01
4.886293064133536701e-01
4.899624942961888774e-01
4.882071246809799869e-01
4.883897055500063811e-01
4.890379420764333629e-01
4.892300082023298136e-01
4.868280272860630031e-01
4.885496543723749641e-01
4.864866049295967776e-01
4.853940839961738418e-01
4.864590217475988077e-01
4.874912276438705949e-01
4.855505949790432929e-01
4.867005562588319068e-01
4.849747360605825008e-01
4.874279169134054790e-01
4.848290012494046453e-01
4.859800253907367584e-01
4.859210539567980214e-01
4.886220283638592066e-01
4.895138440128338209e-01
4.911373185146601372e-01
4.868511109892125210e-01
4.881302124102071538e-01
4.849157194801514414e-01
4.853907536802676281e-01
4.849446082836167404e-01
4.845709887600295751e-01
4.851381778344813767e-01
4.845943986352108102e-01
4.882543513033660854e-01
4.852060891553999222e-01
4.835145578022446711e-01
4.832410538915088427e-01
4.839068411190728392e-01
4.831086652663793002e-01
4.837655540619791306e-01
4.846595043064867991e-01
4.848734654117204945e-01
4.845180267207297442e-01
4.827894968303409473e-01
4.826968944083356861e-01
4.832219661716128378e-01
4.827137408343174507e-01
4.826166771555949753e-01
4.836670664309914436e-01
4.826999763028879675e-01
4.830105667908136668e-01
4.857583372466735550e-01
4.811314762205463058e-01
4.824437012599253616e-01
4.841199615241904008e-01
4.820245196075552685e-01
4.856600561677950623e-01
4.810358187077014014e-01
4.817603309589985061e-01
4.810610654677338061e-01
4.813611646358558760e-01
4.810351544218001152e-01
4.803704651809768689e-01
4.814585333903638742e-01
4.811755179077928379e-01
4.803495840414493956e-01
4.806151256817561834e-01
4.800445736977986821e-01
4.817728420851402626e-01
4.810736697650472848e-01
4.804126183668267491e-01
4.807760393388840758e-01
4.813463498449607192e-01
4.809559335648296297e-01
4.793328442584395277e-01
4.808847301301771848e-01
4.820313766697360558e-01
4.796094306501197946e-01
4.820817404123126648e-01
4.806205439172532290e-01
4.819419592809338626e-01
4.787863433674480751e-01
4.782403332032456045e-01
4.782937380641009151e-01
4.775851504119051349e-01
4.782571810652746502e-01
4.795576756707468080e-01
4.772493920369740295e-01
4.783637802633864955e-01
4.775249167313890264e-01
4.831616075148534861e-01
4.788779613012136283e-01
4.788976813377004982e-01
4.775181587346713497e-01
4.802354681468343767e-01
4.768844398813251728e-01
4.785394850735261163e-01
4.759738942326909306e-01
4.780229827252043817e-01
4.769378908531742844e-01
4.804148514465566011e-01
4.760501651042073901e-01
4.759026461040448130e-01
4.759701048264267098e-01
4.781433121171912437e-01
4.757053155659741184e-01
4.748792523502539109e-01
4.751220706762960821e-01
4.881738183160249656e-01
4.756215669115951283e-01
4.772339463618323618e-01
4.756782282849948973e-01
4.757406961057671357e-01
4.749725470514595260e-01
4.785243133151191319e-01
4.752793122138915249e-01
4.731001194805640186e-01
4.739709832116864585e-01
4.738080248634413683e-01
4.731446308759817976e-01
4.743177407680925217e-01
4.723465829585873355e-01
4.752610881896967565e-01
4.751389019422482818e-01
4.730285867857874638e-01
4.728368761827977385e-01
4.759193057016622430e-01
4.728891429546123182e-01
4.734655595970330699e-01
4.731555553020513338e-01
4.747328700369018439e-01
4.725088848052097501e-01
4.746802868482824511e-01
4.730795509876368765e-01
4.756948514941540251e-01
4.731903149199370717e-01
4.757500845391567368e-01
4.726228225307969599e-01
4.735132625835137277e-01
4.725744006056237789e-01
4.762975599807785509e-01
4.727641349755395406e-01
4.754281919553517421e-01
4.726333954966602802e-01
4.754810273336915749e-01
4.718357942281962703e-01
4.744245725382245649e-01
4.730423004257085506e-01
4.735900879644758810e-01
4.720105271541631398e-01
4.745191107593713098e-01
4.715476019035719224e-01
4.732812952032007248e-01
4.708804706586318667e-01
4.713039007790413848e-01
4.729918248435105999e-01
4.746204559826149305e-01
4.712038044871867948e-01
4.722426709256261068e-01
4.714087059230014365e-01
4.732529987398853000e-01
4.720502668461200590e-01
4.704701764278925724e-01
4.701450582410505730e-01
4.724968931768629976e-01
4.708683206588160641e-01
4.709013238778133603e-01
4.718834292147290888e-01
4.694844860703110134e-01
4.702291145598077038e-01
4.688523465004275637e-01
4.691431809966364885e-01
4.727821832276009606e-01
4.689092371846115270e-01
4.703396242534466642e-01
4.690139649318438853e-01
4.694844520900772200e-01
4.693232898305297884e-01
4.716634219014715912e-01
4.710010831066207548e-01
4.697754147391225432e-01
4.691033988102413788e-01
4.775278811173803151e-01
4.691057370335631749e-01
4.695425300490427833e-01
4.683348209209578505e-01
4.702626054004623302e-01
4.699189181081905309e-01
4.723985285893800290e-01
4.698739971557235329e-01
4.686142672090877204e-01
4.687496983617616131e-01
4.698137138466986773e-01
4.689841754354578951e-01
4.699440693845950978e-01
4.694578924011222898e-01
4.724378943070805525e-01
4.684410105253418721e-01
4.703018112129025985e-01
4.695076365124956630e-01
4.675195628158214656e-01
4.681872796975708462e-01
4.691629778932774331e-01
4.681601743087313583e-01
4.665832751682456037e-01
4.662139058495231581e-01
4.656646575367367480e-01
4.659162609215398709e-01
4.672674980655727728e-01
4.679046515988691812e-01
4.677055043393329448e-01
4.670719443969445495e-01
4.648971850473334610e-01
4.650617282675750808e-01
4.699292337646381879e-01
4.650974616391691518e-01
4.666224243831028629e-01
4.653903321347674926e-01
4.657313686445205825e-01
4.655973134496904642e-01
4.658289227859265247e-01
4.649478435020342748e-01
4.646641680237713068e-01
4.650468294964024141e-01
4.662837594333575919e-01
4.650335445194023198e-01
4.651968069662957284e-01
4.649110491872247009e-01
4.647578232407527099e-01
4.657183838508484053e-01
4.670809987996719093e-01
4.649099885517972153e-01
4.659019870295439403e-01
4.648688600662652659e-01
4.690158023950993793e-01
4.647537566959629163e-01
4.672753095279660873e-01
4.645688186238006723e-01
4.699659639015396073e-01
4.657499452256219086e-01
4.648627086698992605e-01
4.642795028647502820e-01
4.694531068379986238e-01
4.638494034677080879e-01
4.670086869387994888e-01
4.669733461157354326e-01
4.640055123249106628e-01
4.634905891718923421e-01
4.645661892079668287e-01
4.632554381634977902e-01
4.639589797414065964e-01
4.631181050476546046e-01
4.642021521264661499e-01
4.632836105497486479e-01
4.637367710464601056e-01
4.636094020243610725e-01
4.653649697756311876e-01
4.629379923280459996e-01
4.647627683272742560e-01
4.631315807708135113e-01
4.636980551123806027e-01
4.633474323277312901e-01
4.690225823644476599e-01
4.633166741096682584e-01
4.650117518857118104e-01
4.627334763899833558e-01
4.640275669201107123e-01
4.626167613428979752e-01
4.647374002553406047e-01
4.624899374891974224e-01
4.642174705988364458e-01
4.627557809171410907e-01
4.643629140982811210e-01
4.628193295625586678e-01
4.634816368656990426e-01
4.621456843617014476e-01
4.655854770408728860e-01
4.630330459680040422e-01
4.649739363897418265e-01
4.628607024853093610e-01
4.677505258866409554e-01
4.633963051367641084e-01
4.641021380530391816e-01
4.623450064594538667e-01
4.628139750994755275e-01
4.634338877209396856e-01
4.640474035749313497e-01
4.623012394814013937e-01
4.639369443330327858e-01
4.641497788280344872e-01
4.646858966673561575e-01
4.620604059683235398e-01
4.630820608103610181e-01
4.630988586148611086e-01
4.632858925123452543e-01
4.621231184609804199e-01
4.664772227051065534e-01
4.631316380407513589e-01
4.645391831320463960e-01
4.623460459819709878e-01
4.629414989410564063e-01
4.625786807045164095e-01
4.631986854260795594e-01
4.625860151484668670e-01
4.618797496156721860e-01
4.624588787018285019e-01
4.628904327818615383e-01
4.616614686951522883e-01
4.634425307797701010e-01
4.618650230484496744e-01
4.624216468212675180e-01
4.625109976881491280e-01
4.640916647367676062e-01
4.637997777403120581e-01
4.626108012466395025e-01
4.621822208040683999e-01
4.640021007875008707e-01
4.617585794090989793e-01
4.656295322905605882e-01
4.616255322681654394e-01
4.636764861620798484e-01
4.613773718396461665e-01
4.617992433027860999e-01
4.617383021836730661e-01
4.624454607065811018e-01
4.615940770499739609e-01
4.647076788129796965e-01
4.625622033997931482e-01
4.636292837413518164e-01
4.622340543428967163e-01
4.643330595004918626e-01
4.612396596782102898e-01
4.638467865026430492e-01
4.618904268107522637e-01
4.630897921071646106e-01
4.619145507872876033e-01
4.627830348034933650e-01
4.623085808239605909e-01
4.638745107147397850e-01
4.618764021640182627e-01
4.613589886707642473e-01
4.611638406096525422e-01
4.612023892754907872e-01
4.624027212211012094e-01
4.610096865426623891e-01
4.610994627620805808e-01
4.611439734423421477e-01
4.606528292553389581e-01
4.608018582925751394e-01
4.613165001985948255e-01
4.605973857044404207e-01
4.614404021191073069e-01
4.605799286137065018e-01
4.608031768536492989e-01
4.608099742974814395e-01
4.606451094012859460e-01
4.607612125229710864e-01
4.609202268377806666e-01
4.603711352174782445e-01
4.598412761703766227e-01
4.600292796359162217e-01
4.606491058078632239e-01
4.601414389262751814e-01
4.604778221436973684e-01
4.597645524850788035e-01
4.602032909194337940e-01
4.598937551858923167e-01
4.598571911265366130e-01
4.597927313778263358e-01
4.598602769803667445e-01
4.598512547443083798e-01
4.611389112505696608e-01
4.599108111642454810e-01
4.607639600476934327e-01
4.596205611504470823e-01
4.597513858460516856e-01
4.598074877061508192e-01
4.604838402614961912e-01
4.599171259790206245e-01
4.597837938603868690e-01
4.596390462246948694e-01
4.595120896216894346e-01
4.595759135950669427e-01
4.600627989480332580e-01
4.597574241015407459e-01
4.601563573238379168e-01
4.596470719122323634e-01
4.591316125471350817e-01
4.598973585477627024e-01
4.589004650811529529e-01
4.589139092422636623e-01
4.589223894462714504e-01
4.589338375981150131e-01
4.600768781643554961e-01
4.594483165932455870e-01
4.579274781281388318e-01
4.584948179570044191e-01
4.594910554697361205e-01
4.581852430194317538e-01
4.581819638957532193e-01
4.584186672027927290e-01
4.583964336160818998e-01
4.578817945686506352e-01
4.589672772603064499e-01
4.579569029259046853e-01
4.588570062661964100e-01
4.579660028776001424e-01
4.584058460666907142e-01
4.582583369022676378e-01
4.577617458319991339e-01
4.576090146194851660e-01
4.584457204121186180e-01
4.572511024626456089e-01
4.575753047842380794e-01
4.573536973793786986e-01
4.573284374991831713e-01
4.572063360543592303e-01
4.576852700954992526e-01
4.571380878067682896e-01
4.573543986364819181e-01
4.571590714662208121e-01
4.574027849168994520e-01
4.573159169774760890e-01
4.569935227781107279e-01
4.572114434187523613e-01
4.570917779835235173e-01
4.572220208178718326e-01
4.571983578867258036e-01
4.573915080845574188e-01
4.573478925970418940e-01
4.575328080637462991e-01
4.573988165465691647e-01
4.572632450938018955e-01
4.577296204575999616e-01
4.568755959572756153e-01
4.578543434745730445e-01
4.569857740592084827e-01
4.563048194962943116e-01
4.562120622353538768e-01
4.567240035627755934e-01
4.562158838257068805e-01
4.563282878728478487e-01
4.565178425699509268e-01
4.559970741634322144e-01
4.561182845774932049e-01
4.566228296297794031e-01
4.560922491118146183e-01
4.562223238824686944e-01
4.558692498491170864e-01
4.562340007208786630e-01
4.558975472122175354e-01
4.559685296405537325e-01
4.560451559482883721e-01
4.559648393396804056e-01
4.558440993914993355e-01
4.563403753668956453e-01
4.559378367607839766e-01
4.565735807890556885e-01
4.559658262444910015e-01
4.562485947611929493e-01
4.559808033788116943e-01
4.560231390846255506e-01
4.559491945792825685e-01
4.562424794954622054e-01
4.562830366516281155e-01
4.567826078168190640e-01
4.558588274512446747e-01
4.558927358855166534e-01
4.559676770446569605e-01
4.563860021669716160e-01
4.560649761250569201e-01
4.564907502241316029e-01
4.558421700478610950e-01
4.569532896105383268e-01
4.562335454542466584e-01
4.557786583540955894e-01
4.560615789768537320e-01
4.557396508232032240e-01
4.559448539392225719e-01
4.568850145130730067e-01
4.559004179953698999e-01
4.559748616523624509e-01
4.557266994198662102e-01
4.563805510467136561e-01
4.556011873592436534e-01
4.564892301424959276e-01
4.558635269013056046e-01
4.566290549075781580e-01
4.562888981337562266e-01
4.558614739952747685e-01
4.554560859471910583e-01
4.553462454300302720e-01
4.556548834502385792e-01
4.553476444839129056e-01
4.562242908544210662e-01
4.557829280036264641e-01
4.553482351379201098e-01
4.551696522261310940e-01
4.553370964959710943e-01
4.557902730198246100e-01
4.557171239423664089e-01
4.557754848097830269e-01
4.553935766756428416e-01
4.549835565275174298e-01
4.549005844380688557e-01
4.560916132146874413e-01
4.546713915895918001e-01
4.552205021155772413e-01
4.548611266197446490e-01
4.552693645441168724e-01
4.549296141626091861e-01
4.546903409358196702e-01
4.554515606002289552e-01
4.550181004940498930e-01
4.551864123863205713e-01
4.552299132798493519e-01
4.553640598847736309e-01
4.547467500933449758e-01
4.546161223834208620e-01
4.555723196977822242e-01
4.547881256199616251e-01
4.552529893507586967e-01
4.547759654119551409e-01
4.550668868141160006e-01
4.543295461470934771e-01
4.548742520776714593e-01
4.544200238504506051e-01
4.550599959785352477e-01
4.541953640963133365e-01
4.547448435412641543e-01
4.541356080061210720e-01
4.538155714334473068e-01
4.536595085196136745e-01
4.541668902161032917e-01
4.541106422960513034e-01
4.540685305279464901e-01
4.539683178365097604e-01
4.536060195094503422e-01
4.537975913112413662e-01
4.537744525436727128e-01
4.539184782264178430e-01
4.534699696777834133e-01
4.536587651517502429e-01
4.535746916378703975e-01
4.535660072515804164e-01
4.541058600244694543e-01
4.538397397764353247e-01
4.539164903524012806e-01
4.537321747279130513e-01
4.536102644029760267e-01
4.536830283369970296e-01
4.539512995479741408e-01
4.534418673211096928e-01
4.542684536018459784e-01
4.534506831108239822e-01
4.538269719492410981e-01
4.532321888922054565e-01
4.528343417047727137e-01
4.529941480447756685e-01
4.531902085892929866e-01
4.529697123162311767e-01
4.533287737622077596e-01
4.526423059011704386e-01
4.530958385764281560e-01
4.525577748499888808e-01
4.529081637633388668e-01
4.525779669931284110e-01
4.525488362052343949e-01
4.522516942913081262e-01
4.534472482294290563e-01
4.528180600957250612e-01
4.533314345836738646e-01
4.527039349481311037e-01
4.530267365856680550e-01
4.522091135179446275e-01
4.522826274361555488e-01
4.522017390366322998e-01
4.527223240302039597e-01
4.523699387670209182e-01
4.525120639472307027e-01
4.530207236339141019e-01
4.525565022333968845e-01
4.527825000773950115e-01
4.526598281044597605e-01
4.523403357767560307e-01
4.514914917587485865e-01
4.515323509884278108e-01
4.519032013645562507e-01
4.515178211817039711e-01
4.514740754343505302e-01
4.522385938774901581e-01
4.508068150156251397e-01
4.509710160009871571e-01
4.511662404130380999e-01
4.509370612145693902e-01
4.518913089720823506e-01
4.510196096938734467e-01
4.511084712688170351e-01
4.508632355449495033e-01
4.513630367313665182e-01
4.504496505787917160e-01
4.510298466271401852e-01
4.507956762038875520e-01
4.506987981806800936e-01
4.506707290363327623e-01
4.511439267389863450e-01
4.505016786296319187e-01
4.505552853643152167e-01
4.509755542821033414e-01
4.506795806158004347e-01
4.500802051190789799e-01
4.502001320675518836e-01
4.499562769112476768e-01
4.502477710685958145e-01
4.503805579960347694e-01
4.501450660630024747e-01
4.500480199760794608e-01
4.503122288828490527e-01
4.499944988666794710e-01
4.502117633364176585e-01
4.504298173524998172e-01
4.503058809566727883e-01
4.505289145132388984e-01
4.501144772455302201e-01
4.498931204103452375e-01
4.500382560002920695e-01
4.500169358775835127e-01
4.494765367687171276e-01
4.495604810498728399e-01
4.498169337549277058e-01
4.497069826947812099e-01
4.500365611087760453e-01
4.495951047339018514e-01
4.504447734911957713e-01
4.493124632475150038e-01
4.499880493164307160e-01
4.494731194157117748e-01
4.495467540432630527e-01
4.496318571199675596e-01
4.493989873461070039e-01
4.492948303142896282e-01
4.497137813059028377e-01
4.494091508808392144e-01
4.497320242445679850e-01
4.496526085096456682e-01
4.494512105212882802e-01
4.492135046883820593e-01
4.495212458102207376e-01
4.496136183492738803e-01
4.497017848360203573e-01
4.493951401225912967e-01
4.492668619469942781e-01
4.489673619961691564e-01
4.497804546285368854e-01
4.491549568562459571e-01
4.498026332138730932e-01
4.489590398600978860e-01
4.500873381801556161e-01
4.492117795359209520e-01
4.496248838211136523e-01
4.492981247381806487e-01
4.493740796825750339e-01
4.491841565346106346e-01
4.506985186757849204e-01
4.489417274876694175e-01
4.493154029295010066e-01
4.489256658047526827e-01
4.491352327127179911e-01
4.488371574932290553e-01
4.499156808309695554e-01
4.490237522085529509e-01
4.494272956334203206e-01
4.488371841107907101e-01
4.492368801230671171e-01
4.488713359911452039e-01
4.486607616895755823e-01
4.487021101932127665e-01
4.490350132155965235e-01
4.486045120213866255e-01
4.486983744275943042e-01
4.484692154289378618e-01
4.493797670006254852e-01
4.485403338878072299e-01
4.487442239447761438e-01
4.487897804597627549e-01
4.487447872371253532e-01
4.486587296981633388e-01
4.485781200031227489e-01
4.481621799563721420e-01
4.487205451206102147e-01
4.482102670465422101e-01
4.487610237651810108e-01
4.481897521915508831e-01
4.482579899016936320e-01
4.479273340427706307e-01
4.497508589596560524e-01
4.480905890938043923e-01
4.482522865806783385e-01
4.479525633562477793e-01
4.482229839070517863e-01
4.480336685068544988e-01
4.482334106177349731e-01
4.482509974918662543e-01
4.502337202765745450e-01
4.477432238977487322e-01
4.477926774950772848e-01
4.479973480673728470e-01
4.495500114128698210e-01
4.479498737283889587e-01
4.473162685507816594e-01
4.477340128572540601e-01
4.479355590100634332e-01
4.476864299446343676e-01
4.477902091097870074e-01
4.474882311775383870e-01
4.476248870231177568e-01
4.474420723018598944e-01
4.474370335753115047e-01
4.475296229821363880e-01
4.467744554618084396e-01
4.469863385711665416e-01
4.474833658467343156e-01
4.466760663253029895e-01
4.469886156277479983e-01
4.471140822258597991e-01
4.479248226081573581e-01
4.467244899128687829e-01
4.476109604689835209e-01
4.467252157436166216e-01
4.469035120823877660e-01
4.463340919862927580e-01
4.459670365384603707e-01
4.461041775585830038e-01
4.462844191299721319e-01
4.459015055501292513e-01
4.464920708913605041e-01
4.460048707604450935e-01
4.464099396994470892e-01
4.455302497612116941e-01
4.463756436124720062e-01
4.456690400554279563e-01
4.466650754440234516e-01
4.456368752763046892e-01
4.457321145144654828e-01
4.455584336354017627e-01
4.461104397100805197e-01
4.455878168538320305e-01
4.459967847699928267e-01
4.456244134487410968e-01
4.464203851638773868e-01
4.458389120916811943e-01
4.456525024321343897e-01
4.455469039489207694e-01
4.458593213266303645e-01
4.457564253099605689e-01
4.452796500271084534e-01
4.454765573558440717e-01
4.450967641598280733e-01
4.451931333293382420e-01
4.456829362195464661e-01
4.449578036930111336e-01
4.456076904548544881e-01
4.449689065810417121e-01
4.449458059274230548e-01
4.450358003929013040e-01
4.460290657560908589e-01
4.450036790890004590e-01
4.451030779530207870e-01
4.449731571125073448e-01
4.453031422765185710e-01
4.450907050674209886e-01
4.453625992475184203e-01
4.449821889098489747e-01
4.450499406331098196e-01
4.449001274345575352e-01
4.468848446992113588e-01
4.449256663063700934e-01
4.456288306004999034e-01
4.451306421908226008e-01
4.453193932058285287e-01
4.450327908643836317e-01
4.452519597068682056e-01
4.449061637301948702e-01
4.453776296409419633e-01
4.453532137912230571e-01
4.456718561535659706e-01
4.453025655732452681e-01
4.446688035258574700e-01
4.455610453351666611e-01
4.448307665007344980e-01
4.448114829460869668e-01
4.451526747005546958e-01
4.450744960722970989e-01
4.447050881611533391e-01
4.448421030420102729e-01
4.452572886957931741e-01
4.445884554555800117e-01
4.452895045820839393e-01
4.445251669213344248e-01
4.452959977162875282e-01
4.450741783184192779e-01
4.449906727355561475e-01
4.444390014563407432e-01
4.445178932264683413e-01
4.442506180388919312e-01
4.445574660623909380e-01
4.444953726874074085e-01
4.445780133567859838e-01
4.445385430051455034e-01
4.454038485788600621e-01
4.440886481130615904e-01
4.437929078814940032e-01
4.439510834232615610e-01
4.449931413143600190e-01
4.438311413153523954e-01
4.439125557998240823e-01
4.438333446727843468e-01
4.441209350558188440e-01
4.438196992000203456e-01
4.437593074704047069e-01
4.437755907772443775e-01
4.440101834764643707e-01
4.440485781153621359e-01
4.442225729917633759e-01
4.436693002946727193e-01
4.439779210544651522e-01
4.438066564469326236e-01
4.435426800893259580e-01
4.437798435156575239e-01
4.438429752715497001e-01
4.436964269652261539e-01
4.437092107488457282e-01
4.438375655938267550e-01
4.437921885215213580e-01
4.435611217678245843e-01
4.443006669579022128e-01
4.436536524980990714e-01
4.441159516308839095e-01
4.432533242083224190e-01
4.441997446095141133e-01
4.430904182342194075e-01
4.435320894035822969e-01
4.432408178020273981e-01
4.431540782758088826e-01
4.431967060203780839e-01
4.437650855238325365e-01
4.434179360515659862e-01
4.436258618791787955e-01
4.429444191448888013e-01
4.436754482755149165e-01
4.431299276154344047e-01
4.438689728958112868e-01
4.429816537408260979e-01
4.430437701001251338e-01
4.430436177943277709e-01
4.431920564050186306e-01
4.428377044833157750e-01
4.434946433253539322e-01
4.430481254622885001e-01
4.433536877538548082e-01
4.428263943520361345e-01
4.432027060561589127e-01
4.427256210496306466e-01
4.432393593383536223e-01
4.427786962755662081e-01
4.429375604479245943e-01
4.429163496793992461e-01
4.437695875941347623e-01
4.428555085681700199e-01
4.426856037162915647e-01
4.428705601287718507e-01
4.434410300538003669e-01
4.432334275078730901e-01
4.449010205355748981e-01
4.425573675208188673e-01
4.436080409860069795e-01
4.426683856419397212e-01
4.432719604943799463e-01
4.423650934057396511e-01
4.426774017008693884e-01
4.422960335741304982e-01
4.434560514693072220e-01
4.423914763342423062e-01
4.430373959153021679e-01
4.423855994591388008e-01
4.432952160943200992e-01
4.425645088731009480e-01
4.430336364277805417e-01
4.424056172076217819e-01
4.427026129811724720e-01
4.421220837241776058e-01
4.421073295478232246e-01
4.422936220271271868e-01
4.427602156885324103e-01
4.422783851531834620e-01
4.425513152038494935e-01
4.422512659866620344e-01
4.425561645236939512e-01
4.421921791329463947e-01
4.428513453982658166e-01
4.422455305662211789e-01
4.421693318722534904e-01
4.420516545248932561e-01
4.418198556025402235e-01
4.425822707790058597e-01
4.416143003073239037e-01
4.418161697710131786e-01
4.418596815721483329e-01
4.415588203190650707e-01
4.422829391690012990e-01
4.421940489663694906e-01
4.415665155062115654e-01
4.414584526441248102e-01
4.415079155735347483e-01
4.416241124164539400e-01
4.425061496715060883e-01
4.418159508102789124e-01
4.423140801811472067e-01
4.418289241767950348e-01
4.417460375173105080e-01
4.417489241199755723e-01
4.422548702217810046e-01
4.415107659487614855e-01
4.414820299876231480e-01
4.416429429971951426e-01
4.418624534744082233e-01
4.416766384585795180e-01
4.421323664942136134e-01
4.416084872382088355e-01
4.425405031321443805e-01
4.414521876152676105e-01
4.415255926898137839e-01
4.417988973482709913e-01
4.418520377818536127e-01
4.416095901575775029e-01
4.422049798397000853e-01
4.418019795475989775e-01
4.417094382138666009e-01
4.414773323163615482e-01
4.415831382826515550e-01
4.415909173964235324e-01
4.418487635518965617e-01
4.414745292366001883e-01
4.430248719928188694e-01
4.414480536964272561e-01
4.422715971121471967e-01
4.413116055884521161e-01
4.419886760972301376e-01
4.415025035915792762e-01
4.418360243931169218e-01
4.412940676027796161e-01
4.417874749557516578e-01
4.413062110365442159e-01
4.411796145207498854e-01
4.416840157395233724e-01
4.414086735718227295e-01
4.411997849466543498e-01
4.417762978858734146e-01
4.411107108327922965e-01
4.416687793294896136e-01
4.411823586237745842e-01
4.416583404704297333e-01
4.411261373813046283e-01
4.412236695345430615e-01
4.410801984423702304e-01
4.416227831637873358e-01
4.412791635427043557e-01
4.423308222773811305e-01
4.411037090829260654e-01
4.409486297138297539e-01
4.412163301340993882e-01
4.411993894374549030e-01
4.414831852419059954e-01
4.408879259239784631e-01
4.408901187391234822e-01
4.414674458978156690e-01
4.409407655671654380e-01
4.416400060387046800e-01
4.411169105754777497e-01
4.408920851934963747e-01
4.411514052016206056e-01
4.421993541866769961e-01
4.415245057419890373e-01
4.416265480859797310e-01
4.410010574815609874e-01
4.418120872579319736e-01
4.410721015927862032e-01
4.415938406805600680e-01
4.409348845088988389e-01
4.407950143878916482e-01
4.407187837057860991e-01
4.433447423247798280e-01
4.409864050728645735e-01
4.409731371364996044e-01
4.409726278893416618e-01
4.409638613100107518e-01
4.411138660151470714e-01
4.416674638384907592e-01
4.406871746667680445e-01
4.415555471435776980e-01
4.406945109970594188e-01
4.399901319281198653e-01
4.399281881638104075e-01
4.403965936146318483e-01
4.402401274192442315e-01
4.400880283139423921e-01
4.399509786316009308e-01
4.403283806518996091e-01
4.400199927948246215e-01
4.410129803243719171e-01
4.398094613547461340e-01
4.405362617567292194e-01
4.397693310153307777e-01
4.401179889980260662e-01
4.399795797804696984e-01
4.402333864300683741e-01
4.398857948271070462e-01
4.404433861227790015e-01
4.402418315073449717e-01
4.400471851955830571e-01
4.399329170002391209e-01
4.401960179350491442e-01
4.398826939338882358e-01
4.403264344543155739e-01
4.400420728368655832e-01
4.404031336454998780e-01
4.399031442310358808e-01
4.400687790535192101e-01
4.398040559607919731e-01
4.400064745005218270e-01
4.402675370282078671e-01
4.398107458233094236e-01
4.399750252789796368e-01
4.405795709909253732e-01
4.397737697636232013e-01
4.404996433429987923e-01
4.399537695225988476e-01
4.402179583766983040e-01
4.399544012368544754e-01
4.405661477840984719e-01
4.399517980990037547e-01
4.400643972082077249e-01
4.398958778671164249e-01
4.403745188036549685e-01
4.398843976051411420e-01
4.400294913084101256e-01
4.398461686243012037e-01
4.399488241131814248e-01
4.400339584630442169e-01
4.405036050670924630e-01
4.399267916904198716e-01
4.402409759415418233e-01
4.402235866368006123e-01
4.399834822056242767e-01
4.400196042715239786e-01
4.401881060462985995e-01
4.397363419073888058e-01
4.400409554358454267e-01
4.399757682073296428e-01
4.408653096031397989e-01
4.392932221842789642e-01
4.399903650858866255e-01
4.395065754185720208e-01
4.410077600334983972e-01
4.392000037111696287e-01
4.401440249600517829e-01
4.391639857014940640e-01
4.399897417968243740e-01
4.392585950520489502e-01
4.393776058877400525e-01
4.393892839299974873e-01
4.397527883717136654e-01
4.395317431309522793e-01
4.397374556016185876e-01
4.395875530895844707e-01
4.396822211716924222e-01
4.390739310947022744e-01
4.394070424443072831e-01
4.391441488544059468e-01
4.402648187668374846e-01
4.391364569691202924e-01
4.389737173455538488e-01
4.389863507895964689e-01
4.389788713609689141e-01
4.390624795487622078e-01
4.389613943470405677e-01
4.394112415206682942e-01
4.391215833367795862e-01
4.388857999846264568e-01
4.389749555532760361e-01
4.387189969577017234e-01
4.388060997411611930e-01
4.386959688745369901e-01
4.386838596660281864e-01
4.388299606199279612e-01
4.387448770787902852e-01
4.385487867088017078e-01
4.385084854535614141e-01
4.385813354271413944e-01
4.386340741945287114e-01
4.383345161702728587e-01
4.383737026638012679e-01
4.382620886809754923e-01
4.382317491613600957e-01
4.382850797704530010e-01
4.383399932450848246e-01
4.385508520363509133e-01
4.382262305159670968e-01
4.381575530573020849e-01
4.381688345913883897e-01
4.379731310126888655e-01
4.381311600529833039e-01
4.380863627015730843e-01
4.379339553865597146e-01
4.380052175973433437e-01
4.381816942060025588e-01
4.382081448983886629e-01
4.381223672369942146e-01
4.379833162740117136e-01
4.379668070768804045e-01
4.380563486552607744e-01
4.379040836497157807e-01
4.378610727143750769e-01
4.377241694066209554e-01
4.376225564460772266e-01
4.377327257144335015e-01
4.376936075060620102e-01
4.375957346547502680e-01
4.373002529841783503e-01
4.374161652877370243e-01
4.372257443719370640e-01
4.371719322079896108e-01
4.374285160002851502e-01
4.373668335353682046e-01
4.371312305939972220e-01
4.370475076432397965e-01
4.371678612695718558e-01
4.369789339613175394e-01
4.372375537158397218e-01
4.370355654650177057e-01
4.371267550501740651e-01
4.370311629036596202e-01
4.369385499353463653e-01
4.368787196272208018e-01
4.364980363004998809e-01
4.366531114909223965e-01
4.365825994148709310e-01
4.365442351976330793e-01
4.365292675751825113e-01
4.366476610605340425e-01
4.365323548370827478e-01
4.363677220222588193e-01
4.363743010087307028e-01
4.365588346007703846e-01
4.364182393106544877e-01
4.362687910408872272e-01
4.362591818154908929e-01
4.364610840926068103e-01
4.363662943222179069e-01
4.362843873200518696e-01
4.363001035721632559e-01
4.362355737187221250e-01
4.362175123543207689e-01
4.364875943777805634e-01
4.362609443504374962e-01
4.362034259955381299e-01
4.360777812801308051e-01
4.361346801198778822e-01
4.361348178208010462e-01
4.361370925328680870e-01
4.360481595741510508e-01
4.360058243895407748e-01
4.359026186526679947e-01
4.361138896518403363e-01
4.359514620717125921e-01
4.362273435089221163e-01
4.359730088629167888e-01
4.360993130354993697e-01
4.359567284622809513e-01
4.360048277253843474e-01
4.358159041336800987e-01
4.357981372384632790e-01
4.358308370097008777e-01
