1.113271161646439911e+00
1.113271161646439911e+00
1.113271161646439911e+00
1.095134470573367214e+00
1.108030499432408833e+00
1.300283057316022006e+00
1.435410685919111806e+00
1.095134470573367214e+00
1.095134470573367214e+00
1.095134470573367436e+00
1.095134470573367436e+00
1.095134470573367214e+00
1.111095023691705208e+00
1.141582198622336675e+00
1.095134470573367214e+00
1.095134470573367214e+00
1.095134470573367214e+00
1.190478438746457757e+00
1.095134470573367214e+00
1.095134470573367214e+00
9.009949581652717532e-01
9.067306410347267809e-01
9.104582215735655959e-01
1.053617843893317474e+00
8.827734894962308010e-01
8.827734894962308010e-01
8.789677674916034356e-01
8.789677674916034356e-01
8.725500510628353412e-01
8.729202683397255802e-01
8.645205055372431335e-01
8.645205055372429115e-01
8.599213036897365159e-01
8.599213036897365159e-01
8.547429551738907616e-01
8.547429551738907616e-01
8.487825432664151126e-01
8.487825432664153347e-01
8.417191746526300200e-01
8.417191746526300200e-01
8.358403732273648190e-01
8.761452781348731955e-01
8.131175976559047447e-01
8.543719081528884374e-01
8.047651681943351898e-01
8.143051988783366335e-01
8.047651681943351898e-01
8.157739647098664060e-01
8.209925434965354984e-01
8.222073883022906760e-01
8.047651681943351898e-01
8.368404673168851060e-01
8.076059082587334625e-01
8.423402458217755795e-01
8.045223410926896079e-01
8.309044932063397448e-01
8.068113093444795325e-01
8.370730745734702438e-01
8.045223410926893859e-01
8.142123973737485088e-01
8.036339567860473210e-01
8.248082027620904366e-01
8.036339567860473210e-01
8.231423977897387445e-01
8.047173385879472507e-01
8.346861208886815486e-01
8.036339567860473210e-01
8.137397536455182046e-01
8.036339567860470989e-01
8.036433838918144446e-01
8.039759211125991900e-01
8.022831793107456644e-01
8.022831793107456644e-01
8.185801596765410748e-01
8.029682930234487426e-01
8.369913970302155226e-01
8.049301679531456477e-01
8.012326443265278542e-01
8.021140375378893461e-01
8.012433906968045028e-01
8.071986684635538145e-01
8.012448140433789945e-01
8.026406531637904074e-01
8.011678010266264360e-01
8.010068299019577065e-01
8.009582711568908886e-01
8.014698526706277582e-01
8.009582711568908886e-01
8.015679286611866461e-01
8.009582711568905555e-01
8.015786859587267221e-01
8.052286276377959018e-01
8.029318617184147966e-01
7.998100598931744409e-01
8.020727694090100668e-01
7.998297118770837377e-01
7.998255390550040866e-01
8.004580134854574203e-01
7.999256479124716712e-01
8.018672724334993118e-01
8.000327129852295993e-01
8.006167868959334077e-01
7.995987503452162137e-01
7.971080934488525838e-01
7.971287687904051733e-01
7.974829785528715353e-01
7.971500764931046534e-01
7.974816380285345563e-01
7.972226055419684432e-01
7.967392031801863173e-01
7.944103866271405856e-01
7.921468435448055789e-01
7.917903836300593801e-01
7.918083815251990565e-01
7.943523792198657896e-01
7.919276232249300440e-01
7.921598326150008917e-01
7.917903836300594911e-01
7.915992926583487188e-01
7.915869985915596763e-01
7.918648107344723464e-01
7.915927076058247858e-01
7.920280184637960019e-01
7.917903986241364711e-01
7.937041903317411107e-01
7.916492667363248525e-01
7.924150939456462428e-01
7.917293854894095206e-01
7.931990057707803965e-01
7.916205078580558219e-01
7.915634204681890607e-01
7.915206102458464121e-01
7.939280620998129256e-01
7.919378682322001373e-01
7.918415002740867292e-01
7.914518243355737059e-01
7.914451295615472226e-01
7.917553547797117064e-01
7.913773240109504004e-01
7.915519775071784281e-01
7.913727288902150381e-01
7.913926742727306340e-01
7.913727288902152601e-01
7.914956474966137190e-01
7.913801989880252519e-01
7.914542801444630626e-01
7.913738762496868029e-01
7.915161015481189111e-01
7.913520239910409870e-01
7.919576911462684610e-01
7.913841110809994861e-01
7.913423603864082612e-01
7.914221117381051718e-01
7.919265699605634312e-01
7.913144802997675864e-01
7.913910395662748787e-01
7.912726709588477902e-01
7.914998435852396153e-01
7.913214664304442092e-01
7.913961250368336531e-01
7.912567967645325329e-01
7.912783509885108479e-01
7.913186729303853806e-01
7.912705533432099481e-01
7.912981806564027831e-01
7.912572232525564297e-01
7.913541556342302830e-01
7.912564186692402357e-01
7.912709366653164489e-01
7.912480477111766275e-01
7.912200742877502080e-01
7.912130321480214112e-01
7.912311148649699977e-01
7.912588884350610918e-01
7.910890972649741171e-01
7.910504019911651641e-01
7.910317443043253238e-01
7.910326940743075408e-01
7.910820439464123499e-01
7.910471024285906649e-01
7.910313375480880760e-01
7.910372339443111356e-01
7.911514492035627288e-01
7.910088148729037538e-01
7.910633202614311132e-01
7.910120281759734917e-01
7.909628903352324825e-01
7.909702017992301659e-01
7.910296756951398223e-01
7.909732641982781809e-01
7.909562478909917260e-01
7.909866427253039456e-01
7.910114904173859429e-01
7.909569624165102564e-01
7.909994619784703751e-01
7.910046500682645920e-01
7.908947360208016253e-01
7.909764240919863187e-01
7.908779412740644110e-01
7.908593609942146108e-01
7.908593553969134327e-01
7.908713939153396710e-01
7.908569763872994596e-01
7.908789941398959300e-01
7.908584761798804763e-01
7.908885499133394559e-01
7.908621263606760987e-01
7.908965222241284287e-01
7.908890641754049433e-01
7.908079903977884850e-01
7.907975679900574040e-01
7.908000400042224376e-01
7.907797472837465591e-01
7.907904642693244224e-01
7.908870162208078147e-01
7.907832572052606590e-01
7.907645328568788656e-01
7.907602572463565682e-01
7.907936227054792599e-01
7.907863027256192279e-01
7.907599736295577442e-01
7.908481545498945442e-01
7.906837599969009922e-01
7.907018885566950983e-01
7.906944030767910636e-01
7.908344517707558419e-01
7.906757168474145558e-01
7.906713049599636278e-01
7.906902271372486801e-01
7.906603077365371712e-01
7.906976132373694233e-01
7.906652819055418613e-01
7.906555187692861919e-01
7.907603323344303270e-01
7.906458849721778037e-01
7.906351206421333710e-01
7.906374960797978302e-01
7.906832712289545428e-01
7.906327421367228547e-01
7.906465262905577607e-01
7.906238132551086650e-01
7.906627030232461495e-01
7.906070501548380092e-01
7.906443140535608372e-01
7.905968239445839707e-01
7.905745768942696872e-01
7.905924607780144830e-01
7.905546932052127662e-01
7.905618927769884063e-01
7.906497477292118159e-01
7.905337441499699080e-01
7.905364263446040818e-01
7.905310412188775171e-01
7.905430865192247802e-01
7.905322388755118279e-01
7.905255942285149828e-01
7.905251046936074832e-01
7.905596645944468204e-01
7.905626542800417988e-01
7.904553622493909470e-01
7.903994696402788511e-01
7.903844189856465974e-01
7.903747864127549372e-01
7.904130179460838734e-01
7.903781418086482935e-01
7.904195418777982818e-01
7.903655071159072509e-01
7.905188921895727194e-01
7.904055461168207897e-01
7.903346164310550703e-01
7.903550954079247015e-01
7.903613784858004587e-01
7.903631212923588611e-01
7.903050928063121150e-01
7.902977218251097113e-01
7.902585381013229604e-01
7.902577107765841324e-01
7.903546535668539708e-01
7.902455769665935881e-01
7.903094692959026224e-01
7.903048613547253298e-01
7.901891275641593770e-01
7.901767736825957567e-01
7.901602224308258426e-01
7.902802386981578886e-01
7.901783437520263353e-01
7.901616156604097663e-01
7.901624579625835532e-01
7.901504117231601398e-01
7.901630153867451600e-01
7.902519661268128104e-01
7.901499191929504118e-01
7.901921891556100697e-01
7.901952795266640184e-01
7.900884022266067008e-01
7.901087367558004004e-01
7.900893037131870855e-01
7.901157158844925865e-01
7.900891153441352843e-01
7.901387626481121140e-01
7.900922367970467652e-01
7.901942818921297018e-01
7.900802523799287380e-01
7.900365141608728381e-01
7.900345600712374017e-01
7.900207331137709676e-01
7.900002653854307777e-01
7.900264045151497161e-01
7.899635905136440650e-01
7.899547570056907331e-01
7.900041516414604281e-01
7.899693938886475086e-01
7.899255215196439028e-01
7.899632105670338911e-01
7.899417146684780677e-01
7.899764761818498515e-01
7.899257149357868935e-01
7.899010068810374818e-01
7.899147392289693759e-01
7.898973925189590739e-01
7.898982968531514937e-01
7.899025225711084897e-01
7.898887025699284914e-01
7.899859274450717894e-01
7.898724728587351862e-01
7.899351221023119818e-01
7.898901237358020300e-01
7.898244838838921478e-01
7.898705854488684563e-01
7.898359258324163523e-01
7.897944156056934117e-01
7.897973135256746158e-01
7.897802139743808070e-01
7.897795503534462691e-01
7.898428073042550457e-01
7.897885559327952887e-01
7.897738985653253163e-01
7.897552924402382324e-01
7.897342858100424579e-01
7.897556327202794879e-01
7.897340297459225500e-01
7.896824508326609759e-01
7.898304165376127672e-01
7.896725187662662071e-01
7.896751867891234067e-01
7.896655248765950263e-01
7.896992500230417544e-01
7.896930325480820967e-01
7.897123012410683929e-01
7.896703192092908719e-01
7.896957441918770471e-01
7.896697475772436192e-01
7.896857563115502465e-01
7.896512885634298096e-01
7.896916059398849663e-01
7.896539316640494022e-01
7.896395915089943207e-01
7.896529630993582849e-01
7.896267779330824466e-01
7.896230240214934248e-01
7.896318383198710489e-01
7.896466777099178103e-01
7.896296492889430807e-01
7.896360647390768817e-01
7.896176258840276185e-01
7.895845612654168733e-01
7.895731402542184307e-01
7.895833591241175897e-01
7.895903641011328133e-01
7.895796870730901196e-01
7.895659231310515613e-01
7.895637454149525558e-01
7.895741574512404881e-01
7.895703920001589937e-01
7.895769027899186554e-01
7.895694096262195760e-01
7.895666329922196303e-01
7.895659986183295453e-01
7.895715200514193954e-01
7.895601366584455993e-01
7.895350015816704481e-01
7.895286797427045755e-01
7.895277246680100225e-01
7.895282881562474264e-01
7.895255155234531808e-01
7.895613428012111523e-01
7.895071669107406320e-01
7.894915005079203851e-01
7.894826126009094613e-01
7.894794109605417498e-01
7.894968833378193107e-01
7.894835394322932132e-01
7.894958646993350815e-01
7.894792184163319515e-01
7.894835347357213040e-01
7.894767297205556034e-01
7.894798444688744254e-01
7.894772006023538236e-01
7.894806683727212393e-01
7.894768086663737083e-01
7.895232845656136034e-01
7.894703629840711390e-01
7.894431600849032282e-01
7.894474369449264728e-01
7.894462676454291339e-01
7.894462966526601955e-01
7.894298457578602379e-01
7.894533554178762014e-01
7.894308324726606596e-01
7.894236786511447113e-01
7.894344055369709734e-01
7.894138446345121407e-01
7.894235698806069124e-01
7.894140322320575276e-01
7.894199839879950664e-01
7.894143552207126824e-01
7.894125044081190534e-01
7.894127107153963152e-01
7.894576004430065019e-01
7.894115403936313724e-01
7.894105192883733579e-01
7.894096084832356031e-01
7.894509684426991303e-01
7.894284215430473761e-01
7.893690609020937998e-01
7.893768764817495898e-01
7.893597565206004196e-01
7.893707347033972477e-01
7.893616115619247475e-01
7.893728261936152624e-01
7.893564503615290162e-01
7.893906094920111194e-01
7.893561136838729286e-01
7.893391901092601248e-01
7.893394422471298189e-01
7.893377965990792111e-01
7.893359150040162309e-01
7.893132453165095930e-01
7.893024585380193914e-01
7.892988278328034735e-01
7.893119623659430317e-01
7.893001610438348248e-01
7.893136434071623686e-01
7.892995881283587645e-01
7.893226475041000834e-01
7.893015780555459049e-01
7.892856518430692025e-01
7.892940292814329961e-01
7.892814523877662580e-01
7.892829999820539788e-01
7.892867242556743657e-01
7.892956002616771105e-01
7.892816546057703775e-01
7.893158686154096992e-01
7.892873972260422422e-01
7.892907172237046964e-01
7.892754831035815322e-01
7.892859010177449841e-01
7.892830260144791943e-01
7.892698816677141682e-01
7.892782631434640539e-01
7.892397297136358736e-01
7.892268142797691510e-01
7.892253597368688034e-01
7.892148461836140383e-01
7.891923075708379143e-01
7.892018499410137222e-01
7.891920933741215505e-01
7.892178044818627392e-01
7.891918937892890007e-01
7.891747495209745500e-01
7.891646471014730491e-01
7.891725503932285335e-01
7.891557456711245644e-01
7.891577808880551048e-01
7.891730903501583683e-01
7.891563383046257263e-01
7.891596570445541525e-01
7.891565877750912339e-01
7.891743840220994954e-01
7.891547706004680141e-01
7.891713059942976338e-01
7.891533317132464198e-01
7.891713184685580362e-01
7.891552721199192044e-01
7.891589722701335408e-01
7.891489376822479196e-01
7.891337977094670109e-01
7.891421870035048025e-01
7.891351672794516547e-01
7.891541389828298225e-01
7.891447524033579075e-01
7.891276758152588888e-01
7.891312374386785233e-01
7.891414821065707574e-01
7.891254125608478942e-01
7.891580110644685897e-01
7.891230254178805970e-01
7.890877256059645184e-01
7.890917727275085225e-01
7.890964154851504153e-01
7.890918772211608090e-01
7.890868779814678158e-01
7.890942343263350756e-01
7.890893568178795059e-01
7.890965663306884759e-01
7.890884314948299894e-01
7.890727205548879741e-01
7.891438362306683052e-01
7.890698581351365259e-01
7.890492150457172338e-01
7.890334683812652017e-01
7.890211633576414973e-01
7.890206641678955135e-01
7.890283800103232714e-01
7.890213511043919770e-01
7.890390472976214209e-01
7.890172723999284710e-01
7.890515502673820514e-01
7.890258294147723950e-01
7.889952585719560707e-01
7.890008540152867456e-01
7.890006331438550458e-01
7.890059245799514454e-01
7.890004487076053286e-01
7.890001663716864622e-01
7.889977851547955723e-01
7.889923325215723038e-01
7.889926531976678703e-01
7.889996395328237044e-01
7.889855530785919724e-01
7.890280376182088329e-01
7.889776184300333339e-01
7.889554151432752738e-01
7.889528163193194610e-01
7.889541141740364916e-01
7.889753645748422972e-01
7.889521665732084355e-01
7.889550551005567458e-01
7.889526538564872737e-01
7.889311424155633912e-01
7.889324843004674737e-01
7.889592276846408847e-01
7.889305605982214198e-01
7.889270778033409259e-01
7.889231062715035270e-01
7.889261321272581506e-01
7.889266600640150173e-01
7.889163658179060290e-01
7.889182278642946633e-01
7.889142955489327758e-01
7.889179773940252494e-01
7.889229865912903428e-01
7.889124693310407554e-01
7.889558390442997782e-01
7.889115563238489059e-01
7.889084232878221803e-01
7.889079486707107902e-01
7.888947511093152842e-01
7.888984789855203461e-01
7.889028758222370596e-01
7.888926742345671039e-01
7.889158984836196487e-01
7.888874594040797827e-01
7.888798269668176877e-01
7.888947550220545279e-01
7.888860975538317666e-01
7.888734273404355291e-01
7.888809092295706593e-01
7.888734530627885544e-01
7.888505373412334487e-01
7.888415396750909636e-01
7.888418430224795053e-01
7.888377848692175176e-01
7.888352090275058126e-01
7.888304090775907218e-01
7.888302191276934661e-01
7.888446162913472781e-01
7.888520860649178568e-01
7.888138241574131904e-01
7.888094077049584429e-01
7.888103524540319711e-01
7.888063159363608579e-01
7.888054210858435056e-01
7.888240927133167713e-01
7.888108797779264103e-01
7.888130672505597740e-01
7.888282836536837372e-01
7.887868752526911997e-01
7.887864622930811365e-01
7.888022372422549555e-01
7.887877532360996202e-01
7.887972286028447355e-01
7.887851318344767382e-01
7.887833224091641560e-01
7.887844918711843789e-01
7.887871006211362168e-01
7.887845103228281474e-01
7.887894713886980380e-01
7.887842389729488035e-01
7.887949499218978033e-01
7.887748063220924033e-01
7.887701145784201673e-01
7.887719593010524832e-01
7.888028676038361109e-01
7.887734537443863436e-01
7.887784321558255485e-01
7.887606303990095657e-01
7.887700555505032796e-01
7.887707662749567916e-01
7.887468962378209048e-01
7.887452606169715885e-01
7.887463662980115364e-01
7.887480309910495091e-01
7.887455889191523628e-01
7.887371265962356270e-01
7.887399392293782396e-01
7.887533524883865166e-01
7.887361392512056701e-01
7.887283840149489356e-01
7.887060630414989282e-01
7.887218071368432559e-01
7.887082702417900215e-01
7.887090727926290290e-01
7.887210109232853927e-01
7.886959055222886317e-01
7.886796841162752036e-01
7.886802863030517585e-01
7.886889142333073366e-01
7.886759789153023892e-01
7.887080897395636336e-01
7.886802108428151437e-01
7.886574528561797193e-01
7.886566501869756163e-01
7.886554480947347567e-01
7.886592152038550685e-01
7.886543363834254139e-01
7.886586257787312482e-01
7.886825205813071671e-01
7.886542103781751800e-01
7.886732543312989785e-01
7.886591224390946397e-01
7.886453574146266021e-01
7.886460341318862755e-01
7.886657871392197539e-01
7.886551315824182895e-01
7.886365931198421331e-01
7.886572202311977753e-01
7.886341532138833044e-01
7.886354397382456805e-01
7.886274221348918978e-01
7.886221743832884101e-01
7.886381679760356977e-01
7.886273715834780651e-01
7.886290415951749955e-01
7.886194064857802166e-01
7.886098961764469450e-01
7.886075430306830336e-01
7.886006543889249043e-01
7.886064923628143264e-01
7.885817834257925485e-01
7.885855308876068559e-01
7.885860131569684128e-01
7.886019246212977452e-01
7.885795085884164113e-01
7.885705502454358751e-01
7.885715713319415565e-01
7.885924306936240580e-01
7.885693253366093947e-01
7.885541131976117057e-01
7.885511200913543073e-01
7.885533322856113081e-01
7.885438819480177219e-01
7.885450416244298433e-01
7.885304594624115149e-01
7.885292396734009390e-01
7.885392454923764172e-01
7.885343158454586332e-01
7.885297016217669430e-01
7.885300406508878313e-01
7.885299699014232111e-01
7.885322570038064693e-01
7.885356874054743059e-01
7.885349325148253152e-01
7.885206580665327092e-01
7.885105150217147640e-01
7.885143212128473689e-01
7.885300508907769901e-01
7.884972478746558044e-01
7.884925641071389713e-01
7.884887845585762944e-01
7.885230721591877101e-01
7.884868028191990286e-01
7.884783401380575096e-01
7.884814912991334745e-01
7.884837378071881675e-01
7.884792804872257088e-01
7.884862124875692269e-01
7.884840312585787991e-01
7.884849349144069652e-01
7.884861455482164994e-01
7.884762628227340864e-01
7.884760517910287536e-01
7.884780436658480607e-01
7.884792005457474939e-01
7.884724975679127112e-01
7.884743070109754282e-01
7.884964900457156478e-01
7.884707863048890930e-01
7.884720374854852221e-01
7.884697037235145478e-01
7.884773347875421168e-01
7.884722846380828321e-01
7.884632302122638325e-01
7.884515193298702318e-01
7.884742060052379875e-01
7.884487784906157870e-01
7.884446535161679925e-01
7.884403184051610447e-01
7.884456040503399210e-01
7.884430419841459425e-01
7.884424421489354406e-01
7.884491658182580798e-01
7.884447255037615454e-01
7.884376521979551411e-01
7.884270348521804639e-01
7.884265739059653777e-01
7.884483903417667250e-01
7.884342941598789789e-01
7.884349605412500628e-01
7.884300779078026178e-01
7.884240741355896809e-01
7.884234569913621815e-01
7.884281938913708654e-01
7.884219626083790455e-01
7.884611172759357078e-01
7.884104941331427918e-01
7.883946898373547230e-01
7.883974815589199769e-01
7.883936920075630406e-01
7.883958341058843189e-01
7.884010707426564180e-01
7.883999452852732404e-01
7.883946025159774829e-01
7.883917372582084360e-01
7.884137403651966247e-01
7.883989995468048129e-01
7.884120586604633774e-01
7.883946077660797247e-01
7.884137331631377865e-01
7.883902708296207651e-01
7.883782086900616992e-01
7.883925704675021073e-01
7.883825115293625618e-01
7.883786570811321948e-01
7.883769124445343390e-01
7.883959214792317649e-01
7.883930731690069749e-01
7.883726816792612224e-01
7.883680337306580022e-01
7.883520954444408479e-01
7.883745217440247810e-01
7.883573948270726772e-01
7.883526555206430420e-01
7.883529859013042040e-01
7.883631305929169608e-01
7.883549973546093437e-01
7.883516252473522501e-01
7.883513558355527140e-01
7.883582758189349171e-01
7.883557826515750211e-01
7.883420637137018572e-01
7.883366077181145348e-01
7.883386112517317690e-01
7.883378788079071775e-01
7.883419419420791829e-01
7.883343739536614603e-01
7.883356323345525052e-01
7.883377247392273635e-01
7.883385061675030059e-01
7.883292992372865626e-01
7.883202203602175384e-01
7.883328902574759933e-01
7.883161911140875722e-01
7.883125017717369509e-01
7.883196043600909642e-01
7.883273165595914289e-01
7.883115169772788589e-01
7.883026741977383622e-01
7.883063395300770049e-01
7.883037018440504085e-01
7.883098472222090924e-01
7.882935806678087465e-01
7.882934756503727769e-01
7.882933426086825568e-01
7.883443161441808789e-01
7.882941674463714854e-01
7.882844586698448675e-01
7.882825310702760158e-01
7.882822010637772214e-01
7.882836099726822088e-01
7.883283573229223906e-01
7.882944367059572244e-01
7.882875372484351439e-01
7.882808049987615195e-01
7.882781913969318932e-01
7.882778506468538504e-01
7.882788987117463897e-01
7.882842266064306047e-01
7.882891316715171515e-01
7.882752106177400853e-01
7.882859427918780248e-01
7.882803344227166109e-01
7.883138028383347429e-01
7.882704925873912361e-01
7.882704330669829673e-01
7.882723059151292011e-01
7.882812845348891040e-01
7.882670851154145453e-01
7.882644113450648637e-01
7.882623938045829615e-01
7.882621902727086072e-01
7.882743683299292536e-01
7.882631072433535779e-01
7.882622432886509101e-01
7.882616994231315122e-01
7.882615836072934812e-01
7.882724271916959902e-01
7.882658723615217911e-01
7.882718441450771163e-01
7.882621306108840153e-01
7.882708406621045105e-01
7.882599884013139491e-01
7.882532530970249862e-01
7.882568850371394209e-01
7.882596123448140091e-01
7.882505410413688240e-01
7.882492791823381140e-01
7.882498285753950507e-01
7.882609939020552847e-01
7.882506881446663671e-01
7.882302779672798465e-01
7.882407930030987941e-01
7.882349170932106963e-01
7.882351121747065426e-01
7.882339024900707480e-01
7.882328571188322863e-01
7.882312404198362765e-01
7.882277039031535537e-01
7.882278533254417630e-01
7.882334763745278972e-01
7.882270150913084361e-01
7.882259734898388048e-01
7.882264149399059727e-01
7.882360395887534343e-01
7.882294982916094872e-01
7.882256623274974672e-01
7.882271697480158767e-01
7.882878024195124622e-01
7.882233469027329908e-01
7.882141554130709382e-01
7.882237216282531600e-01
7.882237725153411478e-01
7.882165827466042218e-01
7.882177885663269601e-01
7.882205358613796342e-01
7.882165931990996466e-01
7.882133973360870849e-01
7.882229529422642988e-01
7.882121259666826640e-01
7.882148695165328567e-01
7.882123491862930154e-01
7.882132853429695274e-01
7.882131226555324499e-01
7.882130849822491792e-01
7.882166358249256266e-01
7.882109563226497029e-01
7.882027257405025411e-01
7.882012084139153885e-01
7.881994701159992234e-01
7.881990919662004158e-01
7.881992762197166380e-01
7.881974932818700541e-01
7.881944833147351837e-01
7.881906571165486763e-01
7.881930382792228240e-01
7.881908732548503771e-01
7.881846935679109878e-01
7.881870574091726089e-01
7.881854687999444442e-01
7.881816166134214541e-01
7.881849672426201048e-01
7.881832995856877799e-01
7.881864900704323995e-01
7.881818774634767877e-01
7.881779611691784870e-01
7.881800937225994508e-01
7.881829864588285606e-01
7.881784255996890920e-01
7.881778365196888680e-01
7.881769651662968723e-01
7.881784237463320686e-01
7.881771617114687878e-01
7.881805094397400513e-01
7.881797661955735057e-01
7.881746498992138195e-01
7.881750561462028681e-01
7.881805148765841373e-01
7.881732588526517702e-01
7.881749015970821448e-01
7.881750779088908532e-01
7.881709482359844365e-01
7.881715237311485156e-01
7.881745103440597200e-01
7.881703232812169446e-01
7.881636449240934095e-01
7.881642390069619752e-01
7.881634747294432586e-01
7.881607086342306001e-01
7.881551960014787639e-01
7.881540779278058961e-01
7.881546532144474426e-01
7.881578027438898015e-01
7.881535526621463728e-01
7.881496495150178694e-01
7.881457992576587079e-01
7.881463637195221805e-01
7.881498150089466526e-01
7.881458535367515950e-01
7.881452291923197739e-01
7.881459572342663922e-01
7.881433485854882903e-01
7.881431017168706310e-01
7.881440712587208797e-01
7.881429698508808368e-01
7.881687093997017390e-01
7.881431403963038429e-01
7.881375918538773284e-01
7.881379136349102588e-01
7.881387184569055293e-01
7.881355812620169932e-01
7.881315755318193395e-01
7.881316153276184400e-01
7.881305786779312372e-01
7.881333776143423231e-01
7.881341787994623482e-01
7.881321673440313536e-01
7.881374486908958588e-01
7.881301577651288470e-01
7.881232387243580773e-01
7.881201795610582872e-01
7.881181222709211509e-01
7.881236319977457105e-01
7.881160716510231534e-01
7.881192042871661974e-01
7.881179313696407007e-01
7.881199618947711816e-01
7.881159457985441597e-01
7.881116772190395192e-01
7.881110972256099023e-01
7.881080434136391588e-01
7.881088269557012804e-01
7.881063172318436560e-01
7.881137662569821511e-01
7.881062121977964186e-01
7.881043049714961946e-01
7.881036286828937421e-01
7.881031470970383257e-01
7.881034080266461350e-01
7.881083569697822089e-01
7.881047487828442000e-01
7.881064826716613902e-01
7.881047619074937893e-01
7.881037627701155124e-01
7.881024742134213890e-01
7.881026072619616851e-01
7.881020603925231738e-01
7.881021653089603785e-01
7.881026254105844009e-01
7.881031932983552091e-01
7.881074094716015166e-01
7.880994633109087433e-01
7.881034986381568741e-01
7.880990714557376542e-01
7.881018506771277909e-01
7.881002607453644337e-01
7.881001603611679229e-01
7.880973917324017863e-01
7.880954637248791528e-01
7.880942333393512467e-01
7.880933043678229888e-01
7.880943429353495233e-01
7.881014466722420231e-01
7.880938267852874990e-01
7.880950506878443562e-01
7.880935503976306267e-01
7.880961428752831788e-01
7.880926710274982483e-01
7.880935659579771935e-01
7.880947187998019743e-01
7.880965378633590923e-01
7.880992386608658418e-01
7.880881404453115024e-01
7.880844995084633764e-01
7.880849269259168066e-01
7.880879216813370114e-01
7.880836918186673312e-01
7.880929982781446075e-01
7.880852777356227579e-01
7.880804903929665706e-01
7.880856241663567463e-01
7.880811631394792904e-01
7.880818767183991325e-01
7.880781253406523579e-01
7.880795260038772065e-01
7.880782383199848029e-01
7.880821996343588820e-01
7.880782322151405062e-01
7.880779003131220817e-01
7.880782227097552495e-01
7.880796425338344458e-01
7.880785135019455767e-01
7.880812076062815308e-01
7.880770275826376459e-01
7.880783734176199928e-01
7.880780240631233280e-01
7.880841335536915571e-01
7.880745999360888598e-01
7.880748256699887655e-01
7.880744588768380243e-01
7.880746664359220555e-01
7.880738525630617275e-01
7.880754022334828246e-01
7.880742305328103381e-01
7.880718702510168816e-01
7.880717207885975517e-01
7.880717864718540522e-01
7.880731730744594543e-01
7.880715607509695131e-01
7.880710505785147868e-01
7.880710307931082514e-01
7.880710237289731968e-01
7.880721959143014432e-01
7.880692397019205542e-01
7.880689919099371776e-01
7.880690955853749680e-01
7.880701102790529378e-01
7.880693159416719551e-01
7.880709525459630438e-01
7.880692838504375075e-01
7.880659677046784051e-01
7.880666522069825763e-01
7.880662178765275305e-01
7.880659910834911797e-01
7.880673576855204976e-01
7.880658945140771587e-01
7.880665736504957053e-01
7.880637362799721712e-01
7.880632634965154537e-01
7.880634395318441010e-01
7.880639013743261367e-01
7.880632906160999207e-01
7.880640897596471461e-01
7.880656552099009060e-01
7.880607632912932647e-01
7.880590982397626121e-01
7.880590337496268249e-01
7.880589195320424345e-01
7.880588656461677832e-01
7.880585518167215753e-01
7.880592094441174478e-01
7.880577875473090410e-01
7.880564577881986610e-01
7.880551126413140040e-01
7.880538423987107910e-01
7.880542502951494166e-01
7.880528651668502471e-01
7.880518270214735832e-01
7.880507463019933434e-01
7.880501858027819662e-01
7.880494795144337150e-01
7.880496234524058119e-01
7.880494741983623541e-01
7.880487693292063112e-01
7.880486712467319466e-01
7.880490741853847236e-01
7.880487436944014767e-01
7.880482762367383431e-01
7.880486800744331832e-01
7.880498717196718905e-01
7.880483768729455996e-01
7.880506545419678766e-01
7.880482080183658367e-01
7.880475227761795098e-01
7.880473820557987175e-01
7.880472492897044878e-01
7.880474642366974702e-01
7.880477691715429556e-01
7.880476919228126542e-01
7.880504901879044066e-01
7.880485581524974137e-01
7.880460015789813033e-01
7.880454143348443186e-01
7.880456840786622674e-01
7.880456978308520988e-01
7.880463154820945837e-01
7.880451145483059472e-01
7.880450903821634157e-01
7.880454166031036767e-01
7.880448001511178857e-01
7.880437034017507836e-01
7.880432912895999342e-01
7.880403361157457542e-01
7.880411856784241831e-01
7.880406236256393138e-01
7.880402547656554235e-01
7.880399782490556948e-01
7.880383598756824926e-01
7.880369286892781044e-01
7.880366097531567027e-01
7.880370786726913490e-01
7.880355622081973710e-01
7.880361533141698738e-01
7.880352079010906063e-01
7.880356165507554911e-01
7.880348752667446499e-01
7.880342725501379153e-01
7.880348987218674939e-01
7.880340414191567833e-01
7.880342160269248053e-01
7.880335314240273226e-01
7.880335654168746373e-01
7.880344026589043427e-01
7.880341573213940354e-01
7.880338146109865383e-01
7.880332902085055435e-01
7.880329159537757810e-01
7.880326952642144889e-01
7.880323929375495640e-01
7.880326659452224769e-01
7.880328140440907569e-01
7.880336601307760258e-01
7.880328872638874271e-01
7.880320793860087214e-01
7.880314077772831993e-01
7.880314309886364832e-01
7.880330654112575051e-01
7.880317012299674628e-01
7.880323377386223571e-01
7.880323881799849994e-01
7.880295109310038182e-01
7.880295590891907009e-01
7.880288500680318053e-01
7.880284369059490368e-01
7.880284492274334252e-01
7.880272397225079883e-01
7.880275422671245700e-01
7.880270991556408422e-01
7.880272539765950102e-01
7.880271058212853230e-01
7.880295369594042532e-01
7.880268705874650115e-01
7.880255817788895945e-01
7.880262071527111001e-01
7.880258468999737920e-01
7.880255779121380089e-01
7.880256777946351709e-01
7.880254211254363872e-01
7.880254702799120992e-01
7.880257586483345733e-01
7.880254099113704891e-01
7.880290712446986756e-01
7.880249591660056785e-01
7.880259833629116306e-01
7.880255597243517318e-01
7.880223656764249185e-01
7.880230885694581300e-01
7.880223659654554957e-01
7.880218944540686721e-01
7.880218205473089599e-01
7.880217700704512662e-01
7.880217339260876530e-01
7.880222473532809691e-01
7.880217623015438599e-01
7.880238254183267177e-01
7.880215125005476384e-01
7.880202426635530832e-01
7.880188913671902773e-01
7.880187368668478687e-01
7.880183852922457710e-01
7.880186149367668369e-01
7.880191980409527730e-01
7.880183812138683574e-01
7.880179366616317793e-01
7.880178971669367094e-01
7.880192377410889515e-01
7.880179306817735041e-01
7.880186885489054438e-01
7.880180598391914870e-01
7.880169534091255867e-01
7.880170334593178394e-01
7.880171541686102898e-01
7.880169047753766698e-01
7.880169976084293593e-01
7.880169581143648960e-01
7.880171579068028231e-01
7.880176528215531162e-01
7.880162269154065147e-01
7.880171790908317986e-01
7.880164480969775731e-01
7.880161499174268558e-01
7.880166103336052608e-01
7.880151666231796082e-01
7.880150197373086973e-01
7.880148827592514671e-01
7.880151857212276401e-01
7.880146709225945845e-01
7.880146293171411687e-01
7.880150843351039214e-01
7.880198499633317422e-01
7.880150799513888638e-01
7.880139196622896192e-01
7.880139340654246372e-01
7.880121570923450669e-01
7.880127717730506243e-01
7.880123482380432254e-01
7.880120625903140885e-01
7.880120970050541462e-01
7.880129892319874818e-01
7.880119728378438548e-01
7.880121608760040086e-01
7.880116441019071605e-01
7.880137876777624228e-01
7.880110861504883157e-01
7.880108102684799665e-01
7.880109517136488773e-01
7.880113225340701355e-01
7.880108494147959330e-01
7.880109820293923484e-01
7.880107588179192657e-01
7.880115652814519978e-01
7.880109432430740801e-01
7.880126376365779173e-01
7.880122969080205486e-01
7.880111515778215336e-01
7.880095745528042928e-01
7.880088592307445960e-01
7.880087475986756740e-01
7.880086961965263592e-01
7.880082815955729014e-01
7.880084239399950397e-01
7.880084452232112291e-01
7.880082953016909197e-01
7.880084043038205754e-01
7.880082653130990877e-01
7.880090486236278613e-01
7.880079010861800182e-01
7.880079049814942005e-01
7.880080088041810926e-01
7.880071080698061170e-01
7.880065546934799103e-01
7.880064221842959515e-01
7.880064584423277507e-01
7.880062164756079790e-01
7.880062461493724246e-01
7.880060050212992495e-01
7.880057871960908233e-01
7.880064850127481701e-01
7.880057054972186004e-01
7.880050242446076103e-01
7.880049930716204187e-01
7.880050982419147809e-01
7.880053345579151047e-01
7.880049849558355968e-01
7.880046764181679597e-01
7.880047687644454735e-01
7.880050345073267293e-01
7.880047428384584496e-01
7.880046539663557725e-01
7.880046498517478959e-01
7.880049210321706799e-01
7.880045193288748306e-01
7.880038023084610099e-01
7.880036972142396845e-01
7.880037349876102271e-01
7.880041929427568093e-01
7.880037021537449338e-01
7.880036684394882140e-01
7.880036605332770838e-01
7.880040198206620383e-01
7.880035692734546071e-01
7.880030134049914592e-01
7.880029457658922487e-01
7.880029535163052268e-01
7.880026951554461867e-01
7.880026891955922430e-01
7.880028234137780307e-01
7.880026768478177734e-01
7.880024793694114793e-01
7.880024908487472945e-01
7.880025355062576509e-01
7.880026127619682574e-01
7.880035831956981873e-01
7.880022639390424910e-01
7.880018607467831337e-01
7.880016526218046602e-01
7.880018226119805957e-01
7.880019190886677904e-01
7.880017097977154439e-01
7.880017733765036780e-01
7.880016394984034056e-01
7.880023228801232849e-01
7.880016899692123822e-01
7.880014711713605458e-01
7.880014856195872719e-01
7.880026407205611427e-01
7.880015436133126494e-01
7.880005589708883873e-01
7.880000966888235370e-01
7.879996146485689357e-01
7.879997767655380070e-01
7.879995467635845241e-01
7.879995163533264346e-01
7.879997466801827999e-01
7.879996801283998265e-01
7.879995895722616828e-01
7.879993470177424353e-01
7.879995492324411988e-01
7.879998039868951754e-01
7.879997667276106288e-01
7.879998077404266610e-01
7.879993246217507075e-01
7.879991268819520611e-01
7.879990998095879329e-01
7.879989059198622137e-01
7.879988589255810805e-01
7.879986944677377370e-01
7.879985366830850602e-01
7.879983278397835189e-01
7.879990238852064843e-01
7.879982179416468169e-01
7.879979704434725285e-01
7.879980115330086354e-01
7.879976986838007624e-01
7.879978841228242326e-01
7.879975930075742152e-01
7.879974701608537524e-01
7.879969319677951889e-01
7.879965736741408877e-01
7.879965174467464806e-01
7.879965002249007533e-01
7.879965433769452465e-01
7.879965030731342912e-01
7.879966481190626704e-01
7.879965367364929474e-01
7.879965683740363103e-01
7.879965594443882893e-01
7.879962118713118580e-01
7.879961702674171953e-01
7.879969660298730139e-01
7.879960663099245810e-01
7.879962043088133417e-01
7.879954208773292113e-01
7.879950065743479559e-01
7.879949187385105747e-01
7.879949353063376849e-01
7.879948818209664418e-01
7.879952378442490746e-01
7.879949941248411971e-01
7.879951440563029985e-01
7.879948010740613906e-01
7.879944656786567192e-01
7.879944253251141006e-01
7.879946845134986333e-01
7.879945855906724805e-01
7.879944354461146938e-01
7.879944154617278818e-01
7.879944758717546405e-01
7.879942975666940352e-01
7.879942870634550900e-01
7.879947592308221838e-01
7.879941766862247343e-01
7.879943335228716261e-01
7.879942862014081006e-01
7.879935544299672134e-01
7.879932784670392598e-01
7.879934563165752470e-01
7.879936177566866373e-01
7.879929262298950299e-01
7.879928865070789934e-01
7.879929654235828806e-01
7.879928157334417094e-01
7.879927583354857656e-01
7.879923847645537993e-01
7.879923357238445281e-01
7.879920638644487552e-01
7.879917887789915643e-01
7.879919248803372023e-01
7.879917642704060698e-01
7.879917327112716530e-01
7.879917062715865450e-01
7.879917030014886858e-01
7.879916941753771775e-01
7.879914567516076440e-01
7.879911680505783389e-01
7.879910386749151563e-01
7.879911984338173747e-01
7.879903881790314424e-01
7.879903194158447421e-01
7.879903422707947858e-01
7.879902671540638393e-01
7.879904858601010087e-01
7.879905917193813503e-01
7.879900523150829006e-01
7.879898475026048121e-01
7.879895596173271954e-01
7.879893506350793553e-01
7.879893241957538486e-01
7.879892879408499917e-01
7.879892542706624647e-01
7.879889325996997096e-01
7.879891964645011626e-01
7.879889290514338063e-01
7.879889492808198614e-01
7.879890103896390885e-01
7.879890948082487467e-01
7.879888781364201567e-01
7.879891229043228806e-01
7.879885932098573686e-01
7.879883466484158827e-01
7.879880964507790519e-01
7.879880816732564019e-01
7.879880795006589667e-01
7.879881477205780138e-01
7.879880415904733093e-01
7.879881502907861712e-01
7.879880676713335586e-01
7.879883661291489094e-01
7.879880162294631285e-01
7.879880493168326394e-01
7.879882161379282435e-01
7.879886502899905443e-01
7.879882959721060676e-01
7.879874552729566606e-01
7.879875314798506780e-01
7.879874410509796201e-01
7.879875703740757409e-01
7.879874508917195097e-01
7.879876271573890145e-01
7.879874424890115359e-01
7.879876739662595719e-01
7.879875156161074701e-01
7.879872434584294094e-01
7.879869997935693426e-01
7.879874128229007457e-01
7.879869803831915931e-01
7.879871957795869797e-01
7.879871035545453761e-01
7.879869143548180466e-01
7.879869208245847689e-01
7.879869635928354876e-01
7.879868901357570676e-01
7.879867067706778361e-01
7.879867334784423916e-01
7.879867673030455100e-01
7.879867217856667549e-01
7.879866873859322496e-01
7.879866494458491744e-01
7.879868225434444318e-01
7.879866720620863907e-01
7.879864919978010196e-01
7.879863656849986908e-01
7.879865003813083524e-01
7.879863676651412963e-01
7.879860861887473256e-01
7.879863950815695350e-01
7.879860888936205399e-01
7.879862826649025598e-01
7.879860711880236623e-01
7.879859659930397164e-01
7.879859420956928373e-01
7.879858932924634907e-01
7.879858945987553431e-01
7.879859906627912913e-01
7.879859124743833210e-01
7.879856662893095498e-01
7.879853611642447797e-01
7.879853037665288662e-01
7.879853514378812873e-01
7.879852632942991875e-01
7.879855258913865956e-01
7.879850678477394732e-01
7.879849194999215545e-01
7.879849339900898419e-01
7.879847434682177854e-01
7.879847221558287096e-01
7.879847416078276101e-01
7.879846653542657009e-01
7.879845474556484985e-01
7.879842753428535351e-01
7.879842468872340078e-01
7.879843516144020565e-01
7.879844990004575278e-01
7.879842701733756893e-01
7.879842974581448001e-01
7.879843474433974038e-01
7.879845598592570832e-01
7.879838001498649103e-01
7.879836662778716416e-01
7.879836886707197730e-01
7.879838745400776778e-01
7.879836616014616046e-01
7.879838596779691340e-01
7.879836555826129629e-01
7.879837013139440183e-01
7.879836520489786889e-01
7.879841530391908933e-01
7.879837081500508100e-01
7.879836709187406640e-01
7.879838193943383695e-01
7.879833955997284090e-01
7.879834095334059541e-01
7.879834045687359456e-01
7.879833471616870533e-01
7.879833291293598663e-01
7.879833260521407201e-01
7.879833099182638190e-01
7.879839282931843103e-01
7.879832983002817981e-01
7.879831498198009987e-01
7.879829001033116231e-01
7.879830584829476958e-01
7.879829685108907800e-01
7.879831658732553423e-01
7.879830241814224090e-01
7.879829034513876618e-01
7.879829558850600657e-01
7.879830297570706854e-01
7.879828965003451424e-01
7.879830064528737799e-01
7.879830505094547188e-01
7.879831032313374672e-01
7.879829057314567953e-01
7.879825874364583260e-01
7.879825150508450449e-01
7.879824641226834681e-01
7.879822632250838010e-01
7.879823999305550775e-01
7.879821512670672767e-01
7.879822300180576722e-01
7.879821838418049618e-01
7.879821807795880373e-01
7.879822821024343726e-01
7.879818876281654561e-01
7.879818569724493793e-01
7.879819147708116978e-01
7.879815772685112574e-01
7.879815268338161705e-01
7.879815530497120690e-01
7.879814868127833494e-01
7.879815092619779637e-01
7.879814469937029831e-01
7.879813642337677448e-01
7.879811796435295390e-01
7.879812225521560798e-01
7.879812491088887816e-01
7.879813410396562245e-01
7.879812921639471890e-01
7.879809970778992589e-01
7.879812912732487851e-01
7.879811522478464836e-01
7.879809585541656114e-01
7.879810512151367297e-01
7.879810450449262760e-01
7.879808467591886689e-01
7.879807445008831790e-01
7.879806810032761177e-01
7.879809846841538956e-01
7.879807609882509833e-01
7.879806060900642617e-01
7.879806409533396394e-01
7.879807328381088771e-01
7.879806301650619238e-01
7.879808249031660106e-01
7.879806471744009722e-01
7.879806450538553442e-01
7.879805328594219338e-01
7.879805347566906093e-01
7.879805096125854780e-01
7.879806535071965934e-01
7.879804640523586645e-01
7.879807546275905406e-01
7.879804433818057285e-01
7.879804938610419640e-01
7.879804777454649800e-01
7.879805668481738579e-01
7.879805262545893640e-01
7.879805036743201541e-01
7.879803610692461824e-01
7.879803275646759531e-01
7.879803471668447301e-01
7.879803604466262268e-01
7.879803371778997256e-01
7.879803748886606840e-01
7.879803702722273373e-01
7.879802587282733750e-01
7.879801815510263374e-01
7.879801910988989411e-01
7.879801972977247271e-01
7.879802422338127998e-01
7.879801770240459913e-01
7.879801372004358040e-01
7.879802022351013457e-01
7.879801943736004510e-01
7.879801645881260308e-01
7.879800504861701471e-01
7.879800712884530434e-01
7.879800437754630460e-01
7.879801432200542743e-01
7.879799827601821072e-01
7.879799838734510287e-01
7.879800013513438284e-01
7.879799420257049825e-01
7.879799378193955706e-01
7.879799310450570360e-01
7.879799111584843141e-01
7.879799600406824922e-01
7.879799147567571049e-01
7.879799438722484561e-01
7.879799395909794502e-01
7.879799111869848494e-01
7.879799002226584026e-01
7.879799068391771799e-01
7.879799021438420592e-01
7.879799625142949182e-01
7.879799832022291728e-01
7.879798366115309260e-01
7.879798056645554993e-01
7.879797926287389620e-01
7.879799366547030059e-01
7.879797898719130833e-01
7.879798195014179329e-01
7.879797528048814170e-01
7.879798020051631546e-01
7.879797231287219983e-01
7.879796850017671828e-01
7.879796827212517396e-01
7.879796534545704390e-01
7.879796743623044275e-01
7.879797729781595761e-01
7.879796699093652990e-01
7.879796229744067126e-01
7.879796327737873529e-01
7.879796239111167555e-01
7.879796287898181983e-01
7.879796875428810576e-01
7.879796599341402086e-01
7.879795299177105861e-01
7.879794989933948113e-01
7.879795027277418651e-01
7.879795418829128595e-01
7.879795116742139838e-01
7.879795638463084062e-01
7.879795087676423337e-01
7.879795869962545884e-01
7.879795138508970398e-01
7.879794090522070915e-01
7.879793875611711407e-01
7.879793830086532225e-01
7.879793753272738011e-01
7.879794020049747383e-01
7.879794872627033930e-01
7.879793735144198230e-01
7.879793577334707200e-01
7.879793946196852472e-01
7.879793783227555526e-01
7.879793565678833156e-01
7.879794115092126905e-01
7.879793165570289082e-01
7.879792387290908140e-01
7.879791464024014092e-01
7.879791902821965399e-01
7.879791217465046405e-01
7.879791272946883307e-01
7.879791069378742074e-01
7.879790989670335533e-01
7.879791066383480258e-01
7.879791004894101114e-01
7.879791063107214333e-01
7.879790595680181697e-01
7.879791210454607508e-01
7.879790529959178613e-01
7.879789430745196555e-01
7.879789065938509474e-01
7.879789150191898184e-01
7.879788539725512964e-01
7.879788322288144853e-01
7.879788317060083536e-01
7.879788473058956244e-01
7.879788719064706459e-01
7.879788018651513459e-01
7.879787412296525018e-01
7.879787101241957359e-01
7.879787178125510216e-01
7.879787476346948871e-01
7.879787186977503799e-01
7.879787150509398597e-01
7.879787143499767943e-01
7.879786441143695752e-01
7.879786468585592285e-01
7.879786726542723496e-01
7.879786315319747825e-01
7.879786169757653225e-01
7.879785753473611543e-01
7.879784899133612797e-01
7.879785101137083414e-01
7.879784849290517590e-01
7.879784930744461180e-01
7.879785159609218326e-01
7.879784543563038701e-01
7.879784860496081844e-01
7.879784132603853131e-01
7.879784265540107357e-01
7.879784184294109650e-01
7.879784301362408039e-01
7.879784220076968548e-01
7.879784305318392468e-01
7.879784134879183055e-01
7.879784780118639365e-01
7.879784395402344988e-01
7.879783901121361067e-01
7.879783777119667709e-01
7.879783566694447128e-01
7.879783632297824303e-01
7.879783628172317700e-01
7.879783931267985153e-01
7.879783375504303411e-01
7.879783405669691376e-01
7.879783371113653345e-01
7.879783264101518636e-01
7.879782652135324250e-01
7.879782973248300459e-01
7.879782868530242901e-01
7.879782545950294592e-01
7.879782885877000265e-01
7.879781784123907062e-01
7.879782182463402895e-01
7.879781842635470435e-01
7.879781762715929450e-01
7.879781723798883197e-01
7.879782217632864683e-01
7.879782223488095427e-01
7.879782349444913736e-01
7.879781899753984797e-01
7.879781059794401799e-01
7.879780698300732356e-01
7.879780745657508634e-01
7.879780649647213364e-01
7.879780582215720752e-01
7.879780996709890850e-01
7.879780620794692991e-01
7.879781327805422952e-01
7.879780526177833089e-01
7.879781079264244203e-01
7.879780633516252353e-01
7.879781440839263018e-01
7.879780266536212663e-01
7.879779897291194768e-01
7.879779946217292386e-01
7.879780112282007698e-01
7.879779992631387175e-01
7.879780536406471025e-01
7.879779971187593768e-01
7.879780184028991608e-01
7.879780283106454508e-01
7.879781601042866734e-01
7.879779876405100802e-01
7.879779662993164902e-01
7.879779718082046136e-01
7.879779667210572436e-01
7.879779695204672807e-01
7.879779733339840053e-01
7.879779729164423374e-01
7.879779915439089066e-01
7.879779566640608968e-01
7.879779545955730713e-01
7.879779668103611412e-01
7.879779590948400303e-01
7.879779553463489572e-01
7.879779417389145557e-01
7.879779281577180550e-01
7.879779225718643865e-01
7.879779150669607990e-01
7.879779181090820206e-01
7.879779214948945398e-01
7.879779095801624500e-01
7.879779113147752367e-01
7.879779078636455214e-01
7.879779306871270705e-01
7.879778921216290533e-01
7.879778786713720340e-01
7.879779111292574134e-01
7.879778590191461873e-01
7.879778510148612858e-01
7.879778376019198616e-01
7.879778486518714820e-01
7.879778194499387212e-01
7.879778194580863149e-01
7.879778188717206922e-01
7.879778189077801809e-01
7.879778211579536729e-01
7.879778158430377211e-01
7.879778060396127604e-01
7.879777907763499956e-01
7.879777910832300725e-01
7.879778033744122556e-01
7.879777910093944682e-01
7.879777787103185993e-01
7.879777779524944625e-01
7.879777660489013513e-01
7.879777834747988541e-01
7.879777626930443146e-01
7.879777578261129012e-01
7.879777569307429008e-01
7.879777741102503841e-01
7.879777509318963702e-01
7.879777483161459761e-01
7.879777799814998707e-01
7.879777174964417430e-01
7.879777029067033256e-01
7.879776944626988300e-01
7.879777085227696043e-01
7.879776999442481555e-01
7.879776958301091261e-01
7.879777009682478184e-01
7.879777033817780829e-01
7.879776986390231164e-01
7.879776947496859307e-01
7.879776944276912776e-01
7.879776888253737788e-01
7.879777067819540015e-01
7.879776996035123826e-01
7.879777146306705671e-01
7.879776912771280228e-01
7.879776876381617834e-01
7.879776848277550982e-01
7.879776605636565900e-01
7.879776350123259832e-01
7.879776242963394406e-01
7.879776401075433423e-01
7.879776309996519013e-01
7.879776042755024523e-01
7.879775938466622165e-01
7.879775850409532767e-01
7.879775699153142021e-01
7.879775651410427795e-01
7.879775627595571041e-01
7.879775780756171910e-01
7.879775603844899612e-01
7.879775573741794048e-01
7.879775554972267004e-01
7.879775645155430164e-01
7.879775572821676732e-01
7.879775548182850198e-01
7.879775581953103458e-01
7.879775581363908099e-01
7.879775512065476661e-01
7.879775581889150171e-01
7.879775390657505207e-01
7.879775261973850364e-01
7.879775281064880232e-01
7.879775372851410831e-01
7.879775382523570570e-01
7.879775323422053557e-01
7.879775355348719312e-01
7.879775200098571020e-01
7.879775032961621184e-01
7.879775169564759985e-01
7.879775018651109519e-01
7.879775125425548810e-01
7.879774982236433800e-01
7.879775013172046760e-01
7.879775048201289600e-01
7.879775050477235698e-01
7.879775015210622735e-01
7.879774970108470722e-01
7.879774932769634255e-01
7.879775122745551474e-01
7.879774867815347861e-01
7.879775232463598345e-01
7.879774943653873320e-01
7.879774709919945552e-01
7.879774723777069889e-01
7.879774752511604641e-01
7.879774785940292237e-01
7.879774680741065129e-01
7.879774943622467331e-01
7.879774687306444481e-01
7.879774670770866019e-01
7.879774783973440000e-01
7.879774608880761866e-01
7.879774633097638148e-01
7.879774744948127019e-01
7.879774610944516589e-01
7.879774702682369458e-01
7.879774575609663767e-01
7.879774504682185432e-01
7.879774585378097607e-01
7.879774515925215272e-01
7.879774509664704274e-01
7.879774611340520929e-01
7.879774462584909767e-01
7.879774534235680639e-01
7.879774538442402276e-01
7.879774662588096001e-01
7.879774385885454091e-01
7.879774394431823259e-01
7.879774467229703205e-01
7.879774343042236229e-01
7.879774379230662928e-01
7.879774367023024695e-01
7.879774216594758185e-01
7.879774348209984680e-01
7.879774202590491550e-01
7.879774302739603886e-01
7.879774196797929564e-01
7.879774130711231228e-01
7.879774175125701108e-01
7.879774688319501896e-01
7.879774208483119047e-01
7.879773878093536688e-01
7.879773813636047342e-01
7.879773845981316027e-01
7.879774068091248695e-01
7.879773872295604553e-01
7.879773741810225385e-01
7.879773872540651869e-01
7.879773695487790608e-01
7.879773778215095614e-01
7.879773681419737219e-01
7.879773696574280395e-01
7.879773750994643056e-01
7.879773807670641395e-01
7.879773593026823120e-01
7.879773686199236238e-01
7.879773603847270991e-01
7.879773685458033583e-01
7.879773572555370809e-01
7.879773735332451512e-01
7.879773678785648716e-01
7.879773839648566147e-01
7.879773468377664347e-01
7.879773237337472924e-01
7.879773253319080073e-01
7.879773251527739664e-01
7.879773369955888063e-01
7.879773208111909844e-01
7.879773306698129032e-01
7.879773193334962400e-01
7.879773153019601351e-01
7.879773162035300649e-01
7.879773205960690641e-01
7.879773164717899236e-01
7.879773154032576610e-01
7.879773136398151578e-01
7.879773033514209102e-01
7.879773037732126229e-01
7.879773071752611546e-01
7.879772978410718443e-01
7.879773001724559300e-01
7.879772971826219941e-01
7.879772946702745529e-01
7.879773115333286171e-01
7.879772956319525123e-01
7.879772998997122135e-01
7.879772942897944610e-01
7.879772858585537554e-01
7.879772896863024290e-01
7.879772833584895997e-01
7.879772829467593942e-01
7.879772933662371193e-01
7.879772853227299256e-01
7.879772864611157557e-01
7.879772853646065389e-01
7.879772817350654268e-01
7.879772872457473376e-01
7.879773165653999323e-01
7.879772774946461888e-01
7.879772630003891720e-01
7.879772712017786285e-01
7.879772562257925106e-01
7.879772478329789553e-01
7.879772430308711328e-01
7.879772456896741994e-01
7.879772504137187994e-01
7.879772482353905039e-01
7.879772519254136798e-01
7.879772395431648979e-01
7.879772376994770289e-01
7.879772171496354227e-01
