9.898127963840043231e-01
9.922124971612068522e-01
9.897165408234511741e-01
1.019897484892564821e+00
1.035392935640111034e+00
1.038221011938947669e+00
9.907829816982004489e-01
9.851743954836483796e-01
9.747460410243588003e-01
9.749228322897400822e-01
9.748095295596086451e-01
9.758541232610153937e-01
9.814828790682251780e-01
9.854186306720978950e-01
9.849137693436162966e-01
9.748053437848278602e-01
9.829578035982134976e-01
1.012784101240271628e+00
9.710702749608511875e-01
9.724729266823052276e-01
9.696045956684467004e-01
9.695147043842137213e-01
9.811876256996538981e-01
9.697724276325028203e-01
1.024789670530654506e+00
9.988756826571444369e-01
9.636109853426074734e-01
9.695315651305131954e-01
9.636109853426075844e-01
9.636109853426074734e-01
9.642977533479533125e-01
9.471836048484789661e-01
9.856344755791001111e-01
9.626924173457234168e-01
9.471836048484787440e-01
9.462616445442619817e-01
9.978792609027574700e-01
9.526541124818250772e-01
9.462616445442619817e-01
9.462616445442619817e-01
9.462616445442619817e-01
9.698771131187533534e-01
1.002975240254134315e+00
1.049072623800139104e+00
9.748140761742386529e-01
9.462616445442619817e-01
9.462616445442619817e-01
9.462616445442619817e-01
9.462616445442619817e-01
9.462616445442619817e-01
9.677926223463364508e-01
9.660197983847774728e-01
9.462616445442623148e-01
9.462616445442619817e-01
9.462616445442619817e-01
1.046132570954075636e+00
9.462616445442619817e-01
9.462616445442619817e-01
9.213834083232048666e-01
9.387821875274421357e-01
9.200387636843883055e-01
9.385004215066888866e-01
9.320970674801400957e-01
9.697486893934594843e-01
9.588471978700622289e-01
9.076991624115609003e-01
9.080082150462599477e-01
9.252099395111424984e-01
9.061615168482551885e-01
8.973471697806858494e-01
8.975580523704345115e-01
9.018782903046426158e-01
8.959800622397563474e-01
8.954850283263727784e-01
8.956454737303406466e-01
8.963267612509918658e-01
8.953704151508975473e-01
8.960570013390372068e-01
8.940196841942182893e-01
8.981511030171169807e-01
8.897244912104756986e-01
8.934213281203268187e-01
8.966668741974669343e-01
8.853922827833136111e-01
8.856728539031460956e-01
8.883788218345929355e-01
8.914882570736011314e-01
9.040273497335290509e-01
8.859591701461595470e-01
8.997501216440314531e-01
8.853922827833136111e-01
9.075857470333090760e-01
8.530230497820444624e-01
8.709997437504629625e-01
8.530230497820447955e-01
9.310332293322235442e-01
8.577751947520260156e-01
8.382346614140873120e-01
8.533071031763213021e-01
8.219500957562567711e-01
8.103289326243925395e-01
7.952760998128466374e-01
7.941644894541125543e-01
8.252196551054592488e-01
7.941644894541122213e-01
7.902472241072996395e-01
7.902472241072996395e-01
7.789550184297093782e-01
7.789550184297093782e-01
7.760357576750435138e-01
7.760357576750432917e-01
7.745715183097320322e-01
7.745715183097320322e-01
7.763788577440219330e-01
7.745715183097320322e-01
7.784160546210342480e-01
7.745715183097322543e-01
7.869811710208670652e-01
7.892408617029338380e-01
8.089202328826853305e-01
7.711983213411832683e-01
7.804747060754212429e-01
7.834690278785620965e-01
9.566334880976133936e-01
7.729365204931264444e-01
7.714659212272965139e-01
7.922082424779546272e-01
7.311103373812921635e-01
7.415648024684805550e-01
8.426810536006292818e-01
7.356080439293611883e-01
7.227158006870263440e-01
7.237055501584588324e-01
7.138823109760084051e-01
7.154100118785959861e-01
7.579362369317935721e-01
7.132949115593937295e-01
7.136814622558741439e-01
7.154415295612853720e-01
6.849294531506312511e-01
6.955089087749601884e-01
6.310260769078641641e-01
6.276663261607969835e-01
6.119588546475482893e-01
6.213999330099863050e-01
5.569910929792977194e-01
6.088821424009275285e-01
5.733635004592662066e-01
6.102035989339603672e-01
5.477727649617595285e-01
5.668902869160634683e-01
5.484614983301571156e-01
5.997005845447317407e-01
6.102451951008435183e-01
5.515236186016784226e-01
5.477727649617591954e-01
5.688636667711092221e-01
5.662307465106659610e-01
5.877957534966613551e-01
5.791242862334777808e-01
5.619032697569968926e-01
5.487405046624068694e-01
6.111243382228164212e-01
5.477727649617600836e-01
6.776368562226926517e-01
5.600534094728688572e-01
5.423561628881150565e-01
5.423561628881150565e-01
5.617354256813040791e-01
5.423561628881145014e-01
5.377425608561716697e-01
5.377425608561726689e-01
5.413115400212700212e-01
5.387624968476758536e-01
5.348128952550722515e-01
5.375150220815193558e-01
6.972844501651261906e-01
5.540339063304650091e-01
5.721256861918269099e-01
5.348128952550725845e-01
5.752742311188877578e-01
5.348128952550724735e-01
5.431922657624324025e-01
5.348128952550721404e-01
5.384987862088920219e-01
5.380240408895371473e-01
5.470273442993331958e-01
5.388126637193243473e-01
5.376650675090259845e-01
5.449059170771285432e-01
5.169244490778537315e-01
5.166082708249832844e-01
5.581053140629621545e-01
5.233027319828402746e-01
5.159919754140739334e-01
5.262203451410979449e-01
5.720648404620671812e-01
5.178138019494933353e-01
5.605807305770815763e-01
5.140665056812642186e-01
6.366421123626164746e-01
5.353301569814182814e-01
5.846675714766979004e-01
5.112800137972283165e-01
5.995987624338937616e-01
5.199666045437705275e-01
5.585698160559294800e-01
5.110691403751453921e-01
5.955072999308511639e-01
5.116647401760813230e-01
5.524731175716465215e-01
5.185297426266366472e-01
5.664328793110607885e-01
5.169029788410559600e-01
5.621756280489533797e-01
5.224444260241338789e-01
7.460466203035880373e-01
5.108444440093874439e-01
5.709702345476366236e-01
4.996960325269595438e-01
5.873313854211094087e-01
5.001504450525624534e-01
5.453878329119257184e-01
4.996960325269598213e-01
6.714497570743190868e-01
4.996960325269603209e-01
5.235334087598735309e-01
5.166160325845561285e-01
5.971723800937537296e-01
4.996960325269595438e-01
4.992340055484560390e-01
4.992340055484548178e-01
4.953192487775573416e-01
4.976871974083689754e-01
5.062894303801691587e-01
4.953192487775592845e-01
5.089063325345994926e-01
5.015634057739999374e-01
4.913122552439793678e-01
4.987199148735381726e-01
5.367935425840458796e-01
4.873282384606384410e-01
4.982580030593596887e-01
4.873282384606381079e-01
5.085406305663062732e-01
4.873282384606386075e-01
5.009710186414301214e-01
4.873282384606388296e-01
5.525602965976708081e-01
4.921616924512758895e-01
5.259081657948263544e-01
4.879761183084076470e-01
5.249958288042493315e-01
4.961543049546269235e-01
5.264218628477845829e-01
5.014365090529175895e-01
5.646986575788682794e-01
5.172654410160409943e-01
4.955003732219226409e-01
4.859644606826220015e-01
6.435763379508807613e-01
5.185304979940229542e-01
5.154310228845351283e-01
4.880461259959169018e-01
5.334966509391967371e-01
4.845440311682196466e-01
5.423607085140891293e-01
4.833514585252051132e-01
5.589718785244032206e-01
4.985173469135496527e-01
7.157181004411172776e-01
4.856914052589995090e-01
5.232577607887084481e-01
4.866091347098931430e-01
5.562130784324890165e-01
4.922479584600695790e-01
5.077040254661968621e-01
4.853302693683487212e-01
5.131713883574980928e-01
4.968360421992623066e-01
5.232244182525969123e-01
4.925040744987348451e-01
5.010813766727209018e-01
4.828581122520262947e-01
5.022914325177573192e-01
4.828581122520252955e-01
4.785769746816339598e-01
4.785769746816341264e-01
4.826996746898418733e-01
4.785769746816341819e-01
4.900503298395476603e-01
4.897553319536021577e-01
4.806031257400600332e-01
4.785769746816344594e-01
4.799546384425532608e-01
4.893539273110489307e-01
5.163360879508793744e-01
4.892465402690974741e-01
5.115179322384197924e-01
4.861095366776918558e-01
5.525811337179372673e-01
4.885561859606363799e-01
4.785769746816335157e-01
4.777033692870327752e-01
4.781373192420367291e-01
4.822325328210800843e-01
4.819059043210222604e-01
4.821758307421225020e-01
4.767725879470848804e-01
5.268730350338456381e-01
4.856121748058084830e-01
4.850103698114763828e-01
4.740097625941669945e-01
4.860187528281805225e-01
4.726828484881647752e-01
5.031441728273238212e-01
4.704154219624840927e-01
5.155304912057266931e-01
4.750651697323927114e-01
4.821714071454984984e-01
4.732819129176802919e-01
4.976115649988479550e-01
4.700946980472100467e-01
4.769471197260755635e-01
4.675355304912402477e-01
4.754312267064162434e-01
4.674971840753737173e-01
4.755573557878128854e-01
4.673619701606667176e-01
4.710179870610640696e-01
4.673619701606667176e-01
4.864420884032714110e-01
4.697122709705568444e-01
4.845407171676176517e-01
4.678273808047448967e-01
4.777294392221151931e-01
4.646821135349256116e-01
4.728807212709957297e-01
4.690207241519895875e-01
4.776500984441153785e-01
4.649678415962867906e-01
4.836327112982135579e-01
4.695801870290802760e-01
4.784035587910738796e-01
4.638227744509099137e-01
4.722259310927232612e-01
4.638227744509096362e-01
4.687048574174921822e-01
4.644351290387460085e-01
4.646979454243211904e-01
4.637657546171226608e-01
4.639246208735017252e-01
4.624415791221772043e-01
4.784223039449675419e-01
4.655593969046633585e-01
4.787884009348489234e-01
4.624415791221770933e-01
4.791124684494778019e-01
4.624415791221772043e-01
4.655545419338848467e-01
4.624415791221774263e-01
4.694389543811719467e-01
4.624415791221773708e-01
4.710398539080485891e-01
4.629245328533828086e-01
4.858105354772337403e-01
4.643961043245443676e-01
4.769860819734638158e-01
4.621505257546204559e-01
4.993792327331516567e-01
4.646378131623876140e-01
4.710702912850958102e-01
4.661043599062706932e-01
4.743542728470851455e-01
4.638199861507650290e-01
4.832823654644421429e-01
4.766013587719190037e-01
4.628662325861835347e-01
4.649166023660307179e-01
4.618649400308657005e-01
4.632087172435437883e-01
4.652521197837117262e-01
4.626979014518675659e-01
4.621470967351311021e-01
4.631842238700927816e-01
4.623203888218692659e-01
4.644297321063440842e-01
4.612940731753636947e-01
4.642003482144487769e-01
4.609843112088513606e-01
4.662356079986375579e-01
4.630959320428144066e-01
4.666663268851752311e-01
4.594942592012237204e-01
4.624615358332045956e-01
4.583295745595754589e-01
4.610981499768740388e-01
4.580871052631375062e-01
4.588125405321072936e-01
4.582300210854202693e-01
4.606063418098537698e-01
4.584956807361158515e-01
4.589526830194270990e-01
4.585658906655427636e-01
4.625262192595774313e-01
4.583635621108915759e-01
4.611724049435149686e-01
4.583322245589534494e-01
4.616240890824738763e-01
4.584961655510539913e-01
4.639386341183976969e-01
4.580871052631373397e-01
4.600236194765361386e-01
4.574794365104440375e-01
4.589985529598357705e-01
4.574831114738969751e-01
4.616808247947957189e-01
4.573306128227960232e-01
4.613650488626451773e-01
4.572736582708379349e-01
4.600894512352137200e-01
4.578939598395558863e-01
4.706319959841560041e-01
4.577278683973997619e-01
4.599596032890435060e-01
4.571016478442273545e-01
4.597712510909476857e-01
4.573002503692641385e-01
4.582541500170316806e-01
4.573497920280068518e-01
4.587757374896384022e-01
4.576072851130493224e-01
4.653716812181840079e-01
4.570370337753358880e-01
4.642960246119033907e-01
4.556730670531416449e-01
4.574171022555617583e-01
4.565903112453598145e-01
4.576936305196732668e-01
4.557552340962837678e-01
4.580971518801016940e-01
4.548881730018199954e-01
4.575463728464527202e-01
4.541822874177354197e-01
4.559933877882315079e-01
4.553323763245104572e-01
4.567906286738147026e-01
4.555869857185940730e-01
4.585567592673404080e-01
4.546953675762401836e-01
4.576973194089077879e-01
4.561856128387922205e-01
4.607941727323808800e-01
4.542164999879642062e-01
4.539765234336757271e-01
4.543404302522177085e-01
4.538424730967967058e-01
4.542997680626340018e-01
4.542121934483795975e-01
4.545368919918255091e-01
4.539300450723466884e-01
4.556904122331860152e-01
4.542780589335870256e-01
4.548270984415792584e-01
4.553553824748925449e-01
4.535540005655078200e-01
4.547684432451409298e-01
4.529240658100490147e-01
4.522435102786874217e-01
4.537040456706539215e-01
4.518512245542946060e-01
4.521358947402961403e-01
4.518865734880910812e-01
4.543136115975326961e-01
4.517989118318019304e-01
4.516515811714261197e-01
4.517182082066326654e-01
4.534304083084055303e-01
4.517742215067465650e-01
4.520366929951473156e-01
4.516604559065233171e-01
4.507777963964354484e-01
4.506366505532957700e-01
4.506294602323664411e-01
4.506565996707869171e-01
4.504706647176135448e-01
4.504589956785097771e-01
4.512048499439519911e-01
4.504081624591140809e-01
4.512473685947932522e-01
4.505062623124220789e-01
4.510122319181572026e-01
4.511396631789424960e-01
4.506050462342668372e-01
4.501949019030694332e-01
4.503870183765262825e-01
4.500148344652803445e-01
4.499379457482431399e-01
4.496417181197590596e-01
4.491711145597175880e-01
4.495128397628911920e-01
4.488144191177694808e-01
4.488567988107345919e-01
4.489952906817234468e-01
4.494812456948104606e-01
4.508815591736322625e-01
4.490287770289010383e-01
4.500352905685195970e-01
4.489983633902328575e-01
4.485787725996291386e-01
4.485999263763612577e-01
4.495848419861537271e-01
4.487811659190217295e-01
4.498968248734532271e-01
4.479183341355363335e-01
4.484140780274430416e-01
4.481012760718749433e-01
4.501490825729869694e-01
4.477792251245713562e-01
4.484752821463645067e-01
4.477866077477695717e-01
4.488861953660598370e-01
4.479829299679319310e-01
4.482776288012287336e-01
4.476898758139010170e-01
4.468388538946942434e-01
4.478154025547168016e-01
4.451050051701274657e-01
4.461431462572958417e-01
4.445472255057046906e-01
4.451252823609659903e-01
4.442347912249602904e-01
4.443005382180461593e-01
4.438565713347137898e-01
4.440192963032424944e-01
4.430196465051510768e-01
4.458171732081590011e-01
4.458331065692157646e-01
4.429161810231319607e-01
4.426061748266543749e-01
4.424376364479798984e-01
4.407402301487277629e-01
4.408949195879139360e-01
4.404417244014030564e-01
4.404638174616658519e-01
4.407340067003494011e-01
4.415550680564005459e-01
4.425444566886768683e-01
4.405239238730461193e-01
4.406682967331473355e-01
4.407879910948273028e-01
4.401868848249268495e-01
4.401955093933648255e-01
4.404031960073434560e-01
4.401988787344701670e-01
4.401311230081896286e-01
4.401850698953508334e-01
4.403064253570229680e-01
4.397727325484215299e-01
4.389532249614853110e-01
4.388926790004253342e-01
4.387880022734462204e-01
4.385268053712280123e-01
4.386030469752550398e-01
4.390249984365565128e-01
4.389430164097881670e-01
4.382998605206632203e-01
4.394532678156305439e-01
4.380630917572122529e-01
4.382230091844170339e-01
4.385013883141312130e-01
4.386264743141040645e-01
4.381183069561498389e-01
4.378880896598416617e-01
4.380979043343385393e-01
4.386691213337791662e-01
4.379899026141456653e-01
4.398557491298435984e-01
4.380620148396374702e-01
4.381976930493658995e-01
4.378066868156123559e-01
4.382550834431368503e-01
4.375334235375598069e-01
4.451534257390119542e-01
4.365703008810957186e-01
4.368120927836279255e-01
4.368053948540961962e-01
4.354682894272918769e-01
4.352067468626750202e-01
4.357395513449845992e-01
4.352136986106766581e-01
4.355076828676451295e-01
4.347948742948470890e-01
4.377102118070400616e-01
4.346810031556447296e-01
4.344062967096706251e-01
4.343949678487755706e-01
4.358570956682207287e-01
4.342228064235607587e-01
4.346114122667630864e-01
4.348574064782524395e-01
4.357624147718474061e-01
4.341056204105279148e-01
4.342824593531180999e-01
4.345241134428013963e-01
4.351307429625032586e-01
4.340229958700896340e-01
4.345100739005178792e-01
4.339415280129978458e-01
4.338677574905567269e-01
4.337620546664895937e-01
4.353228939769065442e-01
4.339982651867093644e-01
4.343624073929035490e-01
4.338357400070459446e-01
4.339860418863961122e-01
4.341673420218252755e-01
4.346042840936617524e-01
4.340572207727116383e-01
4.340465941971994868e-01
4.336711689237309764e-01
4.342602600932183310e-01
4.340273973529575335e-01
4.335584476452656877e-01
4.335506062324688825e-01
4.346627451859863545e-01
4.334241827909581235e-01
4.336027277319914885e-01
4.338112680642778884e-01
4.359420287860837351e-01
4.338309555606036372e-01
4.330312649140936054e-01
4.335196261615613667e-01
4.334270682480278469e-01
4.326845898033748194e-01
4.330353708780870226e-01
4.327947874306857790e-01
4.326037613258322256e-01
4.328893981277531777e-01
4.338248054175610213e-01
4.332222317455524108e-01
4.321120589461344697e-01
4.321091879313417872e-01
4.352854426991077941e-01
4.316642974835599444e-01
4.301087414249591956e-01
4.300001678955741591e-01
4.300598066437396061e-01
4.318773414436175573e-01
4.299752325310127743e-01
4.334020910691014916e-01
4.297692286247759563e-01
4.309219930808902421e-01
4.290897025570434842e-01
4.295102840447896364e-01
4.289437398924206279e-01
4.307933330644437842e-01
4.292956427145580012e-01
4.282327814844367753e-01
4.282627349767241243e-01
4.281081022256673640e-01
4.280160214005797603e-01
4.293426278661495177e-01
4.282168741929712752e-01
4.282477517998260486e-01
4.282079963236945508e-01
4.282149946992429568e-01
4.280443607659078498e-01
4.287736815251503297e-01
4.282067939428212400e-01
4.282276599831343900e-01
4.283006549627994541e-01
4.284588802151287901e-01
4.284592256244936226e-01
4.277064320671750131e-01
4.274460024229005950e-01
4.280131383877111007e-01
4.276020353792834849e-01
4.285632510426791719e-01
4.277860795343608191e-01
4.286754876724066521e-01
4.274261033166598112e-01
4.275173437700200418e-01
4.273820831063581682e-01
4.294957266965866438e-01
4.276101705110778584e-01
4.269153501656880456e-01
4.269880593652217726e-01
4.264174026104236015e-01
4.265228160386528300e-01
4.281679932409471201e-01
4.262124813164921977e-01
4.267102978806353031e-01
4.262819591277266507e-01
4.268024530703036779e-01
4.263346332401790617e-01
4.271406725471011412e-01
4.262348931692737097e-01
4.264645897135312391e-01
4.266812493525797834e-01
4.269637343547518782e-01
4.262339164594142749e-01
4.271337713444984252e-01
4.290294057106703862e-01
4.257294870361822414e-01
4.260975781754210989e-01
4.254147373954059730e-01
4.251277932103334489e-01
4.271866137847237788e-01
4.254134414447031109e-01
4.267580451459703772e-01
4.250398609937485195e-01
4.250174364004065120e-01
4.249490209056042689e-01
4.274663842430140859e-01
4.248736963166663827e-01
4.263852321192422301e-01
4.250355854224708851e-01
4.270826927934741057e-01
4.244549659230243965e-01
4.258416392025659580e-01
4.246553369344059359e-01
4.243659353591023309e-01
4.250837706737672361e-01
4.235901532418641091e-01
4.238396226961291258e-01
4.240015949023183128e-01
4.237328496929659849e-01
4.238098268299299032e-01
4.237944363666058534e-01
4.241176959782766431e-01
4.236269413713807386e-01
4.241504675149649906e-01
4.244632131188663671e-01
4.232028249030083122e-01
4.231999146895079611e-01
4.242914860374386588e-01
4.234432715142054660e-01
4.232298329441286922e-01
4.238572413147075890e-01
4.241034091002626183e-01
4.231918692977202356e-01
4.234337535513568174e-01
4.227885627277880309e-01
4.240551535132270344e-01
4.237427904800517564e-01
4.230028861336226909e-01
4.238283526931342915e-01
4.207583299064409088e-01
4.211621952738150987e-01
4.245030751411012493e-01
4.207693579191810751e-01
4.215943729973366527e-01
4.208653572778893737e-01
4.213539901823737388e-01
4.208738917748308661e-01
4.219093011953460315e-01
4.206869506191905361e-01
4.219251214513931036e-01
4.208199941352364637e-01
4.214786937573700709e-01
4.206864509006008057e-01
4.210080259052944029e-01
4.205145579536694878e-01
4.220439729140516572e-01
4.204396851577761884e-01
4.215368066474982078e-01
4.205934269101651024e-01
4.216475423205651718e-01
4.205850031268886791e-01
4.215351582050262391e-01
4.205029224620671080e-01
4.207983717139646695e-01
4.207453633583980168e-01
4.208476222524470955e-01
4.206261618178873674e-01
4.205520086737783991e-01
4.204079292828982739e-01
4.208161557592791091e-01
4.203608917818242863e-01
4.210352984400521636e-01
4.203153228415849041e-01
4.215517640524351628e-01
4.205136728300610804e-01
4.209800462722196879e-01
4.208499386784588792e-01
4.204547883116334095e-01
4.208684644212534187e-01
4.220486363922791861e-01
4.201815157164946468e-01
4.206081926244456537e-01
4.204086843431895648e-01
4.207557888562384329e-01
4.200542605740140156e-01
4.196839542529233746e-01
4.199074588047860823e-01
4.216751037042609784e-01
4.200820576985104249e-01
4.196757593343635739e-01
4.195865710021404738e-01
4.203114145245396838e-01
4.199544028261740225e-01
4.205557728531940653e-01
4.198311380682965277e-01
4.207310719648644226e-01
4.203732234207440133e-01
4.207706855619194886e-01
4.202852220544570083e-01
4.216477005443654003e-01
4.198075322277466381e-01
4.199995052803816020e-01
4.201779809696833401e-01
4.207254849667321217e-01
4.200758549214057558e-01
4.208977572181828442e-01
4.195555378087994503e-01
4.205445030791636896e-01
4.197654031573263000e-01
4.196536400918274290e-01
4.197334706318908149e-01
4.187252361907171649e-01
4.188324925715630753e-01
4.189177055437225961e-01
4.186989119087843325e-01
4.190660253021161741e-01
4.184482792002066076e-01
4.182726727850106796e-01
4.182406576260787601e-01
4.182095674289262321e-01
4.182235103999313308e-01
4.198643886412453674e-01
4.191670272894389426e-01
4.187197353932023414e-01
4.180185524730005708e-01
4.182317375887344979e-01
4.180289247103862738e-01
4.179592477059862476e-01
4.179325000280912916e-01
4.190313481601394274e-01
4.180135406650666852e-01
4.181050875780330522e-01
4.180254299673420992e-01
4.182788522877681214e-01
4.179400016224812942e-01
4.185070463231357896e-01
4.178435564209874720e-01
4.185957907697587244e-01
4.180062230044542249e-01
4.187226305209952870e-01
4.180367799067203349e-01
4.184729747948124912e-01
4.178399614310522314e-01
4.195420166512996429e-01
4.177665812836870440e-01
4.185140195619978520e-01
4.179694210944590038e-01
4.183531197995013495e-01
4.179307675033526737e-01
4.194703529533058139e-01
4.176305546206892649e-01
4.194249840144807506e-01
4.177209486992276011e-01
4.182664401940280885e-01
4.179396564374891487e-01
4.183635255895857274e-01
4.179893004281233226e-01
4.178225212930867793e-01
4.174729024663118571e-01
4.184029176811707162e-01
4.176541514260257992e-01
4.181976927382959341e-01
4.180432610038476993e-01
4.177536677715455449e-01
4.174836958138565812e-01
4.183105476020239633e-01
4.175847782432982602e-01
4.182230919494429600e-01
4.176826513458359869e-01
4.219745125190970669e-01
4.179601815870044312e-01
4.166810162456263122e-01
4.171913030923095067e-01
4.187080456153586261e-01
4.167648506469782688e-01
4.163416775098059408e-01
4.164672174380746328e-01
4.171931638344497650e-01
4.163699035919501967e-01
4.171195115468094849e-01
4.161920369209686221e-01
4.186245219367371595e-01
4.161915323019284019e-01
4.163930328980387507e-01
4.167900581159726947e-01
4.160490492663385664e-01
4.159769583100471624e-01
4.166044846830691539e-01
4.161312152717132617e-01
4.162489252618698510e-01
4.160878800429109181e-01
4.169757905031500345e-01
4.160947715293131233e-01
4.174683468430415156e-01
4.161168376708528349e-01
4.163135703259352449e-01
4.159587199260930679e-01
4.166274923399889696e-01
4.159043587959397881e-01
4.156474027964515705e-01
4.159661595394179567e-01
4.197753805081517187e-01
4.157913461288981760e-01
4.163708278895120740e-01
4.156296815124666533e-01
4.163869943963732778e-01
4.157770273240294356e-01
4.163833532250946212e-01
4.159922093792545184e-01
4.162709292812711293e-01
4.158197363981644412e-01
4.158121748038666188e-01
4.155002040505680894e-01
4.153969329012741629e-01
4.150367161381678938e-01
4.152762057877759649e-01
4.151306163301761165e-01
4.161504149197402525e-01
4.152022638765004992e-01
4.158401935900573609e-01
4.156898752201715341e-01
4.167353326497362787e-01
4.151772508308763099e-01
4.169578148990745747e-01
4.153596882262990952e-01
4.156653421595533082e-01
4.151557111404396427e-01
4.152814537936725947e-01
4.152914017579515393e-01
4.161404104198484499e-01
4.159571406082293032e-01
4.156433246154237482e-01
4.150889701396789366e-01
4.149289420119414706e-01
4.148971698266679664e-01
4.153410670499785295e-01
4.150906623720438393e-01
4.150692556917591758e-01
4.157217353229166190e-01
4.149559181559424048e-01
4.149799070180782978e-01
4.157536526193553739e-01
4.150358921959281799e-01
4.150179024802744254e-01
4.149403700563754627e-01
4.151395169614903180e-01
4.146402219922177834e-01
4.139726496749872031e-01
4.143441005807746991e-01
4.140762446359562143e-01
4.141880327289854113e-01
4.144606563000886035e-01
4.138467243407621954e-01
4.138883050141372588e-01
4.137159627109333049e-01
4.136706371182815589e-01
4.137789611384299349e-01
4.136690691046683299e-01
4.134033239016660644e-01
4.133437964583990265e-01
4.139837431738267459e-01
4.136189322066761709e-01
4.136678588447639804e-01
4.136642575646433118e-01
4.135380050120399664e-01
4.137444113818193880e-01
4.133744197582952529e-01
4.138703598975019826e-01
4.134110673639971867e-01
4.140992822593579370e-01
4.134945455993391250e-01
4.152375021965576396e-01
4.132589140195528921e-01
4.136169026638576440e-01
4.133131220943802031e-01
4.144554238060169649e-01
4.132604261061151862e-01
4.136199731930975121e-01
4.134562435758007415e-01
4.144413700559611557e-01
4.129531847099943143e-01
4.144368890599019473e-01
4.127324237899536730e-01
4.141029050946617995e-01
4.129663696765055181e-01
4.130185803584745519e-01
4.130888005742840430e-01
4.133456789306905188e-01
4.128781589197310642e-01
4.129964636776377040e-01
4.127637975452446706e-01
4.127199059765064293e-01
4.130669074586666989e-01
4.130305611051711123e-01
4.129699490424668107e-01
4.137920361187374385e-01
4.133340386605264816e-01
4.127787663516039873e-01
4.126058980451575708e-01
4.136239926115984344e-01
4.126347644918634261e-01
4.134077073751287190e-01
4.127159875843099957e-01
4.129143496624882448e-01
4.127350873126297559e-01
4.128709669017541217e-01
4.133294428993742331e-01
4.143636144422363499e-01
4.126049645254634135e-01
4.124913648328720206e-01
4.126358500917706174e-01
4.131985389258263086e-01
4.125169248325938343e-01
4.131858200033005635e-01
4.126053193579306555e-01
4.131532388331577987e-01
4.124607231289535436e-01
4.130198477291154857e-01
4.127272282529637626e-01
4.120458426618843761e-01
4.119895479575593766e-01
4.124899386592463246e-01
4.120657513440971753e-01
4.129341539801676952e-01
4.122442463552203340e-01
4.129599375106975390e-01
4.123325966594467706e-01
4.126916918778185117e-01
4.123271573996496464e-01
4.127434974254429734e-01
4.121410919419690733e-01
4.123574441681477909e-01
4.119231213303290451e-01
4.123017511757106068e-01
4.120424457299660115e-01
4.123963372211797429e-01
4.120480694589236936e-01
4.123391320551342831e-01
4.121214929946810934e-01
4.126143694952804641e-01
4.120910884233078275e-01
4.127189267734370226e-01
4.120189639208136079e-01
4.125354303835612746e-01
4.121915599573452993e-01
4.126141889262841533e-01
4.119980149191408425e-01
4.126535295443524154e-01
4.119766078864599002e-01
4.132691488453620887e-01
4.109653911841668616e-01
4.108471320526174697e-01
4.113333618877504927e-01
4.137919882246142156e-01
4.113723771828939890e-01
4.114366167942198338e-01
4.112942766595655275e-01
4.109607582519926861e-01
4.106911285736350448e-01
4.114445341145058221e-01
4.105448694555525191e-01
4.121104980737549939e-01
4.113284496749898267e-01
4.122784181074062304e-01
4.105186569973498512e-01
4.102677762693583974e-01
4.104690890193843922e-01
4.105534045178997893e-01
4.106664560820315057e-01
4.103765558482392883e-01
4.105030529092890124e-01
4.106167155440780259e-01
4.099873550406701872e-01
4.094173364474101295e-01
4.100281250271745614e-01
4.106548890130377605e-01
4.094057839139277344e-01
4.098381231884454245e-01
4.097740114467736117e-01
4.097836463158092135e-01
4.091909179205688862e-01
4.095043193142549609e-01
4.092628315094983260e-01
4.098518630935793494e-01
4.087844082792800315e-01
4.091263326205782924e-01
4.087277455917411317e-01
4.092184081704920429e-01
4.089401443496330502e-01
4.093676287045199258e-01
4.089753617945411923e-01
4.092287443200195440e-01
4.085710649840194053e-01
4.096171911070343730e-01
4.086275024400621847e-01
4.096716220777870121e-01
4.088418686906660771e-01
4.093394172566481304e-01
4.084627469363455998e-01
4.089215072624250991e-01
4.088725825930055180e-01
4.091957691050847057e-01
4.086250556994772132e-01
4.093137923511664389e-01
4.084704194066459126e-01
4.087977371912365210e-01
4.084383210192745195e-01
4.094772216358836259e-01
4.104748384792622495e-01
4.089929933682607821e-01
4.090542902633174105e-01
4.090446252513350034e-01
4.080996555906897250e-01
4.083289881086797912e-01
4.080988112456617745e-01
4.077336226353668325e-01
4.082958296087052519e-01
4.087677488984737262e-01
4.079802619511039286e-01
4.093747624448031974e-01
4.079246712539262854e-01
4.099227252125614562e-01
4.078912446130182889e-01
4.082085690012939305e-01
4.080423661445254924e-01
4.078179698586252289e-01
4.077701493978501124e-01
4.082765601020965085e-01
4.077535960004846083e-01
4.087187334440189335e-01
4.090368715016665102e-01
4.067250299143370107e-01
4.065523623782147933e-01
4.078057735950549323e-01
4.065073842012476568e-01
4.074408656794756278e-01
4.061502965823617917e-01
4.064447059109112526e-01
4.059267758973155726e-01
4.063548403598876702e-01
4.059896006567014770e-01
4.062150920781681940e-01
4.064043364450257712e-01
4.053517159776179324e-01
4.053891483885005420e-01
4.049398955358131102e-01
4.052345428493668300e-01
4.051493650130618129e-01
4.051409825431634970e-01
4.057374836210774771e-01
4.046180443979578434e-01
4.049353334007099181e-01
4.044547676350823684e-01
4.041042295169730569e-01
4.045853176813550833e-01
4.046144335522008362e-01
4.042539657836431433e-01
4.049370007570630703e-01
4.044681262441549019e-01
4.076496175544506717e-01
4.042218150447692837e-01
4.043744156460914452e-01
4.041988344099131103e-01
4.047512281424205383e-01
4.042214511685191525e-01
4.052944123894122175e-01
4.047429128145744182e-01
4.049693363332672602e-01
4.042873972579509312e-01
4.051079412923308531e-01
4.043316242801286431e-01
4.051880960844096990e-01
4.044421826242305951e-01
4.028160339077480057e-01
4.028392753724815423e-01
4.034521746955729848e-01
4.027340385051779714e-01
4.026944117870736584e-01
4.030160297859678997e-01
4.035938837974970550e-01
4.026215733829511811e-01
4.033006054838625398e-01
4.025342178819966144e-01
4.033521719625588475e-01
4.024326339338252234e-01
4.022920823515881983e-01
4.024194275079605587e-01
4.026969215945702674e-01
4.022773831811967682e-01
4.043789471629232746e-01
4.022954670462527416e-01
4.032751680565537789e-01
4.034463948707741054e-01
4.010233826496996112e-01
4.014827960259244599e-01
4.011025350795414113e-01
4.013376069482378905e-01
4.022023326545777211e-01
4.008114738831312640e-01
4.016658224467364868e-01
4.010676337838784411e-01
4.011304927204921711e-01
4.014004116600879968e-01
4.015668205492947118e-01
4.015986348883759938e-01
4.014091434492774169e-01
4.007959329629059431e-01
4.032164015928912382e-01
4.007593319625422645e-01
4.009591460358222781e-01
4.001023295105998745e-01
4.022623723630190939e-01
3.998938878486110182e-01
3.996739989262567128e-01
3.995565207088356829e-01
4.002114247094923360e-01
3.993159342799791345e-01
3.993584889950970718e-01
3.992325420575097428e-01
3.996198556809207325e-01
3.990643002861946065e-01
3.994349564943842079e-01
3.988950268526008092e-01
3.994218357269242459e-01
3.988413070406163219e-01
3.997086689987543462e-01
3.989393126439803039e-01
3.992921411763675765e-01
3.990355991042374706e-01
3.989949233422642738e-01
3.986425009491248450e-01
4.017460105705010220e-01
3.986388169401501869e-01
3.989041422648607060e-01
3.988032165859673461e-01
4.007718293886556871e-01
3.985876478611670160e-01
3.977142926874549511e-01
3.979833855867561665e-01
3.976201220816885096e-01
3.975634072213468095e-01
3.986801968951920183e-01
3.976376546321959138e-01
3.979885604930552545e-01
3.977547510738217995e-01
3.973975980332264402e-01
3.973600044548981636e-01
3.981285876349656694e-01
3.974613829152925382e-01
3.986738555599992351e-01
3.974296446811694805e-01
3.975196154154658212e-01
3.977076614569002855e-01
3.985368028543626595e-01
3.974863143339342764e-01
3.980674773040149272e-01
3.972302416277945780e-01
3.978978544212101731e-01
3.966663632445224796e-01
3.969785636870405421e-01
3.979212166426367436e-01
3.965281422233070119e-01
3.964206415980853215e-01
3.964108511342888663e-01
3.964163414954817166e-01
3.973805375191281075e-01
3.968743206544970148e-01
3.965049447342448019e-01
3.965332039335898173e-01
3.985838107231379213e-01
3.965644116180495615e-01
3.975184228571840839e-01
3.969507168193909252e-01
3.959619276352232542e-01
3.964651088403642887e-01
3.963475935950552254e-01
3.962921985408402459e-01
3.968501659679026794e-01
3.953939068888350783e-01
3.963692654413944472e-01
3.954145138706934848e-01
3.961912754826351635e-01
3.953924160029973489e-01
3.970851386808170180e-01
3.960704278959774616e-01
3.953337937083515885e-01
3.954883178207718730e-01
3.957991923522274358e-01
3.954294969081670330e-01
3.951877259045366020e-01
3.953340859710260391e-01
3.953523271993835686e-01
3.950592049003345818e-01
3.954279145576172216e-01
3.950610630256700118e-01
3.955879117810541801e-01
3.959905537113991847e-01
3.945312604308395255e-01
3.940282441606017261e-01
3.938122984472850474e-01
3.940307878080722692e-01
3.943288679098999050e-01
3.940819438052013401e-01
3.931649887665724652e-01
3.935314809992648266e-01
3.945798732242361551e-01
3.931653539020196764e-01
3.939789153681298450e-01
3.937398586551729140e-01
3.939039823003722129e-01
3.931907168071192560e-01
3.939620314493338382e-01
3.932782169669578609e-01
3.932124445161613302e-01
3.936748148881817899e-01
3.935951502824505122e-01
3.932363093712102353e-01
3.957816208687380266e-01
3.920728052347500214e-01
3.936945454267681277e-01
3.922269670964023125e-01
3.927704264329797690e-01
3.925479470773990398e-01
3.913283265551211754e-01
3.916448636246347981e-01
3.915751555303895737e-01
3.922659221319230172e-01
3.924576302661405003e-01
3.914807292538383665e-01
3.911346629964554955e-01
3.911596975227492057e-01
3.909657706563486879e-01
3.913967553308722036e-01
3.900230947886964561e-01
3.908066845868696237e-01
3.913068559250741374e-01
3.901509334453564515e-01
3.910241447167480122e-01
3.901157104517390395e-01
3.918122190719198761e-01
3.902581726427395425e-01
3.914600472787067575e-01
3.900115311683746699e-01
3.901789369494388926e-01
3.901828651880790422e-01
3.911117531766012956e-01
3.898655417227865905e-01
3.896359857923247239e-01
3.896954287396776073e-01
3.898778597640355503e-01
3.896323348880376680e-01
3.914574134086626911e-01
3.899850593931714626e-01
3.915911331294420483e-01
3.896427095732872270e-01
3.905112546623216163e-01
3.904691399211006053e-01
3.904736171772598685e-01
3.895798921641597246e-01
3.889884837019196850e-01
3.889001112766480306e-01
3.895104102500382970e-01
3.893608181992644357e-01
3.884963941424796063e-01
3.886351913632958288e-01
3.892193734708065955e-01
3.883040429216298439e-01
3.887155028253576061e-01
3.885542859852104125e-01
3.892065787323401582e-01
3.888051884858324536e-01
3.886029645210237193e-01
3.882598598575807136e-01
3.890475968523067762e-01
3.884327653009441161e-01
3.895463004701758547e-01
3.886017427365026089e-01
3.892746822795907780e-01
3.884727065394867895e-01
3.893812301989835190e-01
3.884113495315886233e-01
3.889851578339432736e-01
3.885653302186802271e-01
3.896751034484038922e-01
3.886752425531194155e-01
3.886840874564449488e-01
3.889754866053232729e-01
3.906415149169674139e-01
3.882757218950301792e-01
3.885094123833124913e-01
3.883144375899486578e-01
3.882830191484195614e-01
3.879111991148503358e-01
3.885168433311695924e-01
3.875359991907743051e-01
3.876218668534343048e-01
3.876929701053198341e-01
3.881056492439802774e-01
3.874467001168630520e-01
3.885648671150248590e-01
3.874878568563608905e-01
3.885637970670397512e-01
3.879122196035535985e-01
3.888781903108620708e-01
3.873665484920874036e-01
3.876733610103144656e-01
3.875249120299822381e-01
3.877353135394301376e-01
3.876172827289107170e-01
3.879304646997557837e-01
3.876313860889210594e-01
3.877293119214519912e-01
3.880845042763472197e-01
3.876199854834248559e-01
3.879107923474722774e-01
3.867353445908682796e-01
3.867009949714852457e-01
3.865466310608657308e-01
3.867328098259477098e-01
3.866109269395154313e-01
3.866299713085324385e-01
3.878928191170264994e-01
3.864257329908938887e-01
3.868198098961019293e-01
3.864777621298230992e-01
3.869078988657083107e-01
3.864774843387412950e-01
3.874843535902982028e-01
3.867150578863732813e-01
3.881133442351850649e-01
3.865492461583815431e-01
3.867942296288556792e-01
3.864754991256967309e-01
3.869095510644280922e-01
3.874102394921983272e-01
3.860414084052726791e-01
3.858836628805834557e-01
3.863165572106487811e-01
3.856753642284995731e-01
3.855333155862916139e-01
3.851948447123723640e-01
3.860266842742617888e-01
3.859751375657037853e-01
3.857835616593911499e-01
3.856128834856707988e-01
3.849391635241455334e-01
3.847198891471106941e-01
3.841484442447659631e-01
3.842230123617627613e-01
3.840415675654747507e-01
3.836493405707462334e-01
3.838906658319667931e-01
3.835752957381874939e-01
3.845179220258925779e-01
3.836255596571706006e-01
3.847978482573563563e-01
3.845156437695768092e-01
3.836927926975897685e-01
3.836202431543154212e-01
3.830695390360986385e-01
3.827470678794799852e-01
3.834151796741671614e-01
3.832005842019317043e-01
3.843297954728019938e-01
3.829558611740021545e-01
3.836229110559014610e-01
3.827863733502560040e-01
3.827766677520275107e-01
3.829994949102915047e-01
3.831533739532227423e-01
3.830171219246804037e-01
3.827050751807199447e-01
3.826260707724076782e-01
3.834456745758166862e-01
3.826594249350538934e-01
3.826598156698057807e-01
3.827805395304212932e-01
3.823729840389170631e-01
3.826990323984266751e-01
3.825434951901974245e-01
3.830681665890335319e-01
3.825799913566341748e-01
3.825153312060563526e-01
3.828027400232174027e-01
3.823485968686510250e-01
3.834947706475108076e-01
3.825678073820195091e-01
3.828925386572487044e-01
3.824672050202325146e-01
3.826769198968542618e-01
3.827615685680590962e-01
3.826384312942384680e-01
3.823631348334234348e-01
3.850928776205117532e-01
3.823700274195440119e-01
3.830824257256645882e-01
3.823313100903178996e-01
3.820052803296336008e-01
3.822068590088908424e-01
3.816403185729919101e-01
3.818064763805996131e-01
3.821223937522281733e-01
3.817225609793158947e-01
3.818917203998493659e-01
3.815246425799636576e-01
3.824924194986066839e-01
3.816449265771844068e-01
3.821135308358936111e-01
3.815442778745891106e-01
3.821863436953227278e-01
3.819838285623249896e-01
3.815544084843228712e-01
3.817355792793007407e-01
3.832093403798110809e-01
3.816081521071449378e-01
3.819884051248633727e-01
3.814390868596366779e-01
3.818294122182001593e-01
3.815969734574791716e-01
3.814327533230250089e-01
3.819246001903627286e-01
3.821308392701926460e-01
3.817049041856407920e-01
3.824497642013445220e-01
3.813263662365046769e-01
3.824047534621159428e-01
3.818099472299740227e-01
3.819147282265716314e-01
3.813394652372458227e-01
3.817401628199651453e-01
3.816603595344442157e-01
3.817075765810138965e-01
3.823094547971891966e-01
3.819712352364393881e-01
3.813348165078427332e-01
3.818861721466463854e-01
3.820874278874032415e-01
3.808056161738147538e-01
3.804225190990540573e-01
3.803794649408180351e-01
3.803403113695190685e-01
3.802790189930325693e-01
3.802858564362017746e-01
3.805367996707471612e-01
3.800544758889829455e-01
3.814230099828715970e-01
3.806133137982404824e-01
3.807768783381848543e-01
3.800998520139743930e-01
3.801122643806446599e-01
3.801714777263348055e-01
3.810729018162313797e-01
3.804028664855459430e-01
3.803567458995613104e-01
3.801462154532155302e-01
3.815218354666228828e-01
3.798334923305534683e-01
3.805765478461951568e-01
3.797916906347271193e-01
3.805242656006832536e-01
3.800752552174656573e-01
3.800589242253779032e-01
3.801805859425891332e-01
3.803215144524693114e-01
3.804079396429423943e-01
3.806132058240234151e-01
3.793401135464458673e-01
3.794589825250927473e-01
3.791426739248895394e-01
3.801896625864871759e-01
3.791781804507708964e-01
3.796398550951313178e-01
3.792092520061582372e-01
3.796488026511386504e-01
3.796404857091226215e-01
3.794012210652179529e-01
3.791746623946743999e-01
3.796190435873283975e-01
3.793003528861949025e-01
3.796711619386717307e-01
3.789106312330418058e-01
3.792853807876947481e-01
3.793185779940136948e-01
3.789613635538278680e-01
3.791692618747094512e-01
3.790632341437306652e-01
3.789418743358660135e-01
3.792441952473696309e-01
3.791481224299343422e-01
3.798062464253106341e-01
3.791262626983347706e-01
3.795365170906817021e-01
3.789400445208405133e-01
3.798476163297120900e-01
3.789307641612491562e-01
3.797441389114868948e-01
3.794402608090033935e-01
3.800122562244934721e-01
3.790694187914226965e-01
3.796148722990726476e-01
3.789443995035967072e-01
3.788579467574391124e-01
3.791159442454870576e-01
3.793611870117213347e-01
3.787710086764398687e-01
3.788966086436302838e-01
3.788728457244103232e-01
3.787829363466813648e-01
3.787176894508852421e-01
3.786038175979377085e-01
3.785770189042990674e-01
3.785716839038456571e-01
3.786290152303517509e-01
3.788783757939990227e-01
3.783009274936393052e-01
3.783186546736528322e-01
3.779600899407507542e-01
3.780049478393593954e-01
3.780942507580379308e-01
3.780882564715561944e-01
3.778673796298084309e-01
3.778983721901215675e-01
3.778724941668678561e-01
3.779882782716466605e-01
3.778890528085489531e-01
3.778748017507658763e-01
3.780894778105239884e-01
3.778433792207868125e-01
3.779278360938046477e-01
3.779052847855062236e-01
3.777245472543142024e-01
3.777217838021813545e-01
3.776598938033452479e-01
3.776092972093640920e-01
3.776013688924142464e-01
3.775624140517686578e-01
3.778795356527600569e-01
3.775879367967645561e-01
3.779079825296463579e-01
3.778266967082816730e-01
3.773852205351421740e-01
3.774697731163544345e-01
3.772325578220244724e-01
3.772433049992567344e-01
3.772543905161942490e-01
3.773969302131569004e-01
3.778536578325200623e-01
3.771972940570506583e-01
3.773251501989000056e-01
3.772249759911021072e-01
3.773116603279017545e-01
3.772715328044816685e-01
3.774375277998433531e-01
3.770549723418145649e-01
3.771129207299647734e-01
3.770893019511613597e-01
3.768239139900217416e-01
3.768619851010417965e-01
3.769342188306343822e-01
3.767682021942917459e-01
3.766365610134962960e-01
3.767292456490136110e-01
3.766842432867301138e-01
3.766269478593479159e-01
3.767457249224269722e-01
3.766980267712529695e-01
3.767959904629673007e-01
3.767216909862821650e-01
3.768095313405071534e-01
3.765802263353220103e-01
3.765473987754748286e-01
3.766154341151828344e-01
3.768125117521429202e-01
3.765982683948789767e-01
3.771980457605106363e-01
3.764782376837741418e-01
3.765947826829413314e-01
3.764499425413254108e-01
3.764035746441226626e-01
3.764979735917070580e-01
3.766226098101643771e-01
3.764479503412263006e-01
3.765553040534929674e-01
3.763742976116116190e-01
3.766534224763581906e-01
3.764272819489439814e-01
3.764059119471530046e-01
3.763385433747021280e-01
3.764267222616872188e-01
3.763816450443222550e-01
3.766196835459170167e-01
3.765253500194424841e-01
3.765429525393403365e-01
3.763451949216891634e-01
3.763998810721017607e-01
3.763382971626380025e-01
3.764093739031976193e-01
3.763511147830158055e-01
3.763077681162502186e-01
3.764164289866276936e-01
3.765883447019660601e-01
3.763777545101248401e-01
3.765773719014323673e-01
3.762680989694435207e-01
3.763819631202947602e-01
3.762496678529035354e-01
3.762327385867402230e-01
3.762933532245168466e-01
3.764068654768961131e-01
3.762133475999184795e-01
3.763148365977488363e-01
3.762329070571368561e-01
3.765737537378812116e-01
3.761162342802918390e-01
3.759783389802507925e-01
3.761015496685248261e-01
3.763148833507339863e-01
3.759514763928545333e-01
3.761176920221858122e-01
3.760174398306841415e-01
3.761046897632211450e-01
3.759535317456784709e-01
3.760628655445372726e-01
3.759442321397130082e-01
3.761702988794373148e-01
3.759941349655591125e-01
3.761603583175946452e-01
3.759305324510814339e-01
3.760421413325677475e-01
3.759635630414052132e-01
3.760950344578595228e-01
3.759218249051666794e-01
3.760781327427074605e-01
3.760333639552195240e-01
3.760119117994585314e-01
3.759177789331216157e-01
3.762147470192195864e-01
3.759109958957732034e-01
3.761669899139447604e-01
3.759227516717771889e-01
3.760834244095122569e-01
3.759359495977929733e-01
3.762037557125575971e-01
3.758888610492431281e-01
3.758511151334738565e-01
3.758786711692966298e-01
3.760498628010471300e-01
3.758602831426814395e-01
3.759008543846795725e-01
3.758327308415165824e-01
3.761690071750279363e-01
3.759317044801080421e-01
3.759710516067923392e-01
3.758555517367637711e-01
3.758192668153194083e-01
3.759211315080884241e-01
3.759245934681989532e-01
3.758690263107504204e-01
3.759539283817174837e-01
3.758345214058837480e-01
3.759588131570074099e-01
3.758703673775917187e-01
3.759164815291761719e-01
3.759034189994204800e-01
3.758888682949588222e-01
3.757879694731121600e-01
3.760350745076681545e-01
3.757658833291200318e-01
3.759441168951355716e-01
3.758166018763148819e-01
3.758943749045179361e-01
3.758039304253310009e-01
3.761694577850001608e-01
3.758200793583133525e-01
3.758730785222184623e-01
3.757941968749174966e-01
3.760076301195803827e-01
3.757546649183212129e-01
3.759951059624436209e-01
3.757542427801863205e-01
3.758505969380455669e-01
3.757721533114921630e-01
3.757257170502225629e-01
3.757684668881172141e-01
3.759783212765479554e-01
3.758662802236089062e-01
3.757322998914413570e-01
3.757492286653585367e-01
3.760013474260863187e-01
3.757331266860394203e-01
3.759971210558604726e-01
3.757660977088683185e-01
3.757700046828691409e-01
3.759007152847885225e-01
3.758221314444117334e-01
3.757813031974721052e-01
3.758599225858563209e-01
3.758325152614921949e-01
3.759098901289461003e-01
3.757538270954486892e-01
3.757949369432995179e-01
3.758289322482470385e-01
3.757468714339943783e-01
3.757654274773011283e-01
3.758399441566301347e-01
3.756972038219881238e-01
3.758686679319829804e-01
3.757435739211232861e-01
3.758311939551718384e-01
3.756923937066042329e-01
3.759637579889245074e-01
3.757115965051275319e-01
3.756460573442367279e-01
3.756707003623728780e-01
3.757180041201710341e-01
3.756782205740636926e-01
3.759203372839299839e-01
3.756606267474239536e-01
3.757118081985628688e-01
3.756377825739464771e-01
3.757551911085300067e-01
3.755811143085020509e-01
3.757094937542933555e-01
3.756295208310587164e-01
3.755785040399047259e-01
3.755320611661708274e-01
3.756341560203186880e-01
3.754812012715331160e-01
3.757019240540487304e-01
3.756306255048097453e-01
3.756686862992165699e-01
3.755468751514228209e-01
3.755966167232959174e-01
3.754660511137920542e-01
3.755955909687039296e-01
3.754636797745752874e-01
3.756694800861374306e-01
3.754433495309666413e-01
3.758597869492883992e-01
3.754307945321481155e-01
3.755631761395094026e-01
3.754316374286001401e-01
3.756866002839536200e-01
3.754537379248578666e-01
3.756265124529691302e-01
3.754727163935084877e-01
3.755016116402736248e-01
3.754896600510970739e-01
3.756179542523411241e-01
3.754316223063054458e-01
3.755725273684260013e-01
3.754552804537244493e-01
3.755825322823360679e-01
3.754785131563029288e-01
3.756664989220000472e-01
3.754629146772425763e-01
3.756756860495542028e-01
3.755110591107683193e-01
3.756620769398870685e-01
3.755090006250100809e-01
3.755981130929189615e-01
3.755086799998566538e-01
3.754189763447348116e-01
3.754564612632002030e-01
3.755148658220558988e-01
3.754993877669197677e-01
3.754158599757775883e-01
3.755532477762456023e-01
3.754729684154795022e-01
3.754480031425810327e-01
3.753993246353322100e-01
3.754287765776798125e-01
3.753310198513653551e-01
3.753542681371806466e-01
3.754178093290577722e-01
3.753368350044903878e-01
3.754072708234674205e-01
3.753746507044402603e-01
3.753752377873527113e-01
3.753669243834606983e-01
3.755472917155465162e-01
3.753448737304318494e-01
3.755450458744909459e-01
3.753702636713031060e-01
3.755202306868448692e-01
3.753867850596209754e-01
3.755337542274262419e-01
3.752878075088534326e-01
3.755452176360253302e-01
3.753507452944340184e-01
3.754311010355381173e-01
3.752727650963614825e-01
3.755609462623411554e-01
3.753868314700112840e-01
3.756366301073603142e-01
3.753028143798258220e-01
3.754330713209902415e-01
3.753940085332061471e-01
3.754013657723883624e-01
3.753095409735657806e-01
3.753868442886161283e-01
3.753386189788438521e-01
3.753865620079053222e-01
3.752445042091727134e-01
3.754914366753029920e-01
3.752406954230581571e-01
3.755060539144115528e-01
3.752219459676849889e-01
3.754450422554252431e-01
3.752968669101218180e-01
3.752888865753151726e-01
3.753011439917156578e-01
3.754300754476864732e-01
3.752401380298554523e-01
3.754069904048902284e-01
3.752782262682319292e-01
3.753965965915923575e-01
3.752924567495637409e-01
3.754284766448612864e-01
3.753084475403968834e-01
3.753970937527973395e-01
3.753138750415919711e-01
3.752968004150751269e-01
3.752115945379118633e-01
3.755089391709239832e-01
3.753666886287047033e-01
3.754614709183055621e-01
3.752383300669442923e-01
3.752954636831674629e-01
3.752394865640789057e-01
3.752216840402026743e-01
3.751652816226827558e-01
3.754092932142373273e-01
3.751606170713439603e-01
3.753034657429449306e-01
3.751353779292725399e-01
3.753164376045504680e-01
3.751680114639348029e-01
3.751481885085304335e-01
3.751452962593927465e-01
3.751469451837861624e-01
3.751661523968928269e-01
3.751639389436784433e-01
3.751602460439124598e-01
3.751148547895460927e-01
3.751340027003842725e-01
3.751185252292240646e-01
3.751323857719930932e-01
3.751221000368484271e-01
3.751333205758258793e-01
3.751298296615824812e-01
3.751682942735011794e-01
3.751217887528828232e-01
3.751350530092227298e-01
3.751211537453632561e-01
3.751634956740722004e-01
3.751332162897025313e-01
3.751397471204677148e-01
3.751362234153676756e-01
3.751871590213181618e-01
3.751747468491511417e-01
3.751679846876188051e-01
3.751422022929981059e-01
3.751594293448838879e-01
3.751139702347002225e-01
3.751316095376585613e-01
3.751221085965262270e-01
3.751803047970205252e-01
3.751319370808821607e-01
3.752003803890117672e-01
3.751359199396541722e-01
3.751052224635846311e-01
3.751104632984905707e-01
3.750921635440024882e-01
3.751185951433688714e-01
3.750978057938718080e-01
3.751468133260345006e-01
3.750880162988138866e-01
3.750773513830484851e-01
3.751283511817426475e-01
3.750928159589731470e-01
3.751806065311617533e-01
3.750923224497166864e-01
3.750568918799853657e-01
3.750896090872829491e-01
3.751014449050141808e-01
3.750877517835493613e-01
3.750652808259992699e-01
3.750595000223082565e-01
3.750504185371182908e-01
3.750469047571076131e-01
