9.953220978832817423e-01
9.964123570226179893e-01
9.957798890207879561e-01
9.993330641581565921e-01
9.972857146859478439e-01
1.009162065917040607e+00
9.225463660046225867e-01
9.046309249147287401e-01
9.709202697621309719e-01
9.051062867763893793e-01
9.047088855650522454e-01
9.042286198188304036e-01
8.965421225496205127e-01
8.924287348722611535e-01
9.439962664447337781e-01
8.929705741825376686e-01
8.892720494803285636e-01
8.846765436062826726e-01
8.778601969552852768e-01
8.812526412637348150e-01
8.780618648992434272e-01
8.781446092713675045e-01
8.782434917522007334e-01
8.864660358086150493e-01
7.981635163253633092e-01
9.211488274220845929e-01
7.857964014527732965e-01
7.852580321731865709e-01
7.856402954971167807e-01
7.856453069684945500e-01
7.853293559563745418e-01
7.864078577305937401e-01
7.870234332712693348e-01
8.330874718379432942e-01
7.847316577042081631e-01
7.847050553260647154e-01
7.952478283695877392e-01
8.864524602383671015e-01
7.850274408838211482e-01
7.847622513038776670e-01
7.854577039953660744e-01
7.826409838203221003e-01
7.841941373819465433e-01
8.065276720699442459e-01
8.248941167280056108e-01
7.686839378396321809e-01
9.717532398617798606e-01
7.686839378396321809e-01
7.686839378396321809e-01
7.688651255373605276e-01
7.676791939985539992e-01
7.608134326066844366e-01
8.801790825441750954e-01
7.608134326066844366e-01
7.610576670117139564e-01
7.573551980111348225e-01
7.825607280500345153e-01
7.573551980111348225e-01
7.573551980111348225e-01
7.573551980111348225e-01
7.541450370371006739e-01
7.531646263287909981e-01
8.246182606693819306e-01
7.637959782140538723e-01
7.531646263287909981e-01
7.531646263287908871e-01
7.531646263287908871e-01
7.531646263287908871e-01
7.531646263287909981e-01
7.538961114631936855e-01
8.378618808314118871e-01
7.531646263287908871e-01
7.531646263287908871e-01
7.531646263287908871e-01
8.050541391744163722e-01
7.531646263287908871e-01
7.531646263287908871e-01
6.858513380336511700e-01
7.410980277064547206e-01
7.074660845298060829e-01
1.060213265243553860e+00
6.822554175833376311e-01
6.687408376186101400e-01
6.655173057361734035e-01
6.677343881847616069e-01
6.917516309632393279e-01
6.570393378022983955e-01
6.600933571677438660e-01
8.275656696022798409e-01
6.578826528777573790e-01
6.249333562830395872e-01
6.248399495788923286e-01
6.150206977869412395e-01
6.318111037257576612e-01
6.234026332590492103e-01
6.152276621186276717e-01
6.222936519257137311e-01
6.166763006512739898e-01
6.196476463132672974e-01
6.132468764851231047e-01
5.921638710569956388e-01
5.921909576433418421e-01
5.851834424862303319e-01
6.153823791450895309e-01
6.129008933867281517e-01
5.992982589453548226e-01
6.134704832810680131e-01
5.870216616443755253e-01
6.322333053344300069e-01
5.572661245634378258e-01
5.957268595782285736e-01
5.576473031129478564e-01
6.795888715978920525e-01
5.579824052797082157e-01
6.408760343628251421e-01
5.572738712387299564e-01
5.798891165169249851e-01
5.567985384509419600e-01
5.543038189324727139e-01
5.550483285995367888e-01
5.624104676760871557e-01
5.515094033641454452e-01
5.501830606559354742e-01
5.501868651980288405e-01
5.510764396833692791e-01
5.503031013570340857e-01
5.653309513678684839e-01
5.501830606559355852e-01
5.572421821149690091e-01
5.503133972276403885e-01
5.620566914537250547e-01
5.501830606559355852e-01
5.815869669695168387e-01
5.542780967261691227e-01
6.663968210726213259e-01
5.501830606559354742e-01
6.629145996670006147e-01
5.501830606559354742e-01
6.144936790290895789e-01
5.501830606559354742e-01
5.964209508300925000e-01
5.496445667847867922e-01
6.172013390121787735e-01
5.702727295331597723e-01
5.387904320931271585e-01
5.388172041933935175e-01
5.406206376087555610e-01
5.387904320931271585e-01
5.411066817720341371e-01
5.387904320931271585e-01
5.436625907691159387e-01
5.387904320931271585e-01
5.464499991251019484e-01
5.387904320931270474e-01
5.542397111317277636e-01
5.387904320931270474e-01
6.077627993696679276e-01
5.380389593904817414e-01
5.817343009583014757e-01
5.466502692216633763e-01
5.450936013562935889e-01
5.587679221517445338e-01
6.329122038438018683e-01
5.342480833059441991e-01
6.397302534731379442e-01
5.405790354897678229e-01
5.478843819885177435e-01
5.303719803181268233e-01
5.349564595994694693e-01
5.300354921130421282e-01
5.422367447859511858e-01
5.270174714151178996e-01
5.398906015100624067e-01
5.279994287999494329e-01
5.789235100325020866e-01
5.255078311570593463e-01
5.246604493026165716e-01
5.220574211054531677e-01
5.148184508468937048e-01
5.148277641867045062e-01
6.188556665463108564e-01
5.188886301941786350e-01
5.359946454572874774e-01
5.265032280465518078e-01
6.387550368380748855e-01
5.200327416665742053e-01
5.420514808770471316e-01
5.044914770276788252e-01
6.370289380816416269e-01
5.023064560330623429e-01
6.828534271350504836e-01
5.021224931424951299e-01
6.219254181940330195e-01
5.025038203275181692e-01
5.963552474954797455e-01
5.021410589462038665e-01
5.804711254213307248e-01
5.013464441221276990e-01
5.645969115139334304e-01
5.026365025824087729e-01
5.448096142630706185e-01
5.005558900500035602e-01
5.086221283454341879e-01
5.004737623870857410e-01
5.069319791129077712e-01
5.012769188653379837e-01
5.014451571796045837e-01
5.011517623342830463e-01
5.579872002696051325e-01
5.010828930064468167e-01
5.430181053181973860e-01
5.002552753321400925e-01
5.847213255368407525e-01
5.004810570200616260e-01
5.849722793729744685e-01
5.003363679077287296e-01
5.476898162072829646e-01
5.002081832279355877e-01
5.166842882046506213e-01
5.002081832279355877e-01
5.076679226239819709e-01
5.002081832279354767e-01
5.010053997767753842e-01
5.002081832279354767e-01
5.015135880368989385e-01
5.002081832279355877e-01
5.096260474727711820e-01
5.001531250520898642e-01
5.054619001741117446e-01
5.011240274282654505e-01
5.180098655265764629e-01
5.002608172168587775e-01
5.889212428735126625e-01
5.000935103173592688e-01
5.668982160448001739e-01
5.000935103173592688e-01
5.205272325034295822e-01
5.000935103173591578e-01
5.068039113223582470e-01
5.000935103173592688e-01
5.207862394655224936e-01
5.000935103173590468e-01
5.503877551996779749e-01
5.000935103173591578e-01
5.310731595753602763e-01
4.988905898074712519e-01
5.297094415540162249e-01
4.976967383570710668e-01
5.033502572879340331e-01
4.980869145125240705e-01
4.997654820414412780e-01
5.010496096805189259e-01
5.006647011611162768e-01
4.975695960828440678e-01
4.980433310989118012e-01
4.984886138454018290e-01
5.114223264981349049e-01
5.205895336865249412e-01
6.340197108462559683e-01
5.224465199876633381e-01
6.354416722526782246e-01
5.037018796890213590e-01
6.645386068639445032e-01
4.997502469718937412e-01
5.610821968552969219e-01
5.104786186119020241e-01
5.888682418500406079e-01
5.190323502790090693e-01
5.804374285323826710e-01
4.976726735954827285e-01
5.332383820226095361e-01
5.087472800440399068e-01
6.664361041012740738e-01
4.958910630295045308e-01
5.609787866285852465e-01
5.091931185480231825e-01
5.324798616688702912e-01
5.002616387324947400e-01
5.284652702149530423e-01
4.963199637634871930e-01
5.434744392089113640e-01
4.914605367819918080e-01
5.739912585978109716e-01
5.007277965665926089e-01
5.316490832631529662e-01
4.987454850601661382e-01
5.407436960270113335e-01
4.916910575411166939e-01
5.559180045536326054e-01
4.959728159858015628e-01
4.924661617996369811e-01
4.994621979247360621e-01
4.937030538774725419e-01
4.935108060209478786e-01
4.909537388866013208e-01
4.879103944391393055e-01
4.872901470572582605e-01
4.879138570569492850e-01
4.876528234120438010e-01
4.881267105207757195e-01
4.865638340990501298e-01
4.908885909263427938e-01
4.864117911189958510e-01
5.043902691549506656e-01
4.875967740163736353e-01
4.883883835533111561e-01
4.872946633383237747e-01
4.947273516261840864e-01
4.852662879632720916e-01
4.822066063428279703e-01
4.819557874000177655e-01
4.840337886106225729e-01
4.830286052561330035e-01
4.885053588697901295e-01
4.819407376520332131e-01
4.883802999017272106e-01
4.819062171127050931e-01
4.852734051793091141e-01
4.819062171127050931e-01
5.073292207525411657e-01
4.825037778976526970e-01
4.985793933183872428e-01
4.828204530333180533e-01
5.188840050912977286e-01
4.837018767533323715e-01
5.064927163646852915e-01
4.797913712292395383e-01
5.056868464270912744e-01
4.835633738357089650e-01
4.921792840045877138e-01
4.797913712292393718e-01
4.832547321207361080e-01
4.810345859071273877e-01
4.797695214522811336e-01
4.792858453042807554e-01
4.852076071314532224e-01
4.792858453042807554e-01
4.780110986089231018e-01
4.780110986089227687e-01
4.814487515131850581e-01
4.765236223201249066e-01
4.949647904259560915e-01
4.786675007432907858e-01
4.923712759748318235e-01
4.729319548389341321e-01
4.870431711959636312e-01
4.751298059135045104e-01
4.856741010504597722e-01
4.731946892147411154e-01
4.762243464204267696e-01
4.726066722163337896e-01
4.807706455519765165e-01
4.730711293119226890e-01
4.826798256707086621e-01
4.796709120011372618e-01
4.856510189310029868e-01
4.784292005654175450e-01
4.721517612544742781e-01
4.723610009139769805e-01
4.753138419124021130e-01
4.740507254344852317e-01
4.759392686610675605e-01
4.741428944516037358e-01
4.802528773103967863e-01
4.712370628679412032e-01
4.762450797316956086e-01
4.696260335114449957e-01
4.852482649949832472e-01
4.697523751203405151e-01
4.708965295212217406e-01
4.699754216986501421e-01
4.704536957410346831e-01
4.715096227756719882e-01
4.725572712695750299e-01
4.707671971093351782e-01
4.758795408106990532e-01
4.688804824051249209e-01
4.774990629192827352e-01
4.685478465365957579e-01
4.678375095437398157e-01
4.675616215539169507e-01
4.694048610354861761e-01
4.680105759607527949e-01
4.679243321265492694e-01
4.667032721998732314e-01
4.674556631693906894e-01
4.680443002930897434e-01
4.677898240129731988e-01
4.681032228768349790e-01
4.734606114745075756e-01
4.724896026039837049e-01
4.826049351229732554e-01
4.712177296940491811e-01
4.931341383714630267e-01
4.691631021726215267e-01
4.961468010004826401e-01
4.675046359250883410e-01
4.956664805848604582e-01
4.659132727167272781e-01
4.694241238756298173e-01
4.660537380934307583e-01
4.682845320644314357e-01
4.658916471961006556e-01
4.672726609730404324e-01
4.661334802950868328e-01
4.733819874338319744e-01
4.658916471961006001e-01
4.722911890592161877e-01
4.658916471961006001e-01
4.668928306453570820e-01
4.656189364845105816e-01
4.695260469811990411e-01
4.649245623405943162e-01
4.674049342462175405e-01
4.649245623405946493e-01
4.747622150179176548e-01
4.652839246298724474e-01
4.829072802720316138e-01
4.691556734541671436e-01
4.629050075588896362e-01
4.694004740918099605e-01
4.686742949570060768e-01
4.649382176258689547e-01
4.691045515997816495e-01
4.629050075588893032e-01
4.752546389857664200e-01
4.662934077986218284e-01
4.839422197357309274e-01
4.634139184110351306e-01
4.751215277352701660e-01
4.687265350736505298e-01
4.789304375047675477e-01
4.645664793722668606e-01
4.798055760912618983e-01
4.647896107734694193e-01
4.642930390811172980e-01
4.615165271093780719e-01
4.610021538437770738e-01
4.644027653606357386e-01
4.864650039141369398e-01
4.612547178587539376e-01
4.671090289624223457e-01
4.604809407924562725e-01
4.761769623126059781e-01
4.616912054057975001e-01
4.672837532104831548e-01
4.613845235352874163e-01
4.631014520911551080e-01
4.606834614471165823e-01
4.603109065957134982e-01
4.609183178114477641e-01
4.658514915708164561e-01
4.609801336508672631e-01
4.685073432064957855e-01
4.604329019105523058e-01
4.870284937427625249e-01
4.581487643720597025e-01
4.738448637735858671e-01
4.578397671931255242e-01
4.771922102486261252e-01
4.580445962610150690e-01
4.712198795350016622e-01
4.569357946693590189e-01
4.588258211171735157e-01
4.568205005744815361e-01
4.602312286986661172e-01
4.565853484190333655e-01
4.659098432519738209e-01
4.565616448121462834e-01
4.628501869000697377e-01
4.562908437559080044e-01
4.617102113376090888e-01
4.563097158367175332e-01
4.606736263210692850e-01
4.597705483579893060e-01
4.855171422141773552e-01
4.553049319399423700e-01
4.584929616474563430e-01
4.554798615206842594e-01
4.586609602901656757e-01
4.548496266605644434e-01
4.582699490529288933e-01
4.549463251673317443e-01
4.575756374766704049e-01
4.669507008790000357e-01
4.615747274250276422e-01
4.562279642833650395e-01
4.708955850572524859e-01
4.548645959219244639e-01
4.576474222883798459e-01
4.548118548436885789e-01
4.573858706382287198e-01
4.548118548436887454e-01
4.747071712370957708e-01
4.548118548436886899e-01
4.557406138724640066e-01
4.543936563389212591e-01
4.744015305089662182e-01
4.556799919541058563e-01
4.644712976594947973e-01
4.547512406780171990e-01
4.661235530577264585e-01
4.543936563389215366e-01
4.799407785745003485e-01
4.599500515900225572e-01
4.640749724327833947e-01
4.570391205309563554e-01
4.771762776833940456e-01
4.538370068059386364e-01
4.788230643700615019e-01
4.531097169793465440e-01
4.538730381234569733e-01
4.531097169793464330e-01
4.553497632572883758e-01
4.520105231042941263e-01
4.712719989684192035e-01
4.535625927830859161e-01
4.573818189091979347e-01
4.520118312900511803e-01
4.539874345430397473e-01
4.532076199906141523e-01
4.605164798541954707e-01
4.530195878829362255e-01
4.523129521307599488e-01
4.542373072954707380e-01
4.546811130620789232e-01
4.514630888586620427e-01
4.531626244461984809e-01
4.607742308254758057e-01
4.702253948379366277e-01
4.596244421877538344e-01
4.627640928979255830e-01
4.509886308726436255e-01
4.595047386814168355e-01
4.512140060117941220e-01
4.595614285405878463e-01
4.520454181064568200e-01
4.549115095431234268e-01
4.513049214075547377e-01
4.516369529946552275e-01
4.519700369544530361e-01
4.564700225874852579e-01
4.534693581191933665e-01
4.657057633653106099e-01
4.516023780291533729e-01
4.531295521281729077e-01
4.537584645148517448e-01
4.716780746690194537e-01
4.525600667544628641e-01
4.629509815629258007e-01
4.521868802813735488e-01
4.526564639867606821e-01
4.514352559021398981e-01
4.514442871652779576e-01
4.514730312607831975e-01
4.507179554863493531e-01
4.514396769141292287e-01
4.525016798851682620e-01
4.500174661343619431e-01
4.500044869292148531e-01
4.508455356196315877e-01
4.500911987686191940e-01
4.553944661504314428e-01
4.502755070003628957e-01
4.528115570664981715e-01
4.517977225511460859e-01
4.557491197752273071e-01
4.497987239987645269e-01
4.536148067098583203e-01
4.493777183165348355e-01
4.526470237714291245e-01
4.517235951954974849e-01
4.504022284151636968e-01
4.497434955657265698e-01
4.507670401332864452e-01
4.496934018720940007e-01
4.505881767682686223e-01
4.494793533500122118e-01
4.554509048382999747e-01
4.497084942220670456e-01
4.541236622593873284e-01
4.493853415019624653e-01
4.509216497808497537e-01
4.492651056904317652e-01
4.492723160193783372e-01
4.490851172810555458e-01
4.491692577061807135e-01
4.491848200964982385e-01
4.500615566992262062e-01
4.489800702533773835e-01
4.501353992205633370e-01
4.493952296821751013e-01
4.488099113825392283e-01
4.498350182526514862e-01
4.523297504882681785e-01
4.478871907511120520e-01
4.411279348770074660e-01
4.428725665396405220e-01
4.446110802915095861e-01
4.409794802098688793e-01
4.419231380030775314e-01
4.409674247913259459e-01
4.419438413112479203e-01
4.414344976244868879e-01
4.426692282688054481e-01
4.416439810124457854e-01
4.429737619498824164e-01
4.415914420733348389e-01
4.421726655820200635e-01
4.409674247913253908e-01
4.424616618822140857e-01
4.413912960494867366e-01
4.410715847207077878e-01
4.407870389058357596e-01
4.404363096823265544e-01
4.403396585545124031e-01
4.403826431773446570e-01
4.437699734293067411e-01
4.395708432810037647e-01
4.393151539797791605e-01
4.407889190101988430e-01
4.394640148978987138e-01
4.407038049982844319e-01
4.395226922755098298e-01
4.410292305256775514e-01
4.397576219795314434e-01
4.424788507294098450e-01
4.391642884802460789e-01
4.389914211196243032e-01
4.389830656075702775e-01
4.398997299586666077e-01
4.387728065188715720e-01
4.426113525216295863e-01
4.389792524857407119e-01
4.466287252546968234e-01
4.404594836310204431e-01
4.430402118137896084e-01
4.380210380574902085e-01
4.393250684035611142e-01
4.356686722176553728e-01
4.362227847827308547e-01
4.374094805487327431e-01
4.349397624476024071e-01
4.335543177663060965e-01
4.351045158862780204e-01
4.346287251697235621e-01
4.322428750654608298e-01
4.314716196453727282e-01
4.344394140061951792e-01
4.311304672476857225e-01
4.300386877979826550e-01
4.300111508461931242e-01
4.312401647837170726e-01
4.298803958867821184e-01
4.312381932586025757e-01
4.301728114220149668e-01
4.297277153156600082e-01
4.300097160182758671e-01
4.294233150111922415e-01
4.298184794363194561e-01
4.297338892365897278e-01
4.292916114989667187e-01
4.293786957784528902e-01
4.295735171303242117e-01
4.298096090749749520e-01
4.291996999303545612e-01
4.297022765118014287e-01
4.314292004080411691e-01
4.293656884901649318e-01
4.289790799822573719e-01
4.299855947183698346e-01
4.288465268271238751e-01
4.295243587108209526e-01
4.301956250371285484e-01
4.387112916159212062e-01
4.294846808180736719e-01
4.299392707856228846e-01
4.274274379570478510e-01
4.248987804612514019e-01
4.240722478385366423e-01
4.246281789539024798e-01
4.243410504234964575e-01
4.234942467751570683e-01
4.238454557418950275e-01
4.245613676284414884e-01
4.240600447196866130e-01
4.229499631117877301e-01
4.230925559652011225e-01
4.257375110585732148e-01
4.229499631117880631e-01
4.244961282116637147e-01
4.233728212434029747e-01
4.235527877472754499e-01
4.228118814724496910e-01
4.283170688533761705e-01
4.233027291147584692e-01
4.275874131323598726e-01
4.239140204259391753e-01
4.235601438071834868e-01
4.234147306148324241e-01
4.247213164577359201e-01
4.237829858789935455e-01
4.253674006049821266e-01
4.227420359956762796e-01
4.275684830315308882e-01
4.224713671138423110e-01
4.252165238327330066e-01
4.223539192662015274e-01
4.280182565791930682e-01
4.222843621640142153e-01
4.244598306477165295e-01
4.223653878300638320e-01
4.252773853110592972e-01
4.219038488209135851e-01
4.230975290872678318e-01
4.210593044209197666e-01
4.205758620085991994e-01
4.194653699754677945e-01
4.269433290872894360e-01
4.190663589597734551e-01
4.298513746220202769e-01
4.193337554102934961e-01
4.207748955897119281e-01
4.207217177650544038e-01
4.199701987698131744e-01
4.194282913714414418e-01
4.229295816285025267e-01
4.195728197455004249e-01
4.222913452248113209e-01
4.194199424425827938e-01
4.184676567357665800e-01
4.178701262402594319e-01
4.176655250688318666e-01
4.175001642779841426e-01
4.197210726484070231e-01
4.177159935808930635e-01
4.187040366169368366e-01
4.174695376527227664e-01
4.171471344779228430e-01
4.193008010415123499e-01
4.161980767809693726e-01
4.163543797153179127e-01
4.184175996326543467e-01
4.181302314842502699e-01
4.213416426859244446e-01
4.157384684547605902e-01
4.163008720707822574e-01
4.159903600097470955e-01
4.159377926125221170e-01
4.161353891549496864e-01
4.186045108180750929e-01
4.161334681655268763e-01
4.163964741736406183e-01
4.161507681534547531e-01
4.181189840294393112e-01
4.167145976260405171e-01
4.189333013386428162e-01
4.159624279718062700e-01
4.215610138728831391e-01
4.157902234019658083e-01
4.174116220812815192e-01
4.159362484994985065e-01
4.199161443314033959e-01
4.162425448585033716e-01
4.171922640273962868e-01
4.158112490327738886e-01
4.228539778157458517e-01
4.159105964004208289e-01
4.200248549302038059e-01
4.166376580625956172e-01
4.171847790320575844e-01
4.178154900312991971e-01
4.186422173043717332e-01
4.154396627180688695e-01
4.173200694704120584e-01
4.191898213547484153e-01
4.173398270785962927e-01
4.154396627180689250e-01
4.162936543468138684e-01
4.163771550849736935e-01
4.186036412486236480e-01
4.153412843851485015e-01
4.241809982845287097e-01
4.158468616172142918e-01
4.183558606544287573e-01
4.144489400556105596e-01
4.163179293620303811e-01
4.145153845657561509e-01
4.149427019180799703e-01
4.147165540224705960e-01
4.150913309134739437e-01
4.148579946716261513e-01
4.160683288772231703e-01
4.153766088312019211e-01
4.184556376450344062e-01
4.153011922766706165e-01
4.171013346473044225e-01
4.146985244745880483e-01
4.155256271863023154e-01
4.139425034909394174e-01
4.132908591967905942e-01
4.135424469304369022e-01
4.166215386509427021e-01
4.134431303840704897e-01
4.153159644572907427e-01
4.134896168584323295e-01
4.146202441929294213e-01
4.144182106101239049e-01
4.143084075376527453e-01
4.131022809494461212e-01
4.138239564325574826e-01
4.135418776082364634e-01
4.135056622008170812e-01
4.132774016509009885e-01
4.135253872872818870e-01
4.133157649361894892e-01
4.136367775655345747e-01
4.141716439722480381e-01
4.169473680899204449e-01
4.130629512768591582e-01
4.163470947195507255e-01
4.122631161133411548e-01
4.152527452061497426e-01
4.118856530992635046e-01
4.136513670704489165e-01
4.140517738492315858e-01
4.164215360807502764e-01
4.109609973517232562e-01
4.109453900524424053e-01
4.118679207828822575e-01
4.117310864209434151e-01
4.100726608033926079e-01
4.100111083746740825e-01
4.113284364828652673e-01
4.100900387492949495e-01
4.098314972417107516e-01
4.098723658868750896e-01
4.103023403230229293e-01
4.102124780718192643e-01
4.099503650972990965e-01
4.102866950005231161e-01
4.102304317166975967e-01
4.096880303141571256e-01
4.095134850578112662e-01
4.091981563263809574e-01
4.077282856306915226e-01
4.081976319169113299e-01
4.077917574237008846e-01
4.076504186480417458e-01
4.085623017472926888e-01
4.074049247129360452e-01
4.081263783106559573e-01
4.075499361146710520e-01
4.080089723825885972e-01
4.077294428772977875e-01
4.075956906238728528e-01
4.073471528037152511e-01
4.076073365350968980e-01
4.074702630443388096e-01
4.080203576454611847e-01
4.075815953407860848e-01
4.074827515354961793e-01
4.072465294036671235e-01
4.071634337997299680e-01
4.071752761525955777e-01
4.077248208198407942e-01
4.072101323909840254e-01
4.061544245737058190e-01
4.060224045501924506e-01
4.072619106218429152e-01
4.060170606109677061e-01
4.059578868382910377e-01
4.063627892463875235e-01
4.068112241099461346e-01
4.057799665652996879e-01
4.064551027896377566e-01
4.059434103433754437e-01
4.065521306595812900e-01
4.060627997147803758e-01
4.070307464741683701e-01
4.059383394148672886e-01
4.064649669717186886e-01
4.058507962911031552e-01
4.061188463070242727e-01
4.056506347837123827e-01
4.067865687557705168e-01
4.056042681106560299e-01
4.058031595212475140e-01
4.056160129091101463e-01
4.046195889634820464e-01
4.050995435557680491e-01
4.057643231645731152e-01
4.045335548442583473e-01
4.050414395589815864e-01
4.046771149417982549e-01
4.053175734563211341e-01
4.047010809464282044e-01
4.045026169933160776e-01
4.045964787948623798e-01
4.048810356235952868e-01
4.043536199645356710e-01
4.059289098832551401e-01
4.046882138837971099e-01
4.045353541452668122e-01
4.040549703832679307e-01
4.053093756666807934e-01
4.040936248251725260e-01
4.042917389763960312e-01
4.041668857638103241e-01
4.041515408859735481e-01
4.041717991835788171e-01
4.043379402619697305e-01
4.038966710248623748e-01
4.037302666219548808e-01
4.038092633539995813e-01
4.034936600333351442e-01
4.033071453969951370e-01
4.043418484182394468e-01
4.033062964499377068e-01
4.033877297800993467e-01
4.034399511653424253e-01
4.051253206657109418e-01
4.037242660420508611e-01
4.044196930996545314e-01
4.037794336718417698e-01
4.027357272503530594e-01
4.027776212454791671e-01
4.017138917171952928e-01
4.017167893133173351e-01
4.016410646978822996e-01
4.017095130366127309e-01
4.029156220730821802e-01
4.014960278649976066e-01
4.020591481710568682e-01
4.017556534009942282e-01
4.018936334875953809e-01
4.016190075101689905e-01
4.021567030068287085e-01
4.014053125045453640e-01
4.015180699233451556e-01
4.013179712906335128e-01
4.017755234119723129e-01
4.013840342920912407e-01
4.016288806857885585e-01
4.021570220976665722e-01
4.024879348693157777e-01
4.012777358127591065e-01
4.016523913655865585e-01
4.011652328503649834e-01
4.015069075331808568e-01
4.018689399937978579e-01
4.017598963025668657e-01
4.016385328297743529e-01
4.004985732999427062e-01
4.004646733758762123e-01
4.005840357357359771e-01
4.003218917536767174e-01
4.005746972410199613e-01
4.004416595148258540e-01
4.014501023835140292e-01
4.005232343883484702e-01
4.008400892090243639e-01
4.005559763092825243e-01
4.005791276171945525e-01
4.004005767006974525e-01
4.005520329108632205e-01
4.000853048743572282e-01
4.005342744751628214e-01
4.006060121450381040e-01
4.008501697338424652e-01
4.003608838039020013e-01
4.003900834034400669e-01
4.001961973809299855e-01
4.005881607710046199e-01
4.000486748381859026e-01
4.009527339975171856e-01
3.998518620294787551e-01
4.011170891480903555e-01
3.999553092144758626e-01
4.001487453121330695e-01
4.003084706861702036e-01
3.996469455194075482e-01
3.998023283834862274e-01
4.000179025548328826e-01
3.996519154347425995e-01
4.000939606882705779e-01
3.997142784796005044e-01
4.002078793489601272e-01
3.997721765215914713e-01
4.002950015984448884e-01
3.999072978781212373e-01
4.001651701371827796e-01
3.996353039707932209e-01
4.008578839880834188e-01
3.995151295948818349e-01
4.000451463101304950e-01
3.998690359481735790e-01
4.013995710514272064e-01
3.994565592054525882e-01
3.998646657281648698e-01
3.994191094235069461e-01
3.999881677320309414e-01
3.998233639823073338e-01
4.010237143465869014e-01
3.998684578822783164e-01
4.002574664646225688e-01
3.996806464301414508e-01
3.994771808948562319e-01
3.997906376759471359e-01
3.994827832938079304e-01
3.994645250536704162e-01
4.004691430582253964e-01
3.993808718819354953e-01
3.993961758808564633e-01
3.993010884215924539e-01
3.994813100458954325e-01
3.993130947824860555e-01
3.997672841285637713e-01
3.994133462034801796e-01
3.998518366489531850e-01
3.994662373616543749e-01
3.995211152829081236e-01
3.993808731181109350e-01
3.998806197823817632e-01
3.993150598805850215e-01
3.997798189582446593e-01
3.994121846427475253e-01
3.995384410292712185e-01
3.993262332507732104e-01
3.999327139861214020e-01
3.993329385354820182e-01
3.996726886487287356e-01
4.002852340920922125e-01
3.992412335051028771e-01
3.994256770659291855e-01
3.996872709732045559e-01
3.992998683680591965e-01
3.989437893970293469e-01
3.991310693687936118e-01
4.003759572954444512e-01
3.992534988178868538e-01
3.998456496267794313e-01
3.990057531054891360e-01
4.004868227755203902e-01
3.990632234938352729e-01
3.999888332977070138e-01
3.990532812202656210e-01
3.990635786644518568e-01
3.990342773992096026e-01
3.989864469689992643e-01
3.988921788091517873e-01
3.996833923060500449e-01
3.990569335322357580e-01
3.996244591332319684e-01
3.991080203321064612e-01
4.000067864228830650e-01
3.992862215430836859e-01
4.004190310758510840e-01
3.989595502142415095e-01
3.993680204580036253e-01
3.990385741586564006e-01
3.995639947722705587e-01
3.988857567502843149e-01
3.990008876894825529e-01
3.998431189840300770e-01
3.989911682245328994e-01
3.989626789181001665e-01
3.986785038326854935e-01
3.989164443014074357e-01
4.002397885481335238e-01
3.986957409481117764e-01
3.993441793693479069e-01
3.988326374896044024e-01
3.991026276619527580e-01
3.991339429663475213e-01
3.990323443056477681e-01
3.986503813537420893e-01
3.988344269208288773e-01
3.986833571874655036e-01
3.989112073800985536e-01
3.987039717393929261e-01
3.989562258109883852e-01
3.987903404701204635e-01
3.988837895930422706e-01
3.986298748349694221e-01
3.995054030999889427e-01
3.987853841643068109e-01
3.990231093614985958e-01
3.986436937975427752e-01
3.989526332565588307e-01
3.990145550971750943e-01
3.987344388412952800e-01
3.987721388613527096e-01
3.992705223499055656e-01
3.987784878156883650e-01
3.993053763417679369e-01
3.989897208564550657e-01
4.000299762507849577e-01
3.986185827417446648e-01
4.013657408710288865e-01
3.986661508840527723e-01
3.990392418260040319e-01
3.986329847405173932e-01
3.996699991007690578e-01
3.985850933330448709e-01
3.990954921123309185e-01
3.985879011419598550e-01
3.989267849703306279e-01
3.986271077950002684e-01
3.992359041573331768e-01
3.986129117119737164e-01
3.992376049719461584e-01
3.986051329128049714e-01
3.982431387506466525e-01
3.983360551180988862e-01
3.992364270838663076e-01
3.984462777596736727e-01
3.983840547537180754e-01
3.985354054819527647e-01
3.990106194072514656e-01
3.985714750731658707e-01
3.988299096689787437e-01
3.986714429690171313e-01
3.984452712476056480e-01
3.982272329533790844e-01
3.989042208038780513e-01
3.981369890277073886e-01
3.985530726130859791e-01
3.981832552041850715e-01
3.985297207246728535e-01
3.981561947395108603e-01
3.990127156245610318e-01
3.983116242932399076e-01
3.992373946243129024e-01
3.986134618492140902e-01
3.985780549115838234e-01
3.981985025330531669e-01
3.995970663919535815e-01
3.984459788221473842e-01
3.985876340446000698e-01
3.983166606160536416e-01
3.985547677728474292e-01
3.981964680545949653e-01
3.984149518327634310e-01
3.982267367327461671e-01
3.982363302503828528e-01
3.981622613048408921e-01
3.981922180404749434e-01
3.981297867364410603e-01
3.980986463386438912e-01
3.985482636100269871e-01
3.981793655009391864e-01
3.983390949834074712e-01
3.982445605000204392e-01
3.982318608633045876e-01
3.981060198932689365e-01
3.984395143840512854e-01
3.982485514864504417e-01
3.979603609840157707e-01
3.980264939469775887e-01
3.979053212909401394e-01
3.979515616486820617e-01
3.979236004109211744e-01
3.980095824293941043e-01
3.977590369786951907e-01
3.976990842293626760e-01
3.977484310611315577e-01
3.977825759914326853e-01
3.979250229180396059e-01
3.976431114406412393e-01
3.979099756628430851e-01
3.976699556028004401e-01
3.977906585956609842e-01
3.976543377342974805e-01
3.977420250847247263e-01
3.976861841308854673e-01
3.977180753234852983e-01
3.976778447373003900e-01
3.977020456212811417e-01
3.976983039995858893e-01
3.978911588464529303e-01
3.976581733657562068e-01
3.979189914328430944e-01
3.977401214325066992e-01
3.978115461629863625e-01
3.976443477574458929e-01
3.977429553161276887e-01
3.977022601779859889e-01
3.977886451073203711e-01
3.976148572980870988e-01
3.978414551141537525e-01
3.977509081803364266e-01
3.974217822681628820e-01
3.974542933303237824e-01
3.974960805561285060e-01
3.974986930387297002e-01
3.976887184446377121e-01
3.973533371850508922e-01
3.974798492283805329e-01
3.972761271591394028e-01
3.972910110531572836e-01
3.972044970316315760e-01
3.971032755281152515e-01
3.971280697189159548e-01
3.971617434673209157e-01
3.971473002800126606e-01
3.969990494936515013e-01
3.970752417918936295e-01
3.972368374328628660e-01
3.969592615747850051e-01
3.969539198482798792e-01
3.970103367781088188e-01
3.971982362933856314e-01
3.969956745969622780e-01
3.971430288336137981e-01
3.969802114131474324e-01
3.970712492795933635e-01
3.969535612693290694e-01
3.969849603135979788e-01
3.969515254072118471e-01
3.970003890918449296e-01
3.969762561681043911e-01
3.970724542752748221e-01
3.969890799551210603e-01
3.970639590862727886e-01
3.971466976455740872e-01
3.969692097204162717e-01
3.969727638410606163e-01
3.971566166844514578e-01
3.969851643122764839e-01
3.968328818013165393e-01
3.968463827465663063e-01
3.970093210734270683e-01
3.969234854885922981e-01
3.971418379262626752e-01
3.969744604252702369e-01
3.971522507854250983e-01
3.969294784481252059e-01
3.970793437111161950e-01
3.966964213321908517e-01
3.967308683477487885e-01
3.967386106259040424e-01
3.966861058032883913e-01
3.967015074517653561e-01
3.967164467896019397e-01
3.967342791268790858e-01
3.969166058788657359e-01
3.966854726084571570e-01
3.968818963825016533e-01
3.966816358106535212e-01
3.966684545975860954e-01
3.966543714849269930e-01
3.969248806893169723e-01
3.966973898814205590e-01
3.968097616993769283e-01
3.966699693330974497e-01
3.969085268507578923e-01
3.966588381298371546e-01
3.967160924508275621e-01
3.967309864801999431e-01
3.967385534167575667e-01
3.966068582623008543e-01
3.967174265473885630e-01
3.966440410055702137e-01
3.967223209809073170e-01
3.966544932055146022e-01
3.966631183671700533e-01
3.966620417034693036e-01
3.972286884339039648e-01
3.966692731578340680e-01
3.969593486538056659e-01
3.965352274816537625e-01
3.963544571085902413e-01
3.964693619363107713e-01
3.965286908482753558e-01
3.964433314996927971e-01
3.965230162339932196e-01
3.964590871996186427e-01
3.965828531154957926e-01
3.963746807983325460e-01
3.965258795133828618e-01
3.963821502037047084e-01
3.963125756583686377e-01
3.963187838104378358e-01
3.965211983613494140e-01
3.964136902097523119e-01
3.962835095821037323e-01
3.963749491808347680e-01
3.963700211850723631e-01
3.963644963592382053e-01
3.964838908666450390e-01
3.963181193629740084e-01
3.964186768777717140e-01
3.963311324626951904e-01
3.963539985890183193e-01
3.963419190333218323e-01
3.962429571228290870e-01
3.962347568436713208e-01
3.963069023371642574e-01
3.962900253182840005e-01
3.968854291916185106e-01
3.962754971184332953e-01
3.963968323632486301e-01
3.962750859070743314e-01
3.964270828731602525e-01
3.963164148258157549e-01
3.961761032562036156e-01
3.961888348508124102e-01
3.962811975376049900e-01
3.963011807184739221e-01
3.962982977857035793e-01
3.962813403380796018e-01
3.963414015464706286e-01
3.961480323609773979e-01
3.964045891816672662e-01
3.962007190710026272e-01
3.963565689421268967e-01
3.962142002953431552e-01
3.966018976279289121e-01
3.961548348860733371e-01
3.961406866685208139e-01
3.962545615803209076e-01
3.962529278960596479e-01
3.961853998537446797e-01
3.962868713498047812e-01
3.961935300585230912e-01
3.962940660693722306e-01
3.961305999018804869e-01
3.963027877738685145e-01
3.961529236962308964e-01
3.963967213045940241e-01
3.962050706161754920e-01
3.961911563320012486e-01
3.960988808871754863e-01
3.960915923861229038e-01
3.960997711425271461e-01
3.963713743559112435e-01
3.960966426685982866e-01
3.962259558371084012e-01
3.961002024454062798e-01
3.961428097511884294e-01
3.961024441867579959e-01
3.961908658373561321e-01
3.960637826890931468e-01
3.962132667260276908e-01
3.960588972938736130e-01
3.962247628655205522e-01
3.960842515489680915e-01
3.964112925046994196e-01
3.959786778247202932e-01
3.962420406601633305e-01
3.960237023721213667e-01
3.961090381819056261e-01
3.959632097922901051e-01
3.960409198324041369e-01
3.959128367381647973e-01
3.960952429746609771e-01
3.959524472964008335e-01
3.959895801255444714e-01
3.958958866455643544e-01
3.959822025056321526e-01
3.959750013680348735e-01
3.961422056669146041e-01
3.959838928112104361e-01
3.959010062673989916e-01
3.959184513692039498e-01
3.959124936599857647e-01
3.959077413800088929e-01
3.962740696610496660e-01
3.958924610529407362e-01
3.960915455823132980e-01
3.958992310271349235e-01
3.960480357392183737e-01
3.958754894676636549e-01
3.962315853622369599e-01
3.959758284247210658e-01
3.959792503089357707e-01
3.958647945267718682e-01
3.961635922298542556e-01
3.958363331891856518e-01
3.959484466925035639e-01
3.959310687337155854e-01
3.959561040013306332e-01
3.958798294888027369e-01
3.960441880026814299e-01
3.958656580012383519e-01
3.958711428120291753e-01
3.959203684332631701e-01
3.960859292700922851e-01
3.958587655495377500e-01
3.962649450512024107e-01
3.958894046387813614e-01
3.960125811870056634e-01
3.958942074366494923e-01
3.960447858884486583e-01
3.958813814992290236e-01
3.960676562428097069e-01
3.958209432815494866e-01
3.959094083354917637e-01
3.959026092854197043e-01
3.958435540206817205e-01
3.957942523898375642e-01
3.958524109309693451e-01
3.959608026110590373e-01
3.959201772909937689e-01
3.958276737631234998e-01
3.958953164075798004e-01
3.958134788023203732e-01
3.959978767946378819e-01
3.957843454265776439e-01
3.958795860751204709e-01
3.958390427948054180e-01
3.960273704458428523e-01
3.958456798971624613e-01
3.959133113544731630e-01
3.957450717271174256e-01
3.958930689812228398e-01
3.957662026293735091e-01
3.958545697778250161e-01
3.957587629868663526e-01
3.959055880485441992e-01
3.957492758171674563e-01
3.958655520604643652e-01
3.957224837097717551e-01
3.957327074074741824e-01
3.957558848379332250e-01
3.958708870360348464e-01
3.957408582646213535e-01
3.958282644084219482e-01
3.957343949606901834e-01
3.957223368777396666e-01
3.957622216568976170e-01
3.959187995878372668e-01
3.957878496396295964e-01
3.957895530501963077e-01
3.957914254942996313e-01
3.957467854212068925e-01
3.957141680058179345e-01
3.957496471851389419e-01
3.957319527257027181e-01
3.961764176438957175e-01
3.958059414926805575e-01
3.961168582836632202e-01
3.956730397305242564e-01
3.957788720002289318e-01
3.956473637206521232e-01
3.957084202859615374e-01
3.957063748889139698e-01
3.958117111554987910e-01
3.956811583872421600e-01
3.959343130203314409e-01
3.957073844034701415e-01
3.957205354152388832e-01
3.956488985065619857e-01
3.957515062756347679e-01
3.956427947051393557e-01
3.958244316105926641e-01
3.956574340064483164e-01
3.958121972320911008e-01
3.956795350937487576e-01
3.959396157076159328e-01
3.956958153234624853e-01
3.958075966850734262e-01
3.957081517614102761e-01
3.959652071462250733e-01
3.956686718139420522e-01
3.957892997922665690e-01
3.956991408111419362e-01
3.956311498148342709e-01
3.956776267020143956e-01
3.956317958717734951e-01
3.956439217376650497e-01
3.956358582330827822e-01
3.956832307174175112e-01
3.956742683761933499e-01
3.956232816429525734e-01
3.956542178999943316e-01
3.955949557149976425e-01
3.956159753499282061e-01
3.956550684137812302e-01
3.955752360014728186e-01
3.956294044955811495e-01
3.956020670841171039e-01
3.956182248839305027e-01
3.955648034363971055e-01
3.955981292187491505e-01
3.955806971003692496e-01
3.956029109772728480e-01
3.955434820244395633e-01
3.955966679273648645e-01
3.955567719827327577e-01
3.955449424163979266e-01
3.955687215069400575e-01
3.955676621128801362e-01
3.955488644469967174e-01
3.955200719292575884e-01
3.954971868716072869e-01
3.955174580809015517e-01
3.955386194299531089e-01
3.955123765841425110e-01
3.954999305368265827e-01
3.955078455441652374e-01
3.955066841423762192e-01
3.955382359016231253e-01
3.954895384626889165e-01
3.955058793295662678e-01
3.954896843468693191e-01
3.955307124058013990e-01
3.955064458662652105e-01
3.955378439642172061e-01
3.955135949017748453e-01
3.954907686742837325e-01
3.955114476904200149e-01
3.955565134192004506e-01
3.954838852756045187e-01
3.955830501777952146e-01
3.954962550062316451e-01
3.954650641729587357e-01
3.954282903930159132e-01
3.954423024990457725e-01
3.954165151999194383e-01
3.954598671804082644e-01
3.954220921887969808e-01
3.953937296829412862e-01
3.953993138179217048e-01
3.954286591950468277e-01
3.953968626182880475e-01
3.953547670145275417e-01
3.953587639273877796e-01
3.953762123483286484e-01
3.953520226098322654e-01
3.953223178588919917e-01
3.953457374146179815e-01
3.953686095931228106e-01
3.953432355222529226e-01
3.953102262133056932e-01
3.952905587076384064e-01
3.953393737214640491e-01
3.953301301646198196e-01
3.953645653338102028e-01
3.953303840223597598e-01
3.953151289506485200e-01
3.953013724318557576e-01
3.952601992960901867e-01
3.952572709584665778e-01
3.952523833735635539e-01
3.952729898811365716e-01
3.952289417846063246e-01
3.952450238476710176e-01
3.953492149903080621e-01
3.952325708781606606e-01
3.952904253404110335e-01
3.952274834743385590e-01
3.952162886629807526e-01
3.952240043414807502e-01
3.952529067662085560e-01
3.952436270695864340e-01
3.952309645088791235e-01
3.952389056290654956e-01
3.952505273347290404e-01
3.952227026171934443e-01
3.952104825748132266e-01
3.952020046813121690e-01
3.952349085607417267e-01
3.952264981029238733e-01
3.951897805184886869e-01
3.951884289066338596e-01
3.952178063475283443e-01
3.952275711563522087e-01
3.952064978739868173e-01
3.952245574923941018e-01
3.952041222609444238e-01
3.952443563392226134e-01
3.951477160792652432e-01
3.951535648496933284e-01
3.951519546420620976e-01
3.951514635853638491e-01
3.952488180235378956e-01
3.951470270382346217e-01
3.951721945836649819e-01
3.951781764030790067e-01
3.951337051784438170e-01
3.951592207506627319e-01
3.951610109906939505e-01
3.951395635079614221e-01
3.951691717934595061e-01
3.951448797067791951e-01
3.951298867467767373e-01
3.951261703642475753e-01
3.951944940643442039e-01
3.951244960460590927e-01
3.951637578559952790e-01
3.951289429567046985e-01
3.951549370796884064e-01
3.951959931733637355e-01
3.950419471863083065e-01
3.949148033419891402e-01
3.948992272459709851e-01
3.949192415292734903e-01
3.949584606682416399e-01
3.948895721847198170e-01
3.948717245999864844e-01
3.948722277389429269e-01
3.949172819954916980e-01
3.949334908361215035e-01
3.948728832418953449e-01
3.948736824372501841e-01
3.948458074876604051e-01
3.948315896954936455e-01
3.948060032537430430e-01
3.947967693784660836e-01
3.948257931425044887e-01
3.948073188743365658e-01
3.947535900647534679e-01
3.947729219057003469e-01
3.947498275500849751e-01
3.947456209114208470e-01
3.948401199990721477e-01
3.947597809811369540e-01
3.947780329035733837e-01
3.947567528087899125e-01
3.947714394695338580e-01
3.947493801686612347e-01
3.947705796021327984e-01
3.947267772980234679e-01
3.948037962168029491e-01
3.947528880622409031e-01
3.947783833592589109e-01
3.947494470958525237e-01
3.946841293703776676e-01
3.946846388197935984e-01
3.946857063176174019e-01
3.946767661883173184e-01
3.947045297646250561e-01
3.946650885534165321e-01
3.946407458688632186e-01
3.946685279860918105e-01
3.946498687459716326e-01
3.946448895602887585e-01
3.946635914442224169e-01
3.946646160986180263e-01
3.946899742263504929e-01
3.946174353112282263e-01
3.946241197823853186e-01
3.946068139331155300e-01
3.946540063589794589e-01
3.946339189447955476e-01
3.946569060930734674e-01
3.946154425397910837e-01
3.945815424243730996e-01
3.945956988166025026e-01
3.946643829097956080e-01
3.946220322645903611e-01
3.946960255220357539e-01
3.946080958151517160e-01
3.945415858524803365e-01
3.945508834558014710e-01
3.945153780544125577e-01
3.945441884364641605e-01
3.945118684963125899e-01
3.945249883319865147e-01
3.945533397087416239e-01
3.945023851961189099e-01
3.945457555242961045e-01
3.944898714442792165e-01
3.944547110255366418e-01
3.944604912460769053e-01
3.944324402627737425e-01
3.944355158441710252e-01
3.945313397824562474e-01
3.944448489938660596e-01
3.946851365209492202e-01
3.944328995243216451e-01
3.945891401436216750e-01
3.944307460738619153e-01
3.944674386572524782e-01
3.944265884415793511e-01
3.944925883905168740e-01
3.944104460724339178e-01
3.944734405570025082e-01
3.944751043607241381e-01
3.943778810647372568e-01
3.943861550793427706e-01
3.943549619158878694e-01
3.943793795026467319e-01
3.944097022792557583e-01
3.943581229417746359e-01
3.944694627283815702e-01
3.943697252363437822e-01
3.943139257633136441e-01
3.943019430916113732e-01
3.944460674038370307e-01
3.943090751772205249e-01
3.942839794855422797e-01
3.942877478794385437e-01
3.942732492924074239e-01
3.942849010408094323e-01
3.943682960847154639e-01
3.942965132243008708e-01
3.942916509145228399e-01
3.942962075473863126e-01
3.942779982881301493e-01
3.942736848333195376e-01
3.943403004062558392e-01
3.942757780307367677e-01
3.943591951165068554e-01
3.942950187663344930e-01
3.943587876251518076e-01
3.943122595770892080e-01
3.943264300930843236e-01
3.942895371658476922e-01
3.943606229918619199e-01
3.942790609390022238e-01
3.942664372657369576e-01
3.942918629581733114e-01
3.942730879548667633e-01
3.942513607568366996e-01
3.943171355812615797e-01
3.942536162463078919e-01
3.943502896900443200e-01
3.942581730491214187e-01
3.943192306876200370e-01
3.942794122010398472e-01
3.943685968434311184e-01
3.942626137812711984e-01
3.942617455822889916e-01
3.942706116798021521e-01
3.943005312920915828e-01
3.942391174925805042e-01
3.942899228689253910e-01
3.942834650705631105e-01
3.942668251181742356e-01
3.942625818953435224e-01
3.943010134489762231e-01
3.942587919094515114e-01
3.943185308283839730e-01
3.942350545539149431e-01
3.942716888327837954e-01
3.942082313878357835e-01
3.941953040054670954e-01
3.942149426130810985e-01
3.943411697691692752e-01
3.942272435538350384e-01
3.941716024841462884e-01
3.941771450390292308e-01
3.943385275808665158e-01
3.941704150998133760e-01
3.942875239425389644e-01
3.941778133033678189e-01
3.941792077330219524e-01
3.941363243474581002e-01
3.940957141128863528e-01
3.940926907190912543e-01
3.941629647590226826e-01
3.940990369123816839e-01
3.942215619388620973e-01
3.940662520753831499e-01
3.940787114168125549e-01
3.940619709362969125e-01
3.941092770413663904e-01
3.941183718339808517e-01
3.941748301545436872e-01
3.940927963120125499e-01
3.940870464402435602e-01
3.940582578561644955e-01
3.941245919630001482e-01
3.940567338396804287e-01
3.941058106639847569e-01
3.940483179954748505e-01
3.939967696009920028e-01
3.940124339993013036e-01
3.940035976190044420e-01
3.940140888971346844e-01
3.940239527702659728e-01
3.940146525830529045e-01
3.940298087798176363e-01
3.939941329992023289e-01
3.940168902914825133e-01
3.940202009468932731e-01
3.940000577359567546e-01
3.939951612586237717e-01
3.940049237773871060e-01
3.939884583812230945e-01
3.939584543913561276e-01
3.939546829026527308e-01
3.939938218588083241e-01
3.939684475224621285e-01
3.939822709094065734e-01
3.939642234993100400e-01
3.940336425961931122e-01
3.939548594602997333e-01
3.939936951198140247e-01
3.939574741641555522e-01
3.939912355531229871e-01
3.939864050099855519e-01
3.939834215634907544e-01
3.939776234804907573e-01
3.940004369964325570e-01
3.939617916371730422e-01
3.939743317202387685e-01
3.939761148772610300e-01
3.939938602229337006e-01
3.939701040663479148e-01
3.939683921151035939e-01
3.939600563342661177e-01
3.939896016240683196e-01
3.939804110506812673e-01
3.939849424535930011e-01
3.939641922245108452e-01
3.939726079015543059e-01
3.939559460973348637e-01
3.939997694898265679e-01
3.939604938377953003e-01
3.939790346012694289e-01
3.939696296539160203e-01
3.940698412699099595e-01
3.939562569870074804e-01
3.940225160476705235e-01
3.939665056968183476e-01
3.940146426307989946e-01
3.939184835171768428e-01
3.939377280172967066e-01
3.939249940747816536e-01
3.939584114887767496e-01
3.939144649286148159e-01
3.939562480876571682e-01
3.939257938796406622e-01
3.939693303989826312e-01
3.939306434580227001e-01
3.939683166972948181e-01
3.939243219976445443e-01
3.939434977682279571e-01
3.939109234878359622e-01
3.939639685956917714e-01
3.939556027176275843e-01
3.939327937364504040e-01
3.939077443433801617e-01
3.939400292870836040e-01
3.939155501478575627e-01
3.939738396373329010e-01
3.939130991336298182e-01
3.939801292832694202e-01
3.939155966656650021e-01
3.939487901301388928e-01
3.939177742993579256e-01
3.939294287472878131e-01
3.939328415329096389e-01
3.939185377093649687e-01
3.939437995889321087e-01
3.940131469730442371e-01
3.939113357961287476e-01
3.939093538038470621e-01
3.939088838609245413e-01
3.939406884883504545e-01
3.939065734164596266e-01
3.939392429329397483e-01
3.939040681188916704e-01
3.939382609246971922e-01
3.939622980433264421e-01
3.939089875538333563e-01
3.939141414965992571e-01
3.939053875688588446e-01
3.939201770869217301e-01
3.939049339742323186e-01
3.939118583055052358e-01
3.939054894454178113e-01
3.939019782182683893e-01
3.939150115911241867e-01
3.939065316116363569e-01
3.938976556536616380e-01
3.939004860740075720e-01
3.939042832024511887e-01
3.938957555597923932e-01
3.939055423747113149e-01
3.938950143804214044e-01
3.938951814219905923e-01
3.939011989029621019e-01
3.938905711390112141e-01
3.938920384571759636e-01
3.939021937927662531e-01
3.938910731717823466e-01
3.938977259106736240e-01
3.938967122876726457e-01
3.938919889876802971e-01
3.939235466678160935e-01
3.938631905376588360e-01
3.938808916808429483e-01
3.938423089352567352e-01
3.938543288944217347e-01
3.938325528873031778e-01
3.938452596715783516e-01
3.938238823840735647e-01
3.938225383048115646e-01
3.938320310270717051e-01
3.938178635433065011e-01
3.938411534456923158e-01
3.938168219661073444e-01
3.938259877385105745e-01
3.938153049119448856e-01
3.938236257030707788e-01
3.938082912854356521e-01
3.938151408995245184e-01
3.938079735771294332e-01
3.938257547191749142e-01
3.938153097008242343e-01
3.937913153277261546e-01
3.937914145435600921e-01
3.937675654578877693e-01
3.937770863441674152e-01
3.937520284287670536e-01
3.937517492741499092e-01
3.937538509792091190e-01
3.937447045203976148e-01
3.937443242826988432e-01
3.937622970852460713e-01
3.937359990607342541e-01
3.937330504581544877e-01
3.937333554267163360e-01
3.937348918639139161e-01
3.937129837479781957e-01
3.937105972922596009e-01
3.937121055218215093e-01
3.937111647815400572e-01
3.937141658596952642e-01
3.937095385278407411e-01
3.937133205624250842e-01
3.937118343315765823e-01
3.937149233922307423e-01
3.937147287114845517e-01
3.937409569344189064e-01
3.937124123067635151e-01
3.937115177164244306e-01
3.937102544962420847e-01
3.937092780312130280e-01
3.937231707739478059e-01
3.937182283887325496e-01
3.936999232878527488e-01
3.936879065536147970e-01
3.936942868049332356e-01
3.937020113705332336e-01
3.936885979659636159e-01
3.937022933307715578e-01
3.936868809560978844e-01
3.937031534549306211e-01
3.936856740790685150e-01
3.936890046424100786e-01
3.936715154948915996e-01
3.936602004123518350e-01
3.936629486166217107e-01
3.936603615060043637e-01
3.936663136424005671e-01
3.936682967291225133e-01
3.936623964231192874e-01
3.936657131203553650e-01
3.936660123642635734e-01
3.936711193300274636e-01
3.936582979967587215e-01
3.936662700621220701e-01
3.936551314633072729e-01
3.936377763944409747e-01
3.936435577565805533e-01
3.936305481927414029e-01
3.936285182126932347e-01
3.936770197698522544e-01
3.936316911282575215e-01
3.936523854526217114e-01
3.936349197359521601e-01
3.936478520386494928e-01
3.936292442767672095e-01
3.936258967370519501e-01
3.936274909523193588e-01
3.936139337507947311e-01
3.936089999027498898e-01
3.936138855277378501e-01
3.936073033185681358e-01
3.936192472460329772e-01
3.936050852110241083e-01
3.936008499293778273e-01
3.936017675155639717e-01
3.936024164980768125e-01
3.936019014379644188e-01
3.936139673814210704e-01
3.936135925918110012e-01
3.936269446546246109e-01
3.936287582184964662e-01
3.936080865364391390e-01
3.935878912164120225e-01
3.936051258394840380e-01
3.935887128868404972e-01
3.936014605767431118e-01
3.935837558945400327e-01
3.935787709006303148e-01
3.935728272999408084e-01
3.935935925197761587e-01
3.935779262005374979e-01
3.935805408887757539e-01
3.935794307536032988e-01
3.935893794114497801e-01
3.935801966954659559e-01
3.935744456128284496e-01
