9.744459589721372605e-01
9.744459589721372605e-01
9.744459589721372605e-01
9.738071893564340664e-01
1.320220091736118428e+00
9.792056906357852197e-01
1.036572337902449403e+00
9.738071893564340664e-01
9.738071893564340664e-01
9.738071893564340664e-01
9.738071893564340664e-01
9.738071893564340664e-01
9.924899114286643842e-01
9.762465165630709318e-01
9.738071893564340664e-01
9.738071893564340664e-01
9.738071893564340664e-01
9.960551805652154700e-01
9.738071893564340664e-01
9.738071893564340664e-01
9.599914884494479272e-01
9.732331514011109963e-01
9.599914884494479272e-01
9.470942434190419146e-01
9.677525687931896048e-01
9.470942434190419146e-01
9.433990504666618371e-01
9.352906191275243142e-01
9.576493034238366953e-01
9.369019617434803937e-01
9.358479029157987794e-01
9.352906191275243142e-01
9.353634737423262013e-01
9.352906191275245362e-01
9.354796132843425926e-01
9.352906191275243142e-01
9.357581085127383291e-01
9.352906191275245362e-01
9.366336857830600549e-01
9.352906191275245362e-01
9.420729344046407938e-01
9.401692635153047206e-01
9.205815017569740633e-01
9.133706040958055050e-01
9.397851137013650824e-01
9.133706040958055050e-01
8.997821399078382854e-01
8.889521568699744192e-01
8.782009858658655910e-01
8.609203129906962682e-01
9.004338335945599736e-01
8.583676242314703941e-01
8.632755167331125357e-01
8.562642081787643633e-01
8.526903947818473828e-01
8.527191812277438165e-01
8.532380960719484486e-01
8.527097020830334273e-01
8.523192047212527767e-01
8.523192047212526656e-01
8.547520695899921694e-01
8.523192047212526656e-01
8.733183780070913338e-01
8.698878484208980577e-01
8.516465586072509142e-01
8.516465586072509142e-01
8.442034065480709115e-01
8.453301218915456605e-01
8.741131427704282864e-01
8.419788524423369447e-01
8.533440376339840316e-01
8.449331662046594138e-01
8.772719480781232537e-01
8.422812954601214264e-01
8.875062339055757032e-01
8.452072467039292158e-01
8.715411065132487867e-01
8.431839482261658247e-01
8.909945442241884450e-01
8.427832003970168184e-01
8.911833834850626523e-01
8.500199743472210967e-01
8.420372849440800334e-01
8.478038521829363017e-01
8.422263968713019633e-01
8.432877200467856493e-01
8.422955422250368862e-01
8.531273782399682037e-01
8.416532573819556218e-01
8.523870869549686757e-01
8.416532573819556218e-01
8.443136071254386810e-01
8.416532573819553997e-01
8.433237473175180243e-01
8.415023326175623541e-01
8.425251855026767434e-01
8.404921926346995420e-01
8.416966582882290382e-01
8.403165241620591530e-01
8.426900897872823260e-01
8.462449781794857406e-01
8.401710001831302899e-01
8.400522109886420230e-01
8.412006427036609058e-01
8.407902057924294681e-01
8.401915299795119640e-01
8.402664500559803296e-01
8.400484491638247064e-01
8.429641818667586994e-01
8.403101882208315887e-01
8.412734249505762207e-01
8.400064084736998948e-01
8.404472828924873795e-01
8.399754398532491839e-01
8.400966591668008743e-01
8.399754398532491839e-01
8.397714857500331309e-01
8.401656506173666994e-01
8.409757013476315546e-01
8.394749868567001894e-01
8.461032088217644853e-01
8.393291882282499783e-01
8.392910337055923264e-01
8.400230440696095924e-01
8.393237526097375723e-01
8.394791465833406630e-01
8.392265830704938034e-01
8.394527753522927904e-01
8.392898160776576244e-01
8.397536974165215051e-01
8.392068147362824471e-01
8.392965133855573301e-01
8.391872400419797540e-01
8.391332316929414059e-01
8.391988627524168409e-01
8.391949823492985683e-01
8.391599630469851467e-01
8.396000266860645933e-01
8.391332316929412949e-01
8.393197834632873944e-01
8.391428006062252587e-01
8.389746473012638095e-01
8.387999199437772280e-01
8.385053906999935247e-01
8.388089209193407836e-01
8.384774565277977043e-01
8.384362284174735613e-01
8.383027066805253114e-01
8.378962635566276074e-01
8.379604140149533587e-01
8.378638449246182951e-01
8.379303462046996387e-01
8.378396393952852739e-01
8.379462659571922378e-01
8.378331116286522606e-01
8.381037842123807424e-01
8.381885480549219336e-01
8.379106296090296224e-01
8.378402248238888683e-01
8.377505959627510324e-01
8.377505959627511434e-01
8.375991803320067541e-01
8.375886287247928941e-01
8.379426382410557483e-01
8.380290278410807980e-01
8.377769591720183318e-01
8.376546137080185250e-01
8.374842505442821050e-01
8.376414860765682979e-01
8.375277530827597294e-01
8.374433843558219959e-01
8.375776904726597305e-01
8.374070265948234670e-01
8.376333094003631796e-01
8.373904708910844263e-01
8.382583618980132822e-01
8.373587455611651853e-01
8.372317039846506326e-01
8.372229993699237260e-01
8.374748988373819092e-01
8.372351026574950117e-01
8.384008828766502663e-01
8.371509494403837071e-01
8.372221993744062285e-01
8.371509494403839291e-01
8.373662779680755008e-01
8.371596396049290068e-01
8.372030629211784092e-01
8.371997458461771791e-01
8.370911472096002059e-01
8.372336273505489590e-01
8.370959046088832789e-01
8.370943468754183936e-01
8.371031249331399859e-01
8.371474116005886978e-01
8.370733753212112882e-01
8.371222000903038030e-01
8.370879511958428942e-01
8.371361245889051839e-01
8.371157649610518892e-01
8.371102978129921768e-01
8.371185207066470513e-01
8.371379891478031299e-01
8.370538847577846386e-01
8.370449877550638629e-01
8.370507462283695022e-01
8.371450896250884899e-01
8.370359882899239823e-01
8.369637547821905388e-01
8.369293034307931922e-01
8.369293034307929702e-01
8.370787488689831468e-01
8.369465423286396311e-01
8.368922522153832144e-01
8.369963488678386909e-01
8.368906469942651860e-01
8.368881434522357221e-01
8.368642457983074268e-01
8.368615917170778573e-01
8.368016735163786857e-01
8.367894517860461345e-01
8.368116585247914463e-01
8.367996713090344318e-01
8.367783828576369487e-01
8.368207528667929163e-01
8.367565569976894713e-01
8.368179999032255845e-01
8.367448092168839890e-01
8.368570062726183867e-01
8.367458592486356483e-01
8.368986860155681606e-01
8.367434617205860015e-01
8.367532509585187128e-01
8.367434617205857794e-01
8.367490810511832855e-01
8.367389289948372610e-01
8.368918218067107340e-01
8.367367920277273274e-01
8.367955464080155670e-01
8.367665920780276156e-01
8.367705611991964609e-01
8.367476078045404941e-01
8.367385132997471331e-01
8.367564635147989316e-01
8.367396249279767106e-01
8.367739681376966665e-01
8.367263593924642029e-01
8.367119770321717054e-01
8.367128753464150304e-01
8.368257141897045281e-01
8.367365514368587665e-01
8.367227644954626786e-01
8.367123393031612455e-01
8.367204276474750069e-01
8.367076226238142622e-01
8.366882777359543333e-01
8.366882777359543333e-01
8.366825016267701587e-01
8.366817943165943960e-01
8.367074267755297834e-01
8.366832930712772010e-01
8.367031283111396878e-01
8.366820583446074044e-01
8.366852555694115345e-01
8.366796001907488289e-01
8.366691945002761033e-01
8.366782132685144369e-01
8.366681876598686118e-01
8.366745480222403941e-01
8.366718710097816869e-01
8.366861683445582232e-01
8.366684820210539275e-01
8.367141950134465711e-01
8.366681244684573970e-01
8.366361236364312504e-01
8.366300659788132865e-01
8.366282023616559149e-01
8.366263958636432907e-01
8.366263958636430687e-01
8.366198679633366497e-01
8.366799236613952084e-01
8.366295239715358933e-01
8.366364477722656456e-01
8.366158450384046930e-01
8.366133559938327968e-01
8.366193951928435624e-01
8.366013896774184833e-01
8.366147040039925153e-01
8.365952710838061579e-01
8.365900283898726197e-01
8.366379583008076715e-01
8.365926444547427954e-01
8.365700948721601637e-01
8.365893913058988218e-01
8.365697780800015471e-01
8.366077202790397349e-01
8.365790080540194129e-01
8.365534304186645898e-01
8.365538856793968137e-01
8.365567881928803740e-01
8.366068115372293779e-01
8.365534304186652559e-01
8.365573310226310788e-01
8.365575103596972761e-01
8.365606668116686295e-01
8.365521587160564820e-01
8.365638337544264447e-01
8.365552079461062718e-01
8.365845736787566045e-01
8.365463189578531411e-01
8.365367432816360749e-01
8.365303739445674180e-01
8.365327334002770066e-01
8.365317277153392350e-01
8.365392459092022559e-01
8.365344832161346611e-01
8.365511163527954430e-01
8.365491808310756561e-01
8.365301210303284218e-01
8.365324205641985200e-01
8.365384063790735070e-01
8.365185429979130616e-01
8.365176056132310745e-01
8.365178139772637689e-01
8.365199238699839723e-01
8.365160277939717171e-01
8.365172930407586138e-01
8.365159413111135089e-01
8.365173025214899249e-01
8.365143429533853370e-01
8.365212062344697941e-01
8.365146492733134265e-01
8.365280043485595618e-01
8.365172997835391699e-01
8.365089974745898438e-01
8.365120394519924840e-01
8.365089134956552597e-01
8.365112178790754527e-01
8.365092721190693359e-01
8.365161862541720117e-01
8.365084444774003591e-01
8.365355753683613171e-01
8.365069720406529408e-01
8.365011780476673264e-01
8.365085808075013452e-01
8.365019875722246034e-01
8.365035019761496438e-01
8.365012385747383483e-01
8.364999151793360843e-01
8.364996120908465560e-01
8.365021900877955829e-01
8.364996168957696820e-01
8.364951795723341021e-01
8.364966106137439183e-01
8.364942997824061921e-01
8.365106944715871018e-01
8.364927031474906904e-01
8.364875733244784284e-01
8.364839515317490370e-01
8.364840369412730459e-01
8.364839090761772011e-01
8.364843528386101124e-01
8.364842756964607773e-01
8.364815758114266808e-01
8.364799141315860664e-01
8.364813298008670905e-01
8.364717814750884939e-01
8.364675289200601549e-01
8.364663302855526172e-01
8.364667131164209568e-01
8.364673850944436273e-01
8.364676902885056498e-01
8.364671598713110390e-01
8.364663736116365600e-01
8.364676020752788155e-01
8.364660632539279161e-01
8.364692462455147748e-01
8.364664568722904869e-01
8.364695060308404706e-01
8.364725798455968642e-01
8.364691688306838957e-01
8.364663771615381549e-01
8.364748519176508079e-01
8.364663790247950370e-01
8.364643025997434700e-01
8.364648107397988364e-01
8.364626182925068987e-01
8.364628893041492486e-01
8.364647587439425491e-01
8.364619578680848599e-01
8.364798875324789273e-01
8.364631012102825558e-01
8.364619799411157075e-01
8.364604155383048578e-01
8.364595685589102381e-01
8.364585184682885588e-01
8.364587920900548035e-01
8.364585006667155653e-01
8.364584115809224896e-01
8.364633954969734608e-01
8.364584853577576862e-01
8.364596523898355507e-01
8.364585344942399026e-01
8.364583738760098530e-01
8.364581130302009004e-01
8.364584984955618641e-01
8.364589281515767416e-01
8.364563793244937928e-01
8.364570238499957622e-01
8.364564840103295706e-01
8.364584521480676882e-01
8.364570104816014817e-01
8.364567310332245986e-01
8.364560660328127506e-01
8.364596733335615264e-01
8.364572963810518180e-01
8.364544336625017174e-01
8.364552411766167372e-01
8.364547412175782348e-01
8.364553668901019146e-01
8.364544395808212185e-01
8.364544867443528542e-01
8.364542643477844708e-01
8.364535854428678530e-01
8.364552769285942269e-01
8.364535306770993772e-01
8.364515262155209907e-01
8.364505182530379557e-01
8.364505217784871105e-01
8.364504022099468195e-01
8.364500663000281611e-01
8.364498667217959982e-01
8.364531206835431609e-01
8.364503153563068727e-01
8.364512335628406792e-01
8.364499909596874172e-01
8.364502162783085115e-01
8.364503855964768864e-01
8.364509460969680177e-01
8.364499023475673312e-01
8.364496512427618269e-01
8.364496988728666871e-01
8.364492203062565689e-01
8.364494689137957906e-01
8.364497061424094326e-01
8.364493149729940180e-01
8.364503556811205831e-01
8.364494190339796242e-01
8.364500466224364938e-01
8.364499586949823984e-01
8.364512535546414496e-01
8.364481853679586187e-01
8.364484506938298924e-01
8.364482070993497498e-01
8.364484501357907220e-01
8.364481267091233851e-01
8.364489682609244081e-01
8.364483287640235298e-01
8.364482682996752239e-01
8.364480989218465723e-01
8.364480909813840626e-01
8.364480980662178933e-01
8.364476198211996394e-01
8.364477016762352779e-01
8.364476807635762290e-01
8.364476955175781381e-01
8.364477928843866428e-01
8.364474233912847501e-01
8.364474520310738459e-01
8.364474855389519847e-01
8.364474363627868447e-01
8.364497274517368464e-01
8.364479164671779765e-01
8.364469820065152383e-01
8.364474999866696736e-01
8.364469808175472032e-01
8.364472742168383990e-01
8.364469609199565170e-01
8.364473199041756457e-01
8.364469832608172339e-01
8.364470997913718842e-01
8.364469940794608815e-01
8.364477209649804346e-01
8.364470394546401621e-01
8.364477597209465376e-01
8.364465722218011878e-01
8.364463657413413467e-01
8.364463712347758317e-01
8.364464147508482439e-01
8.364464649030447507e-01
8.364463616271387014e-01
8.364463216577578963e-01
8.364463074776202767e-01
8.364469367026534652e-01
8.364462686690798954e-01
8.364460220023895998e-01
8.364459060611301178e-01
8.364458753901421462e-01
8.364459011855929216e-01
8.364458885337578975e-01
8.364458687042285456e-01
8.364458760270924165e-01
8.364458787111234139e-01
8.364459034826203787e-01
8.364458974185128293e-01
8.364457986782692922e-01
8.364461489894435831e-01
8.364457600103586410e-01
8.364455451211240122e-01
8.364455434689664903e-01
8.364456018676305060e-01
8.364455214627423141e-01
8.364455190300260634e-01
8.364456009853659113e-01
8.364455375312079832e-01
8.364455196316343821e-01
8.364458188942204275e-01
8.364451680176465675e-01
8.364449405025876638e-01
8.364447938511092584e-01
8.364448036553536747e-01
8.364447523715702326e-01
8.364447225316661294e-01
8.364447230181271120e-01
8.364447403490183897e-01
8.364447256012806919e-01
8.364447120673365044e-01
8.364447160068967380e-01
8.364448974725741115e-01
8.364446839492384322e-01
8.364450106278964459e-01
8.364446145317998571e-01
8.364444944070577037e-01
8.364444900874981048e-01
8.364444751643340670e-01
8.364445079391705784e-01
8.364444874138856623e-01
8.364443865634326736e-01
8.364446899695613391e-01
8.364443966088269677e-01
8.364444925766576500e-01
8.364443712783889984e-01
8.364445544267673505e-01
8.364443618189718599e-01
8.364442639982628824e-01
8.364442736275964352e-01
8.364445016139319122e-01
8.364442659361150945e-01
8.364442930448836577e-01
8.364442689287754362e-01
8.364442890921692797e-01
8.364442613611554611e-01
8.364445136744987908e-01
8.364442104969711522e-01
8.364440354550106704e-01
8.364443125809375434e-01
8.364440536295445483e-01
8.364440861946802475e-01
8.364440492613234301e-01
8.364440366567735818e-01
8.364440501621621671e-01
8.364440707598929103e-01
8.364438992795952821e-01
8.364438097666978544e-01
8.364436901162063398e-01
8.364436019054295457e-01
8.364435342157137132e-01
8.364434624731148515e-01
8.364434633031434529e-01
8.364434656292645265e-01
8.364434436648128246e-01
8.364434693309897861e-01
8.364434531859107347e-01
8.364434393428611392e-01
8.364433931805932421e-01
8.364433584699119129e-01
8.364433577137644349e-01
8.364433671207928134e-01
8.364433667184187904e-01
8.364433635072491269e-01
8.364433590354749537e-01
8.364433143849628882e-01
8.364433095921445238e-01
8.364432650938570246e-01
8.364432545342730396e-01
8.364432279604405718e-01
8.364432157884280628e-01
8.364432200004378037e-01
8.364431941475419796e-01
8.364431747024647645e-01
8.364431873506312787e-01
8.364431765525035534e-01
8.364431719718548042e-01
8.364431676180645869e-01
8.364432059762967331e-01
8.364432768286061970e-01
8.364430549557242411e-01
8.364430038106285270e-01
8.364429971445701550e-01
8.364429763209544344e-01
8.364429776999079413e-01
8.364430073962330070e-01
8.364429746067182370e-01
8.364429605941493540e-01
8.364429416102100445e-01
8.364429977303641239e-01
8.364429479954831326e-01
8.364429216467977879e-01
8.364429208280448336e-01
8.364429170213889542e-01
8.364429297863610335e-01
8.364428776120682585e-01
8.364428885193715413e-01
8.364428793355725977e-01
8.364428213087151676e-01
8.364428192982001908e-01
8.364428456499204412e-01
8.364428200186740936e-01
8.364428998204059829e-01
8.364427780439767091e-01
8.364427142421905215e-01
8.364427184788260083e-01
8.364427139911043696e-01
8.364427216400774912e-01
8.364427135903964583e-01
8.364427167871720803e-01
8.364427113589155693e-01
8.364427155267474268e-01
8.364427099016931155e-01
8.364427180428489761e-01
8.364427120666094728e-01
8.364427239461084129e-01
8.364427054904559622e-01
8.364426946536092089e-01
8.364426953236865359e-01
8.364427809528314217e-01
8.364427150926704302e-01
8.364426264326804139e-01
8.364426382672627280e-01
8.364426284154882207e-01
8.364427184853097108e-01
8.364426933983473145e-01
8.364425502553421987e-01
8.364425537586277493e-01
8.364425573800963187e-01
8.364425512428619314e-01
8.364425480165484927e-01
8.364425489159896809e-01
8.364425471596655948e-01
8.364425469496170606e-01
8.364425475139322108e-01
8.364425519162799194e-01
8.364425459568225474e-01
8.364425546044484960e-01
8.364425442416278944e-01
8.364425544875011553e-01
8.364425439827771758e-01
8.364424644603809522e-01
8.364426032023957180e-01
8.364424826871874608e-01
8.364423710136120738e-01
8.364422894070215886e-01
8.364422631880421566e-01
8.364422839514054075e-01
8.364422865809880703e-01
8.364422867695923136e-01
8.364422367718821194e-01
8.364422204075540046e-01
8.364422343835281604e-01
8.364422160528787176e-01
8.364422120228499624e-01
8.364422190434872562e-01
8.364422115979063266e-01
8.364422063964864762e-01
8.364422040654451163e-01
8.364421784581652641e-01
8.364421783986808467e-01
8.364421763278195865e-01
8.364421797285606086e-01
8.364421975072847681e-01
8.364421945919124912e-01
8.364422415230363672e-01
8.364422395417189238e-01
8.364421100285026611e-01
8.364420757387801553e-01
8.364420731586031943e-01
8.364421362089297096e-01
8.364420730710048213e-01
8.364420996421442211e-01
8.364420698103759433e-01
8.364420347902300490e-01
8.364420186391265943e-01
8.364420225202742198e-01
8.364420206432081617e-01
8.364420198449586952e-01
8.364420315885767732e-01
8.364420137040330383e-01
8.364420533535518176e-01
8.364420129144880534e-01
8.364420220935600003e-01
8.364420096443788699e-01
8.364419993074930781e-01
8.364420088739072945e-01
8.364421080523023466e-01
8.364419372479949821e-01
8.364418711458996292e-01
8.364418773759767500e-01
8.364418722990740740e-01
8.364418756897370466e-01
8.364418713241003056e-01
8.364418941827531651e-01
8.364418791090441063e-01
8.364419120780782757e-01
8.364418712566767944e-01
8.364418697142500525e-01
8.364418666010960957e-01
8.364418545391355542e-01
8.364418538550962845e-01
8.364418114502973900e-01
8.364418048285667817e-01
8.364418053271194253e-01
8.364417949632044769e-01
8.364417993258496109e-01
8.364417957368713852e-01
8.364417669846234693e-01
8.364417804224886233e-01
8.364417698630569609e-01
8.364417219154234306e-01
8.364417320505862508e-01
8.364417219102946444e-01
8.364417508547757896e-01
8.364417235924689331e-01
8.364417198467604120e-01
8.364417253026698029e-01
8.364417374925394721e-01
8.364417199216941379e-01
8.364417465679672148e-01
8.364417208596645059e-01
8.364417537292981875e-01
8.364417095629496091e-01
8.364417077230089648e-01
8.364417145545620658e-01
8.364416568250141459e-01
8.364417065382547811e-01
8.364416547791344581e-01
8.364416256684356066e-01
8.364416731026688145e-01
8.364416852261650215e-01
8.364415726050172806e-01
8.364415333417480891e-01
8.364415328851878551e-01
8.364415382104688490e-01
8.364415428462870228e-01
8.364415330211911748e-01
8.364415406438264755e-01
8.364415369562036018e-01
8.364415481332856395e-01
8.364415339230332203e-01
8.364415454465093935e-01
8.364415346068031498e-01
8.364415444587097737e-01
8.364415275116353632e-01
8.364415811326973982e-01
8.364415538005051109e-01
8.364415113951434444e-01
8.364415075905885510e-01
8.364414722544101233e-01
8.364414873813702522e-01
8.364414661622235903e-01
8.364415626493097999e-01
8.364414720669963721e-01
8.364414322473756602e-01
8.364414190740232513e-01
8.364414166148340657e-01
8.364414115482703416e-01
8.364414148559414786e-01
8.364414121210824726e-01
8.364414079524005174e-01
8.364414090209936203e-01
8.364414080187911882e-01
8.364414005136631136e-01
8.364413992994902403e-01
8.364414036679393982e-01
8.364414016466845680e-01
8.364414015527327217e-01
8.364413985419019149e-01
8.364413481696166830e-01
8.364413285197206394e-01
8.364413147532180348e-01
8.364413170479019222e-01
8.364413144189020155e-01
8.364413247056574630e-01
8.364413105948513838e-01
8.364413636481590197e-01
8.364413079212938973e-01
8.364413136901887036e-01
8.364413048716641264e-01
8.364413059700139819e-01
8.364413158464246711e-01
8.364413193737569863e-01
8.364413085407675919e-01
8.364412988576028773e-01
8.364412992311441863e-01
8.364413122655411925e-01
8.364413037774169890e-01
8.364413240694219542e-01
8.364412754267638306e-01
8.364413059060822331e-01
8.364412647382837296e-01
8.364412629884241390e-01
8.364412529873158642e-01
8.364412571458120782e-01
8.364412642428071809e-01
8.364412545994907022e-01
8.364412572773454180e-01
8.364412537065929465e-01
8.364412586269913685e-01
8.364412527915919826e-01
8.364412649516239640e-01
8.364412533862477517e-01
8.364412623816060988e-01
8.364412493595687614e-01
8.364412336825191030e-01
8.364412236363653053e-01
8.364412325930640213e-01
8.364412250791259940e-01
8.364412264653859896e-01
8.364412237649725412e-01
8.364412305274436799e-01
8.364412199483380883e-01
8.364412041411455334e-01
8.364412066889632680e-01
8.364412041411096732e-01
8.364412000242428258e-01
8.364412006020116586e-01
8.364412008406134635e-01
8.364411999671494957e-01
8.364412031268881886e-01
8.364412000347762888e-01
8.364412013706915561e-01
8.364411998743610521e-01
8.364412012913442496e-01
8.364411958755284537e-01
8.364412068380785437e-01
8.364412027987280229e-01
8.364411805451471560e-01
8.364411893909097229e-01
8.364411803045257443e-01
8.364411812437463345e-01
8.364411797577137042e-01
8.364411814957077862e-01
8.364411848057040633e-01
8.364411739874524354e-01
8.364411636082454971e-01
8.364411562154953073e-01
8.364411554665990289e-01
8.364411585776603264e-01
8.364411551382182619e-01
8.364411492524385094e-01
8.364411477406763495e-01
8.364411468051938803e-01
8.364411470753428945e-01
8.364411527692373616e-01
8.364411469773074259e-01
8.364411534870901388e-01
8.364411652217105253e-01
8.364411252609991188e-01
8.364411216208138544e-01
8.364411238720343977e-01
8.364411246595683247e-01
8.364411221515388739e-01
8.364411223764652847e-01
8.364411221124312679e-01
8.364411312201173176e-01
8.364411214811922068e-01
8.364411385417407363e-01
8.364411213693805358e-01
8.364411095517390038e-01
8.364411059734089271e-01
8.364410982934189498e-01
8.364410995226989609e-01
8.364410961086699015e-01
8.364410943183347991e-01
8.364410872858850654e-01
8.364410874214092129e-01
8.364410867264573390e-01
8.364410861868341041e-01
8.364410972436563396e-01
8.364410806785875785e-01
8.364410724689778087e-01
8.364410694194943652e-01
8.364410704122652307e-01
8.364410733059275405e-01
8.364410699105658820e-01
8.364410767932165536e-01
8.364410705871834217e-01
8.364410720535004895e-01
8.364410729799252042e-01
8.364410801574224674e-01
8.364410695630284387e-01
8.364410731253384412e-01
8.364410659167573758e-01
8.364410647993184567e-01
8.364410713061580793e-01
8.364410565481256166e-01
8.364410680972967915e-01
8.364410562955997275e-01
8.364410650756362031e-01
8.364410559640534926e-01
8.364410625234596219e-01
8.364410564487350097e-01
8.364410493573721794e-01
8.364410463712804722e-01
8.364410487774568415e-01
8.364410462390168277e-01
8.364410459492290784e-01
8.364410500064333176e-01
8.364410466986559323e-01
8.364410467164120622e-01
8.364410464336570206e-01
8.364410466541953859e-01
8.364410458858784203e-01
8.364410504511238242e-01
8.364410533352033550e-01
8.364410381204859801e-01
8.364410460989871732e-01
8.364410365688401683e-01
8.364410449132351211e-01
8.364410374801710679e-01
8.364410340337342653e-01
8.364410342651676933e-01
8.364410339125440963e-01
8.364410432387865413e-01
8.364410355212145154e-01
8.364410349094115738e-01
8.364410257200076693e-01
8.364410257776839774e-01
8.364410238268239484e-01
8.364410247417772837e-01
8.364410310702307116e-01
8.364410247654214814e-01
8.364410389660634770e-01
8.364410243442450543e-01
8.364410275859280874e-01
8.364410242843612897e-01
8.364410333233150974e-01
8.364410185988612190e-01
8.364410128501166275e-01
8.364410139330287208e-01
8.364410186294962690e-01
8.364410135100752708e-01
8.364410142284197658e-01
8.364410143552094556e-01
8.364410300446301072e-01
8.364410124220708065e-01
8.364410092853828971e-01
8.364410099052224101e-01
8.364410086929136012e-01
8.364410136611539759e-01
8.364410061170699517e-01
8.364410055142423861e-01
8.364410081484142667e-01
8.364410032359795855e-01
8.364410046288496270e-01
8.364410061437110855e-01
8.364409932429557326e-01
8.364409933129008934e-01
8.364409971058857085e-01
8.364409844310106701e-01
8.364409923634154032e-01
8.364409832913317633e-01
8.364409805924197805e-01
8.364409801447860726e-01
8.364409810057411576e-01
8.364409795515134194e-01
8.364409894643307641e-01
8.364409811797534067e-01
8.364409929661366094e-01
8.364409771997068921e-01
8.364409730383831620e-01
8.364409736939963924e-01
8.364409731579792728e-01
8.364409735802288415e-01
8.364409731847602947e-01
8.364409721281078625e-01
8.364409815832852813e-01
8.364409725135258933e-01
8.364409781881160244e-01
8.364409732333347725e-01
8.364409917529427307e-01
8.364409662165041004e-01
8.364409704244950561e-01
8.364409662871088447e-01
8.364409677033968205e-01
8.364409662285231528e-01
8.364409736378318749e-01
8.364409640551111469e-01
8.364409641499497283e-01
8.364409653818101198e-01
8.364409624970302604e-01
8.364409626956956778e-01
8.364409633046302472e-01
8.364409641348925506e-01
8.364409607738181318e-01
8.364409612249368298e-01
8.364409609549693370e-01
8.364409624177165936e-01
8.364409615474036608e-01
8.364409616321928365e-01
8.364409603777493984e-01
8.364409612655242521e-01
8.364409618004599034e-01
8.364409560938852461e-01
8.364409535835163334e-01
8.364409523803034707e-01
8.364409526032985376e-01
8.364409515219749514e-01
8.364409513789146100e-01
8.364409512376818068e-01
8.364409532110533840e-01
8.364409473735143763e-01
8.364409440538128626e-01
8.364409424220424771e-01
8.364409414492227635e-01
8.364409411683284556e-01
8.364409395008384207e-01
8.364409379023026725e-01
8.364409369393221994e-01
8.364409372907282147e-01
8.364409373017454019e-01
8.364409369623192481e-01
8.364409367748018020e-01
8.364409370526393328e-01
8.364409363336596792e-01
8.364409356924149552e-01
8.364409326563579938e-01
8.364409306482781803e-01
8.364409302192095108e-01
8.364409304918118959e-01
8.364409306528124421e-01
8.364409301916084782e-01
8.364409285690687090e-01
8.364409281082847425e-01
8.364409280466409413e-01
8.364409278359361544e-01
8.364409274431517938e-01
8.364409274275346196e-01
8.364409312369284200e-01
8.364409232678637895e-01
8.364409220874210460e-01
8.364409223969947460e-01
8.364409202089017059e-01
8.364409202450554526e-01
8.364409205912560763e-01
8.364409201752157630e-01
8.364409201397358107e-01
8.364409183267562664e-01
8.364409168910830195e-01
8.364409145532425427e-01
8.364409145077377206e-01
8.364409146889955071e-01
8.364409143426253523e-01
8.364409143398751079e-01
8.364409141781805612e-01
8.364409140639156304e-01
8.364409148074382072e-01
8.364409141467306075e-01
8.364409149885800865e-01
8.364409139398067961e-01
8.364409149211504690e-01
8.364409138224270235e-01
8.364409144878567348e-01
8.364409138943452726e-01
8.364409175636643434e-01
8.364409136799648703e-01
8.364409102976386734e-01
8.364409117493346590e-01
8.364409104630402547e-01
8.364409135568313669e-01
8.364409103024370573e-01
8.364409086135600191e-01
8.364409080890010673e-01
8.364409083367659870e-01
8.364409086295397922e-01
8.364409080150283504e-01
8.364409077909128465e-01
8.364409077756491673e-01
8.364409073309866383e-01
8.364409073100983472e-01
8.364409077181660379e-01
8.364409075038401475e-01
8.364409086405237836e-01
8.364409076472970606e-01
8.364409084926652804e-01
8.364409074767709118e-01
8.364409110177171147e-01
8.364409056748970395e-01
8.364409046522335300e-01
8.364409054871652094e-01
8.364409051514209992e-01
8.364409040675339080e-01
8.364409037288853543e-01
8.364409080220724935e-01
8.364409036730026115e-01
8.364409021286552948e-01
8.364409023238531526e-01
8.364409004880586362e-01
8.364409001050273629e-01
8.364409001215132866e-01
8.364409000933981098e-01
8.364409001587699288e-01
8.364409003294096534e-01
8.364409000984296405e-01
8.364409003596433578e-01
8.364409001341086558e-01
8.364409002760165857e-01
8.364408986905519372e-01
8.364408982330961972e-01
8.364408982778565038e-01
8.364408952966603250e-01
8.364408952448543211e-01
8.364408952377057060e-01
8.364408968374035247e-01
8.364408952789840201e-01
8.364408970053902603e-01
8.364408953774845612e-01
8.364408962612088771e-01
8.364408945803218920e-01
8.364408934424516495e-01
8.364408937954748158e-01
8.364408929848521357e-01
8.364408930270922360e-01
8.364408930049483937e-01
8.364408929365251266e-01
8.364408932663826013e-01
8.364408929189608433e-01
8.364408938570115915e-01
8.364408930323536939e-01
8.364408940611630650e-01
8.364408934306500898e-01
8.364408946534905853e-01
