1.036247486410901031e+00
1.036168415149341993e+00
1.036199549046890489e+00
1.034502281995014261e+00
1.038078928865782791e+00
1.032603873232668334e+00
8.088275128747484111e-01
8.030989266409863658e-01
8.039210835728259896e-01
8.030989266409863658e-01
8.030989266409865879e-01
8.030292999168027190e-01
8.034901283400420757e-01
7.736346587391502716e-01
7.730999214499024719e-01
7.730999214499024719e-01
7.729157848592711488e-01
7.723373258082203430e-01
7.455481988146712702e-01
7.455481988146711592e-01
7.455481988146711592e-01
7.455481988146712702e-01
7.411873987484385307e-01
7.368115668925968587e-01
7.618498082661184778e-01
8.654845342696153576e-01
7.368115668925969697e-01
7.368115668925967476e-01
7.368115668925968587e-01
7.368115668925969697e-01
7.368115668925968587e-01
7.329759289264891065e-01
8.513514912422709413e-01
7.329759289264889954e-01
7.329759289264891065e-01
7.329759289264892175e-01
7.725396763011206369e-01
7.329759289264892175e-01
7.329759289264891065e-01
8.498823029385695893e-01
7.328705510973134718e-01
7.913394431632697623e-01
7.329204438600681604e-01
7.222907570443583003e-01
7.244605470308476125e-01
1.007719754152046621e+00
7.395071707694573782e-01
8.586161368387736914e-01
7.213117017486091465e-01
8.327501193367370380e-01
7.213117017486089244e-01
7.599413730385394805e-01
7.213117017486091465e-01
7.765817295928896247e-01
7.201784479023304320e-01
7.302372805032797398e-01
7.206788317344456907e-01
7.303290406898840237e-01
7.201784479023304320e-01
7.471999715399650910e-01
7.206073378930319961e-01
7.514440880109942711e-01
7.201784479023304320e-01
7.353275493990067968e-01
7.201784479023304320e-01
9.232429569669348135e-01
7.201784479023304320e-01
7.817086083101705274e-01
7.182961868891317714e-01
8.942708537007717506e-01
7.177749582109433923e-01
8.221757234176630957e-01
7.177749582109435034e-01
7.578037076390747862e-01
7.177749582109435034e-01
7.757719289851947586e-01
7.177749582109435034e-01
7.335666719230966581e-01
7.177749582109435034e-01
7.228667092842977482e-01
7.177749582109435034e-01
7.162739128565324132e-01
7.162739128565323021e-01
7.148329201143562850e-01
7.148329201143562850e-01
7.173130823230778885e-01
7.148329201143562850e-01
7.166187236827612494e-01
7.149005826929940577e-01
7.389152380033134904e-01
7.128401346388620885e-01
1.062858755313102810e+00
7.142736314918607388e-01
7.334927450393637915e-01
7.213806456240370313e-01
7.320675639872463725e-01
7.231921264956396866e-01
1.130184867307290508e+00
7.129295462945580697e-01
8.857428717649911132e-01
7.352074724761817892e-01
7.128947366641085193e-01
7.113632944032586281e-01
7.113533133862537383e-01
7.390097536017716795e-01
7.160721684054438541e-01
7.177831761140130995e-01
7.099027167354745593e-01
7.209776456910976794e-01
7.085864308243011722e-01
7.949149582674662762e-01
7.085864308243010612e-01
7.414631286195058069e-01
7.085864308243012832e-01
7.351513166990129022e-01
7.077385840897021385e-01
7.116428156469846167e-01
7.084751565730693645e-01
7.086282554925703581e-01
7.078071116718739342e-01
7.189982451339067548e-01
7.077597885606958794e-01
7.189127294638397725e-01
7.075993229429977660e-01
7.366049577723408071e-01
7.073752098558977464e-01
7.142714150070901269e-01
7.068852732131761796e-01
7.162088606773557853e-01
7.068503219673524240e-01
7.591584915530684707e-01
7.068497451312067970e-01
7.328509732998570447e-01
7.067979673899096316e-01
7.252594050941666426e-01
7.065995751989703200e-01
7.440780718086702494e-01
7.065726189705786586e-01
7.178999804431076548e-01
7.065726189705786586e-01
7.181728136026424014e-01
7.066470613252445743e-01
7.096646388380654091e-01
7.063153496191285630e-01
7.090817745147135476e-01
7.063181378227950669e-01
7.090324034119336316e-01
7.063153496191285630e-01
7.102931926264249851e-01
7.053432217758835998e-01
7.046779024470848363e-01
7.045511075768564613e-01
7.123026201077463648e-01
7.076673699894909797e-01
7.075810031399528688e-01
7.040889113294337420e-01
7.293679262812751141e-01
7.040889113294336310e-01
7.090446304982526149e-01
7.040889113294335200e-01
7.082299682153712084e-01
7.036094703936808248e-01
7.585791485310467985e-01
7.031367114134724483e-01
7.314711160982301230e-01
7.029897237717117608e-01
7.188064094012991401e-01
7.029045111037225402e-01
7.334762262118741383e-01
7.029143967261095582e-01
7.143136460054907433e-01
7.028447904080857844e-01
7.146973704833720076e-01
7.027550104894193517e-01
7.085232594034682752e-01
7.027436980599480743e-01
7.052758610255234206e-01
7.027534257332053169e-01
7.053865282373821266e-01
7.027191780712589431e-01
7.049628048001239655e-01
7.028673424208194964e-01
7.043248010043070551e-01
7.020646079815509033e-01
7.027648326339944740e-01
7.020881325205928780e-01
7.036957510042607389e-01
7.020362076423806164e-01
7.031872573665081116e-01
7.023149564896298269e-01
7.014773000123120106e-01
7.017171264233437178e-01
7.124679238395641434e-01
7.000049589577947984e-01
7.272639292072773376e-01
7.017378146159108931e-01
7.027436044474186794e-01
6.995261110922538217e-01
7.245471402307287478e-01
6.996913244824674027e-01
7.279933139232821482e-01
6.995261110922537107e-01
7.103173528256092606e-01
6.995261110922534886e-01
7.290022508323487083e-01
6.993725629920765074e-01
7.133953205273969589e-01
6.991969771186002935e-01
7.126764676041638102e-01
6.988409327143577654e-01
7.016193371618981711e-01
6.979282429815333311e-01
7.000127172448080692e-01
6.978833780667387243e-01
6.991957572446874103e-01
6.978227395451026549e-01
6.985401608125099138e-01
6.979878728134297772e-01
6.990058111891336301e-01
6.980330150921734145e-01
6.984379083916368858e-01
6.978280581960036866e-01
6.983306046528907629e-01
6.977974969648406134e-01
6.982787487057972031e-01
6.979072913743978868e-01
7.054330864552579294e-01
7.006565782773521711e-01
7.045006823716922773e-01
6.976217873153528481e-01
7.218172829420195225e-01
6.977365606017075228e-01
7.313133888630747315e-01
6.998437953604135231e-01
7.251483752828431495e-01
6.993982205675643993e-01
6.979358804868122101e-01
6.949429313004255038e-01
6.944547501104549880e-01
7.045768776332315131e-01
6.973694684995987991e-01
6.974595322715442247e-01
6.939944534374701268e-01
6.932833634302029147e-01
6.934773839241016313e-01
6.943455038546768598e-01
6.884354683350162318e-01
6.895378382402479467e-01
6.891411036869462547e-01
6.877806304434410656e-01
6.877806304434409546e-01
6.871184387296069840e-01
6.870868428855001486e-01
6.876846310841197019e-01
6.873462754626036286e-01
6.875727173551063887e-01
6.870703702298631699e-01
6.867209685300034172e-01
6.866673773371727574e-01
6.790801188873044625e-01
6.876664854045215769e-01
6.778183677571136823e-01
6.686022908543286514e-01
6.734278579340194915e-01
6.696037672954830988e-01
6.739447985415558673e-01
6.678934626377142081e-01
6.647464363644876029e-01
6.646611927458040414e-01
6.642199601940983467e-01
6.645628104858918306e-01
6.704740062082322760e-01
6.641487298952830631e-01
6.624174956751270882e-01
6.626710708010727924e-01
6.845414147878773337e-01
6.621991210950400886e-01
6.717669280743228111e-01
6.744801084095449761e-01
6.495652645362310906e-01
6.419848594987536128e-01
6.418900499660465941e-01
6.412021193873403968e-01
6.403276985340418115e-01
6.411980585211488615e-01
6.406642139151331738e-01
6.505688891460373879e-01
6.396918390780339525e-01
6.386887769178061225e-01
6.392522764825114834e-01
6.377741452757106355e-01
6.377741452757108576e-01
6.414183123355821081e-01
6.380531180179626061e-01
6.437647677128053303e-01
6.382723310203941569e-01
6.394984660952742761e-01
6.373821270816365514e-01
6.363573799208216419e-01
6.366218916933726879e-01
6.425115808076445889e-01
6.343533263808266431e-01
6.727637545738076597e-01
6.312379243951931063e-01
6.172525215759165906e-01
6.174644868264804742e-01
6.138315711648872908e-01
6.230784710299153151e-01
6.041063215095207051e-01
6.070548773388378949e-01
6.040714411608064660e-01
6.148985271525695406e-01
6.039323738018986809e-01
5.918593042078927891e-01
5.921309558999984235e-01
5.924262219002921492e-01
5.913859050786033356e-01
5.918916203004018772e-01
5.917927689072761677e-01
5.944770494310334108e-01
5.910209866382798438e-01
6.078311491050806259e-01
5.889377394933571486e-01
5.945508398693990504e-01
5.908168871478208795e-01
5.870885702732326905e-01
5.878773213996977276e-01
5.885415141040828413e-01
5.897495589717498543e-01
5.953151812518784336e-01
5.863171512013861664e-01
5.810985267643423713e-01
5.970649224715952608e-01
5.812619514708726731e-01
5.811390285174806714e-01
5.845398011211937472e-01
5.791912276310527963e-01
5.788077774524761354e-01
5.785774506304787179e-01
5.785774506304784959e-01
5.783246611366023027e-01
5.777554173370620383e-01
5.806128529067409172e-01
5.772003474032294523e-01
5.755506059553402443e-01
5.768843579929863186e-01
6.001522100775695812e-01
5.927684516965359141e-01
5.590873238337048523e-01
5.580611721086956578e-01
5.580782519765091765e-01
5.591368731836592332e-01
5.602713774326562035e-01
5.753266954794081789e-01
5.584011356466915821e-01
5.615817912776401855e-01
5.582136030965130225e-01
5.595386164383417960e-01
5.579691136346422997e-01
5.581425393468600893e-01
5.584508180040467229e-01
5.601493903655616613e-01
5.580456410262581990e-01
5.616226416045021486e-01
5.582715311298059868e-01
5.626068899693256187e-01
5.576984623541164643e-01
5.600763175056139298e-01
5.579863624671614897e-01
5.553668552489827714e-01
5.566696221236456799e-01
5.590253022910307568e-01
5.569876110514945244e-01
5.636106895891940249e-01
5.555107357786571720e-01
5.583130440124488558e-01
5.552423555520623610e-01
5.554205436054782119e-01
5.551244098718128850e-01
5.545204955746386721e-01
5.545204955746386721e-01
5.642880686244662325e-01
5.544848209110633253e-01
5.512414330373516247e-01
5.497698384962659279e-01
5.450422027842825035e-01
5.454595800504241643e-01
5.405842889743160962e-01
5.418628310666124825e-01
5.432783497421632690e-01
5.419364940242312745e-01
5.406304624880515775e-01
5.414497119519461332e-01
5.405200072054400229e-01
5.393418525557313048e-01
5.392621725686065348e-01
5.403046448855370887e-01
5.432339642815381398e-01
5.384328136183711422e-01
5.410594389749397992e-01
5.387480425195271261e-01
5.395219993021594940e-01
5.384784345290556384e-01
5.385792896953456310e-01
5.384329407208300333e-01
5.402815158291615072e-01
5.385305280595417132e-01
5.383037303192713674e-01
5.386265524425143392e-01
5.407765355350511172e-01
5.379370564591147152e-01
5.391815456180181210e-01
5.379179012369770252e-01
5.375899959948892137e-01
5.375970075467646492e-01
5.406097416069967077e-01
5.380878812342725359e-01
5.442981964437136888e-01
5.384675023006088024e-01
5.435187675619437275e-01
5.383509614515251673e-01
5.484615910756603929e-01
5.403470552021327755e-01
5.383666618930833536e-01
5.374293474469199472e-01
5.373850085571009183e-01
5.391087670540127830e-01
5.554043507844337313e-01
5.387428264385915044e-01
5.371870889982478525e-01
5.375734912425924605e-01
5.362954123781956683e-01
5.373921994540646896e-01
5.363853628281118890e-01
5.359453781145315787e-01
5.419264822302045648e-01
5.358256623437623878e-01
5.363599835653438674e-01
5.359776689971144092e-01
5.384269539562063223e-01
5.358451257174683402e-01
5.383817482058768089e-01
5.356220313440021030e-01
5.401462803316198213e-01
5.361785609001020747e-01
5.409185361657962154e-01
5.355207347440030796e-01
5.387877068678461612e-01
5.354930650458941122e-01
5.372896112926173195e-01
5.352476473924502320e-01
5.376461532070108129e-01
5.348080955669751724e-01
5.383700925892357381e-01
5.352154092117714645e-01
5.366955392264721736e-01
5.361581340714740573e-01
5.381237565492276165e-01
5.366481952539079447e-01
5.365380776043461308e-01
5.355520554643954378e-01
5.352223323703121372e-01
5.351901966995480375e-01
5.352099098274964994e-01
5.347909015045921866e-01
5.370116410363179327e-01
5.346104707479857332e-01
5.357471175719512591e-01
5.359431435988170067e-01
5.355751557531367446e-01
5.345780840201085349e-01
5.388989741384202503e-01
5.346456372310546268e-01
5.354761654566702056e-01
5.341316504612599880e-01
5.350511949740509587e-01
5.352800374842933140e-01
5.351278437488771189e-01
5.338911751086113933e-01
5.353770414359179108e-01
5.335788135008481259e-01
5.382851966851956993e-01
5.345075043512712565e-01
5.337190079840898882e-01
5.341256192471164344e-01
5.336301235473882576e-01
5.339587711878125420e-01
5.335612738693986667e-01
5.338267148024092856e-01
5.334447591925171039e-01
5.337711017930294455e-01
5.334047416153661070e-01
5.335381051737509983e-01
5.335023927512755337e-01
5.341352999842461369e-01
5.333748641899495047e-01
5.338330650334955907e-01
5.335435838095479166e-01
5.350060311381648059e-01
5.333727827593744975e-01
5.342518071224683363e-01
5.334504155494526056e-01
5.341127118715912614e-01
5.331975040710823510e-01
5.336291129194443705e-01
5.331689399432445464e-01
5.341963111224279359e-01
5.333211037142407962e-01
5.336492065711956334e-01
5.335281286836780490e-01
5.331759218493794528e-01
5.331960077958253219e-01
5.341295629953148882e-01
5.329366382282777481e-01
5.330551511952210664e-01
5.331224468596235111e-01
5.338247673970040186e-01
5.331287555842423309e-01
5.337609126970426221e-01
5.329579227321175061e-01
5.341800224539328124e-01
5.330291119057825044e-01
5.336533544516091077e-01
5.328864121975704915e-01
5.330780080539472277e-01
5.332188817241991785e-01
5.333836095973558677e-01
5.327475296038969299e-01
5.328255945032115415e-01
5.328545868499924287e-01
5.326912713633660257e-01
5.328075326923732424e-01
5.326492132658555700e-01
5.327260250407761522e-01
5.326361157806989155e-01
5.326264207782774873e-01
5.326391298428437837e-01
5.327920520434347162e-01
5.325729449976813745e-01
5.326420688468550546e-01
5.325641162732944744e-01
5.326836547844141512e-01
5.324586712325187765e-01
5.326282208441208699e-01
5.325139040837049142e-01
5.324419483484581495e-01
5.324296897863066702e-01
5.327387563585402885e-01
5.324151751457116832e-01
5.328210463347503589e-01
5.325883038168950367e-01
5.322936717450377220e-01
5.322196885301957447e-01
5.320699587885999726e-01
5.321392696567062153e-01
5.321329931408418368e-01
5.322021821235276562e-01
5.320489406715304126e-01
5.320135634593795571e-01
5.322634129943764059e-01
5.320565246282955574e-01
5.321708772073409088e-01
5.320395809341503801e-01
5.322868397373853311e-01
5.320730813930438785e-01
5.321061032122418322e-01
5.320304209357743508e-01
5.323440886563095553e-01
5.320807524678129452e-01
5.320503707752513023e-01
5.320233844213378971e-01
5.322825692704432621e-01
5.319956425578026282e-01
5.320956397617229161e-01
5.319672876912149295e-01
5.320709082585081129e-01
5.318879681562451722e-01
5.318491314487421295e-01
5.319788346264990864e-01
5.318569924621584510e-01
5.318272389313687398e-01
5.318686657699409626e-01
5.319025432671655729e-01
5.321935472202826700e-01
5.317768959722132260e-01
5.318625308636918403e-01
5.318035497049452553e-01
5.321882214840292225e-01
5.317833533389967338e-01
5.319250988889214771e-01
5.317663324620850451e-01
5.322965752223991487e-01
5.317594341166366201e-01
5.318197098160716285e-01
5.318467863144799024e-01
5.317289391106566621e-01
5.318527724473890439e-01
5.318534474261286116e-01
5.317372452318475107e-01
5.318894268133165237e-01
5.317785177845111289e-01
5.317965407052711591e-01
5.318937374619332470e-01
5.317912948977310261e-01
5.318281144217587020e-01
5.317422123575790138e-01
5.317447930656917787e-01
5.316802584319614278e-01
5.316986401726200295e-01
5.316260573143126722e-01
5.316107663843814279e-01
5.317321450491446777e-01
5.316309030861927631e-01
5.316805454537214537e-01
5.316793157287365013e-01
5.317629026790067215e-01
5.317303039251823904e-01
5.315942544386518254e-01
5.317881820453665975e-01
5.316845744222992165e-01
5.315921227505340241e-01
5.317856810260565004e-01
5.317424747986555511e-01
5.316583671668857480e-01
5.316716644366011879e-01
5.316143328712616967e-01
5.316165511026120782e-01
5.317467867147948057e-01
5.315733506930244712e-01
5.316883703051208387e-01
5.315877612097332783e-01
5.316833219466350346e-01
5.315665224887949902e-01
5.316567521426822651e-01
5.318807370921387889e-01
5.313796792398240987e-01
5.313528884043807743e-01
5.315284796513664034e-01
5.313991826639874461e-01
5.314525854400538041e-01
5.312689501245266843e-01
5.312189834440979030e-01
5.312906048927934499e-01
5.311820907977067296e-01
5.311737194032641884e-01
5.310045522815231012e-01
5.310114265108900611e-01
5.310609524291952654e-01
5.312276499299473098e-01
5.311466555601698225e-01
5.310282571306244037e-01
5.310460383741465451e-01
5.310190301209817276e-01
5.308453817068279346e-01
5.308792056570307283e-01
5.305739458366506289e-01
5.307116868157664147e-01
5.304128129227370092e-01
5.304772258680547914e-01
5.315505067462871214e-01
5.303486109723740682e-01
5.302039918775904859e-01
5.302022060626793154e-01
5.304006800555549628e-01
5.303429119927897117e-01
5.302420705844480553e-01
5.303048531347108741e-01
5.303185733549153902e-01
5.302511749756524395e-01
5.302961069274159112e-01
5.302067080728585236e-01
5.305055602436072881e-01
5.302299968919608197e-01
5.303700548058003506e-01
5.305282937215987094e-01
5.301380211018384969e-01
5.302612599042125785e-01
5.300690885404867325e-01
5.300485821093091632e-01
5.300445955795067832e-01
5.300958782377692691e-01
5.301724577694252316e-01
5.300820587372143677e-01
5.301262704691860339e-01
5.300627280412025799e-01
5.302130898342750642e-01
5.300003553565213466e-01
5.300567279405452581e-01
5.300260905250978594e-01
5.298963851122812097e-01
5.299534914667903829e-01
5.299915204149588943e-01
5.299270264252107232e-01
5.302734187814038824e-01
5.299761020502169462e-01
5.297176232694825737e-01
5.296806840313330600e-01
5.298849463680234129e-01
5.296849594059859223e-01
5.297501814089923267e-01
5.297417067601761786e-01
5.298945755359351084e-01
5.296137041456500105e-01
5.295432430666477952e-01
5.295198826737635978e-01
5.295099988030520510e-01
5.295935819171498915e-01
5.300650798264846530e-01
5.296619995385078994e-01
5.295013818832940977e-01
5.294761036611381755e-01
5.295597342626173765e-01
5.295699324413395415e-01
5.296436272100353282e-01
5.294742772575050660e-01
5.294665297190254138e-01
5.296030574439435368e-01
5.295414545499449455e-01
5.294946411112726459e-01
5.294580030218243305e-01
5.295605342739716503e-01
5.295266039304354910e-01
5.293118957395778201e-01
5.291098977322684638e-01
5.290630029441208970e-01
5.290970568120043627e-01
5.290544999968961326e-01
5.290324734812739127e-01
5.290488547464020641e-01
5.292056733338659225e-01
5.292472117610488302e-01
5.292351387416519559e-01
5.291904852329355480e-01
5.290483726790786712e-01
5.290113314983262427e-01
5.292201328531702664e-01
5.290861296170911166e-01
5.290635756755232011e-01
5.289650655151477698e-01
5.293200928853123433e-01
5.289183164472562870e-01
5.290361155712246521e-01
5.289122544459022857e-01
5.286773962575778141e-01
5.286486171431670211e-01
5.287332374046178618e-01
5.285626385531800864e-01
5.285259649062833409e-01
5.285836691148402267e-01
5.285321916123746355e-01
5.284449775597486187e-01
5.284614389967100534e-01
5.284328711205007467e-01
5.284598877264328198e-01
5.284537561492719249e-01
5.284431675517929916e-01
5.284520714111818895e-01
5.283985381907114753e-01
5.283865703758203747e-01
5.283801997696185859e-01
5.282933919087819952e-01
5.283454739188830906e-01
5.288072790039574089e-01
5.283124085477519660e-01
5.284683504032016144e-01
5.283600986675275335e-01
5.284690092297343877e-01
5.283731192623486450e-01
5.279548589228287847e-01
5.282190177968283384e-01
5.280129341571867529e-01
5.278528550436517586e-01
5.278154642101232641e-01
5.278821969649066803e-01
5.278634312665388961e-01
5.279525583570207070e-01
5.278323123774153469e-01
5.279448201270222629e-01
5.278370547310674565e-01
5.279541018648807871e-01
5.279223571131920201e-01
5.278238113748037197e-01
5.276592837956642912e-01
5.278905177814389171e-01
5.276031615130227781e-01
5.275973543981432590e-01
5.276285159317365414e-01
5.275160250222099556e-01
5.276034759127333773e-01
5.275106379585842165e-01
5.275516545468057483e-01
5.275775619900094915e-01
5.274578833961880431e-01
5.274947494983944773e-01
5.276466937997397189e-01
5.272697264411161377e-01
5.272906226176921063e-01
5.270749874891824671e-01
5.269903491322638356e-01
5.270231424731079972e-01
5.270513023872109848e-01
5.269734970101200844e-01
5.272587491690994277e-01
5.269918343362163249e-01
5.271235438532508866e-01
5.269501135010932202e-01
5.270598850939235414e-01
5.272092724385701867e-01
5.269173078437157098e-01
5.270040273054402702e-01
5.269315994061665176e-01
5.270338534870431246e-01
5.269178742282542016e-01
5.269626551771700029e-01
5.268333222659722370e-01
5.269315729263046588e-01
5.270342747876431977e-01
5.269747539722424712e-01
5.270904540014546003e-01
5.269883034155632417e-01
5.270642236584894835e-01
5.268899307213150696e-01
5.268883843674597722e-01
5.267035419650815120e-01
5.267189016032188809e-01
5.267980450368804357e-01
5.267407584573310375e-01
5.266739352864165946e-01
5.265972209625267020e-01
5.266036372916393926e-01
5.269045822572497872e-01
5.266109257915412289e-01
5.272784928937265247e-01
5.265773334604997302e-01
5.265563571127143128e-01
5.265149093664149849e-01
5.266524723827658017e-01
5.265898144104746992e-01
5.271249092788907742e-01
5.264253742267689384e-01
5.264750145133417769e-01
5.264115692855456663e-01
5.264913392034534789e-01
5.264103124050775184e-01
5.269752946159397267e-01
5.264598428373838956e-01
5.264394746796421387e-01
5.264501273545898474e-01
5.264815953901459400e-01
5.263962828990725873e-01
5.265136702278583325e-01
5.264959444163863633e-01
5.264625678614730520e-01
5.264767504767833284e-01
5.264114021121502063e-01
5.263854288282250327e-01
5.265135869553281278e-01
5.264881118130890769e-01
5.264673931575454269e-01
5.264589561575240273e-01
5.266740072682016827e-01
5.263909914603972506e-01
5.266745225957977228e-01
5.264200471289748329e-01
5.265582138511173405e-01
5.264489124099149819e-01
5.267768413319655618e-01
5.265111634053715184e-01
5.262983784743108240e-01
5.262648427510658866e-01
5.263526338810353700e-01
5.261806596111792134e-01
5.262165954435208404e-01
5.261929643416534130e-01
5.267849638589767736e-01
5.262482443235256824e-01
5.262346481632361739e-01
5.262039734102530453e-01
5.263246373116046151e-01
5.261037030269806181e-01
5.261183556996966715e-01
5.261474546986577572e-01
5.260646069643050149e-01
5.260706995746377013e-01
5.260580612986121007e-01
5.260655164273269069e-01
5.260844456987093798e-01
5.260308815124965509e-01
5.260426999949164850e-01
5.260961241447973391e-01
5.260369673118064915e-01
5.260833230875552324e-01
5.260405534212566625e-01
5.261026371928221312e-01
5.260511201724621388e-01
5.260168123243401661e-01
5.260102223148631628e-01
5.259831698305121872e-01
5.260101322812386071e-01
5.260054665029938459e-01
5.259619228943360758e-01
5.259898687688218111e-01
5.259902364617979886e-01
5.260509947206402082e-01
5.259549301177978142e-01
5.259950119824827741e-01
5.259669552679061555e-01
5.260010092131770509e-01
5.260624405952081251e-01
5.257900479770013513e-01
5.257589185981622615e-01
5.257829243557566867e-01
5.257694453614482066e-01
5.257598491644562833e-01
5.257618823692871146e-01
5.257635702768700403e-01
5.257834169494191023e-01
5.257608294954878581e-01
5.259461651593481113e-01
5.257847452139676747e-01
5.257826505683939056e-01
5.258135419498861651e-01
5.257983116407302093e-01
5.257470628343674512e-01
5.257166382826354845e-01
5.257669400862418074e-01
5.256853666059209118e-01
5.256731711112279104e-01
5.256588256813878868e-01
5.256698090861737782e-01
5.257042523650292676e-01
5.256749848004801384e-01
5.256299487929402270e-01
5.256200056504469753e-01
5.256551698828422214e-01
5.256405757126212386e-01
5.256072432967681118e-01
5.256258852884577726e-01
5.256184664144010199e-01
5.257221480316511819e-01
5.255878931758337647e-01
5.255626092256950876e-01
5.253819396059095093e-01
5.254037495419920933e-01
5.253751658290689575e-01
5.253504900526161370e-01
5.253450757532373006e-01
5.253110183243688835e-01
5.253182376985995328e-01
5.253481220723695833e-01
5.253034544448136334e-01
5.253822670686236762e-01
5.253357088908607864e-01
5.254208481906202932e-01
5.253296537396552335e-01
5.252932787190592867e-01
5.253437802372323828e-01
5.252734352107515381e-01
5.252799216459829168e-01
5.253976795329695637e-01
5.252757064740477544e-01
5.253730218575247690e-01
5.252790427241850191e-01
5.252773113653905757e-01
5.252829532171288118e-01
5.253268411559437467e-01
5.252678983942734581e-01
5.254606597656514833e-01
5.252554399554154596e-01
5.253674357904831727e-01
5.252582265400660422e-01
5.252742983320110026e-01
5.253202565942209912e-01
5.253357722308847899e-01
5.252396914360423219e-01
5.250764226778377175e-01
5.251135142483762674e-01
5.250731270747712731e-01
5.250839706072331081e-01
5.250606877700479957e-01
5.250526294571086217e-01
5.251298332977946126e-01
5.252953249634239041e-01
5.250409405960618781e-01
5.249581152503477455e-01
5.249456778327895590e-01
5.249528489937872466e-01
5.249438848671930113e-01
5.249782930324731200e-01
5.249585546545324499e-01
5.249856265791124077e-01
5.249385724637931627e-01
5.250101317595317063e-01
5.249507363246728175e-01
5.250861745044217432e-01
5.249387902143760609e-01
5.249979826718901288e-01
5.249229586441689355e-01
5.249211230024047881e-01
5.249298881216177826e-01
5.249642730295951409e-01
5.249130644668404955e-01
5.250309918031167422e-01
5.249282029063413457e-01
5.249957905852117301e-01
5.249260952144250147e-01
5.250358689106626731e-01
5.249175289741281336e-01
5.250335096209410857e-01
5.249332654720889613e-01
5.249843697753341365e-01
5.249118895490448855e-01
5.249724117132352763e-01
5.249190212120202759e-01
5.251998413366255614e-01
5.249001053547751594e-01
5.248283292698422420e-01
5.247989792505645124e-01
5.248038277139460694e-01
5.247878541733034252e-01
5.248275629002829845e-01
5.247901389386600002e-01
5.248239405840114946e-01
5.247877995317523636e-01
5.249087310716686883e-01
5.247963157552522073e-01
5.248016612690235005e-01
5.248086229239308231e-01
5.248885412713482079e-01
5.247695366409657058e-01
5.247670354359529332e-01
5.247648059472440618e-01
5.247649676260364160e-01
5.247624775005790276e-01
5.247795274298280299e-01
5.247550133085150392e-01
5.248026248711218367e-01
5.247535345988106892e-01
5.247784103685467771e-01
5.247587168245463340e-01
5.248333229985909787e-01
5.247651361074632259e-01
5.247924567390650497e-01
5.247587393412038725e-01
5.248996439055021446e-01
5.247669079643828560e-01
5.247868495937298983e-01
5.247605687879901559e-01
5.248051736644783194e-01
5.247593552154898866e-01
5.247769198053245931e-01
5.247486891103381179e-01
5.247864563971295082e-01
5.247467439086233032e-01
5.247608701043027235e-01
5.247734113471833606e-01
5.248284451787279536e-01
5.247329779422875706e-01
5.246859302536398539e-01
5.247539942286933989e-01
5.247238103859689362e-01
5.246900116777707401e-01
5.249091156057846819e-01
5.246871355553303085e-01
5.247223569649291930e-01
5.246922724693064977e-01
5.247098230323056223e-01
5.247094110103950326e-01
5.247005543138085759e-01
5.247032730448691895e-01
5.246730919045259345e-01
5.246846143526410211e-01
5.246741491550915848e-01
5.246916997203888711e-01
5.246814477495715945e-01
5.246590611628232370e-01
5.246539689259477335e-01
5.246396694961172891e-01
5.246395247361468339e-01
5.246238457995432425e-01
5.246234119198840418e-01
5.246217032407072267e-01
5.246179050539397926e-01
5.246063005784740163e-01
5.246083288772497299e-01
5.246303571017504330e-01
5.246009870247758666e-01
5.246116950432289094e-01
5.245987647372699625e-01
5.246036795077533288e-01
5.246046787444884618e-01
5.246048808372849592e-01
5.245999528406761758e-01
5.246092088126639297e-01
5.246028148533218305e-01
5.246073539978698408e-01
5.245934692777227681e-01
5.245174949939330755e-01
5.245039765818141353e-01
5.244872002592037008e-01
5.244588196210620001e-01
5.244588069405506925e-01
5.244623484889835430e-01
5.244681543690297154e-01
5.244569389824821348e-01
5.245069782506364131e-01
5.244564945008761692e-01
5.244683392318385540e-01
5.244589905848637823e-01
5.244682025637645850e-01
5.244677140341419408e-01
5.244684729611523988e-01
5.244573995652270781e-01
5.245189791465637574e-01
5.244570890238152705e-01
5.244813497425356852e-01
5.244589579493371678e-01
5.244996470051344062e-01
5.244565004375235651e-01
5.245305769451350519e-01
5.244440375789599651e-01
5.244233986051449747e-01
5.244264398878148992e-01
5.244065404553914789e-01
5.244079547203470693e-01
5.243877531107735690e-01
5.243811759425877073e-01
5.243747895705812567e-01
5.243717723294233357e-01
5.243626359262754111e-01
5.243650733386138185e-01
5.243613987927807640e-01
5.243590684454102480e-01
5.243459965151187063e-01
5.243444530891734345e-01
5.243462763638389035e-01
5.243523664918202654e-01
5.244710724932101220e-01
5.243249006290472414e-01
5.243905217535859142e-01
5.242960654194368519e-01
5.242800115436183628e-01
5.242850448337476044e-01
5.243112870495530986e-01
5.242795314640662507e-01
5.243090066115159154e-01
5.242821272392430565e-01
5.242919774579222203e-01
5.242806178445080789e-01
5.242920111625004598e-01
5.242799776837702153e-01
5.242842687203763674e-01
5.242860241511920760e-01
5.242977633191808762e-01
5.242816204426165028e-01
5.242758998004601878e-01
5.242759891961041863e-01
5.242869848057400972e-01
5.242758296942882090e-01
5.242943843489508149e-01
5.242750275371945712e-01
5.242968679465103143e-01
5.242767216677109987e-01
5.242958483788960899e-01
5.242821513226839647e-01
5.243069268451110432e-01
5.242759290343560474e-01
5.242897992398565243e-01
5.242853713403269333e-01
5.242781745228047852e-01
5.242735782485707929e-01
5.242312503982341498e-01
5.242499335225991874e-01
5.242279482914907751e-01
5.242293728051747870e-01
5.242320705419262206e-01
5.242427311976530779e-01
5.242262977308879135e-01
5.242496257158969497e-01
5.242682813050634216e-01
5.241904025293179226e-01
5.241772079684466901e-01
5.241885637686130028e-01
5.241674568181520222e-01
5.241777505145028826e-01
5.241806028215966196e-01
5.241607106829372364e-01
5.241668673991191074e-01
5.241600623413968929e-01
5.241567462827815271e-01
5.241531003614396944e-01
5.241472740229766725e-01
5.241538015748563595e-01
5.241433945504384573e-01
5.241501615957971927e-01
5.241618077304580625e-01
5.241441532404320647e-01
5.241534534795905254e-01
5.241461416429342712e-01
5.241559890707589986e-01
5.241493626150991458e-01
5.241494446777776872e-01
5.241538346167605722e-01
5.241742268546033534e-01
5.241461833213938437e-01
5.241512933252052697e-01
5.241445352809057656e-01
5.241546884095749093e-01
5.241406879834593635e-01
5.241560408339072108e-01
5.241896018213834108e-01
5.241236016733767933e-01
5.241301403212826893e-01
5.240827415345792328e-01
5.241356190240866741e-01
5.240856941265324975e-01
5.240909780860438794e-01
5.240840539289780553e-01
5.240908409886957386e-01
5.240839353583242044e-01
5.241274613980022590e-01
5.241132500242502434e-01
5.240588479987136061e-01
5.240620265940427736e-01
5.240689429677624078e-01
5.240562858164180549e-01
5.240440558528027815e-01
5.240418032021134653e-01
5.240361126842653094e-01
5.240361228685864736e-01
5.240396070698288833e-01
5.240382502043191559e-01
5.240388578307311196e-01
5.240266205958332701e-01
5.240308588276398893e-01
5.240280573020080768e-01
5.240180452164550085e-01
5.240213792644440316e-01
5.240208568414794765e-01
5.240216585307394537e-01
5.240223254164702027e-01
5.240151948950607652e-01
5.240165885117578082e-01
5.240174760873026472e-01
5.240066445148547913e-01
5.240045418728669357e-01
5.240041286094548889e-01
5.240036184585223911e-01
5.240075124624016256e-01
5.240028115857772173e-01
5.240252869761748977e-01
5.240070909089720175e-01
5.239579552806101770e-01
5.239420824401156418e-01
5.239674027093983444e-01
5.239480940906758866e-01
5.239810536196513047e-01
5.239402126641612423e-01
5.239467404650461901e-01
5.239381502318772865e-01
5.239618197427482471e-01
5.239391598954896700e-01
5.239498210091152464e-01
5.239402065458924618e-01
5.239346216193409012e-01
5.239409099773439937e-01
5.239398634444745184e-01
5.239358080719701549e-01
5.239538117369244574e-01
5.239359066602377046e-01
5.239502920820738874e-01
5.239239396626853562e-01
5.239182364911518786e-01
5.239164554189621459e-01
5.239181582751684108e-01
5.239299022876765521e-01
5.239246442660485670e-01
5.239189402907696858e-01
5.239073025861608057e-01
5.239174454793574798e-01
5.239120252149305212e-01
5.239137522965973126e-01
5.238960855591199284e-01
5.238981488142827603e-01
5.239057191375056100e-01
5.238928539411934482e-01
5.238927693537800412e-01
5.238954552875176862e-01
5.238853349702797813e-01
5.238865646277867105e-01
5.239029076196465295e-01
5.239202677396678220e-01
5.238535999100750740e-01
5.238419937036228324e-01
5.238568777378677099e-01
5.238630116881384247e-01
5.238394969722603989e-01
5.238253294827457385e-01
5.238227872258823803e-01
5.238297447119958372e-01
5.238250077595988374e-01
5.238310542071611398e-01
5.238276904784495702e-01
5.238169659429930958e-01
5.238195226871036336e-01
5.238280176683597356e-01
5.238132090659918250e-01
5.238236939288635208e-01
5.238153995587366829e-01
5.238150232122924521e-01
5.238096910512964888e-01
5.238669246513856237e-01
5.238057736336134695e-01
5.238129665182688077e-01
5.238051194941049094e-01
5.238161400366618814e-01
5.238155854803344669e-01
5.238015457817842835e-01
5.238016694833544928e-01
5.238125327486480298e-01
5.238065829168335741e-01
5.238117133808122272e-01
5.237991057590201116e-01
5.238077552712533391e-01
5.237958128701682980e-01
5.238060337837574520e-01
5.237920358030445644e-01
5.237724249831964274e-01
5.237754156181079201e-01
5.237956236857004289e-01
5.237733174629620736e-01
5.237725731265856499e-01
5.237824917143109049e-01
5.238157007157906442e-01
5.237743060782575899e-01
5.237773506958506298e-01
5.237866804984927516e-01
5.237654982100140577e-01
5.237617958343966373e-01
5.237604421401249599e-01
5.237607271285382726e-01
5.237701555202385340e-01
5.237614980030413925e-01
5.237981239133117084e-01
5.237612312510124823e-01
5.237602653698016919e-01
5.237655929568202362e-01
5.237642833944529119e-01
5.237610123405382900e-01
5.237698215670035795e-01
5.237595526120022438e-01
5.237683056974702378e-01
5.237594844070839750e-01
5.237673055441739445e-01
5.237592592636252098e-01
5.237790775037098889e-01
5.237645094021036174e-01
5.237630491215191642e-01
5.237554791585579128e-01
5.237589614230663271e-01
5.237575481511311803e-01
5.237747507334473696e-01
5.237566608745413133e-01
5.237827769482581441e-01
5.237500494133788820e-01
5.237315768913717307e-01
5.237313164234074225e-01
5.237455776384259964e-01
5.237306594264158344e-01
5.237362751546701389e-01
5.237340948829969367e-01
5.237787997177507648e-01
5.237329504017419479e-01
5.237805519925152753e-01
5.237298841981945507e-01
5.237093903138604345e-01
5.237081226865780703e-01
5.237074497788174465e-01
5.237195928095662589e-01
5.237086296946471542e-01
5.237175428231263252e-01
5.237060764696417348e-01
5.237055021201610927e-01
5.237071928018492972e-01
5.237208539231451576e-01
5.237118732345513727e-01
5.237065237940645712e-01
5.237070029273154237e-01
5.237367424876161470e-01
5.237116426545926906e-01
5.237132253319830566e-01
5.237053967351391615e-01
5.237374427699464929e-01
5.237080873982101759e-01
5.237142773073498736e-01
5.237073280727500002e-01
5.237213093646888584e-01
5.237063879806791444e-01
5.237137507098559297e-01
5.237055587327452688e-01
5.237158941627533260e-01
5.237050704915688915e-01
5.237086933168311198e-01
5.237141989379751061e-01
5.236784538410526046e-01
5.236867788600221285e-01
5.236935333602185105e-01
5.236940975560366862e-01
5.236789240900743270e-01
5.236953158670315522e-01
5.236809253621305116e-01
5.236864602301219973e-01
5.236810705570472679e-01
5.236853146680596760e-01
5.236940240845223693e-01
5.236914561897845211e-01
5.236800643432492075e-01
5.236887212753693621e-01
5.236803078666862898e-01
5.236801993526034593e-01
5.236718257599275450e-01
5.236714333862234616e-01
5.236633466997699937e-01
5.236630875538507146e-01
5.236595482513075606e-01
5.236600644563453866e-01
5.236636934669304244e-01
5.236578695878355560e-01
5.236518562964328494e-01
5.236521393650297451e-01
5.236512569133900952e-01
5.236510090230322989e-01
5.236495087119222847e-01
5.236495988036810045e-01
5.236508485959178172e-01
5.236504428951115342e-01
5.236501106973771025e-01
5.236502756117422663e-01
5.236508436314943893e-01
5.236489792325844661e-01
5.236493975819863644e-01
5.236497328698226372e-01
5.236569621768248917e-01
5.236487827663671712e-01
5.236659261253683306e-01
5.236579799012682779e-01
5.236366713182336596e-01
5.236351677262728321e-01
5.236361238699943632e-01
5.236322390172876151e-01
5.236309008115711539e-01
5.236503213922873989e-01
5.236309060446353580e-01
5.236282077840994642e-01
5.236278219221617292e-01
5.236292155427170192e-01
5.236282998511146980e-01
5.236292288860829869e-01
5.236283866109043839e-01
5.236305145314530396e-01
5.236274288854926295e-01
5.236326387584557818e-01
5.236281730277043689e-01
5.236326555261261451e-01
5.236292171272426410e-01
5.236334421631417824e-01
5.236289528374079572e-01
5.236327085890470912e-01
5.236284917154641061e-01
5.236232246623468978e-01
5.236231360699796777e-01
5.236275097424981650e-01
5.236239664029822549e-01
5.236348130897484632e-01
5.236231110895169794e-01
5.236313247140399474e-01
5.236233892093079545e-01
5.236219404755736440e-01
5.236218958386239519e-01
5.236222923742102076e-01
5.236217625611975235e-01
5.236243891814803542e-01
5.236227839266929251e-01
5.236236163280834077e-01
5.236214420410431059e-01
5.236397407322453956e-01
5.236148529678337216e-01
5.236025787294067424e-01
5.236061306895989365e-01
5.236020207984963815e-01
5.236060084982760987e-01
5.236025841315051776e-01
5.236022775874585866e-01
5.236030533663666997e-01
5.236145229792672495e-01
5.236013329149724616e-01
5.236062293517971256e-01
5.236014791761178788e-01
5.236066303838748937e-01
5.236020602451030292e-01
5.236001021469161021e-01
5.236007441241542493e-01
5.235999471513087533e-01
5.236003681981888924e-01
5.236043816352553559e-01
5.235993688183453454e-01
5.236025038022107392e-01
5.235998965249658577e-01
5.235914056056134580e-01
5.236038412063109826e-01
5.235933751348605947e-01
5.235891043680768187e-01
5.235881977825472822e-01
5.235881943260278781e-01
5.235887251339490511e-01
5.235947330244200559e-01
5.235869881631393108e-01
5.235905357997804321e-01
5.235869313646153156e-01
5.235874808899451116e-01
5.235866859791984407e-01
5.235909472772580786e-01
5.235862068635454003e-01
5.235867158555910228e-01
5.235854418267127386e-01
5.235925178942002489e-01
5.236002426805421717e-01
5.235751718559460421e-01
5.235693712652951248e-01
5.235711427929329309e-01
5.235705502470244799e-01
5.235704028247243347e-01
5.235705438970258419e-01
5.235706567880478168e-01
5.235699690514304949e-01
5.235697088421933376e-01
5.235717306023167650e-01
5.235707185648836859e-01
5.235685871382302903e-01
5.235687470810301836e-01
5.235711798417387319e-01
5.235703751966934716e-01
5.235696551214662486e-01
5.235710725206966787e-01
5.235688560209948994e-01
5.235700153951969860e-01
5.235697020898724130e-01
5.235688621477870841e-01
5.235696735166842641e-01
5.235813058032674494e-01
5.235718305209993151e-01
5.235650702070769880e-01
5.235626219211853005e-01
5.235689971095228712e-01
5.235621197210628130e-01
5.235627435733962720e-01
5.235624236251701369e-01
5.235582428931289112e-01
5.235568942414812188e-01
5.235578144987126370e-01
5.235628346947005518e-01
5.235575955008764382e-01
5.235588016984314974e-01
5.235565820480194699e-01
5.235608195824521527e-01
5.235573806124852458e-01
5.235620443880624197e-01
5.235509190065541496e-01
5.235443573277626106e-01
5.235499595298696018e-01
5.235427665997379743e-01
5.235422128621627369e-01
5.235438164957200158e-01
5.235454613133267987e-01
5.235418408055124706e-01
5.235428517000497717e-01
5.235405533221419994e-01
5.235388219278824806e-01
5.235392370987006494e-01
5.235472003459921142e-01
5.235387672527008762e-01
5.235369918488341767e-01
5.235371114259186331e-01
5.235422082192673354e-01
5.235381407983464852e-01
5.235382454900301408e-01
5.235363476664169902e-01
5.235382440375284663e-01
5.235369573161148260e-01
5.235373657480840714e-01
5.235363718612757733e-01
5.235431803725761890e-01
5.235370133978408669e-01
5.235432599415245081e-01
5.235351985628331484e-01
5.235305242389690639e-01
5.235308568242094118e-01
5.235310266656426625e-01
5.235312376193804740e-01
5.235403598071586284e-01
5.235282115820245608e-01
5.235286407309026613e-01
5.235278109375575140e-01
5.235307988044396454e-01
5.235269781613225426e-01
5.235296013447747754e-01
5.235254612889179704e-01
5.235416243911077405e-01
5.235241363608003073e-01
5.235318671871174168e-01
5.235224421525235261e-01
5.235183179979531198e-01
5.235188751605155399e-01
5.235201773839911477e-01
5.235178139182901091e-01
5.235225906968936638e-01
5.235169791008092988e-01
5.235193363835642932e-01
5.235170699099991332e-01
5.235169659402009179e-01
5.235163041662524996e-01
5.235171795933835082e-01
5.235164785992776348e-01
5.235198867863124494e-01
5.235163988856716966e-01
5.235184519785812673e-01
5.235180871238945821e-01
5.235171036848940140e-01
5.235162575666495455e-01
5.235201017394699452e-01
5.235161486858190827e-01
5.235186857094946689e-01
5.235169800083151470e-01
5.235179340219664468e-01
5.235157502460636714e-01
5.235290507609499100e-01
5.235179425468368120e-01
5.235184416096285709e-01
5.235161573580247030e-01
5.235183828102458747e-01
5.235160635929544393e-01
5.235174645381596159e-01
5.235123298412579507e-01
5.235128831043214248e-01
5.235119260674668817e-01
5.235146120855239671e-01
5.235109366791759200e-01
5.235109806051719827e-01
5.235116649316162718e-01
5.235134331067147206e-01
5.235119479862831993e-01
5.235149135050279900e-01
5.235159456496295549e-01
5.235131048830167222e-01
5.235098546396340646e-01
5.235059521772414959e-01
5.235075998330257496e-01
5.235071972938964979e-01
5.235058569125514705e-01
5.235076345523648200e-01
5.235067908165960127e-01
5.235086879920785030e-01
5.235057009249094451e-01
5.235074765185759871e-01
5.235086991412151169e-01
5.235065734035440066e-01
5.235064649198382103e-01
5.235097716708778659e-01
5.235066097586587031e-01
5.235072060481525957e-01
5.235055244377885275e-01
5.235047417971857575e-01
5.235052461628223464e-01
5.235043578578126855e-01
5.235056524299692704e-01
5.235043796869637278e-01
5.235058094519244865e-01
5.235027896537943759e-01
5.234984052690399015e-01
5.234983840673832489e-01
5.234988791225534399e-01
5.234975207595758961e-01
5.234960499137629730e-01
5.234960369707908345e-01
5.234957799644838206e-01
5.234957611763415564e-01
5.234952122091496296e-01
5.234949496208581854e-01
5.234950748362321438e-01
5.234954802705256149e-01
5.234982382770956288e-01
5.234944394194301909e-01
5.234923953921313267e-01
5.234925136762275111e-01
5.234943021863541768e-01
5.234933468140108292e-01
5.234931297335547740e-01
5.234924421547292317e-01
5.234893787487845396e-01
5.234887579452152107e-01
5.234899982940814933e-01
5.234862292797037853e-01
5.234861737816811633e-01
5.234856618028367325e-01
5.234854522665157717e-01
5.234847791104825232e-01
5.234841168148571811e-01
5.234825475101947401e-01
5.234826987268215159e-01
5.234823487258983832e-01
5.234821188120926116e-01
5.234822211612848442e-01
5.234821250273719029e-01
5.234825135941838514e-01
5.234822985469562706e-01
5.234822846904665372e-01
5.234823800614902822e-01
5.234828296052991270e-01
5.234817720614893810e-01
5.234776313071297649e-01
5.234771450605032461e-01
5.234769954812785731e-01
5.234779268321639867e-01
5.234770869638746271e-01
5.234767622723563996e-01
5.234770740156599045e-01
5.234770211329830003e-01
5.234771092174967944e-01
5.234774559666606208e-01
5.234769573751885119e-01
5.234766758060649394e-01
5.234773001150954119e-01
5.234777834948405317e-01
5.234772737256390140e-01
5.234773184812735458e-01
5.234765543257720033e-01
5.234771332110191855e-01
5.234753290098833611e-01
5.234789240483225248e-01
5.234748382360533414e-01
5.234716767543567961e-01
5.234692146409339886e-01
5.234692251495731696e-01
5.234681044148128404e-01
5.234685937656803345e-01
5.234682316472992758e-01
5.234684743089812464e-01
5.234682722016976708e-01
5.234680778366161968e-01
5.234679246292069932e-01
5.234685020479875606e-01
5.234672650525020732e-01
5.234672518631398042e-01
5.234661388243155855e-01
5.234664529748204176e-01
5.234666023384171307e-01
5.234661648941686396e-01
5.234654201616439906e-01
5.234660203943969359e-01
5.234691725902796966e-01
5.234646343132219881e-01
5.234616669612575102e-01
5.234613938285634926e-01
5.234617119565464494e-01
5.234615200784126232e-01
5.234610855325728673e-01
5.234612901104348515e-01
5.234611506917163926e-01
5.234610655141596069e-01
5.234613264229156515e-01
5.234608838232839290e-01
5.234610904234551221e-01
5.234610114415680915e-01
5.234603284984663540e-01
5.234601911625955672e-01
5.234601942820393816e-01
5.234602170505392449e-01
5.234611992744856446e-01
5.234600645007899677e-01
5.234627598876884225e-01
5.234594068104393427e-01
5.234637361677780820e-01
5.234595135368090846e-01
5.234600188479541227e-01
5.234594695265790687e-01
5.234574703485315172e-01
5.234575009124134981e-01
5.234578621093651796e-01
5.234575873161465553e-01
5.234588192720431854e-01
5.234577624697085430e-01
5.234575292792562617e-01
5.234578119662817164e-01
5.234583738778656459e-01
5.234570124225776944e-01
5.234553384030122825e-01
5.234571908990504063e-01
5.234557708345811688e-01
5.234581077528799309e-01
5.234556796124848477e-01
5.234575552320659408e-01
5.234564606766781703e-01
5.234532777724252295e-01
5.234520843230963116e-01
5.234514120755919819e-01
5.234515900925819087e-01
5.234518065913893459e-01
5.234516660782516650e-01
5.234520681973720002e-01
5.234509886501849119e-01
5.234498582839781644e-01
5.234499150746566576e-01
5.234501487647873486e-01
5.234501088004560598e-01
5.234519048758821125e-01
5.234499854393851459e-01
5.234497853736979067e-01
5.234493441731233876e-01
5.234492545338327307e-01
5.234495134170566999e-01
5.234496044810883486e-01
5.234490105719254993e-01
5.234498621516071593e-01
5.234491534593965767e-01
5.234514017624517512e-01
5.234489516694375011e-01
5.234485722502272287e-01
5.234491496165223356e-01
5.234488955621574569e-01
5.234488191750821251e-01
5.234495662230110868e-01
5.234485583953216725e-01
5.234488074668712798e-01
5.234480200544778805e-01
5.234457169549174838e-01
5.234448275131073913e-01
5.234441973050133479e-01
5.234447953164937939e-01
5.234446565707531196e-01
5.234447029834244924e-01
5.234443413168575754e-01
5.234456275286296645e-01
5.234439881675065909e-01
5.234479505987360559e-01
5.234448766391953667e-01
5.234444481025081197e-01
5.234433878076460989e-01
5.234438365912507107e-01
5.234424204784433599e-01
5.234401427006389884e-01
5.234413791129772786e-01
5.234403903988241735e-01
5.234405093166484280e-01
5.234401504625938450e-01
5.234407591827839878e-01
5.234399451313491713e-01
5.234397366472878232e-01
5.234397617881343390e-01
5.234403400671389095e-01
5.234399360428373393e-01
5.234398455125391925e-01
5.234398549056604732e-01
5.234403540945093969e-01
5.234398644443052362e-01
5.234404879859361204e-01
5.234397136383410754e-01
5.234396541669372738e-01
5.234397766468686930e-01
5.234402656426743183e-01
5.234395844499223349e-01
5.234405278233157377e-01
5.234396150124493996e-01
5.234404669118059017e-01
5.234413801423052348e-01
5.234375558860913102e-01
5.234359185237615897e-01
5.234371512727906683e-01
5.234371707536901175e-01
5.234354486830493647e-01
5.234338332333259292e-01
5.234353113443782624e-01
5.234346376862274441e-01
5.234332540457762306e-01
5.234328653977667889e-01
5.234331168612581520e-01
5.234329558076803446e-01
5.234337693715743756e-01
5.234324268408953040e-01
5.234379940507977169e-01
5.234324159285270728e-01
5.234344813838414101e-01
5.234327216055928433e-01
5.234331612263704026e-01
5.234325980156556701e-01
5.234341081367767101e-01
5.234317355633062441e-01
5.234304057243676089e-01
5.234287023808987804e-01
5.234286248764574712e-01
5.234298991361777675e-01
5.234285835159825373e-01
5.234292003643206126e-01
5.234285475946640620e-01
5.234282803855420108e-01
5.234268501777263882e-01
5.234266324362893963e-01
5.234258792399314464e-01
5.234260112763745587e-01
5.234264440628513260e-01
5.234258868620160765e-01
5.234259381307638792e-01
5.234258093902787179e-01
5.234267383987456501e-01
5.234258656846028090e-01
5.234265743131401027e-01
5.234259164151452426e-01
5.234277852044110224e-01
5.234256630610156780e-01
5.234283294548235377e-01
5.234258479694761101e-01
5.234295356476076355e-01
5.234243367164230776e-01
5.234225927538097567e-01
5.234233729150172820e-01
5.234226420650531786e-01
5.234234019448954500e-01
5.234233083190920066e-01
5.234234815921303685e-01
5.234228695678284637e-01
5.234226802727512950e-01
5.234226305452148731e-01
5.234225198173019233e-01
5.234225019139643331e-01
5.234229997595195583e-01
5.234223641346861244e-01
5.234238355569383883e-01
5.234228701228703651e-01
5.234254458163714041e-01
5.234223149204997316e-01
5.234238635397394646e-01
5.234223888047992990e-01
5.234227579984709333e-01
5.234223968957266715e-01
5.234237754111065177e-01
5.234224622918146608e-01
5.234244503455610653e-01
5.234240846201255737e-01
5.234205936733128395e-01
5.234209684114505823e-01
5.234208010464753702e-01
5.234208601986328757e-01
5.234207705819654555e-01
5.234205105030890204e-01
5.234205080068569105e-01
5.234206963686980352e-01
5.234205184026645696e-01
5.234207087575565298e-01
5.234204811698006665e-01
5.234207433188002856e-01
5.234204499560586310e-01
5.234230380087413481e-01
5.234221025564981256e-01
5.234224035217308613e-01
5.234206605410997026e-01
5.234181055860319676e-01
5.234182432570391175e-01
5.234181261901328375e-01
5.234181279200225134e-01
5.234185049120458899e-01
5.234180934269466734e-01
5.234195253283561167e-01
5.234179208087483826e-01
5.234189300667814182e-01
5.234177250276933480e-01
5.234178958344393173e-01
5.234179434600181313e-01
5.234174012713493918e-01
5.234176369279261998e-01
5.234187084546194635e-01
5.234175019934551587e-01
5.234183699346295349e-01
5.234173955437382286e-01
5.234182190452025818e-01
5.234172691171918856e-01
5.234173688071627195e-01
5.234175237117136836e-01
5.234223292009296813e-01
5.234190714070313666e-01
5.234153811357904473e-01
5.234168852561522645e-01
5.234145498793855156e-01
5.234147196986388417e-01
5.234147468871268583e-01
5.234144617020275447e-01
5.234143464945764102e-01
5.234144847490859176e-01
5.234162744806882817e-01
5.234140358384481440e-01
5.234164455271831384e-01
5.234143494092824422e-01
