1.063644082250910117e+00
1.063644082250910117e+00
1.063644082250910117e+00
1.008293290924776375e+00
1.004516558237504409e+00
9.549084344541787228e-01
1.003800213749299397e+00
9.549084344541786118e-01
9.549084344541786118e-01
9.549084344541786118e-01
9.549084344541787228e-01
9.549084344541787228e-01
9.898372706725304671e-01
9.673860309948855152e-01
9.549084344541786118e-01
9.549084344541786118e-01
9.549084344541789449e-01
1.000582506381490822e+00
9.549084344541786118e-01
9.549084344541787228e-01
9.146086575573122435e-01
8.963594775332728304e-01
8.963594775332728304e-01
8.564268518520880002e-01
9.570190309935245887e-01
9.213927403976359676e-01
8.720567696177412564e-01
8.698716115951348193e-01
8.993040236433481605e-01
8.208704352579696550e-01
8.590895804456647467e-01
8.208704352579696550e-01
8.230530957853046115e-01
8.208704352579697661e-01
8.214688930664133526e-01
8.208704352579696550e-01
8.219024987221872358e-01
8.208704352579696550e-01
8.230574058624918754e-01
8.208704352579696550e-01
8.285134591988129182e-01
8.333346865209192433e-01
8.338061747647862454e-01
8.008714911280013782e-01
8.257092808797510397e-01
8.008714911280013782e-01
8.191786324250559526e-01
7.898299149983507572e-01
8.133035632830557526e-01
7.881489288328308307e-01
7.686892521422015179e-01
7.805181389530321256e-01
7.694057370107179050e-01
7.779504234082775804e-01
7.689823331697790421e-01
7.737867368223897424e-01
7.690967248955219437e-01
7.967964530967753811e-01
7.689381428307916488e-01
7.722610084652077322e-01
7.696498050519414713e-01
7.666554750863951995e-01
7.668922295254040344e-01
7.645050379767353022e-01
7.617213032459145827e-01
7.617213032459146937e-01
7.629809611667642821e-01
7.617213032459146937e-01
7.636436170639222532e-01
7.639568683468910271e-01
7.621614286472587763e-01
7.694703749511206947e-01
7.513771745464341567e-01
7.482572030609363489e-01
7.518100442431607799e-01
7.481715661328107725e-01
7.469390211926670853e-01
7.469735076490737757e-01
7.467359226397114469e-01
7.467610024442600247e-01
7.473174571672911437e-01
7.498711338393556636e-01
7.469906741737337708e-01
7.468474970879664943e-01
7.462832337103288971e-01
7.484495936698752905e-01
7.453109792624655894e-01
7.456627471034973365e-01
7.443419186934157050e-01
7.446015006247507229e-01
7.444921170640110830e-01
7.438261677704123276e-01
7.436112670309216188e-01
7.433775715383869054e-01
7.454361590000763149e-01
7.433707834592702124e-01
7.651619374901903470e-01
7.433725859469062502e-01
7.439064732631580634e-01
7.436173068127917007e-01
7.432543673096199122e-01
7.436892306433737776e-01
7.435963751562854052e-01
7.432985602552891757e-01
7.445714518375566859e-01
7.435438626469277335e-01
7.668231990069099835e-01
7.437069723323148640e-01
7.460928806881506059e-01
7.434818723767636639e-01
7.433256993843585514e-01
7.435288758564642109e-01
7.432088585742857578e-01
7.433796058295365494e-01
7.432912402533136120e-01
7.492528819158539299e-01
7.431897160822474868e-01
7.441909122490145689e-01
7.430847971730868418e-01
7.475640217137572430e-01
7.430360866587255586e-01
7.489808127892061407e-01
7.430340359917262383e-01
7.439158239229867187e-01
7.430209050728519005e-01
7.435421012423066855e-01
7.430866433854816933e-01
7.436503365768690754e-01
7.430549737292705403e-01
7.431520871539776252e-01
7.431951053631310478e-01
7.430441924081380156e-01
7.431809001640452550e-01
7.430105763457370838e-01
7.431115057557757808e-01
7.430572436392698377e-01
7.440112505367865170e-01
7.429848671572214514e-01
7.441606026187501666e-01
7.429746561981135367e-01
7.434340232722559394e-01
7.430036861622859590e-01
7.432076409149517282e-01
7.429733439532154593e-01
7.430146534918441459e-01
7.429787115512892504e-01
7.431199620836165254e-01
7.430406331141652387e-01
7.430191414161100294e-01
7.430552250242422607e-01
7.430974419284994692e-01
7.437045125855380467e-01
7.432246848583003995e-01
7.429726383664082556e-01
7.430881687220287635e-01
7.430196697462235766e-01
7.429706745903909004e-01
7.429471394852568134e-01
7.431078314997376921e-01
7.429312617541102837e-01
7.430965184067969131e-01
7.429390336805240524e-01
7.429631792413764479e-01
7.429289931482045972e-01
7.429642674304058891e-01
7.429382369211405823e-01
7.429786457381276632e-01
7.429455301172076531e-01
7.429254559086527765e-01
7.428905821099462958e-01
7.429252320371274587e-01
7.428922187293773849e-01
7.429448760605226187e-01
7.428926499628781821e-01
7.429465955026502977e-01
7.428958988108149697e-01
7.430030079816456468e-01
7.428888646601272683e-01
7.427328501475277678e-01
7.427410223847266124e-01
7.427346627043386329e-01
7.427182589585621386e-01
7.427285582913389916e-01
7.426829534580514647e-01
7.426834469547476392e-01
7.426866141578156721e-01
7.426839886517102585e-01
7.426574423576847161e-01
7.426668445850919120e-01
7.427486998566643628e-01
7.426665695338356965e-01
7.425748091498325376e-01
7.425455186794570617e-01
7.425571482802814094e-01
7.425289022408104733e-01
7.425385844555032477e-01
7.425160440890622437e-01
7.425152438750326489e-01
7.424712879126789122e-01
7.423695214098177120e-01
7.422816244900669602e-01
7.421951898133114511e-01
7.421161614269222717e-01
7.420464346513432341e-01
7.419838511178467044e-01
7.418864801376869877e-01
7.418047303261531278e-01
7.417239218237418052e-01
7.416416770620405385e-01
7.415554728849742538e-01
7.414718573709658811e-01
7.413929986306326825e-01
7.413205514179251887e-01
7.412847692841830760e-01
7.413362265881336954e-01
7.412846361413976126e-01
7.412576119384588491e-01
7.412713663148891019e-01
7.412272263849973841e-01
7.412131786078813844e-01
7.412109642160722434e-01
7.412218450492064070e-01
7.412063931973046360e-01
7.412181070442676045e-01
7.412101405140640864e-01
7.411751001275209694e-01
7.411673495638380071e-01
7.411640922909358276e-01
7.411419222652033678e-01
7.411482398419206863e-01
7.411395059150438502e-01
7.411445749734021371e-01
7.412153328384589734e-01
7.410355604818680275e-01
7.409896796177551925e-01
7.408938001081859515e-01
7.408833090018999146e-01
7.408825529921889697e-01
7.408459190123307669e-01
7.407971809161341126e-01
7.407596983897037912e-01
7.407454767661924011e-01
7.407451230775633499e-01
7.407314837806221464e-01
7.407253746135997741e-01
7.407158232578003876e-01
7.407146224399779877e-01
7.406814729508863770e-01
7.406656481167590567e-01
7.406611948201594631e-01
7.406471230836960684e-01
7.406439748615505358e-01
7.406096031296750537e-01
7.405488203143140158e-01
7.406744927922721544e-01
7.405585798991679569e-01
7.404675721463219729e-01
7.404618601070145356e-01
7.404649168443855345e-01
7.403660209566241823e-01
7.403503803818506368e-01
7.403458265512099512e-01
7.403006678650698724e-01
7.403670034436973246e-01
7.403114199214556601e-01
7.402997602967678059e-01
7.403271591797385698e-01
7.402879336892773665e-01
7.402886159100705576e-01
7.402894004063798050e-01
7.402620940220481227e-01
7.402658880103963890e-01
7.402782540525446597e-01
7.402761239485415867e-01
7.402590275942989573e-01
7.402154278669721421e-01
7.401889649648139002e-01
7.401370224918443208e-01
7.403000808629877083e-01
7.401309939846619779e-01
7.400527987436058552e-01
7.399796133226611561e-01
7.399659350620323428e-01
7.399645882779962713e-01
7.399454742665563245e-01
7.399452124061959291e-01
7.399345817521512103e-01
7.399367044350148026e-01
7.399377925642485199e-01
7.399336091420272155e-01
7.399414548263925084e-01
7.399306605753563915e-01
7.399330530215705304e-01
7.399301933009333476e-01
7.399321453695110185e-01
7.399339578657251337e-01
7.398739288350163479e-01
7.398425315063439367e-01
7.401282613342198280e-01
7.398467690820184073e-01
7.397395330773572919e-01
7.397539991571705498e-01
7.397389061335991611e-01
7.397617006462142708e-01
7.397380391171731739e-01
7.397490704706745079e-01
7.397554628886102712e-01
7.397693306016577264e-01
7.397489091620618185e-01
7.397075289592182079e-01
7.397141727661501465e-01
7.396934443045870555e-01
7.396934424821337561e-01
7.396919014696211603e-01
7.396910904375402218e-01
7.396890822143767918e-01
7.397092515160430537e-01
7.396149778814213871e-01
7.395200397299970252e-01
7.394950989957089771e-01
7.394329177685189380e-01
7.393484337148779062e-01
7.392617146149169649e-01
7.392491321408211080e-01
7.392507193457567016e-01
7.392959226376852877e-01
7.392510500238163029e-01
7.392362166939493440e-01
7.392385640782859202e-01
7.392357993388427584e-01
7.392331319313834026e-01
7.392388096857342994e-01
7.392334983228119327e-01
7.392463147562301495e-01
7.392276685124625768e-01
7.392401147992121446e-01
7.392269147210477342e-01
7.391052633469634703e-01
7.391234845496941208e-01
7.391000452946678845e-01
7.391058091913462746e-01
7.391158090366050093e-01
7.390851753063820695e-01
7.391198747402675240e-01
7.390297679790522878e-01
7.390101718810961895e-01
7.390195869165959719e-01
7.390749588000609105e-01
7.390140348126058578e-01
7.389980106102050916e-01
7.390058415666170832e-01
7.389954227031205747e-01
7.389929119146947389e-01
7.389824657131492947e-01
7.389824574119269185e-01
7.389607183881005126e-01
7.389610779553696940e-01
7.389280734048722099e-01
7.389960047183199432e-01
7.389205448419451372e-01
7.388053883974100566e-01
7.388007988217077937e-01
7.388196230249471919e-01
7.387913587719058262e-01
7.387910643918904618e-01
7.387545728651373489e-01
7.387177716611357248e-01
7.386741673339851655e-01
7.386704195642976867e-01
7.386720127685845183e-01
7.386698884245865848e-01
7.386712386795170060e-01
7.386635883717059814e-01
7.386681441089583133e-01
7.386622676627422335e-01
7.386620724884835898e-01
7.386603457246652127e-01
7.386609804602537466e-01
7.386622362243707718e-01
7.387606196285249061e-01
7.385371625870151835e-01
7.385226080218668665e-01
7.385173719085255106e-01
7.384723871678714469e-01
7.384001570616112176e-01
7.384195130339418212e-01
7.384203220375175070e-01
7.384081901804282477e-01
7.384429485341775790e-01
7.383922977206235361e-01
7.383703525430058701e-01
7.383693240992466045e-01
7.383519290966942261e-01
7.383493607638899059e-01
7.383489066914504795e-01
7.383491832756767792e-01
7.383444557794509588e-01
7.383447769679462036e-01
7.383468648298864290e-01
7.383451126673150622e-01
7.384093487895297958e-01
7.382891322506340837e-01
7.382765090073265535e-01
7.382703898079593374e-01
7.383170955971052329e-01
7.382690214386888883e-01
7.383034559013532672e-01
7.382677406645563600e-01
7.382992693119390104e-01
7.382671311150005300e-01
7.382883947124462276e-01
7.382651826655398652e-01
7.381777344695636955e-01
7.381783281032815447e-01
7.381770000561834744e-01
7.381778775203204912e-01
7.381781991506999319e-01
7.381784334338933329e-01
7.381766925088893982e-01
7.381783595853392832e-01
7.381771404384772639e-01
7.382787891337604380e-01
7.381420999389249893e-01
7.381489793982961567e-01
7.381412011750932978e-01
7.381211645456237092e-01
7.381207001617290375e-01
7.381224966615395067e-01
7.381212644420991342e-01
7.381376161798827162e-01
7.381210680809440206e-01
7.381343400152677869e-01
7.381161469367971684e-01
7.381521360781796437e-01
7.381142453291860139e-01
7.380620178181422908e-01
7.380461413747321231e-01
7.380423016695938365e-01
7.380426061533132964e-01
7.380366725105581560e-01
7.380370216720288923e-01
7.380378149969762935e-01
7.380341514006846237e-01
7.380333773229664773e-01
7.380320948288441318e-01
7.379854305858609687e-01
7.380142403988995126e-01
7.379870486530827334e-01
7.379398051690109206e-01
7.379149226106757054e-01
7.379082179011566822e-01
7.379102740643046499e-01
7.379051705424478635e-01
7.379055749053018420e-01
7.379032230032449569e-01
7.378933650004009248e-01
7.379012024178933649e-01
7.378913855592780235e-01
7.378949864250052837e-01
7.378949974069650697e-01
7.378674265546083522e-01
7.378334120250635841e-01
7.378197662627005160e-01
7.378301234466383418e-01
7.378251645400476511e-01
7.378204965581901531e-01
7.378120423109392201e-01
7.378181603513211950e-01
7.377909640832817084e-01
7.378134379720859837e-01
7.377746386267249878e-01
7.377381786813070885e-01
7.377397980436063429e-01
7.377416854310753225e-01
7.377505457366585473e-01
7.377438634221091807e-01
7.377177113644058926e-01
7.377110298957311185e-01
7.377106089303879788e-01
7.377050667775487680e-01
7.377038331836547336e-01
7.376882473657516703e-01
7.377018305340035109e-01
7.376860830675259217e-01
7.376940888398895169e-01
7.376869058312236493e-01
7.377017507129582929e-01
7.376941600530581011e-01
7.376398945845630273e-01
7.376565629252453959e-01
7.376347957306543801e-01
7.375971892660194706e-01
7.375663743050618892e-01
7.375604431724149812e-01
7.375591845499931409e-01
7.375611936117634215e-01
7.375591079166797792e-01
7.375614788728001026e-01
7.375586578825846784e-01
7.375607195792374116e-01
7.375593304393396332e-01
7.375623158206439101e-01
7.375805499968470791e-01
7.375477839730122387e-01
7.375396636657556293e-01
7.375067065763797336e-01
7.374897277530706452e-01
7.374659636843490240e-01
7.374299888283775140e-01
7.374116253436047153e-01
7.373891312137350607e-01
7.373824760289298119e-01
7.373800724342531865e-01
7.373772475440142360e-01
7.373927863419182938e-01
7.373240774974867406e-01
7.372991444934792193e-01
7.372800659519048727e-01
7.372874719450800418e-01
7.372639365913240539e-01
7.372635226937485076e-01
7.372590391433881951e-01
7.372586642244227662e-01
7.372577693393922438e-01
7.372579784728486851e-01
7.372475637498476786e-01
7.372463640456270451e-01
7.372415248427168777e-01
7.372551202779997759e-01
7.372363558189606314e-01
7.372388063317669715e-01
7.372533297142992437e-01
7.372284813968581485e-01
7.372192066204074079e-01
7.371819587841026422e-01
7.371319990113105458e-01
7.371147788187280003e-01
7.371156927922822844e-01
7.371129907402307335e-01
7.371225805396958153e-01
7.371123947106998919e-01
7.370892999391838174e-01
7.370723123049689463e-01
7.370687827820483484e-01
7.370672543384229058e-01
7.370666516353485687e-01
7.370685281195507033e-01
7.370671959275588714e-01
7.370694790790237594e-01
7.370661867420804647e-01
7.370508373283796155e-01
7.370658802216748517e-01
7.370666980544223756e-01
7.370534077999428835e-01
7.370112282142798898e-01
7.369775292049449700e-01
7.369861652907614413e-01
7.369909482326970629e-01
7.369413697921659567e-01
7.369361870555292127e-01
7.369361540688613710e-01
7.369137066245367018e-01
7.369007828221764145e-01
7.369002372321765693e-01
7.369039841841629190e-01
7.368987139573046630e-01
7.368984799901731053e-01
7.369001816847093878e-01
7.368983899474709220e-01
7.368989958054615874e-01
7.369017002008877437e-01
7.368949603608094812e-01
7.368947335695088530e-01
7.369011327204489925e-01
7.368730527453878354e-01
7.368645487302138974e-01
7.368361979158892794e-01
7.367929191958292323e-01
7.367851068803549230e-01
7.367906784805895448e-01
7.367854900827265352e-01
7.368011554148792275e-01
7.367768215897139150e-01
7.367850562532729519e-01
7.367723846526834652e-01
7.367579844344244178e-01
7.367597313153696481e-01
7.367423184454116036e-01
7.367420540938715012e-01
7.367165309812084839e-01
7.367160580139980874e-01
7.366937028475397664e-01
7.366696066183340275e-01
7.366675226791111752e-01
7.366678122910382820e-01
7.366656885465870941e-01
7.366621024348740665e-01
7.366385577077506630e-01
7.366096430333088918e-01
7.366777357539482374e-01
7.366083075524544332e-01
7.365695202331560276e-01
7.365518412958176331e-01
7.365436823135204092e-01
7.365436989314565475e-01
7.365448454873986250e-01
7.365439810044838165e-01
7.365449819208067517e-01
7.365431372452266867e-01
7.365489623935251862e-01
7.365430977714046978e-01
7.365466921285394042e-01
7.365454546803205105e-01
7.365576728234166648e-01
7.365456886218321175e-01
7.365716667502311132e-01
7.365497949115850096e-01
7.365826235919319398e-01
7.365262688705550564e-01
7.364821708984555793e-01
7.364744245231336084e-01
7.364696002737417535e-01
7.364747560019085926e-01
7.364700859911701425e-01
7.364423760326976875e-01
7.364303779416874196e-01
7.364412338596176832e-01
7.364251441995752767e-01
7.364276677006719174e-01
7.364162405587089122e-01
7.364127186760873744e-01
7.364023618690848094e-01
7.364026296088092005e-01
7.363951103538721732e-01
7.363951666909898108e-01
7.363923862668312337e-01
7.363926409312200327e-01
7.363905520398505988e-01
7.363866178197694401e-01
7.363865913086228288e-01
7.363788572480021166e-01
7.364015176996696610e-01
7.363493710001502990e-01
7.363041691617505657e-01
7.362929439694038125e-01
7.362950825080269990e-01
7.362791449176503411e-01
7.362702963784935051e-01
7.362711299354708361e-01
7.362607418278569460e-01
7.362603271877578015e-01
7.362638706393880295e-01
7.362585151868020761e-01
7.362749010281955941e-01
7.362561076966024354e-01
7.362241657195398581e-01
7.362245521486021627e-01
7.362328329491008017e-01
7.362247097142480268e-01
7.362272375927294554e-01
7.362414654454282337e-01
7.362144398459584682e-01
7.362132300911704563e-01
7.361719238297647072e-01
7.361377167151593737e-01
7.361232988134697175e-01
7.361267772534896281e-01
7.361323642367961773e-01
7.361422574313923883e-01
7.361256519738338389e-01
7.360996166152514730e-01
7.360823625711691021e-01
7.360809872654775488e-01
7.360692440622194077e-01
7.360688927921279490e-01
7.360581856956852631e-01
7.360573475269185373e-01
7.360608316871152246e-01
7.360575557894465382e-01
7.360758787215493371e-01
7.360574959524841532e-01
7.360657009758428959e-01
7.360572374165688103e-01
7.360631422124482848e-01
7.360777514859835335e-01
7.360203417837115625e-01
7.360296062930429262e-01
7.360285989012889107e-01
7.359954687587185740e-01
7.359914394067901267e-01
7.359896091892303982e-01
7.359922032848817963e-01
7.359875290513231416e-01
7.359622792914772837e-01
7.359663972751380179e-01
7.359627046058763167e-01
7.359902301276813885e-01
7.359580777780231342e-01
7.359358953201581288e-01
7.359322286697216331e-01
7.359383568242857665e-01
7.359212873391262066e-01
7.359218793849662266e-01
7.359176794493398344e-01
7.359175638971625633e-01
7.359124094482347722e-01
7.359112215078195129e-01
7.359185109169804617e-01
7.359064569555960889e-01
7.359358537873648132e-01
7.359381651815605219e-01
7.358580740047762081e-01
7.358492767469470008e-01
7.358493587624491683e-01
7.358458338228377471e-01
7.358470412589535048e-01
7.358449255376382503e-01
7.358451009354934902e-01
7.358639880617325879e-01
7.358452477355859056e-01
7.358550693613615801e-01
7.358430739591413916e-01
7.358620177492128933e-01
7.358519841642517934e-01
7.358103341439399259e-01
7.357959729309333508e-01
7.357885861700492747e-01
7.357889925641858397e-01
7.357668107591616158e-01
7.357752530608041575e-01
7.357887866182066805e-01
7.357666681621021221e-01
7.357427687081722345e-01
7.357164547395593779e-01
7.356925994336972474e-01
7.356665966972748549e-01
7.356628372340636712e-01
7.356627486357053547e-01
7.356674105218766746e-01
7.356809634527664565e-01
7.356302710325154370e-01
7.356073169190798788e-01
7.355901407959813953e-01
7.355726535526547760e-01
7.355427078629117599e-01
7.355295495071536571e-01
7.355190802826195862e-01
7.355192667571656129e-01
7.355035565550446242e-01
7.354935729642088083e-01
7.354977818356280839e-01
7.354905206862207834e-01
7.355129360413567019e-01
7.354782375587934906e-01
7.354556436957682131e-01
7.354333462491483564e-01
7.354159309430509106e-01
7.354175228646857576e-01
7.354165245079673507e-01
7.354179606822641713e-01
7.354152462274151647e-01
7.354232499508916998e-01
7.354147303460230045e-01
7.354215679761516578e-01
7.354167765702203097e-01
7.354318853145516144e-01
7.354149572835412263e-01
7.354264506835965776e-01
7.354152617224455346e-01
7.354473921480118026e-01
7.354185246099025353e-01
7.353748540296827230e-01
7.353541302219392950e-01
7.353278778329910281e-01
7.353115049562003458e-01
7.353042303137314883e-01
7.353107636460127772e-01
7.352799811355232862e-01
7.352609705098672732e-01
7.352960892137480053e-01
7.352584857154033093e-01
7.352294463006104897e-01
7.352217663038442819e-01
7.352214568699609876e-01
7.352175678981612839e-01
7.352167875526218754e-01
7.352159580356362190e-01
7.352159266079596467e-01
7.352157478049212713e-01
7.352159965538600517e-01
7.352280642768608265e-01
7.352191222732203935e-01
7.352188896738540702e-01
7.352169503683724239e-01
7.352110652681257408e-01
7.352123892069587496e-01
7.352143212666594208e-01
7.352209083284272362e-01
7.351833047035422064e-01
7.351920105809904848e-01
7.351838341260180654e-01
7.351786481489658298e-01
7.351431528033319784e-01
7.351463208828992180e-01
7.351408328294920524e-01
7.351209457077749754e-01
7.351198770776413705e-01
7.351228898236326081e-01
7.351175817287954883e-01
7.351038745209874659e-01
7.351039641431518223e-01
7.351003681023711156e-01
7.350991765923046151e-01
7.350971252415281487e-01
7.350973422440455485e-01
7.350849743566649774e-01
7.350807312555532880e-01
7.350810414009798510e-01
7.350804842859601784e-01
7.350699133880114200e-01
7.350233216722245055e-01
7.350062431045076838e-01
7.349961700483946814e-01
7.349802928570258187e-01
7.349794907960099932e-01
7.349485651239942019e-01
7.349267045647690511e-01
7.348968370365492886e-01
7.348690406221501936e-01
7.348491965596870568e-01
7.348337136393996438e-01
7.348216832150235023e-01
7.347982908622414655e-01
7.347805536080950217e-01
7.347740907154128864e-01
7.347735860637439886e-01
7.347665461765793271e-01
7.347662071440443921e-01
7.347543364728854609e-01
7.347250914042380288e-01
7.347058228171485794e-01
7.346838366948356125e-01
7.346659795367977974e-01
7.346848020630920573e-01
7.346743979763976640e-01
7.346587803301390940e-01
7.346582006808982657e-01
7.346316220585633605e-01
7.346189991770910588e-01
7.346273979619920569e-01
7.346183271021403671e-01
7.346085289305701593e-01
7.346082037738972392e-01
7.346033341614323087e-01
7.346024021406500903e-01
7.345979413974820238e-01
7.345971110263765924e-01
7.345928029653696623e-01
7.345960892948063536e-01
7.345831836334608678e-01
7.345786923099497656e-01
7.345915491237787753e-01
7.345576502752807491e-01
7.345506763509841441e-01
7.345487850854954814e-01
7.345398497972457363e-01
7.345390391436009692e-01
7.345321556262307539e-01
7.345379469859898425e-01
7.345447783151569654e-01
7.345085232347041693e-01
7.345156771072746116e-01
7.345086784890961784e-01
7.345035289979132687e-01
7.345035073614125665e-01
7.344998656712287133e-01
7.345033391764905772e-01
7.345078279790625553e-01
7.345007938070712283e-01
7.344964608973564291e-01
7.344963683911415187e-01
7.344933122956286420e-01
7.344927223838425556e-01
7.344848233143046468e-01
7.344820973528928265e-01
7.344804330391522251e-01
7.344981487120888497e-01
7.344941358108171281e-01
7.344586340690619775e-01
7.344505262755499642e-01
7.344626153235912502e-01
7.344344053049968180e-01
7.344155654654765941e-01
7.344077676538868227e-01
7.344085244658331568e-01
7.344074453672421177e-01
7.344086820972582919e-01
7.344112070391577429e-01
7.344058260280781347e-01
7.344019539030872679e-01
7.344019321634794872e-01
7.344022558420031377e-01
7.344022375822031323e-01
7.344015747746451828e-01
7.344028144505063693e-01
7.343944184106987461e-01
7.343970443169270945e-01
7.343954638498391141e-01
7.343970275366098477e-01
7.344039587587212203e-01
7.343745321844977747e-01
7.343708066461083206e-01
7.343684576535330910e-01
7.343741501481160228e-01
7.343717592514066306e-01
7.343611022036855562e-01
7.343519295556957260e-01
7.343521520790170509e-01
7.343496120803872929e-01
7.343486679108546245e-01
7.343469011772887356e-01
7.343463075521173833e-01
7.343495252549230301e-01
7.343467343301256500e-01
7.343442002147010372e-01
7.343441699776334097e-01
7.343448401825212191e-01
7.343448276474550118e-01
7.343429658648276126e-01
7.343418358437880933e-01
7.343491735790265151e-01
7.343369937771616618e-01
7.343350300974842426e-01
7.343343381603287812e-01
7.343464386404401356e-01
7.343324127427630632e-01
7.343423224250023029e-01
7.343302864365627292e-01
7.343194800706757119e-01
7.343183618093649390e-01
7.343185181915031778e-01
7.343320294009245686e-01
7.343189341129831016e-01
7.343148953615370456e-01
7.343111471705014992e-01
7.343082410885908295e-01
7.343083101928934431e-01
7.343127941402532999e-01
7.343092925855281283e-01
7.343056283005903184e-01
7.343038230724721060e-01
7.343222716178972043e-01
7.342889286711147268e-01
7.342777902191981454e-01
7.342765285049303037e-01
7.342769885421553955e-01
7.342840769638777632e-01
7.342768449249004181e-01
7.342784401832185281e-01
7.342763185002579851e-01
7.342802559082850511e-01
7.342762598879815084e-01
7.342856737620307994e-01
7.342764661006015992e-01
7.342820178807034637e-01
7.342761943519412471e-01
7.342829394253252984e-01
7.342737985689467006e-01
7.342640296291262914e-01
7.342635571238046444e-01
7.342634253673785416e-01
7.342677274657219977e-01
7.342662225063643078e-01
7.342737255387732365e-01
7.342653193218019458e-01
7.342566892652585553e-01
7.342568128045753317e-01
7.342583516936330712e-01
7.342556095959971163e-01
7.342554317230494121e-01
7.342568209073833119e-01
7.342551896105901088e-01
7.342555744333234546e-01
7.342555830639422298e-01
7.342556416931815821e-01
7.342549396785704729e-01
7.342554096428653976e-01
7.342549366295928470e-01
7.342586774181869558e-01
7.342532809087792822e-01
7.342556239574010712e-01
7.342460563454952238e-01
7.342440612275026313e-01
7.342372373828460752e-01
7.342371113901796642e-01
7.342431770593467188e-01
7.342493021523952557e-01
7.342333985235607319e-01
7.342202388931521329e-01
7.342123792837706997e-01
7.342130734231469003e-01
7.342099082796492704e-01
7.342097124419333376e-01
7.342093096712367650e-01
7.342097463324368523e-01
7.342104816694934311e-01
7.342093464607374331e-01
7.342106676105389917e-01
7.342087484453754254e-01
7.342096309351460182e-01
7.342083368179463942e-01
7.342341659474773685e-01
7.341968856759901740e-01
7.341959201465610985e-01
7.341959774454428489e-01
7.342065560395054646e-01
7.341955473219609063e-01
7.342046752605344562e-01
7.341935748761009295e-01
7.342208120628833656e-01
7.341920376229416068e-01
7.341745644882975430e-01
7.341841738344279111e-01
7.341738363400680534e-01
7.341778902733191448e-01
7.341736488809945671e-01
7.341745795227261340e-01
7.341733320684865616e-01
7.341726486913331406e-01
7.341728280730515088e-01
7.341723227085685810e-01
7.341724309129027404e-01
7.341869530374922626e-01
7.341780231827463865e-01
7.341558318857493992e-01
7.341507255451000802e-01
7.341555940910812206e-01
7.341540147632260593e-01
7.341507777966054249e-01
7.341510437828555613e-01
7.341503864362833864e-01
7.341631422947386687e-01
7.341508466316317705e-01
7.341389433186076285e-01
7.341395577592803035e-01
7.341391023623470291e-01
7.341411076394942503e-01
7.341395078200099178e-01
7.341445976294208586e-01
7.341388582314122280e-01
7.341496498604018761e-01
7.341394887330847663e-01
7.341423593047247120e-01
7.341392943839316620e-01
7.341515617891923862e-01
7.341473742527965252e-01
7.341371591029894894e-01
7.341306722104380400e-01
7.341242364957921707e-01
7.341277148155928023e-01
7.341242139946659861e-01
7.341245581419959532e-01
7.341242723965167860e-01
7.341242790771419502e-01
7.341331581261523187e-01
7.341230742600244330e-01
7.341224417407501424e-01
7.341115745871338305e-01
7.341115381749563351e-01
7.341121062049652535e-01
7.341253693531037960e-01
7.341085641175814080e-01
7.340958351110020708e-01
7.340935697656054693e-01
7.340922852007175647e-01
7.340919413059580068e-01
7.340933404040989041e-01
7.340892223182093890e-01
7.340862848521508832e-01
7.340984141549466990e-01
7.340896096273337168e-01
7.340727434716285416e-01
7.340643236479470479e-01
7.340698225585452485e-01
7.340643268826367862e-01
7.340747781467887867e-01
7.340639984976130572e-01
7.340654798671779613e-01
7.340581644325385735e-01
7.340580436176398216e-01
7.340583868035177595e-01
7.340521217830499046e-01
7.340521298258995131e-01
7.340517549189714552e-01
7.340512590663235137e-01
7.340464371596523430e-01
7.340461417990515880e-01
7.340463179351502943e-01
7.340457008681372519e-01
7.340457032427128992e-01
7.340427301476554200e-01
7.340745399314962949e-01
7.340327923075627981e-01
7.340273868903937071e-01
7.340269009045554682e-01
7.340305013201032791e-01
7.340273247415611824e-01
7.340356520493303005e-01
7.340273647161774662e-01
7.340362430694599150e-01
7.340264884669294165e-01
7.340253330486301575e-01
7.340251956580299275e-01
7.340318431878598560e-01
7.340234710563040554e-01
7.340180537289169305e-01
7.340254398560216442e-01
7.340180686071295924e-01
7.340199833616539715e-01
7.340186051784004517e-01
7.340247053202505478e-01
7.340187175326637892e-01
7.340319288458408975e-01
7.340305961857672701e-01
7.340093599732293583e-01
7.340042747084323249e-01
7.340042577666839874e-01
7.340099126039205668e-01
7.340040320211455027e-01
7.340143757158603677e-01
7.340040542598403883e-01
7.340025419505930016e-01
7.340023562625512810e-01
7.340037518595340371e-01
7.340016493246633855e-01
7.339986128747204575e-01
7.339984407655232301e-01
7.340039402381410838e-01
7.339937480318053931e-01
7.340009643708194087e-01
7.339922382931952649e-01
7.339862602080102771e-01
7.339842592749293848e-01
7.339783415852361159e-01
7.339713245360366400e-01
7.339711411668743413e-01
7.339866906815754044e-01
7.339694962733357420e-01
7.339601164526564636e-01
7.339634229846305757e-01
7.339598257846712270e-01
7.339494865925993983e-01
7.339582600975381732e-01
7.339495241671638581e-01
7.339543094510544430e-01
7.339495676484047992e-01
7.339489785292753199e-01
7.339490311848276827e-01
7.339495238101938490e-01
7.339484792728602214e-01
7.339555720165013009e-01
7.339482830663456303e-01
7.339469792930268799e-01
7.339514369947700567e-01
7.339458054901147888e-01
7.339461354270507831e-01
7.339428022880530866e-01
7.339416565843501772e-01
7.339798424111658726e-01
7.339416469790362996e-01
7.339244346766042870e-01
7.339284092481657140e-01
7.339167953919828458e-01
7.339186135404284217e-01
7.339170358936374372e-01
7.339175600308254221e-01
7.339168099674127088e-01
7.339307633361871197e-01
7.339172285042508959e-01
7.339072983525889438e-01
7.339054492722543177e-01
7.339051977161438201e-01
7.339047277003329928e-01
7.339046874750115856e-01
7.339067519015151086e-01
7.339039329949074153e-01
7.339014644993988590e-01
7.339007794910403781e-01
7.339099189376814270e-01
7.339023935096966600e-01
7.338986879567538368e-01
7.338932494259474693e-01
7.338756291368477847e-01
7.338631992420241446e-01
7.338510280898875582e-01
7.338449185608746372e-01
7.338438486004397188e-01
7.338463259918422965e-01
7.338424960366621841e-01
7.338425435277947662e-01
7.338415503470273604e-01
7.338421534005878932e-01
7.338447352150345715e-01
7.338402413613910324e-01
7.338385616596134753e-01
7.338386499071078983e-01
7.338228635699474145e-01
7.338098994074924164e-01
7.337973266188048127e-01
7.337917663232281784e-01
7.337932203848913648e-01
7.338042649116858218e-01
7.337942420108445329e-01
7.337943131724857793e-01
7.337906278384573877e-01
7.337892072504003105e-01
7.337805905282738239e-01
7.337907702356394335e-01
7.337783878775246960e-01
7.337740001967660852e-01
7.337738243199952715e-01
7.337578984861072851e-01
7.337580955443696595e-01
7.337557868403886685e-01
7.337539486899742336e-01
7.337536509930737694e-01
7.337537529224957833e-01
7.337493220850079823e-01
7.337504235219194371e-01
7.337511109838618095e-01
7.337495722520411823e-01
7.337539839544326981e-01
7.337494608389639739e-01
7.337563282988504021e-01
7.337423893449089851e-01
7.337557613658703959e-01
7.337376122148251412e-01
7.337295334559728044e-01
7.337342479116009120e-01
7.337291843328992424e-01
7.337293045965165295e-01
7.337286435299820164e-01
7.337371048489639280e-01
7.337269108939147300e-01
7.337155214475695741e-01
7.337161279168135097e-01
7.337156910814314204e-01
7.337075165041111457e-01
7.337076583570796284e-01
7.337166049052464833e-01
7.337143649954489533e-01
7.336961727015383072e-01
7.337039250259840273e-01
7.336960498176994250e-01
7.336933673652419330e-01
7.336931624218613335e-01
7.336872928733625399e-01
7.337088585608673164e-01
7.336867116810663614e-01
7.336735339812648915e-01
7.336761390041131037e-01
7.336749889838527494e-01
7.336766818339675034e-01
7.336729751741162264e-01
7.336574450635724443e-01
7.336658002677896029e-01
7.336570851578331220e-01
7.336542306597864105e-01
7.336549280880854118e-01
7.336493627362848935e-01
7.336492642499411465e-01
7.336465920485424341e-01
7.336471155978695480e-01
7.336469549124092770e-01
7.336466743141664137e-01
7.336355565145573632e-01
7.336435590049312783e-01
7.336357350510189779e-01
7.336299147188253267e-01
7.336373770253041826e-01
7.336270375331774840e-01
7.336415580589592533e-01
7.336045458143179987e-01
7.336038505250385144e-01
7.336075881734104298e-01
7.335872042102539181e-01
7.335742381250499600e-01
7.335612881714662636e-01
7.335529632470420003e-01
7.335357204647655616e-01
7.335335853945178508e-01
7.335342409651642859e-01
7.335178350984247198e-01
7.335023296344487242e-01
7.334755902304953556e-01
7.334561559145702514e-01
7.334416487796788786e-01
7.334214718674118005e-01
7.334049636875074052e-01
7.333986842638948733e-01
7.333909514606032909e-01
7.333946505432388241e-01
7.333896629074045936e-01
7.333890011342317772e-01
7.333884370817431719e-01
7.333902942332080066e-01
7.333872745421795569e-01
7.333905664062828622e-01
7.333916511980480557e-01
7.333892957577488048e-01
7.333870342933968001e-01
7.333840873801211746e-01
7.333836663116569676e-01
7.333855837369137598e-01
7.333846025734023222e-01
7.333673701587390958e-01
7.333528542580692866e-01
7.333382553421285976e-01
7.333281205817752113e-01
7.333119985555980325e-01
7.333140548754590871e-01
7.333201573030838638e-01
7.332962329607332075e-01
7.332817379611310526e-01
7.332717779640085531e-01
7.332700270123174713e-01
7.332618811283138083e-01
7.332643806871377290e-01
7.332593425936467790e-01
7.332589491753603861e-01
7.332516008286675824e-01
7.332496534230573682e-01
7.332419844973556700e-01
7.332441684276241878e-01
7.332424814455871243e-01
7.332582168608978712e-01
7.332129034031085180e-01
7.331947276575883077e-01
7.331863805576579463e-01
7.331913802368134059e-01
7.331774754731374966e-01
7.331767886794869904e-01
7.331755209358629122e-01
7.331652303467159904e-01
7.331634154135621140e-01
7.331634666392107258e-01
7.331651790123741019e-01
7.331640025911616565e-01
7.331646667688375141e-01
7.331634934427538886e-01
7.331642142716914279e-01
7.331616987979517885e-01
7.331391624924553652e-01
7.331200507547191991e-01
7.331562115127168155e-01
7.331177748684272188e-01
7.330942184601939582e-01
7.331001629078173210e-01
7.330938366451995591e-01
7.330986252265121461e-01
7.330944165917764321e-01
7.330975809242498142e-01
7.330929052399022261e-01
7.331109754287060687e-01
7.330890473834456023e-01
7.330976994166503724e-01
7.330949907771590057e-01
7.330927988223996383e-01
7.330898089684115826e-01
7.330825245862694350e-01
7.330815878347376469e-01
7.330810700675967073e-01
7.330890619531839070e-01
7.330531684547658688e-01
7.330377809549369905e-01
7.330403399653627750e-01
7.330490437875618603e-01
7.330133122182156402e-01
7.330017463328677430e-01
7.329932894886469485e-01
7.329937238887523909e-01
7.329978673997258332e-01
7.329936892511712543e-01
7.329950612964177825e-01
7.329926553277015255e-01
7.329936683603603953e-01
7.329926099092138880e-01
7.329913353455561609e-01
7.329914084401925045e-01
7.329930669817602551e-01
7.329909174261259874e-01
7.329919595201820348e-01
7.329921878890121034e-01
7.329875183752448953e-01
7.330050207849024835e-01
7.329479851139856228e-01
7.329323175762690878e-01
7.329232309911949406e-01
7.329391405353089528e-01
7.329438889572748028e-01
7.329263285731609789e-01
7.329319916239788180e-01
7.328968742116573898e-01
7.328718286481099575e-01
7.328642041025594800e-01
7.328653396523855390e-01
7.328426295156000858e-01
7.328168487969577427e-01
7.327961802156859328e-01
7.327681092506788119e-01
7.327447662682760043e-01
7.327410446192340610e-01
7.327420863518001592e-01
7.327346530081791931e-01
7.327340977513008280e-01
7.327277866111883142e-01
7.327278584425575003e-01
7.327257509802456159e-01
7.327267203743976776e-01
7.327155432325914708e-01
7.327070927165859615e-01
7.326895984783364790e-01
7.326458935558701757e-01
7.326113577196895488e-01
7.325885603500390530e-01
7.325773403008634110e-01
7.325746324379595054e-01
7.325764311691853603e-01
7.325859401221047618e-01
7.325717145456814849e-01
7.325750163693761641e-01
7.325716947640893428e-01
7.325670276398287273e-01
7.325636436782901884e-01
7.325379004309804376e-01
7.325387116717601010e-01
7.325356869558009576e-01
7.325366982975932695e-01
7.325309629221139485e-01
7.325226426482573938e-01
7.325234309795806142e-01
7.325350351713670882e-01
7.325469886589142110e-01
7.324849478390954571e-01
7.324840703406141351e-01
7.324964329912042604e-01
7.324790563150970213e-01
7.324715792597870090e-01
7.324674670707843616e-01
7.324628520715099622e-01
7.324522157925626997e-01
7.324467439588276951e-01
7.324475232361149502e-01
7.324423144490541659e-01
7.324444181428959588e-01
7.324534971689992124e-01
7.324072661384630756e-01
7.324031060155409278e-01
7.324067834780593200e-01
7.323974607096314093e-01
7.323976129766810450e-01
7.323811346197092176e-01
7.323740594848963115e-01
7.323841729775860676e-01
7.323456307196806181e-01
7.323242138611547603e-01
7.323015801123236024e-01
7.322893793375248039e-01
7.322834550159620370e-01
7.322843069022263451e-01
7.322689312209472723e-01
7.322562321133249119e-01
7.322460884818808857e-01
7.322414454679045948e-01
7.322404748254138784e-01
7.322404154031476597e-01
7.322352979308747178e-01
7.322148065355003066e-01
7.321671088076568967e-01
7.321486492356393816e-01
7.321339563025953678e-01
7.321225201193938270e-01
7.321220745636276561e-01
7.321026162227843859e-01
7.320783130086471191e-01
7.320495697349594932e-01
7.320349093590599043e-01
7.319967330050493048e-01
7.319626293252652349e-01
7.319357101099293050e-01
7.319075181437235678e-01
7.318854488446155937e-01
7.318890893900963368e-01
7.318830127014022136e-01
7.318657423820214003e-01
7.318638170418623190e-01
7.318524586506184315e-01
7.318533326309468734e-01
7.318589044361257789e-01
7.318077928422109801e-01
7.317753659393524401e-01
7.317508145465482228e-01
7.317584570172860348e-01
7.317498724784129438e-01
7.317432345546558414e-01
7.317432606089016023e-01
7.317411331314179757e-01
7.317378398038067999e-01
7.317469468557938894e-01
7.317390499369089696e-01
7.317137064905895327e-01
7.317178682458825856e-01
7.317253454776558863e-01
7.316937512704451141e-01
7.316922198562132440e-01
7.316710141692259750e-01
7.316393897401781699e-01
7.316225440129928703e-01
7.316152430604664358e-01
7.316037896284717235e-01
7.315917507356437532e-01
7.315567547896822953e-01
7.315216830867187214e-01
7.315043492238751943e-01
7.315044705746023279e-01
7.314963658461036689e-01
7.314968337739286008e-01
7.314895337777999051e-01
7.314894848863348065e-01
7.314838791831702602e-01
7.314850811443082135e-01
7.314590294948982718e-01
7.314513813768775963e-01
7.314510331639257901e-01
7.314428499298056829e-01
7.314429574524813349e-01
7.314446001139183196e-01
7.314422614285478463e-01
7.314769437964672161e-01
7.314162460348154760e-01
7.313973493950931548e-01
7.313991870296864262e-01
7.313597598267079780e-01
7.313594288116047615e-01
7.313620742319254520e-01
7.313530709218549752e-01
7.313555621126693884e-01
7.313617114746984171e-01
7.313542778697138536e-01
7.313466606013695470e-01
7.313445620520812041e-01
7.313591309988516365e-01
7.313565984874974557e-01
7.313067743444657820e-01
7.312793565786213090e-01
7.312662226490684869e-01
7.312736872833804913e-01
7.312698377581634546e-01
7.312587107498670358e-01
7.312286583263754025e-01
7.312134924619095866e-01
7.312059690702221726e-01
7.311928152987020590e-01
7.311700779367522607e-01
7.311239044094857142e-01
7.311127560711686568e-01
7.311099976612789320e-01
7.310920209873636999e-01
7.310919529132109407e-01
7.310840158400478961e-01
7.310843287160988524e-01
7.310654183858469324e-01
7.310541127901580838e-01
7.310537706006507985e-01
7.310368702861728130e-01
7.309909276655106591e-01
7.309816195674332384e-01
7.309800448284108354e-01
7.309767264333847381e-01
7.309780117638179364e-01
7.309652126725320054e-01
7.309657551803117048e-01
7.309555171949609909e-01
7.309577980256533047e-01
7.309550570991779628e-01
7.308930447389473395e-01
7.308481863206618412e-01
7.308370697131637561e-01
7.308391652585354281e-01
7.308363990432356072e-01
7.308387775556693944e-01
7.308370849714760364e-01
7.308500521490723933e-01
7.308357875352635702e-01
7.308404344544430220e-01
7.308455820623765975e-01
7.308503262433306835e-01
7.308326092190368106e-01
7.308033301959214745e-01
7.307884546912536416e-01
7.307926283884645935e-01
7.307624991108799817e-01
7.307564769160125318e-01
7.307629679687315249e-01
7.307409593934586223e-01
7.307117121014162775e-01
7.307039611740927532e-01
7.306612205460430998e-01
7.306264794937442630e-01
7.306356095319620492e-01
7.306326148334874038e-01
7.305946204712561176e-01
7.305846480656598141e-01
7.305870907027021133e-01
7.305752471245341439e-01
7.305758085187914475e-01
7.305725841323355008e-01
7.305725361971067144e-01
7.305579451011479097e-01
7.305583801664581323e-01
7.305581398088748513e-01
7.305610341188596424e-01
7.305601965210202220e-01
7.305684324020014220e-01
7.305520755557207702e-01
7.305500312131374407e-01
7.305194236654567463e-01
7.304840350427466156e-01
7.304520768113628160e-01
7.304426235365684139e-01
7.304395945172165172e-01
7.304328687667572817e-01
7.304263987374526312e-01
7.304090457846833528e-01
7.304077874101717605e-01
7.304246760333363842e-01
7.304067304187599197e-01
7.304227103923577324e-01
7.304068865795920740e-01
7.304392876070279206e-01
7.304207988342169555e-01
7.303787724754176036e-01
7.303879243856715719e-01
7.303650258798994876e-01
7.303578431287822692e-01
7.303451119694079896e-01
7.303380314803175066e-01
7.303034777821656442e-01
7.303060010647367539e-01
7.303013271432072795e-01
7.303100620911278096e-01
7.303223636760394211e-01
7.303034766694851410e-01
7.303080302319484574e-01
7.302662902869615502e-01
7.302393114221354953e-01
7.302218177347487016e-01
7.302010659392946801e-01
7.301890999721974973e-01
7.301894358112133165e-01
7.301844204937499860e-01
7.301843332775154183e-01
7.301726425493006989e-01
7.301697609797799249e-01
7.301693469586512109e-01
7.301718219539731214e-01
7.301648874427310032e-01
7.302042590272337375e-01
7.301754516559799679e-01
7.301149465847533993e-01
7.301025358639157137e-01
7.301236890629979603e-01
7.300887354279040897e-01
7.300858801046873348e-01
7.300651829093273149e-01
7.300711441869671692e-01
7.300641815772458409e-01
7.300764536946922068e-01
7.300648993842862033e-01
7.300745276707989451e-01
7.300642365504032005e-01
7.300669489779324506e-01
7.300823675020795545e-01
7.300257203495499336e-01
7.300163740714092908e-01
7.300106329456662602e-01
7.300002525421287469e-01
7.300088656809757826e-01
7.299833075207349253e-01
7.299825686999805718e-01
7.299496793464055333e-01
7.299196603823366880e-01
7.299111836806502218e-01
7.299088425910214006e-01
7.299325679281782886e-01
7.298950402509053470e-01
7.298565577324721554e-01
7.298402465554412188e-01
7.298293025276783030e-01
7.298273199705858083e-01
7.298227143167297370e-01
7.298225379029104065e-01
7.298216070642838949e-01
7.298215324380548097e-01
7.298139396943879031e-01
7.298150838385432104e-01
7.298156276024271305e-01
7.298146492615822378e-01
7.298179689399265646e-01
7.298153546243858480e-01
7.298174816722118319e-01
7.298485872580522393e-01
7.297664042470226597e-01
7.297339784365053372e-01
7.297443414018632835e-01
7.297341161791897068e-01
7.297045512355853081e-01
7.296880372149280314e-01
7.296589702993411253e-01
7.296688864362682603e-01
7.296572567524002295e-01
7.296739247791612648e-01
7.296595142015681601e-01
7.297011180890171644e-01
7.296585878672127157e-01
7.296597329142686661e-01
7.296696359887769878e-01
7.296494924485733558e-01
7.296514440574584093e-01
7.296189655554580211e-01
7.296198883790266931e-01
7.296104825058086218e-01
7.296091499876092845e-01
7.295681710778783025e-01
7.295359685328992594e-01
7.295024441553044081e-01
7.294739183302638708e-01
7.294624344700774143e-01
7.294624650275526312e-01
7.294684693697859323e-01
7.294773978979847140e-01
7.294270844570649448e-01
7.294007859524329618e-01
7.293914048064296107e-01
7.293916857316005142e-01
7.293866604297358780e-01
7.293866677725242553e-01
7.293835086754297814e-01
7.293836802821180854e-01
7.293785280337906629e-01
7.293781633648430685e-01
7.293696334068526799e-01
7.293697463326863639e-01
7.293912826320905207e-01
7.293723406396650510e-01
7.293527454697158463e-01
7.293376595671257068e-01
7.293452245266974776e-01
7.293646148609391755e-01
7.293028239238915633e-01
7.292905843980687086e-01
7.292887228978124359e-01
7.292847195781960723e-01
7.292701290943082171e-01
7.292246288577953761e-01
7.291853387024003208e-01
7.291558168831320241e-01
7.291397444417390128e-01
7.291322082070958999e-01
7.291325129918456716e-01
7.291288526271337833e-01
7.291290843439108826e-01
7.291268640043608862e-01
7.291267845769262568e-01
7.291254503218890237e-01
7.291263405848465995e-01
7.291373240141382217e-01
7.291253432797648593e-01
7.291050879307746646e-01
7.290858660674498504e-01
7.290695516257401643e-01
7.290262688989528339e-01
7.289849269130787013e-01
7.289736889856930357e-01
7.289472765130640131e-01
7.289084926468694103e-01
7.288816885267777046e-01
7.288751853311153939e-01
7.288766515763442921e-01
7.288712575297163765e-01
7.288680076904892058e-01
7.288634743587597553e-01
7.288624682834050628e-01
7.288575130875336594e-01
7.288596978651481484e-01
7.288560716152098218e-01
7.288563826353732233e-01
7.288532256398776443e-01
7.288499466712078378e-01
7.288430071664867560e-01
7.288819057495335985e-01
7.287833952449278563e-01
7.287460717306550873e-01
7.287333562661758579e-01
7.287337104356257367e-01
7.287228567934521672e-01
7.287456781386035809e-01
7.287146239739580311e-01
7.286821725350257628e-01
7.286558802710900729e-01
7.286548763362471481e-01
7.286548177758801481e-01
7.286353768334646874e-01
7.286302781145719276e-01
7.286271180934688063e-01
7.286257613083014784e-01
7.286175218785482244e-01
7.286184500446747370e-01
7.286168619441761862e-01
7.286144643136639454e-01
7.286159266654358424e-01
7.285956983867415415e-01
7.285723540651466434e-01
7.285861593165277039e-01
7.285773232155852153e-01
7.285308790522573297e-01
7.285246073751537876e-01
7.285195663880750239e-01
7.284884789900156754e-01
7.284704120077032385e-01
7.284647020105593507e-01
7.284653537959919767e-01
7.284628242135919862e-01
7.284616513853376940e-01
7.284564190653514126e-01
7.284577718204864327e-01
7.284704407236337609e-01
7.284551107337698950e-01
7.284494124019086359e-01
7.284485543575438538e-01
7.284414905995161282e-01
7.284340755273555068e-01
7.284507762895897631e-01
7.284273275156094574e-01
7.283918914771382314e-01
7.283736045036376394e-01
7.283697409120308830e-01
7.283737145733039098e-01
7.283741357537778516e-01
7.283688245040300657e-01
7.284069374528033824e-01
7.283696005177118238e-01
7.283356009477482962e-01
7.283056881866331045e-01
7.282968702516990911e-01
7.282963917611831040e-01
7.282956770249102707e-01
7.282940409339530019e-01
7.282968482735984184e-01
7.282940637619370605e-01
7.282910118520393716e-01
7.282909156334659295e-01
7.282858579602390359e-01
7.282844025353033546e-01
7.282893596560496841e-01
7.283085640144991713e-01
7.282483705883499026e-01
7.282371643707219455e-01
7.282384894171487488e-01
7.282243889999426845e-01
7.282240663366975619e-01
7.282260081687428332e-01
7.282238253482117285e-01
7.282180444477772685e-01
7.282169287374237188e-01
7.282392544470797091e-01
7.282166041828290748e-01
7.281878443636842224e-01
7.281996492523653552e-01
7.281816506813001411e-01
7.281548204402864544e-01
7.281453612610582216e-01
7.281444607490905607e-01
7.281444486367038005e-01
7.281415870052178052e-01
7.281418214704666880e-01
7.281381234501014266e-01
7.281377392246245472e-01
7.281509992314278978e-01
7.281566259753111670e-01
7.281068997888097138e-01
7.280911432443095688e-01
7.280797987606655308e-01
7.280750596435152655e-01
7.280469825199176181e-01
7.280417962601614112e-01
7.280418466303680836e-01
7.280304903187735377e-01
7.280231451832313017e-01
7.280204582193775531e-01
7.280268484905577653e-01
7.280171483029095336e-01
7.280421012031020878e-01
7.280177692511822229e-01
7.279938918636817968e-01
7.279715183415292890e-01
7.279673558510432185e-01
7.279682184644629128e-01
7.279578789193791311e-01
7.279588480980691001e-01
7.279533755684745033e-01
7.279531794097569009e-01
7.279475725929078767e-01
7.279460316321946234e-01
7.279677017133229233e-01
7.279438033977237987e-01
7.279256657952459797e-01
7.279032616457058458e-01
7.279043126272336517e-01
7.279039452678170985e-01
7.279044305639942314e-01
7.279030541241541252e-01
7.279006876998789233e-01
7.279010474263972741e-01
7.279050947872771626e-01
7.279001089025243232e-01
7.279165657688491109e-01
7.278967279057595441e-01
7.278657330803750547e-01
7.278690225508310796e-01
7.278670058220593209e-01
7.278613045186338448e-01
7.278613858693122607e-01
7.278572746315474795e-01
7.278568025463163504e-01
7.278571273718041912e-01
7.278528716592974623e-01
7.278475546331540924e-01
7.278115625156187374e-01
7.277878634385772649e-01
7.277837439904975003e-01
7.277839876834487631e-01
7.277808260285542064e-01
7.277810572933000044e-01
7.277797195764981186e-01
7.277797170724987774e-01
7.277790320269501567e-01
7.277788205157621482e-01
7.277614892930146517e-01
7.277250281708030899e-01
7.276988814936287131e-01
7.276782712118831098e-01
7.276677465066907491e-01
7.276621276431132213e-01
7.276619605386527301e-01
7.276586929675227244e-01
7.276584715022194061e-01
7.276563948635228485e-01
7.276641124496505686e-01
7.276252895151245070e-01
7.275969305330702852e-01
7.275708676406198450e-01
7.275660310719667123e-01
7.275727114655163863e-01
7.275642679144245228e-01
7.275656735157088884e-01
7.275627592584091863e-01
7.275676381225049116e-01
7.275662992791251948e-01
7.275654159549830302e-01
7.275671530152062472e-01
7.275468723543510041e-01
7.275312466494731067e-01
7.275290685956367076e-01
7.275294874098811038e-01
7.275348025276437980e-01
7.275289072619766095e-01
7.275314973291490128e-01
7.275303962361500121e-01
7.275108272576257251e-01
7.275147652224559502e-01
7.275222212308831704e-01
7.274951597298591199e-01
7.274848716576188812e-01
7.275118085577367832e-01
7.274868225656641041e-01
7.274676653610194776e-01
7.274671472264757632e-01
7.274568473265548008e-01
7.274575390076416515e-01
7.274421222565969902e-01
7.274383895931160193e-01
7.274392979905910384e-01
7.274202777936603637e-01
7.274037241926502029e-01
7.273847554280453709e-01
7.273789528087817313e-01
7.273787945452288017e-01
7.273769467488856444e-01
7.273772180803770304e-01
