1.057452568249578562e+00
1.046493298121048410e+00
1.030485517942094198e+00
1.032279081888824113e+00
1.001123596640078661e+00
1.000108867969845550e+00
9.966146153988854062e-01
9.931580321817270463e-01
9.922400245128469853e-01
9.913902408655975718e-01
9.913932407043588579e-01
9.831125930820922010e-01
9.797549558124646341e-01
1.043281601447546114e+00
9.849378838020900195e-01
9.800160811274658545e-01
9.870451928646492012e-01
9.626245436135908440e-01
9.586104827807440110e-01
9.568040157727585315e-01
9.568317282088211195e-01
9.577960522798498744e-01
9.639385725424183260e-01
1.016790215165218836e+00
1.063708096173895612e+00
9.756201327380130683e-01
9.020899162840579910e-01
8.985244929906264222e-01
8.985244929906264222e-01
8.985244929906264222e-01
8.992641258769566992e-01
8.991189890711096533e-01
8.856599241324258909e-01
8.920087325304193460e-01
8.856599241324258909e-01
8.822474429509151728e-01
9.115501938281809213e-01
9.272926973038442267e-01
8.822474429509148397e-01
8.822474429509150617e-01
8.822474429509150617e-01
9.001983200563417054e-01
8.853055216851182241e-01
9.327203536627818314e-01
9.019884046748884998e-01
8.822474429509148397e-01
8.822474429509148397e-01
8.822474429509150617e-01
8.822474429509148397e-01
8.822474429509148397e-01
9.780303240070216120e-01
9.647676650634620099e-01
8.822474429509150617e-01
8.822474429509150617e-01
8.822474429509150617e-01
8.600301084676001961e-01
8.600301084676001961e-01
8.600301084676001961e-01
8.369289483392388096e-01
8.621339875475871883e-01
8.279049034127334838e-01
8.568602978645352142e-01
8.191883041403341670e-01
8.248498956075361876e-01
8.297474109255078556e-01
9.433713154612680674e-01
8.445348416988733842e-01
8.266114610833564802e-01
8.200590571492992753e-01
8.224063273836611510e-01
8.193465932794540274e-01
8.229738112035092090e-01
8.266806653727654108e-01
8.234632161551177498e-01
8.195960808327924507e-01
8.532174559249989798e-01
8.161315684766722311e-01
7.777486924257094314e-01
8.295094474097310933e-01
7.753094592127763862e-01
9.105242595480982359e-01
7.727707880499889992e-01
7.630109489469560913e-01
7.631975855707593404e-01
8.551928385305225255e-01
7.626645800459007640e-01
7.900544209906394943e-01
7.631525924816179307e-01
7.931755301945644376e-01
7.734047663799707983e-01
8.227296161021920851e-01
7.626645800459007640e-01
7.271175538638652291e-01
7.271175538638652291e-01
7.493427803564427503e-01
7.349203145115804636e-01
7.911138702119435706e-01
7.271175538638652291e-01
7.350909029758052604e-01
7.294089690517435720e-01
7.260383095594415970e-01
7.425881904915767606e-01
7.463006636277219608e-01
7.260383095594417080e-01
7.374869692633432283e-01
7.260383095594414860e-01
7.399725142390407573e-01
7.260383095594415970e-01
7.438300293923719719e-01
7.260383095594413749e-01
7.506053209681042837e-01
7.260383095594413749e-01
7.652410570716169369e-01
7.260383095594413749e-01
7.752676362754193917e-01
7.260383095594412639e-01
7.484416947638011797e-01
7.466389948697840229e-01
7.948661417946119023e-01
7.576670791215159850e-01
7.329735776998927976e-01
7.275829669812814426e-01
7.156836592266455632e-01
7.161056642459682209e-01
7.227961232343569353e-01
7.150966971471592881e-01
7.140683828482448092e-01
7.266047827985012697e-01
7.468242819719670411e-01
7.196262627817612278e-01
7.416502930784490966e-01
7.380433467958181781e-01
7.263654009999447325e-01
7.141812689173052675e-01
7.861532140412047509e-01
7.140564959700848036e-01
7.317757355815514009e-01
7.011844441316098520e-01
7.693535269775461094e-01
6.966819705823571462e-01
7.830256893704040655e-01
6.930163665733954925e-01
7.243538213944571424e-01
7.075922721302332352e-01
7.369421427001296987e-01
6.929928431912026898e-01
7.086383651081042956e-01
6.934028410533881193e-01
7.367008669706328616e-01
6.939482549274118561e-01
7.130306839110888140e-01
6.929928431912029119e-01
7.669067320239529861e-01
7.073516067581702149e-01
7.207442549603668702e-01
6.929928431912029119e-01
6.903164694683285862e-01
6.903164694683284752e-01
7.348054044793060902e-01
6.893008929383198646e-01
6.978729524227850201e-01
6.893623524224100629e-01
7.065177497455301658e-01
6.914901024643560490e-01
7.426098329777778284e-01
7.071849208117703123e-01
7.099188652047454529e-01
6.872647167531171775e-01
6.778999471438724722e-01
6.778999471438689195e-01
6.818906691825231681e-01
6.778999471438688085e-01
7.017010213050617340e-01
6.778999471438683644e-01
7.186482386340391493e-01
6.778999471438686975e-01
6.788886718656502728e-01
6.778999471438683644e-01
6.604959891847255182e-01
6.604959891847252962e-01
6.638106701349575367e-01
6.433079070538354483e-01
6.888576240455011046e-01
6.433079070538356703e-01
6.549331515726753983e-01
6.500946204639651560e-01
7.057877833146617430e-01
6.465966073946132209e-01
6.612653947518591924e-01
6.404155703817703271e-01
6.872965657891774161e-01
6.844671029003455143e-01
6.781521177299814074e-01
6.478873804159487326e-01
6.787036176469657400e-01
6.406898654751470579e-01
7.168362950535994704e-01
6.403643157852912937e-01
7.105843012598168640e-01
6.616947852551112730e-01
6.604698352244202653e-01
6.486159554208436040e-01
7.343820023910775374e-01
6.447688440178515057e-01
6.601239961625926522e-01
6.524408848606211286e-01
7.100327425702033235e-01
6.437949044062869497e-01
6.912544311576382938e-01
6.399674992641172233e-01
6.484904103064766945e-01
6.405555562394258384e-01
7.014901898000807101e-01
6.396258958822621521e-01
6.785657302548400160e-01
6.396258958822622631e-01
6.543546023660178346e-01
6.396258958822622631e-01
6.462019095943407621e-01
6.396258958822624852e-01
6.416065732463713811e-01
6.390022857429773495e-01
6.614540515093486617e-01
6.409477292815090044e-01
6.496921940784354810e-01
6.389986648543657388e-01
7.106624961063081614e-01
6.408542407702375598e-01
6.541348147433824201e-01
6.440413772055242347e-01
6.649048984204634083e-01
6.440145888554282827e-01
6.709984066763491350e-01
6.425615756877510742e-01
6.246413018571429498e-01
6.619720726967309732e-01
6.351856861320918091e-01
6.246413018571379538e-01
6.728056537307625096e-01
6.246413018571380649e-01
6.680367708483687661e-01
6.325555745403730334e-01
6.351608643764338202e-01
6.246413018571386200e-01
6.816553890542481620e-01
6.137691692171405311e-01
6.259999416156146745e-01
6.160243106758115372e-01
6.276919613890820093e-01
6.147927480678581080e-01
6.453837942457294474e-01
6.115331489028058565e-01
6.857299748513487891e-01
6.286165162265433537e-01
6.799358578621373939e-01
6.370893560616325280e-01
6.520901315909597429e-01
6.282870710525634284e-01
6.690839138205819658e-01
6.160819992095900588e-01
6.238856286101011062e-01
6.314065856538528809e-01
6.293025268334657696e-01
6.135466498014869874e-01
6.115331489028056344e-01
6.253882280831104534e-01
6.136388519310705947e-01
6.120726907811177009e-01
6.122869345043886469e-01
6.159401173309408950e-01
6.065463999356464075e-01
6.055106351579170321e-01
6.015542328713536779e-01
6.027325552854643220e-01
6.025522636643074748e-01
6.040448613190769755e-01
6.030235939052888128e-01
6.279800121736802687e-01
6.035809685529063273e-01
6.013888343759377086e-01
5.931511047013930948e-01
5.773782961357383225e-01
5.786759705056172542e-01
5.789689212705907417e-01
5.754238676413072628e-01
5.800455410999253436e-01
5.742115022322272777e-01
5.704438069780759513e-01
5.727334036575710829e-01
5.880519852831429528e-01
5.704438069780760623e-01
5.658504217334462405e-01
5.537751296688140368e-01
5.513152045520290923e-01
5.622264643595473732e-01
5.861819699863849431e-01
5.502233514382991464e-01
5.608866248287958101e-01
5.472664393204377253e-01
5.209403205309176554e-01
5.207922569378251598e-01
5.326137800760497587e-01
5.212989766605674591e-01
5.173782634924274371e-01
5.337308798276552135e-01
5.189179907118488533e-01
5.315666839815464950e-01
5.137145714997020107e-01
5.065103799666247353e-01
5.253263824808188653e-01
5.070730753612660013e-01
5.080911033732791182e-01
5.065103799666251794e-01
5.079137687413547431e-01
5.056458122725026039e-01
5.077423084082897109e-01
5.105122916064704919e-01
5.238210375508820515e-01
5.187253444068332664e-01
4.970558199572604474e-01
4.986271685199020753e-01
5.050482260954787250e-01
4.952169358197063276e-01
5.138099809987590749e-01
4.942676835731368845e-01
4.958790768063441878e-01
4.942676835731373286e-01
4.981973006380521762e-01
4.928178129404264807e-01
4.959293369093482062e-01
4.991244064565123484e-01
4.873925167711134487e-01
4.874242657902169151e-01
4.940881978975824040e-01
4.860638229976228519e-01
4.924737231428785167e-01
4.878178106106513257e-01
4.954500924557941888e-01
4.918000715770034503e-01
4.918126107195642249e-01
4.867550247086655513e-01
4.929011516700945172e-01
4.850478459025693856e-01
4.972397982945855888e-01
4.842862224694532425e-01
4.882499062305921678e-01
4.915688017556122391e-01
5.004281844587629147e-01
4.842862224694530759e-01
4.842790124195929802e-01
4.816004343739116456e-01
5.117267111027973270e-01
4.829494559519494912e-01
5.231612405037140423e-01
4.821113347314082143e-01
4.983764545185668249e-01
4.785504591405046471e-01
4.998727038572561843e-01
4.843439570100119274e-01
4.915940972901945427e-01
4.816842755682076427e-01
4.850159882981892601e-01
4.832756849087745388e-01
4.843721459557722708e-01
4.768207098399102062e-01
4.874915670965851433e-01
4.810554038577998237e-01
4.841599061228225587e-01
4.841144241234797141e-01
4.860712207455432643e-01
4.802163915639368064e-01
4.877450096436334315e-01
4.759223741557739862e-01
4.817855617389675826e-01
4.759223741557741527e-01
4.843771657988663604e-01
4.743961750438608904e-01
4.773037023749055474e-01
4.789412739096841620e-01
4.885463227048291168e-01
4.739843150504243208e-01
4.864310892182924784e-01
4.766218669656967499e-01
4.792132116432585298e-01
4.825036190143345283e-01
4.687410356063284600e-01
4.675206417133350167e-01
4.693485632352007997e-01
4.675206417133350167e-01
4.704008899238135699e-01
4.731350453934825562e-01
4.650390928661999324e-01
4.685839270389107192e-01
4.680201654555742330e-01
4.640664340553032896e-01
4.741563279548885457e-01
4.656858042731094605e-01
4.754220425590205967e-01
4.643419337751382159e-01
4.781794158557272634e-01
4.656363445143638091e-01
4.673286951602835804e-01
4.665562026528520811e-01
4.680061442134925143e-01
4.642042110273341127e-01
4.817064810504205208e-01
4.640664340553027900e-01
5.032244443510490717e-01
4.640713527760292334e-01
4.826477691085825916e-01
4.670781759583011450e-01
4.837795086129212940e-01
4.719427825715941105e-01
4.681340907920575889e-01
4.649669272733826797e-01
4.686654960461908992e-01
4.651395181801754597e-01
4.720066748976518567e-01
4.629747990142418779e-01
4.655639561026334583e-01
4.642070614210876967e-01
4.719547242878069371e-01
4.625418117384831884e-01
4.726519573736345792e-01
4.632463769185684588e-01
4.825100828989767887e-01
4.638989375076684740e-01
4.787201588381173600e-01
4.644298681196373235e-01
4.697507949070386934e-01
4.633362003576047550e-01
4.850119751671478907e-01
4.607993452680687052e-01
4.743337543711499404e-01
4.613630531024013881e-01
4.731562918234570314e-01
4.607857913740749933e-01
4.653093859210525318e-01
4.607857913740754929e-01
4.652748684668133738e-01
4.667325374899646273e-01
4.667215190309603190e-01
4.630787953666339329e-01
4.722390684790038762e-01
4.610636536334639102e-01
4.752932947134623776e-01
4.769123023914571546e-01
4.624435791176695898e-01
4.610735962566520074e-01
4.635653900989227805e-01
4.606022708328214033e-01
4.607773191772657206e-01
4.606022708328217363e-01
4.615327705001884273e-01
4.606309878935287427e-01
4.611034535362857900e-01
4.605099666596845220e-01
4.611220694603187509e-01
4.605822938694655311e-01
4.667289848951617914e-01
4.612112348283256558e-01
4.620035802020400206e-01
4.623225143844323926e-01
4.598318281113434880e-01
4.617932990941094329e-01
4.693172871897178244e-01
4.608892958109284121e-01
4.571551948504882779e-01
4.587950052784667276e-01
4.610505404862295098e-01
4.588399420162915798e-01
4.559256208809298050e-01
4.544423752206294131e-01
4.691038175119722764e-01
4.549955042220420465e-01
4.554430747325505791e-01
4.543197876387872758e-01
4.574155058326221934e-01
4.559103081473898089e-01
4.521097457277640785e-01
4.542799503727771304e-01
4.609704556942577081e-01
4.524589673188328942e-01
4.532138084638135944e-01
4.523183100481423247e-01
4.532825456614977822e-01
4.522893309682516905e-01
4.528553507255209110e-01
4.536230503421488924e-01
4.569838687537955968e-01
4.528054226403787630e-01
4.539154654989604465e-01
4.523115080142344202e-01
4.539766937795708390e-01
4.523806316812827300e-01
4.532289132854157021e-01
4.532095730488451824e-01
4.538815955022235671e-01
4.521799035707390613e-01
4.547519859408771792e-01
4.529302288147890043e-01
4.561832477840607747e-01
4.520017207381418767e-01
4.546175540063571163e-01
4.519382452847620635e-01
4.531071543938023916e-01
4.519382452847621745e-01
4.584243299929879334e-01
4.521215897968192121e-01
4.561133136679729194e-01
4.523164983431334218e-01
4.578567171866219643e-01
4.521982955315779207e-01
4.528896056260042213e-01
4.511595988370591392e-01
4.540679306045432573e-01
4.522943081650017683e-01
4.521548596446633428e-01
4.511595988370583621e-01
4.515718520358731336e-01
4.509793800193744318e-01
4.531245432746792146e-01
4.507110979268870166e-01
4.526013635934674761e-01
4.538457858238937326e-01
4.538297836667704588e-01
4.499315472263534788e-01
4.522933154871147110e-01
4.494211340712230829e-01
4.516674351173530777e-01
4.524665648923885120e-01
4.544251534076462207e-01
4.510712721563213679e-01
4.512598103919902570e-01
4.491253019545682901e-01
4.518263737086711251e-01
4.494085954932082738e-01
4.497283763026101444e-01
4.486559477282293096e-01
4.508447132752066433e-01
4.487748352714105438e-01
4.485270873251494539e-01
4.488021573371918094e-01
4.488103010068861254e-01
4.491934833960882223e-01
4.486101224018707034e-01
4.498214727248758260e-01
4.484376233360540254e-01
4.491902606670428177e-01
4.487087790289261413e-01
4.509821124549907578e-01
4.486134847197046360e-01
4.494062178016733355e-01
4.488464330737185759e-01
4.497553837941552501e-01
4.488926624420321310e-01
4.483177249806709619e-01
4.478683611067101333e-01
4.472280241866328776e-01
4.481161546098594850e-01
4.455379497133433175e-01
4.453563210401614292e-01
4.457795462250352392e-01
4.448265403429468301e-01
4.442447024802951283e-01
4.448052136011645952e-01
4.444844179973920228e-01
4.441913660533204911e-01
4.439518874567691120e-01
4.442892320233514103e-01
4.436593263317469837e-01
4.443168198151052906e-01
4.433070972420222744e-01
4.433190216309780829e-01
4.447666163020227992e-01
4.432131649673857754e-01
4.437859442824764189e-01
4.431189898107755210e-01
4.444381927979003666e-01
4.429820246741351109e-01
4.431990117340174340e-01
4.427880379191072024e-01
4.423249053855694002e-01
4.423249053855687896e-01
4.423888642922533809e-01
4.422980148643770870e-01
4.439800334731320852e-01
4.427727827448976750e-01
4.424110651751416157e-01
4.425151654002585366e-01
4.427616121572273689e-01
4.424076040013315003e-01
4.426680597322755206e-01
4.421471350101586206e-01
4.430768991884929120e-01
4.419823663105553191e-01
4.421949326134274050e-01
4.420902604315132822e-01
4.423697154236949092e-01
4.424215908693505117e-01
4.434175393439340196e-01
4.419367214221753271e-01
4.431057784510190056e-01
4.418696221473741303e-01
4.425514251077425909e-01
4.421692970884142371e-01
4.420540515105866319e-01
4.421286825516059782e-01
4.420595275461599027e-01
4.419783714566823396e-01
4.429504612608148317e-01
4.413683465984301613e-01
4.417000406019104264e-01
4.415748929904327325e-01
4.433931736140828694e-01
4.404574199958444791e-01
4.428037473378910183e-01
4.407388641518263928e-01
4.406237254069489961e-01
4.406397861524117832e-01
4.409458907454132937e-01
4.404752858442638752e-01
4.404661379308416058e-01
4.405106037753996895e-01
4.406371230555953811e-01
4.405549254606169751e-01
4.405021216043851218e-01
4.404751426537557579e-01
4.403644848837296455e-01
4.410526064725673878e-01
4.402427993982199750e-01
4.401108110859465183e-01
4.405662881969628075e-01
4.399694781421313872e-01
4.407620952313173746e-01
4.401758778602331557e-01
4.394362783262484307e-01
4.393406943830371336e-01
4.392884425299523610e-01
4.393827624767491780e-01
4.399825960191017793e-01
4.390733300906647929e-01
4.401701532515279736e-01
4.412354017046167809e-01
4.384092586134937797e-01
4.382165105971215779e-01
4.379119798841090705e-01
4.384059990417094044e-01
4.381895839721944297e-01
4.383682910514302700e-01
4.369865141354765115e-01
4.369865141354755678e-01
4.363453261256108329e-01
4.361749757154858576e-01
4.369635193761385317e-01
4.362880340949719660e-01
4.361707457474414129e-01
4.360935830108327305e-01
4.356135462525662638e-01
4.358247011105724766e-01
4.376475044455771513e-01
4.356889458733679277e-01
4.373376619968828982e-01
4.356045358495678199e-01
4.365955796694707680e-01
4.359484470017785940e-01
4.349977184445424361e-01
4.351631163608564168e-01
4.354992591451707362e-01
4.353465552131990934e-01
4.351364143528784756e-01
4.349892650374734826e-01
4.352658772404325305e-01
4.348902722910634178e-01
4.346419594146984089e-01
4.346239344060486842e-01
4.343108630513777269e-01
4.342008925679178288e-01
4.334720074145942403e-01
4.337156318256476517e-01
4.336465633959497579e-01
4.334798598622946475e-01
4.337655947938625633e-01
4.334117646683973146e-01
4.337619956333012561e-01
4.338679210781761220e-01
4.327106973167853532e-01
4.328709388093488486e-01
4.324828415398925263e-01
4.322970948773052213e-01
4.324078741294564709e-01
4.322419668203070775e-01
4.325277185642945055e-01
4.320115564493177684e-01
4.340220683915300692e-01
4.318841503645470259e-01
4.322805919639942651e-01
4.320569635646131501e-01
4.321772598358203932e-01
4.319853624167825923e-01
4.322304872563462186e-01
4.321066233038785565e-01
4.319643611206403500e-01
4.324972428945246805e-01
4.325500581594467486e-01
4.321652850413288394e-01
4.324531738710643003e-01
4.322011732325110045e-01
4.320000343894708772e-01
4.318841503645466928e-01
4.319832869826654154e-01
4.338526502881731028e-01
4.327714374577131262e-01
4.317884433681830614e-01
4.329379789326369687e-01
4.315605205207883044e-01
4.326790434790411810e-01
4.315267342583719579e-01
4.316332382227874853e-01
4.321409623412514889e-01
4.322986963711169528e-01
4.317831095959527299e-01
4.318669182737361889e-01
4.318567369439574866e-01
4.321797959062759209e-01
4.318800651804751145e-01
4.313908819430631314e-01
4.310990952609464189e-01
4.323719699574493092e-01
4.311496160080381390e-01
4.315213414946599824e-01
4.309508538816909651e-01
4.316147686405163997e-01
4.311016131771643889e-01
4.317823854723287780e-01
4.306850052358256464e-01
4.317526700231451020e-01
4.309137153292358358e-01
4.308259904857900113e-01
4.305282161108089922e-01
4.312013089975130220e-01
4.305034037421695547e-01
4.306502331481071311e-01
4.305415928636757150e-01
4.304542933015212403e-01
4.303628238906939685e-01
4.310224037917462225e-01
4.307289836537432914e-01
4.308428165502580232e-01
4.302461171298936904e-01
4.310081425229266294e-01
4.300733130850674657e-01
4.306288164651291273e-01
4.303226880460608306e-01
4.297520902694484390e-01
4.295842922524181762e-01
4.293939280066863540e-01
4.293708341118941951e-01
4.299071244047005247e-01
4.298227155804293376e-01
4.295847617986275901e-01
4.294330586698953955e-01
4.296738925437055268e-01
4.288293124280026514e-01
4.284974543303799455e-01
4.287733177242546434e-01
4.279681164840485330e-01
4.275464857048521528e-01
4.293987699786454004e-01
4.273784292435200416e-01
4.279034071631916958e-01
4.273118666567174984e-01
4.285661168690242384e-01
4.273118666567184420e-01
4.275740583670376571e-01
4.273559626025496549e-01
4.278666880814166462e-01
4.272914799139803654e-01
4.283806323214116030e-01
4.274568349574493498e-01
4.285388100778311782e-01
4.271601496704867107e-01
4.264371309698267720e-01
4.267088496657808205e-01
4.264662454813783476e-01
4.265320047993869657e-01
4.276013039245360470e-01
4.271825610634964465e-01
4.273225758255531082e-01
4.265277408745015153e-01
4.269159608606586942e-01
4.266898796366650481e-01
4.266215035222262197e-01
4.266258374970230971e-01
4.269180087983709404e-01
4.265028773326579592e-01
4.275642460935603628e-01
4.265316293534454628e-01
4.267112037494409371e-01
4.268100328086399942e-01
4.269032536101127762e-01
4.265998711045569936e-01
4.268246013263527483e-01
4.265520328672001149e-01
4.265332296917107580e-01
4.265671535204341724e-01
4.261406343786203199e-01
4.262426075539763048e-01
4.263343891045596745e-01
4.263607800900625078e-01
4.267752895366910826e-01
4.257382896244502057e-01
4.270409631070573586e-01
4.255215875844259865e-01
4.255671604054820922e-01
4.253435500305364769e-01
4.251406665603434942e-01
4.251351012169234389e-01
4.249420873993837167e-01
4.253435307311580482e-01
4.265045932981227361e-01
4.240145127491236066e-01
4.260114222621786406e-01
4.238829127502685146e-01
4.233960640797642117e-01
4.241944063824198419e-01
4.251447790194931575e-01
4.232153318047816026e-01
4.242675146927016305e-01
4.230121612641286610e-01
4.225590602982601807e-01
4.227637051323253070e-01
4.230500282145990831e-01
4.225272471254677975e-01
4.230038936150978257e-01
4.223441917156675607e-01
4.230547013512343524e-01
4.223441917156669501e-01
4.224971858200125552e-01
4.225906572076942314e-01
4.225792457227060539e-01
4.220805905953450288e-01
4.228136597730595692e-01
4.222103236877007282e-01
4.226884830174275076e-01
4.221102816276498526e-01
4.223874566862048652e-01
4.222726789357511556e-01
4.220944792292563585e-01
4.221179193757679804e-01
4.225374670297808444e-01
4.228686390337174639e-01
4.230684461720867207e-01
4.220323364039100800e-01
4.229135875932448774e-01
4.219918182312213939e-01
4.225988683684770986e-01
4.220695248427779878e-01
4.225302124966546780e-01
4.224959539244275142e-01
4.221784720587273831e-01
4.221504653102181037e-01
4.226975234800346981e-01
4.219733647548147282e-01
4.224152545140456017e-01
4.221023294175553220e-01
4.229410624260726559e-01
4.222637177767894490e-01
4.225398396155519709e-01
4.221416058340919930e-01
4.213818143582080955e-01
4.213051941717795290e-01
4.225287161022024396e-01
4.212850106474840817e-01
4.224942811783935492e-01
4.215090378689970163e-01
4.215820396194816522e-01
4.213092300873816920e-01
4.228094765389944776e-01
4.214170965798217372e-01
4.241808044417028634e-01
4.210806156483238305e-01
4.205949613811196808e-01
4.215543224724128124e-01
4.223309218427678258e-01
4.206139874024482639e-01
4.207083279251970231e-01
4.208090560440195804e-01
4.204674846223673823e-01
4.210949187284078743e-01
4.218130464765920129e-01
4.203527182052756994e-01
4.211404903530452937e-01
4.200976102770886955e-01
4.201888366164475697e-01
4.199865664537521526e-01
4.202256906775356793e-01
4.199000108980228685e-01
4.210238881595330662e-01
4.204278178290020151e-01
4.191093548477570208e-01
4.189945240746614230e-01
4.191382949045617257e-01
4.193865688807208447e-01
4.187131154838316105e-01
4.187638991800998189e-01
4.193235091788656832e-01
4.187131154838308333e-01
4.190113207243227889e-01
4.186199727237950863e-01
4.186858323496593925e-01
4.189573744507185671e-01
4.198874580324735706e-01
4.186182098039277766e-01
4.199953181631524979e-01
4.189506739540074243e-01
4.194754664557682200e-01
4.187314185159473068e-01
4.192118416727703134e-01
4.188847958324607434e-01
4.193856638139116244e-01
4.184766356651942187e-01
4.188305372584495423e-01
4.186225000579615885e-01
4.192011173467692919e-01
4.188080410943290088e-01
4.190321120918478748e-01
4.183775205596933500e-01
4.195261352742568062e-01
4.182016011999565852e-01
4.192731710650967614e-01
4.183769530737884157e-01
4.189865724757813603e-01
4.188026560439971346e-01
4.178130383796732628e-01
4.177544823808555519e-01
4.225129212704015202e-01
4.180046089775129592e-01
4.169819004160878473e-01
4.171224794478995967e-01
4.176462904519049890e-01
4.173931137610439879e-01
4.174161326015967677e-01
4.167280758373839156e-01
4.182754655559228207e-01
4.173259633005460545e-01
4.166733708141243664e-01
4.168856266278448408e-01
4.177890311184767058e-01
4.165602696541219063e-01
4.169819460630221353e-01
4.170029481948756001e-01
4.190541278170813455e-01
4.170197064768271789e-01
4.169931123622186431e-01
4.164854726870657053e-01
4.172609103088695259e-01
4.169709857768485461e-01
4.171436639714420358e-01
4.167813529037506792e-01
4.170595461387302527e-01
4.165015777662371965e-01
4.166566434481410175e-01
4.165981204836994300e-01
4.171646249903553927e-01
4.165748566507065931e-01
4.168164384980416748e-01
4.167439396946627239e-01
4.169563894486157385e-01
4.168589537179477333e-01
4.169222488246459579e-01
4.166363169194159388e-01
4.169232556388474120e-01
4.165629473308339881e-01
4.162986713213639445e-01
4.162986713213636669e-01
4.169258553628744091e-01
4.159816899441632354e-01
4.166033718900711280e-01
4.166251421885207584e-01
4.163318173613019257e-01
4.160793271109033964e-01
4.165043516674843960e-01
4.157090250976516188e-01
4.162376238124134153e-01
4.154914686593258466e-01
4.155673411058297684e-01
4.154643967438935714e-01
4.164599964547517907e-01
4.151513138355306110e-01
4.170044786777108436e-01
4.154984963531266895e-01
4.174062794257875630e-01
4.154333492552442220e-01
4.155854234520226509e-01
4.153336179526960770e-01
4.175262088556694340e-01
4.157995060124305975e-01
4.152808721051730600e-01
4.151962328055849860e-01
4.162868305006544034e-01
4.152093097146118406e-01
4.144320458675548879e-01
4.146448653066997503e-01
4.153150463235245060e-01
4.147068462791745902e-01
4.143596732567703667e-01
4.148105161668161900e-01
4.146916033541338531e-01
4.145591848897960396e-01
4.147412725705545977e-01
4.146488504256476970e-01
4.151993748028300901e-01
4.151630246174073391e-01
4.138674586419966994e-01
4.144291304298605150e-01
4.139831687410667205e-01
4.146733998009121125e-01
4.137461266825865902e-01
4.143447468739570594e-01
4.138922016710437357e-01
4.140503209899866199e-01
4.145395803987860783e-01
4.138691830434159669e-01
4.152793325991429585e-01
4.137988771935393606e-01
4.141532776114740244e-01
4.136403494796506708e-01
4.140520482555525850e-01
4.138779756773715013e-01
4.141451978024761615e-01
4.137812126795706313e-01
4.151170707071030752e-01
4.129941269543676019e-01
4.128604759654030953e-01
4.127962073511059482e-01
4.127133974748704026e-01
4.124071057184782729e-01
4.123114228843456353e-01
4.123114228843460238e-01
4.141755648601024298e-01
4.126183183222383866e-01
4.122253815576553126e-01
4.120148816802491898e-01
4.124065477675983304e-01
4.119008475946140946e-01
4.127066496331869838e-01
4.124119898414891905e-01
4.125561626194767517e-01
4.116904343594496862e-01
4.122906821646660780e-01
4.119297723270279876e-01
4.129153688997815874e-01
4.119294648873919606e-01
4.118257514304143330e-01
4.118056677587264569e-01
4.133339296323690348e-01
4.118158781664034707e-01
4.125469811276757381e-01
4.119082314736697281e-01
4.133391749392013037e-01
4.119497739107186307e-01
4.132090317752442621e-01
4.115304551006869760e-01
4.109508688916709285e-01
4.105131183094470337e-01
4.106020669247444910e-01
4.104133687900226590e-01
4.109652906819564744e-01
4.104642450159273204e-01
4.106614969577472851e-01
4.104922536500891228e-01
4.106392524825083212e-01
4.106342453057625352e-01
4.108851146134641086e-01
4.105310379925060649e-01
4.115188445898756986e-01
4.108194602273289031e-01
4.117483667065282016e-01
4.104514414004450384e-01
4.110593910545535801e-01
4.101507986791904647e-01
4.103889336315303948e-01
4.101218899178884492e-01
4.110478216092857129e-01
4.106279801325508627e-01
4.107658146720892245e-01
4.101661970189966477e-01
4.111951176398387919e-01
4.099768627969737622e-01
4.100111068716720264e-01
4.096308541365379363e-01
4.111832605879427449e-01
4.101361999111369783e-01
4.103654040464387309e-01
4.097200276495447935e-01
4.106130796403253402e-01
4.095429419912454683e-01
4.102321983891271118e-01
4.095429419912441915e-01
4.099391338528519668e-01
4.093654070184045146e-01
4.096494724546592692e-01
4.096935098700662525e-01
4.105400044675547311e-01
4.097261471872253868e-01
4.105507139341025846e-01
4.093359249755503249e-01
4.099088455836516487e-01
4.095309399047339372e-01
4.096224001945270032e-01
4.095351095336493552e-01
4.096129415795677353e-01
4.093392386240399805e-01
4.100079150297329944e-01
4.094939540405991285e-01
4.103530906710493587e-01
4.088533185597850172e-01
4.102358993969526524e-01
4.087019056372030446e-01
4.085214977720427743e-01
4.085787218130403353e-01
4.087926787641248394e-01
4.089946085849531232e-01
4.086138064827100624e-01
4.082739840462671355e-01
4.087107757194423652e-01
4.083664684150583035e-01
4.089572404367427527e-01
4.085335271911773036e-01
4.085679486178827591e-01
4.083088189762225095e-01
4.081526362208321990e-01
4.082572101826061339e-01
4.083676519051925857e-01
4.080152180172763599e-01
4.082253962312468731e-01
4.084106237095392333e-01
4.080251661499701976e-01
4.080765328494577737e-01
4.087813021980584716e-01
4.083601855214666898e-01
4.091278466553915916e-01
4.081028678546563260e-01
4.080743984229857624e-01
4.081350207653514639e-01
4.081561318678865735e-01
4.083773701416892332e-01
4.087547373527359862e-01
4.076240818297391932e-01
4.083424674823640244e-01
4.075020141381359151e-01
4.081686219219805567e-01
4.074585437154667478e-01
4.077872345216820293e-01
4.074023323046930267e-01
4.080505150939797709e-01
4.070197890063652624e-01
4.085734332056570328e-01
4.071712867982639206e-01
4.082998204104253404e-01
4.072892196511914698e-01
4.072968812222881319e-01
4.075881754350729191e-01
4.069643601353395423e-01
4.070111141670527677e-01
4.077709789874348623e-01
4.069643601353389317e-01
4.065889633534055525e-01
4.063679152914900783e-01
4.068215583374846234e-01
4.068784106965133152e-01
4.071581773493032630e-01
4.065751447046001554e-01
4.068114670250504439e-01
4.066263183488072475e-01
4.069049597057070589e-01
4.065298631251949013e-01
4.072631909647577708e-01
4.066806783885487664e-01
4.069515589687979218e-01
4.064816035799652671e-01
4.070562833377791567e-01
4.064450133999831793e-01
4.065364553772624068e-01
4.061484065890523243e-01
4.065811610532253373e-01
4.063196457593195587e-01
4.063171897410917666e-01
4.063832288179675123e-01
4.061435906008106222e-01
4.061548297668357566e-01
4.076539074895211279e-01
4.061377168132518922e-01
4.063204205570092320e-01
4.064179797513863268e-01
4.070437731959936634e-01
4.065166002252284527e-01
4.074209067102068649e-01
4.062687100854534550e-01
4.067269367145638359e-01
4.062369811372314454e-01
4.081650539970493874e-01
4.067121318196054158e-01
4.065427442892611265e-01
4.062602976998233584e-01
4.062342604135597002e-01
4.065027493874838194e-01
4.060698792878871255e-01
4.062263240687630228e-01
4.061106656340998655e-01
4.063127197660343359e-01
4.057377391508871778e-01
4.057047483893617135e-01
4.065846364691261816e-01
4.056551117416875019e-01
4.061407721476522625e-01
4.055149810867108018e-01
4.068412908769016845e-01
4.057336919196308789e-01
4.067570212664962104e-01
4.057242607058758610e-01
4.055933607248981554e-01
4.055447822879657549e-01
4.058902269340038949e-01
4.057698688165019552e-01
4.055488392234234407e-01
4.055149810867090809e-01
4.057564042374425806e-01
4.061239841489944769e-01
4.078320717639667414e-01
4.059434889199221574e-01
4.058488453436973065e-01
4.057982975221429145e-01
4.057258263170532842e-01
4.058744362029734765e-01
4.059129362608776548e-01
4.057098666279487231e-01
4.063486076493790233e-01
4.060113237701730715e-01
4.062542683916837705e-01
4.055733601584290970e-01
4.058323080407905126e-01
4.056188984612035808e-01
4.062040955102289019e-01
4.054692121727515031e-01
4.055571237537782814e-01
4.056788555519699191e-01
4.060369680344109167e-01
4.061602860847628449e-01
4.057974015808578638e-01
4.055702667622395619e-01
4.057124352989104898e-01
4.054473527630450547e-01
4.065611831838693568e-01
4.060077239949334005e-01
4.065155625559067620e-01
4.055488358181066899e-01
4.060975547703458699e-01
4.055203251685403076e-01
4.055239866182641650e-01
4.056623982017857344e-01
4.059829397277902596e-01
4.058197075082314864e-01
4.059181507957965174e-01
4.069536508899633254e-01
4.055948706827340322e-01
4.054163931212051430e-01
4.056337737259526621e-01
4.055538067642730504e-01
4.052989859403058337e-01
4.051893535592497875e-01
4.051384573844610815e-01
4.051731173693437493e-01
4.053715360864869610e-01
4.049985427597085352e-01
4.051361289184128300e-01
4.050847435548017295e-01
4.053402634271446869e-01
4.049491970479563441e-01
4.050167620255321621e-01
4.049747681951103573e-01
4.050801406212639622e-01
4.050334326909552640e-01
4.052143628483164672e-01
4.050566644437815222e-01
4.050039511678707460e-01
4.049594996168193184e-01
4.046373580324787445e-01
4.047335889918202145e-01
4.047072971917945461e-01
4.047162351568367455e-01
4.048545167487039298e-01
4.046739547633296796e-01
4.048584032254741727e-01
4.048018859074673514e-01
4.049739498782980451e-01
4.051315937904549913e-01
4.040400477926858192e-01
4.040606110703885423e-01
4.040898198426727816e-01
4.039835940919543344e-01
4.040250959101482908e-01
4.043281551393669293e-01
4.040469321336979669e-01
4.042248842074084858e-01
4.039794687525995465e-01
4.040097107687918299e-01
4.039692722385962997e-01
4.038775416289234199e-01
4.039796300638962556e-01
4.042334726026021174e-01
4.039587251451824956e-01
4.038497240209670269e-01
4.037377242534345156e-01
4.038694231673332080e-01
4.038211589699523540e-01
4.039041644481052851e-01
4.038663091767895064e-01
4.038241615738739632e-01
4.038694803472040462e-01
4.035458215825225570e-01
4.035679567616274888e-01
4.035172757499529972e-01
4.035297082958193005e-01
4.035447837149240269e-01
4.035306999231538794e-01
4.035313667688906203e-01
4.035212409238648767e-01
4.038196702260857252e-01
4.034873272427747515e-01
4.033748836236107915e-01
4.034712631745909772e-01
4.038381677594918284e-01
4.035196422909611558e-01
4.033745716123436353e-01
4.032937009402038364e-01
4.031183654409346007e-01
4.032384994690256796e-01
4.035528517165330453e-01
4.031361713444167050e-01
4.031857124091928757e-01
4.032345875778217681e-01
4.031760734729973872e-01
4.032801169708886135e-01
4.031595360228972247e-01
4.029953720774631654e-01
4.037232660024755448e-01
4.030341870739526655e-01
4.032366457319800368e-01
4.029718361368593293e-01
4.030438504373476394e-01
4.030386761606371548e-01
4.030471854098566786e-01
4.030929966339372728e-01
4.029013002378886155e-01
4.030279357899655968e-01
4.034003093414056940e-01
4.028303960936601702e-01
4.031138406410688657e-01
4.027631597044473155e-01
4.028205790688380028e-01
4.029415927960335320e-01
4.027798105559641795e-01
4.028491512231051064e-01
4.028626858852665804e-01
4.026761531395200988e-01
4.028645120964953752e-01
4.027919605654596835e-01
4.027683628908403368e-01
4.026821843543723078e-01
4.029048135348763937e-01
4.027004203752858058e-01
4.026964587034264076e-01
4.026321371330322529e-01
4.025620458199614671e-01
4.025651255545250051e-01
4.027131920179529145e-01
4.025894702400721337e-01
4.027267540101052146e-01
4.025788657032799422e-01
4.027460875726734391e-01
4.025455827392979136e-01
4.025403555077193829e-01
4.027635848654307904e-01
4.023621989905878382e-01
4.024467985342913834e-01
4.025445697415604429e-01
4.022705263967878420e-01
4.020546628505427544e-01
4.021032870323157926e-01
4.022373832020965101e-01
4.018952995075899537e-01
4.023453796844452812e-01
4.019949139691560980e-01
4.020580281408180912e-01
4.020035422344629961e-01
4.023029041003894912e-01
4.019399833379148079e-01
4.019121133354956465e-01
4.019021579485841933e-01
4.021382484251165290e-01
4.019051988758981508e-01
4.016702959625677027e-01
4.016239250456105081e-01
4.017661407122170014e-01
4.017292005051140147e-01
4.017117350745207927e-01
4.016798711600266802e-01
4.019408997427700858e-01
4.017823946385788991e-01
4.017608084351200204e-01
4.015976713246489083e-01
4.017320687689138747e-01
4.015944597562472462e-01
4.017903746486892191e-01
4.017141099943487559e-01
4.015195682511429887e-01
4.015311407460859794e-01
4.017805850950179614e-01
4.015161237634457536e-01
4.016013616237276151e-01
4.016406916522888837e-01
4.015668755188077643e-01
4.015148307059220878e-01
4.015435924854192651e-01
4.015055423477068008e-01
4.017555547657051807e-01
4.014672098355973606e-01
4.016581674915979949e-01
4.014473480139640338e-01
4.013441081390851650e-01
4.013490018929045111e-01
4.016733807770425102e-01
4.013371442314772053e-01
4.015075583159696260e-01
4.013901862612158089e-01
4.014615735073890357e-01
4.013730810653903802e-01
4.014884088898019177e-01
4.012332958499433277e-01
4.014104866985386821e-01
4.012985746834623058e-01
4.013022267320418557e-01
4.012557363370578001e-01
4.014299419195868079e-01
4.012938156268959222e-01
4.015083018589662989e-01
4.011720521406795803e-01
4.012326435216964637e-01
4.011823574901149381e-01
4.014580495125013027e-01
4.014885613818860999e-01
4.011260838729187594e-01
4.011661995448022044e-01
4.016232888707614301e-01
4.010921234677568004e-01
4.013492844549662597e-01
4.011844321844675876e-01
4.012093429033912195e-01
4.011028866604566256e-01
4.012965340666062586e-01
4.011293320983439492e-01
4.011900095727352067e-01
4.011383541424204946e-01
4.011986305653392759e-01
4.010343297920511696e-01
4.010286283202821322e-01
4.010735584136638776e-01
4.011304230742119836e-01
4.010425127525974465e-01
4.010838105176318669e-01
4.010882208107793834e-01
4.011730279797119381e-01
4.010100658977611698e-01
4.011147625413131190e-01
4.010844643136945997e-01
4.010371299738337836e-01
4.010306236695578286e-01
4.009616835494259623e-01
4.008938401667909157e-01
4.011008693427894345e-01
4.009719619264982549e-01
4.011285066990850079e-01
4.009526192008260326e-01
4.010050925940897293e-01
4.008143855803236733e-01
4.006638475573695568e-01
4.007400869927950082e-01
4.007976498837281243e-01
4.005937897055843466e-01
4.008171296491251923e-01
4.006366763581780122e-01
4.007941560128638336e-01
4.005686342974555392e-01
4.007455263484606123e-01
4.006437289888061248e-01
4.005598971965844135e-01
4.005447881877823857e-01
4.005491554751955396e-01
4.005648951760518162e-01
4.006103568670051351e-01
4.005428075702103796e-01
4.005699326939451965e-01
4.005701664250090888e-01
4.009214981827814994e-01
4.005204193492640230e-01
4.010158544188315299e-01
4.005848872566338814e-01
4.006973769860404100e-01
4.005991066993493943e-01
4.009181684816103819e-01
4.006305863424042268e-01
4.008519633336238286e-01
4.005725998331858828e-01
4.005646643188127132e-01
4.006579427534222027e-01
4.003741721524015640e-01
4.005150145303144615e-01
4.002767556060480847e-01
4.002553220570495007e-01
4.004017409919707893e-01
4.003922658900743170e-01
4.004502235093027052e-01
4.003187174767778300e-01
4.003584709204150438e-01
4.003158973300822709e-01
4.006197593806873902e-01
4.002247771879136051e-01
4.002064090828397203e-01
4.002411276000052975e-01
4.001664277062372266e-01
4.002110999922343648e-01
4.003179087805801561e-01
4.001918641611106331e-01
4.002158211309467806e-01
4.001455463053767425e-01
4.002518357251599879e-01
4.000958351071455810e-01
4.002774026100427984e-01
4.001234791714705086e-01
4.000310751822335753e-01
4.000610553022882487e-01
4.001431253644066044e-01
4.000224930946644775e-01
4.004781188353251364e-01
3.999818511525543574e-01
4.000206931464755922e-01
4.000689622729262651e-01
4.002283970915905265e-01
3.999734586528075897e-01
4.000104582228563577e-01
4.000686257778590660e-01
4.001593484200955952e-01
3.999472528058679588e-01
4.001369719337856123e-01
4.000299474753238327e-01
4.001065038271023888e-01
3.999820551777347744e-01
4.001030937945950217e-01
4.002799193152214996e-01
4.000930084997593172e-01
3.999663622404641683e-01
3.999037599052887582e-01
3.999220934190389487e-01
4.001773895834412342e-01
3.999344192230417927e-01
3.999396374163438073e-01
3.999272245947410598e-01
3.999629604653101023e-01
3.998921330355928450e-01
4.000582310786917617e-01
3.999151974569936097e-01
3.999496126459154977e-01
3.998897273201786895e-01
4.002887746507486355e-01
3.999263748039946220e-01
3.998838174707401993e-01
3.999728034473976068e-01
4.000493614093097450e-01
3.999518580022590752e-01
3.998670287607974938e-01
3.998702699817072714e-01
4.000003814664266355e-01
3.999142990505329398e-01
3.998413430126774859e-01
3.997865954639927555e-01
3.999521417840905535e-01
3.997905789165847601e-01
3.996984869966808129e-01
3.997660006550437517e-01
3.998476202446454852e-01
3.997462442583880060e-01
3.996711278115312460e-01
3.996746279619307063e-01
3.996513189617760253e-01
3.996410089231535734e-01
4.002000613004837448e-01
3.996097203819624633e-01
3.996786787514922112e-01
3.996773846579972367e-01
3.996909340626059737e-01
3.995883987287469075e-01
3.998929735023142307e-01
3.996405960372600985e-01
3.996111105756731119e-01
3.997835890132583336e-01
3.995002643884982829e-01
3.996114086327749448e-01
3.997241507673318095e-01
3.994653473076038575e-01
3.991870038113906061e-01
3.992742226764398050e-01
3.999841701479625589e-01
3.991390998992627726e-01
3.993019508223339953e-01
3.991439133177704379e-01
3.991169882971795646e-01
3.991658542555614475e-01
3.992868239467048386e-01
3.992700638190256335e-01
3.992766843982156200e-01
3.991509107035246529e-01
3.991649766769991281e-01
3.989780569254590681e-01
3.991633163982803434e-01
3.990094721654259269e-01
3.988928146973275135e-01
3.989568193979060595e-01
3.990509216768022838e-01
3.989178778376863410e-01
3.989985596904568887e-01
3.988255357181792471e-01
3.987823299734395421e-01
3.988169583518756389e-01
3.989726869514842456e-01
3.987675476945894415e-01
3.989730309344326487e-01
3.988329568638849798e-01
3.988032323660957168e-01
3.987982861252655220e-01
3.988942887545415261e-01
3.988378588900021726e-01
3.990817243278707571e-01
3.987638074470722938e-01
3.990454237078102095e-01
3.988844655421669994e-01
3.988166451708486382e-01
3.987340004351785927e-01
3.988222276947310796e-01
3.985915984019784974e-01
3.988530418941960698e-01
3.985360503929097353e-01
3.985134669181588096e-01
3.985255544498492175e-01
3.987457424668189310e-01
3.984623496797550235e-01
3.984828216630604270e-01
3.984772538900249184e-01
3.985843873400548576e-01
3.984813430051643013e-01
3.985806197644340410e-01
3.984235236946657155e-01
3.984831099991917314e-01
3.984516801262178443e-01
3.985341993358431090e-01
3.984952795874699416e-01
3.987689520552274991e-01
3.983841524524812105e-01
3.988534597196047859e-01
3.985445661296534992e-01
3.987357329127887984e-01
3.983606264905405481e-01
3.985260604021424458e-01
3.984685558302539232e-01
3.984037387239129924e-01
3.983324763475959429e-01
3.984019540282160987e-01
3.982936892684148522e-01
3.985963485600911294e-01
3.984913137342336875e-01
3.983607720466687541e-01
3.983026321215955012e-01
3.985718998210150965e-01
3.983237014598811077e-01
3.984596419283744639e-01
3.983536540694250228e-01
3.983165887535636274e-01
3.983516051142188541e-01
3.984278344464195487e-01
3.983887778224254883e-01
3.985808237868900816e-01
3.982925300056640583e-01
3.984208894640459131e-01
3.982903156103302367e-01
3.982899089672330417e-01
3.983594798702493334e-01
3.983302958002740701e-01
3.984137153231664952e-01
3.984185206916691091e-01
3.982272215955340311e-01
3.982990837672800155e-01
3.982625322710816040e-01
3.985639411699100076e-01
3.982826998427513310e-01
3.983213760275478021e-01
3.982290271939799009e-01
3.985125950391835703e-01
3.982428965267394427e-01
3.988268229712830237e-01
3.982486441566613911e-01
3.983712071483724304e-01
3.981243212533468467e-01
3.980641356577899193e-01
3.981020167467997362e-01
3.982962199350370547e-01
3.980366816771904181e-01
3.982426747108888110e-01
3.980404085742496045e-01
3.983866587359551348e-01
3.980789093469955797e-01
3.979814069801205778e-01
3.980155221700109047e-01
3.981666201469395427e-01
3.980640428151661081e-01
3.981620913017159258e-01
3.979725870948039312e-01
3.980331618871034705e-01
3.980130387851369966e-01
3.980678179512297521e-01
3.980369449778399793e-01
3.983147412684071575e-01
3.979816291691878338e-01
3.982771679363775741e-01
3.979524517431787256e-01
3.983149960356254793e-01
3.979827164336984247e-01
3.983311440739772946e-01
3.979533566552136414e-01
3.981296281520325664e-01
3.979568361524044029e-01
3.980491232876635643e-01
3.980891769372866262e-01
3.981238178037135866e-01
3.979385544506319206e-01
3.983782417135083853e-01
3.979891737840468569e-01
3.982933032900967119e-01
3.979648255872054174e-01
3.983045735492934392e-01
3.979308764707363832e-01
3.980345443875988876e-01
3.979385148989600385e-01
3.980570807327553640e-01
3.979252826476581406e-01
3.980674699324613375e-01
3.978943195588284243e-01
3.979413095044549431e-01
3.979491999201226760e-01
3.980310357077752603e-01
3.979557359786309867e-01
3.979091206986045126e-01
3.978683836265386464e-01
3.979666274911093926e-01
3.979036651120770318e-01
3.981271444110098257e-01
3.979036310868996340e-01
3.979803866333268547e-01
3.978858864362015413e-01
3.979472514141378925e-01
3.979672186571389103e-01
3.981489074768337355e-01
3.979193515899536737e-01
3.979332151816164509e-01
3.979475346054793250e-01
3.985043743942621175e-01
3.977302928911355395e-01
3.977915458969810691e-01
3.977572457795284788e-01
3.978264826466613169e-01
3.977581784711595736e-01
3.979072165906056835e-01
3.977800977876541078e-01
3.978127883572045165e-01
3.977203146077721851e-01
3.977250556373282397e-01
3.977352873543895662e-01
3.977200045694332942e-01
3.977680207762701592e-01
3.978286615462376385e-01
3.976970947523283950e-01
3.976928737728868124e-01
3.977054281619619713e-01
3.976968305704784434e-01
3.977355073305092192e-01
3.977052729240170281e-01
3.977336607515236655e-01
3.977089950326846424e-01
3.976822227050233471e-01
3.976842789158969715e-01
3.978154108155507185e-01
3.977073520723861111e-01
3.976636154367416687e-01
3.976757611914640278e-01
3.977084847223736341e-01
3.976739435830906610e-01
3.977594048105604907e-01
3.976447393152064969e-01
3.976993397690461451e-01
3.976495138831603327e-01
3.976258658841751448e-01
3.976009417703875171e-01
3.975525824738747604e-01
3.975618522289930401e-01
3.975876422205421590e-01
3.975658284545818821e-01
3.975833366760084253e-01
3.975486747667988374e-01
3.975445602377382648e-01
3.975535352029422875e-01
3.976075863954144363e-01
3.975435290014435741e-01
3.975864172277742692e-01
3.975333841691603420e-01
3.975807952428696557e-01
3.975583834220148827e-01
3.974802608330212927e-01
3.974689489249277896e-01
3.974715101640167170e-01
3.974481761352450793e-01
3.974227786676257090e-01
3.974272474384501486e-01
3.974120794054111228e-01
3.974131199110579882e-01
3.974877448080877951e-01
3.974025070460776021e-01
3.974381836403693136e-01
3.974096271005875258e-01
3.975165868294572857e-01
3.974063546279341663e-01
3.973870357982136614e-01
3.973970456222225001e-01
3.974362121585408580e-01
3.973861427221797582e-01
3.974230567805489001e-01
3.973904369304901429e-01
3.974293934828599384e-01
3.973940531429296374e-01
3.975038338783694059e-01
3.974167809531398698e-01
3.974805528804526977e-01
3.974150362304196271e-01
3.973985516644715221e-01
3.973916899917853129e-01
3.975004028642898923e-01
3.973958886715642791e-01
3.974132696552562516e-01
3.973813673281668679e-01
3.974167797508147970e-01
3.974671501750869917e-01
3.973896748817854485e-01
3.974070321355500646e-01
3.974347569158303561e-01
3.974116202029541745e-01
3.974557244943123235e-01
3.973837117352933546e-01
3.974396469904845075e-01
3.973969225533123262e-01
3.974072215074359038e-01
3.973606621144930573e-01
3.974102474883053349e-01
3.973673530443743163e-01
3.973883686188640074e-01
3.973493272397573550e-01
3.973190704074232582e-01
3.973370626718842891e-01
3.973115560817997438e-01
3.972911785208032565e-01
3.973453880527236803e-01
3.972975713269524811e-01
3.973296833999767075e-01
3.972971031237012562e-01
3.973961394076056530e-01
3.973047603678498962e-01
3.974110709364754301e-01
3.973414522931413284e-01
3.973067004108592482e-01
3.973088695082020450e-01
3.974019640937892506e-01
3.972882493582967078e-01
3.973310559092180227e-01
3.972824665184630510e-01
3.973719523853727065e-01
3.972794741849025035e-01
3.973138344628789342e-01
3.973052047478538573e-01
3.973121897458469221e-01
3.972882290030593788e-01
3.973124226248114788e-01
3.973344229858550847e-01
3.972766103780048241e-01
3.972909645238354437e-01
3.973184683788139604e-01
3.973253294321155704e-01
3.972654143960144268e-01
3.973065463708757572e-01
3.972455660829974922e-01
3.972597308548316830e-01
3.972935006637411948e-01
3.972639711455637213e-01
3.972405530790237282e-01
3.972602984232698753e-01
3.972295310773505395e-01
3.972207184246183687e-01
3.972605649035352848e-01
3.972270913585995156e-01
3.972707592128448262e-01
3.972356680299230502e-01
3.972531212486088981e-01
3.972354607712424990e-01
3.972707613214762068e-01
3.972291746639515786e-01
3.972983058413184221e-01
3.972324843441976117e-01
3.971917468786954619e-01
3.971768448399870532e-01
3.971639959458510560e-01
3.971802723682884562e-01
3.971565707070450202e-01
3.971780555365546639e-01
3.972262346191251514e-01
3.971598892726755925e-01
3.971994526099861811e-01
3.971615182002638522e-01
3.971782125768710814e-01
3.972281793435474828e-01
3.971939926068638327e-01
3.971445561757361298e-01
3.971911325325325759e-01
3.971613518552617461e-01
3.971408140992173652e-01
3.971520777971854765e-01
3.974009442028002548e-01
3.971605739326318218e-01
3.971852739117985864e-01
3.971564184298401745e-01
3.971641113164694481e-01
3.971579392836194211e-01
3.971816436997008815e-01
3.971549023687823143e-01
3.971507136187767406e-01
3.971392539423496681e-01
3.971790618116098348e-01
3.971256861473054789e-01
3.972585716922357735e-01
3.971382945452462399e-01
3.971660167039234302e-01
3.971202110908344518e-01
3.971361728373409283e-01
3.971252592758407474e-01
3.971806052645701079e-01
3.971113578551267453e-01
3.971641993226464051e-01
3.971230505989695736e-01
3.971336763806009862e-01
3.971008778595056521e-01
3.971757014411863018e-01
3.970987316795921429e-01
3.971200373108510484e-01
3.971013400979649388e-01
3.970997820120038546e-01
3.970887763790550973e-01
3.971153573696016847e-01
3.970588667332637378e-01
3.970964225663176639e-01
3.970697138657690028e-01
3.971047964602882341e-01
3.970615863688429226e-01
3.970779550935786273e-01
3.970634519384581007e-01
3.970744830490209876e-01
3.970598413678209648e-01
3.970777308659931282e-01
3.970628544130130888e-01
3.971090246910928268e-01
3.970560038830049376e-01
3.971599842403462644e-01
3.970525623719570740e-01
3.971078460476228922e-01
3.970779804182179573e-01
3.970925315057060034e-01
3.970477462853997941e-01
3.970800527671249358e-01
3.970555230469461350e-01
3.971836048318490020e-01
3.970629224868209017e-01
3.970688629922938806e-01
3.970599483815676622e-01
3.971289787125341086e-01
3.970464350980964507e-01
