9.957417075321101096e-01
9.957417075321101096e-01
9.957417075321101096e-01
9.774181320742035828e-01
9.783898519569026453e-01
9.988805211801421446e-01
9.341147683097562604e-01
9.341147683097561494e-01
9.341147683097564824e-01
9.341147683097562604e-01
9.341147683097562604e-01
9.341147683097564824e-01
9.149853191274401887e-01
8.551534813496901588e-01
8.551534813496899368e-01
8.551534813496901588e-01
8.551534813496901588e-01
9.463635052839886042e-01
8.551534813496899368e-01
8.551534813496901588e-01
9.360342905579259742e-01
8.551534813496901588e-01
8.709665067763500135e-01
8.551534813496901588e-01
8.807519298792931828e-01
8.664868987632988739e-01
8.515915423206491530e-01
8.515915423206489310e-01
8.622133289509348320e-01
8.515915423206489310e-01
8.586681335674646309e-01
8.515915423206489310e-01
8.660560381638751082e-01
8.653909635558695301e-01
8.649572723991234557e-01
9.063170405383184081e-01
8.447348911098545576e-01
8.649945172234716484e-01
8.527101878215999076e-01
8.375231900532524865e-01
8.373565298659183531e-01
8.368792789252869069e-01
8.367719105909734445e-01
8.433105990609019997e-01
8.363085419342781712e-01
8.301515316392712451e-01
8.297731239168503192e-01
8.287158619199171961e-01
8.284060713013843280e-01
8.844751485407064129e-01
8.274089260052067685e-01
8.380718670827779215e-01
8.223544825047409690e-01
7.964164625438896472e-01
8.326940682538468419e-01
7.964164625438895362e-01
7.946523992113014856e-01
7.946523992113014856e-01
7.952454250893146170e-01
7.945851954772121806e-01
8.040855518323128948e-01
7.938043247623921550e-01
8.073479699491046269e-01
7.939859968870986995e-01
8.026850832658584123e-01
8.067552371763901942e-01
8.190095497775329303e-01
7.937198382805967789e-01
7.965848932167159946e-01
7.935925011295023035e-01
8.085514317114148586e-01
7.935782372018250763e-01
7.938538212697530128e-01
7.937935150142950702e-01
7.979083230698038598e-01
8.027129713978695680e-01
7.935782372018250763e-01
7.960521115879650722e-01
7.939022625702270020e-01
7.981690864945191199e-01
7.937030384459711208e-01
7.932853612398543808e-01
7.925381188714885061e-01
7.847029670117591227e-01
7.873959077583585486e-01
7.847029670117593447e-01
7.837767169609484164e-01
7.840692137432997422e-01
7.875968267893396213e-01
7.836082478437929044e-01
7.838948458542511766e-01
7.843110511323627687e-01
7.824099943947389058e-01
7.821612998714151388e-01
7.806905926206663127e-01
7.815843839333467269e-01
7.813445617489578332e-01
7.807483567832828042e-01
7.813158499952900238e-01
7.806905926206665347e-01
7.809315736916463413e-01
7.849374554400918580e-01
7.814983403571961196e-01
7.818418118439789399e-01
7.894640747307958284e-01
7.795557567046387248e-01
7.878125853731933192e-01
7.796686333122400114e-01
7.909166983018128816e-01
7.820567504687807592e-01
7.795557567046385028e-01
7.807128779759199277e-01
7.793172137409436484e-01
7.801975361312876167e-01
7.793188204126660912e-01
7.794408702053956528e-01
7.794034164227657824e-01
7.797401941244318513e-01
7.794649366660690859e-01
7.796628512145732381e-01
7.793870977349761642e-01
7.796489259505582359e-01
7.797021703910429480e-01
7.795591849152112562e-01
7.794519954587406652e-01
7.789401351396608719e-01
7.792517736301276532e-01
7.788953674850516151e-01
7.797399262043489543e-01
7.789579540989435280e-01
7.780763211170848015e-01
7.781274369792890999e-01
7.781106036000629000e-01
7.773890810462873446e-01
7.769617684257454915e-01
7.767400672612257972e-01
7.767077576502269265e-01
7.763441258311191140e-01
7.765775170112864112e-01
7.755502011193016187e-01
7.749713580912297450e-01
7.744587333601534729e-01
7.740720977208170872e-01
7.743204252190380998e-01
7.740569200777884795e-01
7.739071637751229193e-01
7.738896057190729483e-01
7.737179230008146558e-01
7.737002275046724886e-01
7.733424779020156015e-01
7.734934228962945246e-01
7.738512283241399947e-01
7.734017639201240524e-01
7.731332552316859674e-01
7.728695592260714786e-01
7.724731285226186239e-01
7.724616565449781147e-01
7.724558277410805696e-01
7.724432098409905745e-01
7.724202328726764710e-01
7.726174078258274402e-01
7.726044469769751677e-01
7.736792812092772031e-01
7.724295584521920777e-01
7.719882617527153990e-01
7.719998404295884686e-01
7.720829017970978203e-01
7.721016378532248314e-01
7.713970680240438416e-01
7.718252353360836038e-01
7.713731057234393118e-01
7.714096787566470104e-01
7.712845436306313696e-01
7.720198573900511896e-01
7.710808437403573468e-01
7.715891602226123691e-01
7.711120819687822259e-01
7.706634776945778809e-01
7.707265850382227779e-01
7.706593803802186393e-01
7.706584889816691097e-01
7.706710880226091964e-01
7.709005745770088902e-01
7.706234275988083082e-01
7.709226558665630558e-01
7.706238289747509018e-01
7.707999784661186959e-01
7.706372487480337430e-01
7.731844773886384914e-01
7.703233724635426549e-01
7.694404116524321546e-01
7.696406376756949053e-01
7.695225517863875098e-01
7.695483935825593313e-01
7.694259988287825980e-01
7.700702543955231238e-01
7.694458802713519674e-01
7.708267809401307957e-01
7.693044372178945434e-01
7.684952572599015319e-01
7.684016947972573952e-01
7.684563184081456555e-01
7.680899355831776187e-01
7.680725370282327491e-01
7.675815809931234579e-01
7.674379055874703814e-01
7.671428802239206313e-01
7.671362141012002533e-01
7.667322164891994252e-01
7.666985316416540241e-01
7.665260830498039635e-01
7.670610552852540343e-01
7.658930362150916382e-01
7.664111843547180003e-01
7.662550972429782448e-01
7.655449096353097449e-01
7.644459386534326883e-01
7.642271432659174524e-01
7.631446766828917649e-01
7.632082903891824754e-01
7.633265654913801157e-01
7.626184239388019703e-01
7.626068050695297140e-01
7.622984902589339251e-01
7.622749893902484031e-01
7.621159545066609198e-01
7.622401714419734242e-01
7.624674185637433377e-01
7.621030670238940763e-01
7.618052623317870253e-01
7.618255425271500680e-01
7.614803979522242194e-01
7.614734732774524062e-01
7.613595711055475279e-01
7.613683653200796764e-01
7.613236378628881473e-01
7.611966875275750777e-01
7.608579584424883802e-01
7.609785107783278990e-01
7.611266812370994783e-01
7.606159902609151979e-01
7.606174375917493791e-01
7.605162881419804677e-01
7.606614971579600537e-01
7.602448020936324324e-01
7.603718739461365894e-01
7.602333541956175500e-01
7.603115172744419059e-01
7.601273095730921581e-01
7.601212214460513206e-01
7.600886805242843547e-01
7.601643627029391892e-01
7.601539991010043407e-01
7.611319075284908031e-01
7.601079072206521348e-01
7.599625646812254720e-01
7.603680371721738274e-01
7.595962104676464710e-01
7.599653077853774086e-01
7.598848342028361458e-01
7.602638158872881968e-01
7.595941441888607315e-01
7.594819965399989270e-01
7.594451224179722404e-01
7.606303915671931426e-01
7.594500200027081149e-01
7.592067845984573626e-01
7.592349775341904472e-01
7.587168195829921968e-01
7.584705200149783888e-01
7.584598245943515726e-01
7.585424286598895227e-01
7.584521253618864423e-01
7.585298441259282765e-01
7.584615388044498863e-01
7.584757308949428012e-01
7.585024513221363396e-01
7.578226951396184186e-01
7.573402583764431428e-01
7.571968021278673300e-01
7.565354383806945915e-01
7.564445526967146227e-01
7.564436743630776894e-01
7.562284425250430653e-01
7.562032537958705003e-01
7.562098070564574614e-01
7.562118713260174152e-01
7.561921938819036182e-01
7.562008170115371852e-01
7.562944457606426418e-01
7.563997855975683748e-01
7.560219669319475644e-01
7.560978456322369201e-01
7.558466169752466879e-01
7.558763432504768121e-01
7.548412622388619431e-01
7.542557364166798672e-01
7.537760365825454389e-01
7.542193869325941602e-01
7.537858150227572107e-01
7.540109652714734878e-01
7.537295322603850822e-01
7.538750504639805117e-01
7.537686722090286562e-01
7.536814936109399454e-01
7.535821598412770772e-01
7.534363091177100902e-01
7.534645712838037301e-01
7.533166588867923341e-01
7.533143947205092061e-01
7.534086631333816175e-01
7.533157512983912341e-01
7.533885094591846743e-01
7.533300320488548474e-01
7.535103172701353991e-01
7.530502736247874918e-01
7.539231961733079412e-01
7.532976494824423774e-01
7.534216503774856522e-01
7.530193680544111645e-01
7.530821121323610923e-01
7.530217016658345974e-01
7.530475511217943341e-01
7.530259898470811342e-01
7.532426734232500198e-01
7.530879576007163401e-01
7.530639487768360230e-01
7.530527210076961575e-01
7.530311170352039785e-01
7.530754498948371012e-01
7.530087151785747057e-01
7.530557985592128967e-01
7.530370999266816634e-01
7.530665745072896433e-01
7.531473150623598789e-01
7.527226852512147737e-01
7.527604258729805320e-01
7.527162658260651007e-01
7.525897808030388436e-01
7.525715859099703087e-01
7.525896512965088991e-01
7.525509160165659850e-01
7.525391746424635597e-01
7.526153545502646258e-01
7.525338602724520598e-01
7.526051713721252368e-01
7.524862917728453171e-01
7.522229412971599416e-01
7.523203591336129481e-01
7.522189432443939783e-01
7.521810264766978227e-01
7.521757515494477131e-01
7.521394650797683656e-01
7.521396224904824956e-01
7.521403661634465942e-01
7.523106570799645842e-01
7.519323717451046329e-01
7.518070735036813668e-01
7.517298573337517498e-01
7.517342681814879191e-01
7.518988228516272354e-01
7.518024440369642791e-01
7.515876072014959774e-01
7.514913600104984326e-01
7.515172301161789914e-01
7.515293809866744335e-01
7.514982192652570614e-01
7.514373531059214129e-01
7.514560771735305789e-01
7.516664311449628988e-01
7.514097452670693844e-01
7.513451141817661938e-01
7.513477689252806568e-01
7.514042583757766236e-01
7.513546105552180165e-01
7.513358332238818660e-01
7.513340991295565097e-01
7.514230965178525512e-01
7.513300557106955546e-01
7.514394548924149264e-01
7.513277221711168741e-01
7.513960898447253900e-01
7.513129426130188415e-01
7.514694353342170619e-01
7.513578641177187656e-01
7.511552615346031025e-01
7.511155299200883428e-01
7.511199840906267466e-01
7.511151055481141148e-01
7.511062717850819359e-01
7.510973235046266572e-01
7.512298569145003935e-01
7.510415276197903722e-01
7.508932409074338121e-01
7.507437832905018427e-01
7.507542435507780221e-01
7.507421118858763620e-01
7.507359640821609226e-01
7.507548415953583243e-01
7.507637973442762291e-01
7.507376279443586098e-01
7.508660938532090157e-01
7.507366989999861850e-01
7.508291806471522056e-01
7.507483657284482748e-01
7.510018237868608670e-01
7.507365455702381674e-01
7.506783128569717300e-01
7.506888116488328322e-01
7.506184573141989613e-01
7.506147655404118435e-01
7.506952350417017694e-01
7.506500855716462528e-01
7.507069107555388587e-01
7.506168338502960946e-01
7.509699394799200789e-01
7.506166381929348930e-01
7.504389435443317158e-01
7.504437870928120091e-01
7.504323718518538522e-01
7.504677768218319667e-01
7.504344792853050450e-01
7.504269225685878952e-01
7.504226001160224646e-01
7.504686843415643294e-01
7.504169017963621124e-01
7.504357566423709436e-01
7.504400687924970281e-01
7.503945149481684451e-01
7.503825427702530693e-01
7.504172694841573232e-01
7.505889241321449523e-01
7.502934300326807859e-01
7.501619164233132020e-01
7.501974480099388165e-01
7.501907589232510443e-01
7.502088030679604502e-01
7.501972321311316527e-01
7.502267928300461186e-01
7.502146851264652749e-01
7.501195447346086231e-01
7.500095685348033836e-01
7.499682059210998064e-01
7.499870424211101394e-01
7.499968852128967578e-01
7.499973668320920606e-01
7.499749728508737778e-01
7.499703805105012444e-01
7.499195105648235327e-01
7.499311456113937346e-01
7.498931461776727758e-01
7.499014540730210010e-01
7.498796434580581316e-01
7.498741631077050496e-01
7.499835068345673816e-01
7.498699442993489450e-01
7.498076624025419301e-01
7.498144149510226342e-01
7.499140602428626678e-01
7.497726180436478094e-01
7.498395327048289483e-01
7.497694162594388256e-01
7.498593064511835937e-01
7.497790373970240063e-01
7.497722261098155316e-01
7.497762069271075580e-01
7.497919500200398435e-01
7.497759574364400992e-01
7.498261686681780835e-01
7.497564471941867703e-01
7.497790203111813767e-01
7.497635457536917514e-01
7.497939122638082043e-01
7.497747559396226169e-01
7.497601983897859146e-01
7.497398857574575359e-01
7.497367941567101290e-01
7.496770488750968964e-01
7.496478104496706596e-01
7.496319630607036766e-01
7.496407556671644823e-01
7.495842789468463163e-01
7.495612102238379260e-01
7.495589875801540458e-01
7.495583826902227909e-01
7.495549317305949533e-01
7.495460401256961447e-01
7.495505927571803895e-01
7.495449076320155335e-01
7.495491816076971237e-01
7.495414956128033657e-01
7.495421105287360941e-01
7.495414484014545353e-01
7.495403216033543758e-01
7.495301635568578646e-01
7.495853340309224233e-01
7.495225844149854266e-01
7.494666524207019842e-01
7.494947067995157974e-01
7.494649991088777607e-01
7.494604583725349434e-01
7.494599843919922399e-01
7.494482259706903848e-01
7.494437527648387665e-01
7.494312779183867068e-01
7.494253028931671112e-01
7.494337778740389755e-01
7.494053920068954877e-01
7.494245983296161651e-01
7.494290192934695005e-01
7.494058681633414265e-01
7.493939000735717615e-01
7.493980450952206773e-01
7.493843758420046797e-01
7.493823846976264136e-01
7.493796957435862049e-01
7.493774895892174603e-01
7.493820314905310642e-01
7.493767233948487316e-01
7.493609758115336028e-01
7.493650939417098034e-01
7.493831748521103675e-01
7.493501704267251373e-01
7.493638702713335542e-01
7.493452958321358270e-01
7.493431498196125862e-01
7.493458723835434432e-01
7.493366057925900936e-01
7.493371195704658927e-01
7.493289032375290981e-01
7.493283877952457983e-01
7.493325583784942179e-01
7.493284408225205917e-01
7.493309279077470242e-01
7.493175879904809822e-01
7.493149882659194683e-01
7.493172120665144709e-01
7.493208377768054707e-01
7.492831446686919472e-01
7.493044230157612784e-01
7.493092768658337066e-01
7.492475869547779999e-01
7.492346393895154000e-01
7.492248782641734994e-01
7.492176077420710234e-01
7.492048938761863841e-01
7.492053069700685963e-01
7.492383619936354711e-01
7.492022497879076148e-01
7.492072797998565736e-01
7.492031069250351116e-01
7.492048142660501231e-01
7.492030650561914973e-01
7.492043130230604531e-01
7.491842539692045166e-01
7.491889876160993111e-01
7.491830814361145618e-01
7.491859470174846436e-01
7.491817843809508437e-01
7.491877776776305620e-01
7.491812756423691377e-01
7.492233161201720115e-01
7.491754507661676499e-01
7.492189182710269346e-01
7.491734803089479255e-01
7.491923250472760643e-01
7.491669913668468350e-01
7.491330301765344313e-01
7.491367749077711968e-01
7.491379902454989859e-01
7.491247806099187168e-01
7.491254427605154032e-01
7.491251012201644022e-01
7.491258418355627446e-01
7.491226327490717596e-01
7.491012951667579411e-01
7.490741936098180842e-01
7.490482947957745052e-01
7.490244446558175229e-01
7.490102031969090302e-01
7.490000017526136089e-01
7.489934705053690189e-01
7.489939352666011851e-01
7.489825657287578764e-01
7.489778102300503893e-01
7.489773857992224615e-01
7.489760682635016042e-01
7.489762285408168019e-01
7.489749620949369691e-01
7.489732512619442506e-01
7.489852326457377973e-01
7.489759007783577394e-01
7.489573647372204102e-01
7.489497647515646062e-01
7.489495789270013137e-01
7.489458882344399715e-01
7.489466142740304200e-01
7.489391841679255979e-01
7.489727674736212926e-01
7.489394175221993910e-01
7.489289398704882528e-01
7.489260450540163871e-01
7.489259274054357318e-01
7.489220878951707849e-01
7.489218113219242579e-01
7.489282699817325639e-01
7.489175441693787239e-01
7.488989021345726638e-01
7.489003377081495660e-01
7.488989294559059706e-01
7.488999097068423927e-01
7.488995522593989707e-01
7.489076035678335908e-01
7.489034653037800471e-01
7.488829947296770095e-01
7.488690099091204200e-01
7.488606317366126586e-01
7.488576763937812020e-01
7.488579713952135952e-01
7.488571300979900425e-01
7.488545111633297946e-01
7.488692113927413185e-01
7.488558369066252718e-01
7.488390436389663618e-01
7.488324612893701993e-01
7.488325366325112586e-01
7.488247236459208978e-01
7.488298525968437591e-01
7.488362236351269186e-01
7.488050385907241147e-01
7.487837578909647407e-01
7.487622999699010684e-01
7.487426999586607179e-01
7.487272280774615041e-01
7.487123192875652089e-01
7.487039630200437168e-01
7.487033958340731932e-01
7.487013179449937272e-01
7.486924478476941758e-01
7.486815169208043130e-01
7.486600505444245268e-01
7.486507718682309243e-01
7.486482854515330576e-01
7.486469963206643374e-01
7.486389554744695696e-01
7.486375649154528578e-01
7.486275115460024887e-01
7.486139898094477108e-01
7.485977746628305063e-01
7.485924201222210472e-01
7.485877370690201538e-01
7.485606003550968612e-01
7.485427921839910015e-01
7.485217690834149451e-01
7.485178018472488093e-01
7.485164467564037194e-01
7.485212801159919493e-01
7.485131197459293784e-01
7.485113874708868575e-01
7.485129062714757087e-01
7.485103156197141505e-01
7.485099512399916444e-01
7.485131491377754465e-01
7.485081304979802619e-01
7.484980357135808671e-01
7.485000160541508407e-01
7.484944091722622872e-01
7.485008349780715164e-01
7.484882008754182303e-01
7.484857130020748928e-01
7.484715580794220058e-01
7.484517382265625240e-01
7.484492405125910963e-01
7.484481329500880520e-01
7.484307168880908190e-01
7.484214206359368626e-01
7.483978578466528031e-01
7.483900697399251678e-01
7.483899814437702247e-01
7.483747417555571824e-01
7.483644610816421183e-01
7.483543050175887057e-01
7.483571455917874538e-01
7.483549544162387823e-01
7.483456120561325919e-01
7.483282477333135230e-01
7.483206782077358454e-01
7.483202557158702417e-01
7.483105742475326672e-01
7.483000061505423739e-01
7.482805855065749467e-01
7.482634612009775310e-01
7.482620685717074061e-01
7.482624856705926142e-01
7.482604767892483411e-01
7.482717618527074954e-01
7.482271291588612483e-01
7.482094943055181968e-01
7.481998525793164267e-01
7.481951808500070245e-01
7.481930766081678064e-01
7.481891250930553516e-01
7.481875198349405842e-01
7.481921613528447201e-01
7.481858973197061946e-01
7.481847470367677388e-01
7.481827877948945549e-01
7.481828027232877432e-01
7.481832521318076967e-01
7.481809652546003164e-01
7.481775953789955302e-01
7.481730354425433216e-01
7.481833079270946429e-01
7.481789493616380904e-01
7.481806565904393080e-01
7.481488096891710793e-01
7.481430157347795928e-01
7.481424948906653105e-01
7.481387340387760654e-01
7.481618606469087052e-01
7.481272340424225398e-01
7.481348011782726903e-01
7.481272632412080403e-01
7.481108747338914844e-01
7.481094669454202428e-01
7.481060830372116000e-01
7.481087197442524150e-01
7.481027715609934736e-01
7.481022235937727638e-01
7.480964014083084646e-01
7.480974525450305723e-01
7.480881671997323679e-01
7.480878741375990293e-01
7.480841464609443436e-01
7.480802940925407318e-01
7.481020138150233922e-01
7.480681663547117388e-01
7.480517329489499989e-01
7.480463624177503545e-01
7.480498938565345313e-01
7.480449804338787922e-01
7.480450035872935333e-01
7.480491567941355280e-01
7.480449563873911023e-01
7.480514445801363932e-01
7.480454129737728053e-01
7.480472887355757994e-01
7.480448591293837879e-01
7.480466270403527407e-01
7.480454191670995456e-01
7.480513524951961646e-01
7.480548120240448906e-01
7.480252121350875472e-01
7.480201060890648845e-01
7.480192994110324012e-01
7.480138891674914525e-01
7.480126255985124484e-01
7.480094769987851722e-01
7.480210464948040539e-01
7.480201248872446751e-01
7.479969873746780129e-01
7.479748120026299407e-01
7.479681991223378068e-01
7.479682124014168654e-01
7.479647970475513663e-01
7.479643824747790326e-01
7.479659459467766780e-01
7.479646853003446560e-01
7.479657570169417902e-01
7.479642628720595265e-01
7.479660553893217045e-01
7.479642916332134295e-01
7.479687939597517987e-01
7.479645212451159209e-01
7.479782378595724035e-01
7.479822381695727662e-01
7.479465339183518635e-01
7.479279991908447389e-01
7.479255054878871656e-01
7.479242366972539413e-01
7.479226565006111827e-01
7.479198560655382355e-01
7.479242334790188185e-01
7.479234670816146124e-01
7.479154715981793933e-01
7.479070805364349539e-01
7.478958622580689219e-01
7.478918798711546856e-01
7.478918988877444329e-01
7.478869136463085487e-01
7.478871056647656834e-01
7.478887314161756228e-01
7.478882007079944438e-01
7.478875924593733071e-01
7.478876104728336971e-01
7.478884162058045959e-01
7.478871621203148079e-01
7.478893650978223340e-01
7.478864077662095156e-01
7.479130892643852668e-01
7.478791298756752859e-01
7.478573109304338384e-01
7.478538706458990326e-01
7.478536475313721787e-01
7.478529697220009931e-01
7.478517187706343883e-01
7.478781629101125539e-01
7.478475077855921693e-01
7.478296390089538281e-01
7.478283779297446587e-01
7.478285883208768414e-01
7.478373744792489175e-01
7.478290483199182548e-01
7.478179153192388018e-01
7.478188538645424988e-01
7.478163221272370320e-01
7.478162781820165694e-01
7.478149182668305528e-01
7.478151161453533424e-01
7.478156360975514172e-01
7.478133625668788032e-01
7.478372336914664853e-01
7.478074879841938305e-01
7.477881917552995361e-01
7.477926672823468346e-01
7.477876773526946907e-01
7.477860427504686713e-01
7.477855186000722520e-01
7.477859345985985451e-01
7.477832933911974234e-01
7.477915171726787769e-01
7.477841672368166215e-01
7.477897861383250300e-01
7.477837212754685492e-01
7.477921360079492485e-01
7.477801580129065373e-01
7.477588485793301709e-01
7.477564130679559273e-01
7.477565352308055413e-01
7.477563593594509506e-01
7.477567590484628379e-01
7.477558984508571038e-01
7.477554084321789141e-01
7.477743344578918760e-01
7.477607731178261830e-01
7.477374986523628309e-01
7.477232565071884052e-01
7.477206794992535821e-01
7.477202651269431177e-01
7.477241922197569446e-01
7.477206610753097671e-01
7.477195707494039834e-01
7.477194569896328247e-01
7.477180837674917147e-01
7.477181042173203229e-01
7.477179564846908599e-01
7.477145827557828417e-01
7.477318042096510187e-01
7.477148506362445435e-01
7.476933601366044790e-01
7.476862871254846832e-01
7.476853587100679155e-01
7.476841320503998523e-01
7.476847601862063319e-01
7.476883209180273937e-01
7.476823135187086189e-01
7.476952919174376655e-01
7.476768852414980016e-01
7.476597397794967348e-01
7.476587305646280601e-01
7.476592305338143341e-01
7.476554417217730064e-01
7.476571065306342190e-01
7.476603273132195193e-01
7.476553217276107333e-01
7.476648549711224501e-01
7.476555191153909652e-01
7.476563126941504489e-01
7.476561825561862662e-01
7.476615755592563861e-01
7.476539077433527192e-01
7.476621307391081439e-01
7.476594424188702792e-01
7.476308254961031574e-01
7.476282183595418518e-01
7.476267067382641462e-01
7.476267866391334005e-01
7.476238237517746077e-01
7.476327414479737588e-01
7.476206998401977444e-01
7.476093907394602001e-01
7.476047456216240450e-01
7.476050987616903454e-01
7.476025073000570620e-01
7.476029050276851162e-01
7.476022181943067224e-01
7.476015802882456374e-01
7.476033989045480777e-01
7.476036330290040111e-01
7.476013410624097189e-01
7.476020024462375346e-01
7.476073654121591083e-01
7.476008102303094427e-01
7.476176355070326407e-01
7.475941038178172127e-01
7.475691220687845640e-01
7.475689802975449272e-01
7.475696681385065601e-01
7.475656027804733483e-01
7.475642532234448856e-01
7.475676964979850458e-01
7.475636904144745687e-01
7.475640799266516368e-01
7.475620226492004639e-01
7.475688173476298104e-01
7.475613465115192868e-01
7.475562204042139891e-01
7.475560125131890388e-01
7.475410237693020932e-01
7.475382575383497930e-01
7.475383477753732020e-01
7.475357368889296028e-01
7.475345568113278549e-01
7.475309803941919684e-01
7.475288603593505110e-01
7.475253690326282285e-01
7.475135764905227465e-01
7.474849435753000426e-01
7.474799837693426596e-01
7.474800859855805779e-01
7.474737138561680094e-01
7.474704211962855949e-01
7.474685002112260168e-01
7.474741399226259020e-01
7.474677650499531589e-01
7.474733676591043263e-01
7.474672340337125132e-01
7.474692986403165262e-01
7.474668345256211266e-01
7.474647622291703541e-01
7.474653057336724249e-01
7.474650037818101334e-01
7.474638648834880383e-01
7.474410713466307365e-01
7.474375301682952832e-01
7.474373644804332972e-01
7.474387290729073152e-01
7.474354981637078010e-01
7.474358482993201935e-01
7.474342987984853304e-01
7.474411413265139581e-01
7.474333072977219494e-01
7.474444155213805230e-01
7.474352219055195867e-01
7.474186168552678922e-01
7.474171716511051056e-01
7.474154867321631812e-01
7.474155186581862287e-01
7.474157791548307062e-01
7.474140567624950604e-01
7.474135618287311988e-01
7.474139070297597387e-01
7.474144674989930959e-01
7.474221540098587857e-01
7.474103986061130245e-01
7.474178798872769258e-01
7.474187619961079054e-01
7.473986831977852408e-01
7.473979559176766596e-01
7.474048220455398184e-01
7.473948714313373154e-01
7.473959723937225741e-01
7.473939313761558401e-01
7.473938468163244808e-01
7.474109974982378057e-01
7.473882278808263724e-01
7.473704996034149506e-01
7.473750674096055757e-01
7.473723163302529171e-01
7.473696309258713866e-01
7.473698451973517232e-01
7.473671550503250272e-01
7.473668943116295038e-01
7.473719424960963975e-01
7.473681451263617381e-01
7.473633888427624328e-01
7.473630442308000221e-01
7.473650384192027651e-01
7.473624043382507409e-01
7.473851649874074798e-01
7.473531881296109347e-01
7.473315652170841039e-01
7.473301320626509758e-01
7.473296730511359565e-01
7.473299781979398926e-01
7.473293666072303720e-01
7.473498555721734826e-01
7.473273898215599953e-01
7.473197217180986840e-01
7.473176773769456549e-01
7.473218530178380448e-01
7.473181089654963305e-01
7.473015705305365852e-01
7.472977215267165851e-01
7.472982692475603761e-01
7.472975864107634925e-01
7.472981278854133880e-01
7.472960011845146688e-01
7.472958986287263627e-01
7.472937766729705888e-01
7.472918404799594461e-01
7.473130344532880054e-01
7.472867177457829246e-01
7.472680951563178686e-01
7.472688017113722214e-01
7.472684225671715197e-01
7.472680836178763331e-01
7.472685709549045097e-01
7.472696418472840607e-01
7.472680131929193559e-01
7.472696297214804773e-01
7.472679208347416946e-01
7.472717801813535399e-01
7.472748104749007414e-01
7.472789426870902751e-01
7.472661377769890256e-01
7.472458167405072738e-01
7.472392367431863747e-01
7.472362309104340072e-01
7.472369081049763384e-01
7.472319768642166071e-01
7.472324473446340098e-01
7.472327382047153632e-01
7.472306435991122875e-01
7.472486952464901799e-01
7.472322033237259742e-01
7.472126740626239272e-01
7.472090350667540681e-01
7.472093778426498467e-01
7.472093305919098594e-01
7.472096545255704214e-01
7.472085563935051411e-01
7.472084077738768704e-01
7.472095833057279535e-01
7.472085253899194424e-01
7.472095155516934595e-01
7.472081881954595328e-01
7.472285978499726422e-01
7.472037350082112450e-01
7.471833809564436546e-01
7.471764176302972960e-01
7.471597487495982293e-01
7.471452832571019442e-01
7.471326754687775962e-01
7.471281244144848399e-01
7.471281148880907219e-01
7.471206659716774778e-01
7.471181871005593278e-01
7.471184900006853091e-01
7.471156103252183378e-01
7.471212260281284712e-01
7.471051058641401399e-01
7.470908341154072208e-01
7.470870687951953748e-01
7.470923747348520161e-01
7.470795197746807892e-01
7.470773665463079638e-01
7.470728780467748020e-01
7.470710669874497389e-01
7.470685202661899726e-01
7.470682521048020996e-01
7.470681772186931191e-01
7.470700908640784954e-01
7.470683921167889929e-01
7.470677774442069374e-01
7.470677698668639621e-01
7.470624657699650450e-01
7.470532980869174500e-01
7.470517585186119414e-01
7.470467679324059862e-01
7.470483821215967435e-01
7.470515869819780441e-01
7.470463216738763013e-01
7.470498159444126651e-01
7.470459827678622711e-01
7.470491323077236290e-01
7.470460064131226874e-01
7.470498674398180494e-01
7.470480696600068082e-01
7.470497553281013614e-01
7.470457812718331869e-01
7.470326645746069305e-01
7.470298104117508720e-01
7.470358948222499684e-01
7.470273708761625553e-01
7.470287639383246248e-01
7.470279334301042073e-01
7.470261198150035531e-01
7.470269912657470091e-01
7.470257766384291731e-01
7.470376145504284970e-01
7.470229080248148579e-01
7.470076757334398465e-01
7.470033002027501867e-01
7.470021817400460673e-01
7.469986448778026533e-01
7.470002636776444938e-01
7.469972551055393817e-01
7.469971416181762081e-01
7.469988081957412707e-01
7.469969550948731829e-01
7.470056094341602781e-01
7.469944724015298299e-01
7.470050392075725521e-01
7.469892747711261993e-01
7.469775257823907388e-01
7.469775248469860962e-01
7.469765746130927475e-01
7.469703934745347551e-01
7.469696769976629236e-01
7.469734795878645306e-01
7.469683322652451718e-01
7.469842891482298963e-01
7.469646652157899691e-01
7.469757965820191803e-01
7.469727685483729118e-01
7.469626775004614139e-01
7.469655963513073260e-01
7.469504256028298705e-01
7.469448658822914755e-01
7.469482473453614713e-01
7.469447569072625859e-01
7.469444227542768600e-01
7.469480269531233452e-01
7.469433474486875113e-01
7.469553059586233612e-01
7.469435032860667345e-01
7.469298687016892035e-01
7.469224039614750232e-01
7.469145249460508174e-01
7.469131803638124900e-01
7.469187333993621003e-01
7.469116700309834656e-01
7.469128709723797943e-01
7.469115060132007766e-01
7.469104081237191162e-01
7.469104757079936263e-01
7.469110320427818639e-01
7.469062218863529168e-01
7.469184787053858576e-01
7.469139259914007178e-01
7.468892994241264072e-01
7.468882882335247109e-01
7.468877748834455987e-01
7.468860566943161805e-01
7.468864908573696892e-01
7.468865925057427413e-01
7.468857783272271345e-01
7.468881616254856581e-01
7.468846414238798914e-01
7.468969229083249894e-01
7.468897908842562217e-01
7.468798614565769212e-01
7.468800219066451529e-01
7.468828497903534647e-01
7.468777544237811261e-01
7.468671560361904715e-01
7.468705379068533157e-01
7.468677986024325754e-01
7.468687138901144440e-01
7.468658860681408607e-01
7.468869753854108229e-01
7.468631799490536016e-01
7.468507609295949035e-01
7.468503170467110097e-01
7.468493028966559644e-01
7.468475140709902593e-01
7.468469249410036870e-01
7.468488060218065883e-01
7.468463310125420529e-01
7.468460393903546546e-01
7.468456600286347280e-01
7.468537585630895537e-01
7.468451955554511468e-01
7.468460866000079523e-01
7.468416752970775674e-01
7.468281540674606145e-01
7.468289719017946471e-01
7.468348578782656455e-01
7.468172595828654892e-01
7.468094389260596655e-01
7.468058547074857279e-01
7.468046552275048322e-01
7.468030754647942970e-01
7.468035062388639345e-01
7.468062154394210506e-01
7.467992847250598532e-01
7.468143966698859160e-01
7.467935142278309124e-01
7.467931468908870496e-01
7.467911027782453415e-01
7.467853692931212262e-01
7.467878888477217370e-01
7.467799730952934256e-01
7.467803853963369543e-01
7.467799328584436847e-01
7.467808238024469247e-01
7.467843049628947183e-01
7.467798873484470246e-01
7.468016943166573274e-01
7.467811387537405254e-01
7.467904264802980308e-01
7.467748317944612468e-01
7.467611724238939486e-01
7.467628138842177243e-01
7.467602326203949259e-01
7.467577773679358044e-01
7.467584459475273828e-01
7.467601959804799350e-01
7.467578305004008987e-01
7.467621641311430469e-01
7.467572292002861989e-01
7.467664403084184332e-01
7.467658768456133522e-01
7.467453584926553312e-01
7.467456589544856360e-01
7.467432896140818732e-01
7.467315275561489107e-01
7.467293230761371525e-01
7.467284356188619299e-01
7.467301528548639933e-01
7.467284259839180871e-01
7.467260025685956704e-01
7.467365448015763629e-01
7.467300055051199204e-01
7.467173672476631330e-01
7.467104348579366446e-01
7.467098175882117550e-01
7.467127460748085310e-01
7.467089067126080337e-01
7.467090238390742263e-01
7.467093423227458837e-01
7.467103567163352329e-01
7.467088533684811402e-01
7.467116576434605912e-01
7.467104238010607853e-01
7.467117370471378912e-01
7.467070598586810215e-01
7.467211213884791254e-01
7.467070899327106215e-01
7.467146934597833630e-01
7.467063087871013138e-01
7.466927991112290997e-01
7.466941233749522233e-01
7.466920407711480356e-01
7.466970076945984580e-01
7.466950136884561440e-01
7.466929819122724021e-01
7.466949368985089652e-01
7.466958412057839167e-01
7.466888537259103176e-01
7.466891445619880940e-01
7.466822727840795038e-01
7.466787554933371762e-01
7.466768208619537495e-01
7.466767962177456308e-01
7.466762260543158281e-01
7.466763094527296696e-01
7.466754382064370033e-01
7.466757163587814938e-01
7.466755259109083553e-01
7.466751935297606391e-01
7.466782491035418579e-01
7.466772498123116497e-01
7.466680266829283097e-01
7.466648244898429487e-01
7.466651542905463623e-01
7.466621221442982792e-01
7.466619713187080398e-01
7.466598959716963524e-01
7.466599517676724140e-01
7.466598256519476617e-01
7.466631828228351697e-01
7.466591245300338020e-01
7.466627625941412161e-01
7.466586100386405356e-01
7.466490329833277428e-01
7.466455030968767170e-01
7.466438547559876016e-01
7.466441015853051422e-01
7.466436024339042632e-01
7.466437070766740458e-01
7.466442060548544868e-01
7.466433361775637323e-01
7.466430224628067824e-01
7.466428623676253373e-01
7.466448339084769126e-01
7.466436545567499694e-01
7.466487146601670233e-01
7.466377118193774365e-01
7.466315023557031916e-01
7.466250383678021407e-01
7.466224853632018599e-01
7.466233959930812514e-01
7.466211036248013855e-01
7.466211349135029041e-01
7.466192072042810990e-01
7.466211722661946215e-01
7.466193014164023145e-01
7.466227671482380535e-01
7.466193572814875390e-01
7.466145441046778686e-01
7.466104088329423849e-01
7.466094297485184050e-01
7.466083314587508291e-01
7.466092667441651676e-01
7.466045017570256404e-01
7.465975324247204892e-01
7.465941133580867861e-01
7.465927237690539453e-01
7.465928853534278264e-01
7.465888599050872765e-01
7.465842349341931250e-01
7.465853847863276327e-01
7.465836008745265762e-01
7.465850039908440428e-01
7.465836205921904112e-01
7.465788137784773459e-01
7.465877456610210405e-01
7.465788964590648336e-01
7.465758009096418180e-01
7.465759124963683435e-01
7.465693909877784140e-01
7.465661958256133435e-01
7.465647496910410297e-01
7.465647765874531272e-01
7.465639272090847101e-01
7.465628217841290271e-01
7.465616659371591135e-01
7.465597584997113456e-01
7.465554954335206217e-01
7.465547617755299292e-01
7.465573961789387925e-01
7.465564609911771177e-01
7.465564338736294658e-01
7.465456464717179497e-01
7.465421041804096713e-01
7.465402954601523255e-01
7.465403353305818390e-01
7.465367410715720853e-01
7.465352055931655517e-01
7.465360773202437406e-01
7.465337296707849069e-01
7.465334136187976588e-01
7.465369410425269914e-01
7.465330503889198166e-01
7.465267289674920592e-01
7.465245836821211567e-01
7.465238881426411455e-01
7.465253911548420662e-01
7.465252200553363915e-01
7.465205221180243322e-01
7.465184899913760441e-01
7.465187641278869801e-01
7.465182210391358986e-01
7.465181728307782594e-01
7.465211539372988980e-01
7.465165788302512428e-01
7.465087644460920435e-01
7.465093755944660625e-01
7.465079636881892799e-01
7.465082748715206051e-01
7.465068384273644275e-01
7.465061609320846614e-01
7.465063135284266682e-01
7.465052802327085679e-01
7.465054117025969882e-01
7.465005457142297463e-01
7.465001250160082646e-01
7.465001699672266788e-01
7.465016247596084620e-01
7.464992543064284947e-01
7.465025387967296755e-01
7.464976451896074838e-01
7.464894583467646116e-01
7.464870891857017243e-01
7.464864352015458948e-01
7.464848400866572753e-01
7.464852169238447299e-01
7.464806611852107254e-01
7.464744071830410332e-01
7.464749586678275373e-01
7.464742701616000620e-01
7.464736802026589180e-01
7.464740195516782473e-01
7.464726529088788753e-01
7.464730574104411209e-01
7.464738677128901490e-01
7.464763653458675874e-01
7.464683874704473032e-01
7.464675738897176283e-01
7.464652609836591735e-01
7.464644723627423817e-01
7.464641532382066957e-01
7.464565653476457063e-01
7.464530859355662518e-01
7.464528210691417920e-01
7.464528498356192143e-01
7.464523348177006801e-01
7.464524808318676596e-01
7.464526540238786145e-01
7.464533548602135804e-01
7.464469209372770475e-01
7.464490009241763202e-01
7.464472322279089855e-01
7.464416244010436685e-01
7.464427329731848637e-01
7.464410468538487109e-01
7.464414152943912306e-01
7.464411881555303996e-01
7.464416466108827475e-01
7.464369422543100097e-01
7.464339553718587483e-01
7.464319265101417855e-01
7.464310173202254317e-01
7.464291173276166313e-01
7.464252797198251965e-01
7.464234899618283903e-01
7.464240337308636342e-01
7.464268137063344577e-01
7.464279916044742613e-01
7.464178659295152007e-01
7.464119189949817157e-01
7.464100598482853455e-01
7.464098799965368514e-01
7.464081527700638929e-01
7.464085029534656135e-01
7.464077537652508143e-01
7.464073738528625990e-01
7.464023563443897835e-01
7.463981091865518058e-01
7.463980997029885378e-01
7.463977793577941666e-01
7.463968004406030810e-01
7.463968913827974117e-01
7.463996414486087083e-01
7.463971296934888144e-01
7.463968324342532545e-01
7.463887042685654061e-01
7.463859135881291129e-01
7.463844017351919380e-01
7.463842968071537909e-01
7.463808474646629332e-01
7.463829019375192164e-01
7.463810844442358983e-01
7.463810931631729151e-01
7.463822352260259807e-01
7.463835858042509042e-01
7.463783336639006061e-01
7.463748036289041821e-01
7.463719999977529440e-01
7.463691310358537834e-01
7.463698567821431817e-01
7.463691524809454858e-01
7.463686909418498772e-01
7.463690865185347301e-01
7.463685376540626359e-01
7.463685083335589443e-01
7.463700915860740359e-01
7.463686320876854463e-01
7.463700174562950540e-01
7.463685720523065559e-01
7.463752104820388089e-01
7.463718789815090293e-01
7.463599645856733300e-01
7.463569486998362645e-01
7.463553737549074585e-01
7.463553039273327361e-01
7.463553544800887174e-01
7.463550190766159442e-01
7.463554070359635917e-01
7.463550027672111176e-01
7.463582328690501200e-01
7.463548749919097780e-01
7.463514679765592685e-01
7.463460987388710333e-01
7.463466549221158264e-01
7.463458979149140138e-01
7.463454224766431500e-01
7.463428182565500224e-01
7.463419295744615489e-01
7.463414911468542190e-01
7.463418228913345498e-01
7.463413553316387006e-01
7.463399278075373289e-01
7.463444637744698351e-01
7.463429921676733025e-01
7.463342200694735862e-01
7.463336361864385538e-01
7.463372491438912126e-01
7.463275306235045425e-01
7.463278679732739951e-01
7.463260880801037001e-01
7.463261984667600712e-01
7.463229098971164710e-01
7.463235421266337655e-01
7.463226765213724079e-01
7.463194215225991135e-01
7.463164866841381917e-01
7.463122757286149156e-01
7.463120896277042338e-01
7.463120994928416074e-01
7.463120857072434999e-01
7.463118558908041766e-01
7.463123792591491723e-01
7.463128358468521517e-01
7.463123171865204686e-01
7.463133943516048197e-01
7.463071599056950722e-01
7.463034268721610021e-01
7.463000381294147001e-01
7.462985766731852211e-01
7.462985149612652025e-01
7.462982214190407859e-01
7.462984514176201900e-01
7.463036735120481824e-01
7.463046310152601226e-01
7.462894535570673282e-01
7.462844606569241090e-01
7.462814952479204234e-01
7.462819822442943174e-01
7.462815250072274420e-01
7.462811755852278850e-01
7.462814732256513039e-01
7.462800485063445510e-01
7.462802830184743774e-01
7.462797436657920835e-01
7.462800731525429665e-01
7.462786585254558291e-01
7.462776473369350239e-01
7.462833051967040499e-01
7.462752769852508683e-01
7.462701081819356208e-01
7.462649114677454287e-01
7.462622260003926034e-01
7.462621908171302998e-01
7.462587222153586053e-01
7.462566545199790236e-01
7.462566559198421379e-01
7.462593745026592229e-01
7.462587855282664107e-01
7.462567076630225449e-01
7.462495739617354129e-01
7.462478161097486629e-01
7.462476947198583010e-01
7.462482376827647146e-01
7.462477963890904453e-01
7.462471121624424386e-01
7.462472808213195252e-01
7.462469362740830059e-01
7.462469406613616574e-01
7.462465535637649028e-01
7.462466044792434028e-01
7.462479844463085765e-01
7.462465284024475398e-01
7.462486741984535321e-01
7.462505132740430147e-01
7.462423116653282840e-01
7.462450293739861795e-01
7.462457907029803605e-01
7.462361101870077507e-01
7.462328816240498819e-01
7.462308721013464208e-01
7.462288573605830866e-01
7.462304279421629882e-01
7.462284972139258121e-01
7.462290225533443344e-01
7.462275914829310519e-01
7.462292805870381907e-01
7.462268037401612597e-01
7.462250116976837377e-01
7.462264248985789328e-01
7.462205688554156557e-01
7.462198472561472062e-01
7.462193887537064141e-01
7.462185464071787733e-01
7.462200519564037293e-01
7.462170465342966574e-01
7.462170912415599933e-01
7.462125191741756369e-01
7.462093242771873358e-01
7.462105594744203874e-01
7.462118188854484080e-01
7.462131366512076980e-01
7.462094263542157213e-01
7.462036899129925738e-01
7.462006142788547569e-01
7.462007215655936943e-01
7.461983951710895457e-01
7.461984210013270502e-01
7.461976763902486987e-01
7.461974806359751300e-01
7.461986875603356939e-01
7.461978150566794810e-01
7.461996627725900888e-01
7.461974386510662471e-01
7.461988087366009381e-01
7.461976969258424797e-01
7.461965455977521700e-01
7.461980745564131823e-01
7.461934963478660254e-01
7.461982022169972861e-01
7.461912783885500389e-01
7.461866894727455790e-01
7.461865926189280573e-01
7.461859368267602655e-01
7.461863763381398895e-01
7.461862242464077921e-01
7.461829954407507293e-01
7.461828765595532875e-01
7.461846358111812183e-01
7.461856833079201223e-01
7.461799844606206156e-01
7.461798703552245948e-01
7.461780753664072341e-01
7.461780669125521737e-01
7.461776874549013172e-01
7.461776152706123266e-01
7.461769201381672767e-01
7.461768075390659005e-01
7.461748212331706931e-01
7.461738766471975870e-01
7.461729918957298313e-01
7.461769511316772574e-01
7.461716247259362333e-01
7.461694518424920597e-01
7.461668399601746327e-01
7.461646565587016777e-01
7.461643078618427349e-01
7.461641478929856852e-01
7.461641374540768368e-01
7.461665297073858394e-01
7.461642195312732095e-01
7.461647364773035251e-01
7.461640557552515762e-01
7.461654257968228787e-01
7.461643337526995268e-01
7.461667652644186077e-01
7.461642376446611102e-01
7.461667481007667746e-01
7.461676397119954007e-01
7.461580530036304726e-01
7.461565184386340643e-01
7.461571080569433523e-01
7.461556032006455563e-01
7.461554467174447147e-01
7.461548097349461894e-01
7.461594440597266731e-01
7.461486116703328619e-01
7.461449751604828373e-01
7.461426731785951727e-01
7.461423905738453488e-01
7.461391247199218313e-01
7.461387335504369167e-01
7.461386070554661964e-01
7.461384702050668505e-01
7.461391651853671592e-01
7.461386543762499324e-01
7.461387764276041779e-01
7.461386477542245599e-01
7.461383737203636235e-01
7.461381323680134070e-01
7.461378931839330875e-01
7.461390537586503058e-01
7.461374281191510693e-01
7.461336316316761197e-01
7.461273147333782330e-01
7.461248414538056428e-01
7.461213416262738596e-01
7.461203179908587613e-01
7.461202980094676640e-01
7.461218337603900963e-01
7.461193800618117766e-01
7.461244813658052255e-01
7.461195340175270641e-01
7.461158521344917194e-01
7.461157594824255890e-01
7.461156866318733316e-01
7.461148532716253001e-01
7.461159725805346365e-01
7.461146672049702167e-01
7.461111152988794126e-01
7.461109185308091307e-01
7.461103482025271960e-01
7.461102000196340178e-01
7.461097319516335480e-01
7.461095672170048321e-01
7.461096274600425016e-01
7.461082015510817067e-01
7.461106669246734269e-01
7.461092917447954553e-01
7.461044766121024407e-01
7.461050959485030498e-01
7.461043725513349933e-01
7.461033698056218633e-01
7.461033581855013308e-01
7.461030361293469193e-01
7.461029010310091802e-01
7.461037909976784288e-01
7.461029538156808139e-01
7.461043593399306895e-01
7.461028593567302636e-01
7.461053620310037493e-01
7.461024325835714510e-01
7.460996793173058084e-01
7.461011664414665123e-01
7.460979081046312800e-01
7.460933850820175017e-01
7.460934413176707469e-01
7.460936474361771209e-01
7.460928735583322036e-01
7.460948549075896441e-01
7.460933187068199413e-01
7.460897923556587541e-01
7.460897205892840223e-01
7.460865518368118288e-01
7.460868582368269664e-01
7.460865941142406088e-01
7.460852649765425948e-01
7.460859831281552168e-01
7.460866879665842832e-01
7.460854310646974907e-01
7.460846685519358923e-01
7.460845482174416343e-01
7.460827978135253780e-01
7.460820399649623624e-01
7.460811835749945331e-01
7.460815880357631880e-01
7.460829844999501415e-01
7.460760936913306551e-01
7.460759595109879294e-01
7.460760829749000234e-01
7.460756370791654657e-01
7.460757611733374040e-01
7.460765451781712354e-01
7.460755675301516954e-01
7.460762283173527631e-01
7.460757121223517974e-01
7.460773654338433980e-01
7.460754506653943796e-01
7.460764833927824302e-01
7.460756660259569850e-01
7.460752227716483942e-01
7.460751620957080110e-01
7.460754802990239298e-01
7.460780006297782485e-01
7.460704443919682349e-01
7.460679407635683047e-01
7.460665949939174757e-01
7.460660694407925675e-01
7.460674059376267708e-01
7.460660413514750289e-01
7.460641241236087851e-01
7.460638081913868458e-01
7.460617623657002095e-01
7.460616339317344137e-01
7.460618901478988096e-01
7.460615642893410060e-01
7.460614765151857286e-01
7.460615494112523560e-01
7.460614195341684907e-01
7.460614910142744360e-01
7.460614774230391877e-01
7.460613419420714099e-01
7.460610435157575271e-01
7.460611142264911289e-01
7.460641485185152133e-01
7.460611365803603290e-01
7.460646597559235094e-01
7.460589401539475807e-01
7.460533396483161050e-01
7.460530074706200887e-01
7.460529251770667836e-01
7.460537301880961758e-01
7.460552586111939277e-01
7.460523022596414755e-01
7.460516807259460759e-01
7.460486782855825227e-01
7.460437193596499705e-01
7.460417402226416916e-01
7.460415567019039740e-01
7.460401422531356408e-01
7.460400901037065324e-01
7.460378887288281469e-01
7.460377053197942976e-01
7.460375259870359876e-01
7.460378478960996151e-01
7.460373561612454463e-01
7.460373678901632832e-01
7.460372615247594652e-01
7.460354703988846259e-01
7.460313706275927270e-01
7.460294621814188565e-01
7.460257424242214830e-01
7.460263006531400176e-01
7.460261921442833399e-01
7.460262942866597857e-01
7.460252639850737388e-01
7.460222591331662212e-01
7.460171428191827436e-01
7.460155479374478427e-01
7.460153301618435151e-01
7.460148811629860877e-01
7.460130322639206835e-01
7.460118876630551510e-01
7.460127671086741463e-01
7.460108757602063045e-01
7.460104398301299344e-01
7.460081087354798468e-01
7.460075689088184747e-01
7.460077163672387268e-01
7.460039490558388886e-01
7.460005753116620841e-01
7.459967327777563550e-01
7.459917233365731537e-01
7.459883654541209497e-01
7.459876835314707133e-01
7.459874952304904605e-01
7.459873937602045091e-01
7.459866384794201499e-01
7.459820240344969822e-01
7.459872645331394603e-01
7.459814765925567581e-01
7.459784871444531396e-01
7.459782956165357248e-01
7.459770557611820063e-01
7.459769504045333788e-01
7.459775826920710395e-01
7.459766181171504362e-01
7.459751394410824021e-01
7.459751392298237249e-01
7.459753643105502263e-01
7.459754424383295834e-01
7.459747868682393701e-01
7.459751805585967954e-01
7.459803072614314967e-01
7.459738068736780914e-01
7.459690206403840618e-01
7.459651323391280897e-01
7.459634636281700093e-01
7.459624558727955268e-01
7.459623207082870522e-01
7.459629179874218696e-01
7.459623406798495671e-01
7.459615944747385319e-01
7.459632095266818252e-01
7.459615152669611948e-01
7.459614300521126840e-01
7.459613942771172734e-01
7.459623978784187814e-01
7.459610255591910821e-01
7.459591716753505297e-01
7.459589133799416905e-01
7.459608207376779987e-01
7.459593915140851905e-01
7.459650802039566875e-01
7.459591167694421543e-01
7.459546692162701831e-01
7.459564351788340320e-01
7.459543668794813565e-01
7.459539648935091805e-01
7.459537722676449212e-01
7.459559518466947203e-01
7.459537172186516685e-01
7.459500088236098447e-01
7.459540318641106893e-01
7.459499800102712408e-01
7.459487374416692296e-01
7.459486248673760089e-01
7.459448735998995828e-01
7.459428505961334110e-01
7.459428395751755980e-01
7.459420001859095040e-01
7.459417867238896660e-01
7.459409108743256800e-01
7.459409350544670136e-01
7.459416596921205622e-01
7.459433450889335626e-01
7.459370252155815839e-01
7.459343545884247195e-01
7.459345740879266273e-01
7.459342595588657199e-01
7.459339914376992287e-01
7.459340301849474164e-01
7.459325149653847076e-01
7.459328570162400140e-01
7.459324710926815705e-01
7.459322017165652685e-01
7.459322119702777032e-01
7.459328153192199551e-01
7.459321281707341766e-01
7.459331762093953655e-01
7.459318963341781128e-01
7.459320186209901227e-01
7.459310441963020732e-01
7.459269618272118541e-01
7.459269370482949357e-01
7.459258901553976751e-01
7.459235791087260870e-01
7.459253574955666544e-01
7.459241104603387962e-01
7.459217331796618167e-01
7.459223148567258876e-01
7.459233108762133302e-01
7.459217114221462497e-01
7.459250189329488245e-01
7.459223797270337908e-01
7.459192810916912553e-01
7.459191774139743991e-01
7.459188956132248860e-01
7.459191744533419932e-01
7.459196142422894749e-01
7.459187747836771853e-01
7.459182682731212433e-01
7.459177566345119859e-01
7.459186884479536150e-01
7.459176304677508362e-01
7.459181886231129877e-01
7.459200453042914569e-01
7.459157908370013246e-01
7.459150363764728286e-01
7.459147228520838224e-01
7.459147369646755843e-01
7.459147255195437420e-01
7.459147241828075758e-01
7.459147072171443682e-01
7.459147290356955562e-01
7.459147540844535129e-01
7.459154965210396115e-01
7.459146415672754937e-01
7.459146844640563989e-01
7.459146837131871433e-01
7.459147350392754117e-01
7.459147719906338292e-01
7.459141885882334400e-01
7.459128394889324998e-01
7.459130084144303119e-01
7.459128439106652575e-01
7.459126615598550281e-01
7.459122315589095109e-01
7.459121431240639533e-01
7.459148626979131835e-01
7.459083270971357260e-01
7.459073895623207218e-01
7.459085384043010469e-01
7.459065876189742150e-01
7.459068378886523076e-01
7.459064320080127652e-01
7.459062636771696120e-01
7.459060886422663739e-01
7.459062874028891121e-01
7.459058789577477366e-01
7.459058951996473397e-01
7.459058852532878259e-01
7.459057797633193987e-01
7.459076047330848169e-01
7.459084805778506411e-01
7.459033610246827983e-01
7.459030642109178988e-01
7.459032234783238291e-01
7.459037243262724992e-01
7.459032905888194342e-01
7.459030635521147756e-01
7.459027120140807599e-01
7.459051449538458556e-01
7.459011112175819580e-01
7.458972446202174478e-01
7.458969528419309158e-01
7.458972666083426573e-01
7.458953767741727248e-01
7.458941729412804644e-01
7.458942790816170954e-01
7.458933245539886014e-01
7.458933241815982607e-01
7.458932282007817438e-01
7.458932626784002817e-01
7.458932620631821830e-01
7.458934110324776379e-01
7.458932033249775495e-01
7.458956744638766123e-01
7.458903429831302834e-01
7.458894851644426449e-01
7.458901468259326872e-01
7.458885607214493785e-01
7.458890653899561407e-01
7.458877269752028916e-01
7.458852444311478980e-01
7.458836073552960189e-01
7.458795161203225499e-01
7.458791150166194095e-01
