1.033153162998642571e+00
1.034948748050827705e+00
1.035340161596749242e+00
1.029212849430080512e+00
1.021104038925566115e+00
1.089272941797857497e+00
1.023114294032648308e+00
1.020617544306998026e+00
1.017247136363437665e+00
1.017247136363437665e+00
1.017247136363437665e+00
1.016940374761445831e+00
1.028423114506413993e+00
1.040815878477574286e+00
1.037040448966296324e+00
1.016940374761445831e+00
1.023196466769590085e+00
1.064422257315304599e+00
1.021616394037568432e+00
1.016940374761445831e+00
1.016940374761445609e+00
1.016940374761445609e+00
1.036089947203754358e+00
1.039848864945071227e+00
1.012246330607073919e+00
9.805511854105299907e-01
9.805511854105301017e-01
9.805511854105297687e-01
9.805511854105301017e-01
9.805511854105299907e-01
9.805511854105299907e-01
9.834859577088171934e-01
9.833854652658076123e-01
9.805511854105299907e-01
9.805511854105297687e-01
9.805511854105299907e-01
9.980001901016146704e-01
9.805511854105299907e-01
9.805511854105297687e-01
9.391566425678909980e-01
1.005937029845777042e+00
9.399397120949812834e-01
9.229993776498872649e-01
9.224753781713636025e-01
9.226459077672505282e-01
9.106702324173697738e-01
9.254530655092774172e-01
8.951762381686576564e-01
9.416428465874007170e-01
8.642697642154153481e-01
8.697556116053778430e-01
8.642697642154153481e-01
8.762143587911084275e-01
8.642697642154153481e-01
8.687088912037156385e-01
8.650613986200222927e-01
9.172286220461048911e-01
8.642697642154153481e-01
8.759176991773275356e-01
8.642697642154153481e-01
8.663913901226886205e-01
8.642697642154152371e-01
8.696043301548748161e-01
8.642697642154152371e-01
8.984415024564649244e-01
8.642697642154155702e-01
8.977068715559849421e-01
8.734517710560041337e-01
8.524291984462538663e-01
8.591237608829109806e-01
8.854462540879175503e-01
8.524291984462535332e-01
8.338519103769046481e-01
8.338519103769046481e-01
8.267792859299983865e-01
8.267792859299982755e-01
8.203323034669084413e-01
8.203323034669084413e-01
8.162783838650357060e-01
8.162783838650357060e-01
8.361107957575585337e-01
8.157206649405334131e-01
7.841164580575602505e-01
7.886869238703519969e-01
8.314290400960234750e-01
7.838799203580792962e-01
7.830843582054105578e-01
8.557006707769364562e-01
7.688778400745787112e-01
7.294868787333941285e-01
7.510486454577731674e-01
7.368683252458688715e-01
7.741172043495370136e-01
7.228116948782462581e-01
7.478804566713659341e-01
7.200113801880388964e-01
7.720150818400073334e-01
7.028971997887597523e-01
6.901650854156651249e-01
6.859714230304440052e-01
7.002933833349265225e-01
6.859714230304440052e-01
6.964918641620907458e-01
6.859714230304438942e-01
6.923577226262647155e-01
6.859714230304438942e-01
6.920793493923854678e-01
6.859714230304440052e-01
7.423866883009101469e-01
6.859714230304432281e-01
7.052010823388832339e-01
6.859714230304440052e-01
7.114451460249013870e-01
6.859714230304435612e-01
6.977935873665084276e-01
7.032345134179135426e-01
6.887252083338926134e-01
6.859714230304432281e-01
7.253011933987491000e-01
6.790646226430744337e-01
6.905029428547438952e-01
6.790646226430744337e-01
7.176435511567098580e-01
6.794697402405602826e-01
6.798142024135784833e-01
7.004000611242355845e-01
6.594809913469202867e-01
7.313015565742815305e-01
6.749777132267748003e-01
6.708041651309397668e-01
6.928999031174752909e-01
6.513122903236251426e-01
7.274673306501702186e-01
6.540356322463621863e-01
6.512619970788973145e-01
6.524843739002805787e-01
6.509801755505277843e-01
6.577704232963229591e-01
6.910493216053028576e-01
6.353098402699633995e-01
6.873107607359061344e-01
6.375481279559639392e-01
6.414834337817181265e-01
6.310148357095839433e-01
7.096872668323099820e-01
6.295567748800885433e-01
6.331473844473570756e-01
6.496218363887025227e-01
6.355703226689639607e-01
6.298679378585647637e-01
6.295775513051349304e-01
6.295567748800885433e-01
6.546282451004878933e-01
6.753650102875634609e-01
7.020272989604470215e-01
6.295567748800878771e-01
6.605639912684865278e-01
6.295567748800878771e-01
6.915984910228685223e-01
6.295567748800878771e-01
7.327849711743675831e-01
6.295567748800875441e-01
8.720575985374035000e-01
6.295567748800872110e-01
6.712271002123569863e-01
6.295567748800874330e-01
6.674134173102035383e-01
6.295567748800872110e-01
6.488926625368952594e-01
6.298181144976920942e-01
6.357005631530240342e-01
6.312506948613405555e-01
6.844724799618358002e-01
6.263867631388024826e-01
6.779573356801041895e-01
6.178132533782050295e-01
6.807332635113867436e-01
6.327974626595418428e-01
6.218670452151737749e-01
6.448377653981530733e-01
6.220561012982765980e-01
6.163483741067720123e-01
6.194916574754741889e-01
6.160052076950560673e-01
6.170314963406193787e-01
6.189634184826425800e-01
6.200093918111589941e-01
6.228443100580921543e-01
6.216807193309814572e-01
6.262924945968569856e-01
6.156684036217099365e-01
6.301424980659184882e-01
6.176860592901989300e-01
6.407883215970249235e-01
6.163253268276820407e-01
6.423091189064509265e-01
6.140319299315750712e-01
6.563656142933469440e-01
6.138453359204495419e-01
6.337047865646880940e-01
6.138425393757759307e-01
6.296764665585689036e-01
6.128917706952861089e-01
6.130300701265939400e-01
6.142564159706618288e-01
6.318146999524485441e-01
6.121239473823213428e-01
6.254442929568907461e-01
6.121239473823208987e-01
6.376964657220097754e-01
6.121239473823207877e-01
6.217251829098674465e-01
6.121239473823203436e-01
6.121417442634665695e-01
6.119798547036838787e-01
6.136223093465221767e-01
6.119798547036835457e-01
6.198794548775389268e-01
6.136900939068773431e-01
6.240786027992257790e-01
6.145942507100826679e-01
6.173681215045661030e-01
6.223707601573057469e-01
6.019825620944010414e-01
6.027174392857616025e-01
6.075436687899503641e-01
6.010051970330118065e-01
6.370187097201540638e-01
6.071691100498362026e-01
6.329261652819071493e-01
6.028189532622965086e-01
6.221857158345384109e-01
6.030302663160854726e-01
6.146587264346037305e-01
6.045794604364370661e-01
6.003583022441225658e-01
6.039417200577426037e-01
5.988201367948319254e-01
6.031367832212123359e-01
5.986846264950520524e-01
6.053777675954615800e-01
5.995383721324755166e-01
5.996100479500026115e-01
6.013332786930842833e-01
5.989162259752612849e-01
5.985469162948058308e-01
5.998740274610595558e-01
5.985911887167270073e-01
5.988728188436247546e-01
5.996435682203861139e-01
6.004509415027551311e-01
5.985469162948057198e-01
5.990741627762153909e-01
5.995060940349719036e-01
6.044696298230559650e-01
5.976736948708660790e-01
6.059318698708654471e-01
5.976736948708659680e-01
5.993267678132049303e-01
5.976736948708659680e-01
5.987839891110239288e-01
5.976841140739801439e-01
6.007368360350232583e-01
5.996560260617296301e-01
5.923090769367456154e-01
6.009103543111032897e-01
5.934145187680073263e-01
5.935407558564055330e-01
5.921616340956916691e-01
6.071777958176254320e-01
5.947015444586861710e-01
5.876836241598193400e-01
5.877864569869450939e-01
5.974609038099176761e-01
5.870628698595659056e-01
5.908274634426264882e-01
5.849843504639052894e-01
5.785867525262594624e-01
5.824087815764913412e-01
5.791944376738251687e-01
5.771056130721535782e-01
5.722220515234132110e-01
5.732435052849919055e-01
5.732285317008199987e-01
5.733960013171599535e-01
5.719069245273156188e-01
5.728941344707552119e-01
5.718748542747820185e-01
5.731139246640319929e-01
5.730177087243244483e-01
5.719514964017277103e-01
5.718470827809720713e-01
5.709332088268435079e-01
5.714425223260528597e-01
5.705116513990278193e-01
5.702597259164707832e-01
5.724667253670187028e-01
5.702597259164705612e-01
5.707686810529148946e-01
5.708681453489051760e-01
5.719635946957494221e-01
5.702669598351687297e-01
5.751556872899270534e-01
5.702597259164703392e-01
5.697956671289577946e-01
5.697956671289580166e-01
6.104580475076117896e-01
5.709967729294456174e-01
5.644111148918741216e-01
5.642843531736394525e-01
5.641934614443495644e-01
5.667289800752173257e-01
5.704528283273382350e-01
5.648067138778399832e-01
5.709977721691904540e-01
5.658638760429693937e-01
5.757142931320033963e-01
5.654210987963144142e-01
5.801979841316708963e-01
5.624799041646688647e-01
5.766645317617876687e-01
5.626359314164058878e-01
5.621943886887702524e-01
5.642925621135146397e-01
5.655807376132251374e-01
5.644775753734949664e-01
5.600493002570262613e-01
5.605927797249113942e-01
5.625995185315232350e-01
5.598162350807152077e-01
5.606851269395516368e-01
5.599129124682103997e-01
5.618081307593009166e-01
5.590234223527551505e-01
5.703946982953719269e-01
5.612072792915306918e-01
5.647232391836904952e-01
5.593482781665880532e-01
5.565657785430004889e-01
5.569861392875632422e-01
5.583260014645106128e-01
5.567254452104539730e-01
5.579016005559147562e-01
5.565867776412237733e-01
5.582059414264165520e-01
5.565657785430003779e-01
5.567540271336218760e-01
5.565745142841260762e-01
5.598455765521727079e-01
5.567271448362864916e-01
5.589346450926538923e-01
5.558746178667134386e-01
5.559143333395653030e-01
5.573409103940167864e-01
5.622096099365732069e-01
5.577236903820711467e-01
5.594386731047769068e-01
5.585492429490755972e-01
5.564945206015753376e-01
5.576139114305384004e-01
5.588183173456192643e-01
5.555792743921879051e-01
5.568159381617940884e-01
5.559587532606984350e-01
5.578845837227131010e-01
5.559499304820074705e-01
5.632997626509285150e-01
5.558693019476065311e-01
5.564295878184513100e-01
5.554833984184414097e-01
5.578232525530384400e-01
5.558250689020474145e-01
5.586580365259878889e-01
5.590676916232980576e-01
5.554338392605375763e-01
5.561400669227677396e-01
5.554411726187575837e-01
5.558625740826146355e-01
5.555910315260316201e-01
5.562251519057380689e-01
5.555009574251238424e-01
5.554738782373134232e-01
5.553607200686283552e-01
5.557776189695301516e-01
5.555041859114711045e-01
5.560061968325799020e-01
5.561479014526434783e-01
5.560695955116697897e-01
5.554164507759611347e-01
5.572246232933328880e-01
5.551187463944741163e-01
5.550726053835730589e-01
5.553819762519737191e-01
5.571192360152391609e-01
5.552974222582603980e-01
5.560732595899369191e-01
5.551386793158871180e-01
5.558802934162077047e-01
5.550989346793804291e-01
5.552711037816733253e-01
5.554507904835729315e-01
5.559057580080875027e-01
5.550755530430793172e-01
5.573084389543562223e-01
5.555256776564411192e-01
5.560582315988789048e-01
5.561129632022142610e-01
5.566489275175149354e-01
5.543574211151922615e-01
5.558400779866261576e-01
5.544626820150798663e-01
5.545107398130916243e-01
5.543581404719640782e-01
5.545131238734897217e-01
5.543400700419306437e-01
5.544273225757982981e-01
5.544938501033540579e-01
5.544868568808064557e-01
5.542463289233099388e-01
5.542911827293137694e-01
5.541982542065324591e-01
5.541837695436958589e-01
5.544058481889658774e-01
5.542903498065512302e-01
5.543930086696833293e-01
5.541681662695883137e-01
5.542241311078706101e-01
5.542303238746709715e-01
5.545228764860441473e-01
5.542781866461821139e-01
5.542074161910218733e-01
5.544378904506179762e-01
5.542686936325056379e-01
5.540941790090347929e-01
5.542915200707745349e-01
5.542232954537325007e-01
5.542121505602632947e-01
5.540673680073103791e-01
5.541792053639243987e-01
5.542467174451836120e-01
5.537463642180401324e-01
5.536050985887944753e-01
5.538053706311869551e-01
5.539198246901368972e-01
5.536757591051587601e-01
5.530063125964428394e-01
5.533723521934232892e-01
5.529762677241685243e-01
5.529208640532958796e-01
5.529206292219333019e-01
5.531306506146235202e-01
5.528590888027529182e-01
5.529731108345510293e-01
5.531015097162534921e-01
5.528047839229062177e-01
5.528756333784177190e-01
5.528693519348777397e-01
5.527054094388755834e-01
5.527941881629236942e-01
5.527690451675437711e-01
5.526020228317080063e-01
5.527435332050825156e-01
5.527532126230984000e-01
5.525190119061571536e-01
5.526914269961691328e-01
5.526169437688326358e-01
5.528567349583062285e-01
5.525063883022532929e-01
5.524782469578557453e-01
5.524205879885577541e-01
5.525250199749554003e-01
5.523705160465126607e-01
5.524364010813817005e-01
5.523878085957851791e-01
5.523614443924932393e-01
5.524866289127318142e-01
5.522679608187104350e-01
5.523322288509324718e-01
5.523150890730492701e-01
5.524630484614577730e-01
5.522482637461850752e-01
5.522062729339739517e-01
5.523427062967156687e-01
5.522613878966520229e-01
5.527359948881065410e-01
5.522308343619899418e-01
5.521824293328772004e-01
5.521456190614723036e-01
5.521236753994031021e-01
5.521166573639911812e-01
5.523134127611465383e-01
5.521194122839175877e-01
5.522229711604841329e-01
5.522242143497215761e-01
5.523725697199542983e-01
5.520988663160125709e-01
5.521988752310260651e-01
5.521584021618409777e-01
5.520715128215348821e-01
5.520427393205963318e-01
5.517435759232549586e-01
5.516768225901979017e-01
5.517355985928787954e-01
5.517421724184236043e-01
5.516983299064369684e-01
5.518253787565662316e-01
5.516220599235989175e-01
5.516617167925194076e-01
5.515965035420026252e-01
5.519172827227173395e-01
5.515780926668020223e-01
5.515811842789469788e-01
5.516293024875639217e-01
5.518233188277785750e-01
5.516080005493102512e-01
5.514753839148804904e-01
5.515066536357055016e-01
5.518073610701407228e-01
5.514448151520150443e-01
5.517975509211522356e-01
5.514581518089463064e-01
5.515465138843288484e-01
5.514506692949909805e-01
5.514037185928184481e-01
5.514115529418256445e-01
5.514512476623854020e-01
5.513778909238131742e-01
5.513706362689658746e-01
5.513506616131379490e-01
5.517974886355667685e-01
5.513900428513428542e-01
5.514624043219049643e-01
5.513213447894175223e-01
5.515405335480152438e-01
5.513666291212026005e-01
5.513971223974655222e-01
5.513025170477179326e-01
5.514105221727361172e-01
5.513035699620754126e-01
5.519230464487812071e-01
5.512759330344471076e-01
5.515350608998688120e-01
5.510004412535229879e-01
5.509922169139126469e-01
5.509217795715724009e-01
5.507230706630177330e-01
5.506998453398003202e-01
5.509341099429395650e-01
5.507202086671550978e-01
5.508052809002275119e-01
5.507960027285542237e-01
5.519438736706522297e-01
5.506983688378226383e-01
5.508698111909584583e-01
5.506847585287610869e-01
5.504274655190604104e-01
5.505494065285788663e-01
5.506256945908406530e-01
5.504236010459058193e-01
5.503810734620412370e-01
5.505305062553937923e-01
5.503181935442261752e-01
5.503098052091921488e-01
5.504469355066442526e-01
5.503747888040148029e-01
5.505977400846499004e-01
5.502818885437670282e-01
5.505769053306738270e-01
5.502066202538152817e-01
5.501288000965749436e-01
5.502508612275314182e-01
5.502377456759127705e-01
5.501811670029675971e-01
5.501202337632270511e-01
5.500713444017977238e-01
5.501078045591385468e-01
5.500494464464156241e-01
5.500993341310573825e-01
5.501019290825135410e-01
5.501668728125325147e-01
5.500653048999352146e-01
5.507776863016646818e-01
5.499259728682824866e-01
5.501191207069620059e-01
5.499349438278878788e-01
5.499613803782592569e-01
5.499793541208747305e-01
5.503823474929846471e-01
5.499410989960517027e-01
5.498970356462172804e-01
5.499156823858516452e-01
5.501455284939489321e-01
5.498983158717883901e-01
5.500130799167008977e-01
5.499584400246282367e-01
5.506227770489445783e-01
5.498542318138968099e-01
5.504377691188181432e-01
5.497855775326682126e-01
5.498276752187559735e-01
5.497361189451975827e-01
5.499154495926076303e-01
5.497585588248922184e-01
5.496747222095553775e-01
5.497024891384633127e-01
5.495533401873785584e-01
5.497656733917284377e-01
5.496998055646074022e-01
5.496380466547062804e-01
5.496480352207905318e-01
5.495893793853461329e-01
5.497411293944685085e-01
5.495504155179735672e-01
5.499359866944576458e-01
5.496589248696472918e-01
5.495852163781472788e-01
5.496074417386951350e-01
5.497504196781546337e-01
5.496751965269460749e-01
5.493000677216602901e-01
5.493430942146153573e-01
5.494134531537160360e-01
5.492788765415224095e-01
5.492912779659527844e-01
5.494124935780119179e-01
5.493505550982684671e-01
5.494118498191576938e-01
5.493442968597529452e-01
5.493467179117426102e-01
5.492304128763114690e-01
5.492945892994010038e-01
5.493226501640240400e-01
5.492996159492778974e-01
5.492195572905385070e-01
5.492296339613039757e-01
5.493499509100674416e-01
5.491616268220452790e-01
5.490575950685512296e-01
5.490728547598714426e-01
5.490474591292737738e-01
5.490769947639735360e-01
5.490623652938783072e-01
5.491058184643178297e-01
5.496930791249546866e-01
5.491038801107303025e-01
5.493829919832370345e-01
5.491229646355347827e-01
5.489721530745818034e-01
5.490085245428938387e-01
5.491615997752280487e-01
5.489294032973723869e-01
5.491053408703416849e-01
5.490439876850200518e-01
5.490256268102280401e-01
5.489422636077202489e-01
5.490867274570577772e-01
5.489378723937639037e-01
5.490859792787363691e-01
5.489775370120520970e-01
5.493950442943619228e-01
5.490272600599079844e-01
5.489031422852342912e-01
5.489269046648791450e-01
5.490208747314371251e-01
5.490161258855711379e-01
5.493190874192840356e-01
5.488888917836050041e-01
5.490434964677710639e-01
5.489764146814881673e-01
5.489446226172463028e-01
5.488946246971899701e-01
5.489470818431952948e-01
5.488375629884503226e-01
5.489462820670300003e-01
5.488734255248803873e-01
5.489267251414775561e-01
5.491217173711784305e-01
5.488780199466737342e-01
5.490805515507514167e-01
5.489411664270077429e-01
5.487045745968569532e-01
5.487359333678586415e-01
5.487313705431365873e-01
5.489476841046220246e-01
5.487868582989848809e-01
5.489480243095957723e-01
5.485926298215303420e-01
5.485973785348841059e-01
5.486389253392370824e-01
5.485790899481708394e-01
5.486189634904705681e-01
5.485653789835642780e-01
5.486592767684792538e-01
5.485645313426608105e-01
5.485872078265422447e-01
5.485856239085845631e-01
5.486469906698848709e-01
5.485920510198539768e-01
5.485709679961827678e-01
5.485508923238724410e-01
5.486387477412270064e-01
5.485889660750339347e-01
5.486381594207495604e-01
5.485259663526053098e-01
5.484077503609469106e-01
5.484025604113098584e-01
5.484206966436538933e-01
5.484372647514927923e-01
5.483617395348703294e-01
5.483592661176420746e-01
5.483707111058220285e-01
5.483615942926730602e-01
5.482498000822045858e-01
5.482344181542860850e-01
5.482127930204578892e-01
5.481732399528892463e-01
5.481735041226634131e-01
5.480961684227388941e-01
5.480334149687432488e-01
5.480716216933418927e-01
5.480727127696879419e-01
5.481933390644891935e-01
5.478371327727704632e-01
5.478857135297349190e-01
5.478523608699323866e-01
5.477642062132723755e-01
5.477617870801486655e-01
5.476671566901388788e-01
5.475513292868345872e-01
5.475224385256273196e-01
5.473988505978080177e-01
5.473482779188519887e-01
5.473394609749708817e-01
5.473408191743623918e-01
5.473588833384306351e-01
5.473868132132510000e-01
5.474063441250320849e-01
5.473180085025798336e-01
5.472959608629283101e-01
5.473425568421506071e-01
5.472825201880009427e-01
5.473413753662510484e-01
5.472423206875219881e-01
5.473583014830188942e-01
5.472752839788574963e-01
5.472434470649726324e-01
5.472001620452497939e-01
5.471318245978301631e-01
5.472021506700820437e-01
5.471752089934819319e-01
5.471269601560608820e-01
5.471801010588853709e-01
5.471387284142456009e-01
5.471744790124639657e-01
5.471354277116060594e-01
5.471138848614616190e-01
5.471356904452380210e-01
5.470053469628458620e-01
5.468672619472602081e-01
5.469426073605848648e-01
5.468235508033894021e-01
5.468259573720610778e-01
5.468056389247187843e-01
5.467988496596734027e-01
5.467227028612721140e-01
5.467392481311763586e-01
5.467391553195618537e-01
5.467420233657409590e-01
5.467200904604937461e-01
5.467204729692533016e-01
5.468865325965245328e-01
5.467003954665846654e-01
5.465880567479782792e-01
5.466396012718864883e-01
5.466125460890166599e-01
5.465679006272735618e-01
5.465939588307526797e-01
5.464874738020968348e-01
5.464920773372442531e-01
5.465059583851159530e-01
5.464956234748882258e-01
5.464745548811246190e-01
5.464992056187409908e-01
5.465498356232313393e-01
5.465184314381519304e-01
5.464676216136071796e-01
5.466220921337091587e-01
5.464300856966980424e-01
5.463973408820734790e-01
5.462578433221356722e-01
5.461449219560285950e-01
5.461278860565953464e-01
5.461241796846288965e-01
5.461228600530591004e-01
5.461293420766847317e-01
5.461264041655090606e-01
5.462020681189067028e-01
5.461569914308257445e-01
5.461772472573622750e-01
5.461130306720700656e-01
5.459683053891103421e-01
5.459440839075988539e-01
5.459872486227832500e-01
5.460866387738164685e-01
5.459777132975666136e-01
5.459920552098238566e-01
5.459476877323266031e-01
5.459326135582195372e-01
5.459346995612867071e-01
5.459069776061570289e-01
5.458812887858194296e-01
5.459721917932901514e-01
5.458492349766126406e-01
5.457961762997733945e-01
5.458030107258563524e-01
5.458967538100283345e-01
5.458905642090038368e-01
5.457524768837045404e-01
5.457510184298529632e-01
5.456668881825811335e-01
5.457151042745919112e-01
5.455532510773943855e-01
5.455926990725284975e-01
5.455665382560146437e-01
5.456460633021320561e-01
5.455529343199448933e-01
5.455961225411291027e-01
5.455124199537040308e-01
5.455639348051096738e-01
5.455097852350262455e-01
5.456261744477890474e-01
5.454350332792048395e-01
5.452658700343100406e-01
5.452699493528012642e-01
5.453468775045857697e-01
5.452827595854177201e-01
5.453530228808298741e-01
5.452907999526097615e-01
5.453370247295007411e-01
5.453765675394292023e-01
5.451850561186242228e-01
5.452050438837717783e-01
5.452340931218947473e-01
5.451840760826850429e-01
5.452110392917072224e-01
5.451923437694643493e-01
5.451453725988125720e-01
5.451248610611403311e-01
5.451602702053436333e-01
5.451573676107578370e-01
5.451149588075222541e-01
5.451519155071216094e-01
5.451579369902833649e-01
5.451507768799610520e-01
5.452134127398575725e-01
5.450961202505650860e-01
5.450759059975759380e-01
5.450648086486230559e-01
5.450600427247650481e-01
5.450469046451382749e-01
5.452670463366344755e-01
5.450830089565993353e-01
5.450735648700892888e-01
5.451180943426132686e-01
5.447975262121512730e-01
5.447253719341058620e-01
5.447285788776093929e-01
5.447494551087066483e-01
5.447393863478706688e-01
5.447736671433255351e-01
5.447034288394887458e-01
5.449225637871069061e-01
5.447968591160098351e-01
5.445136423225684918e-01
5.445207856955259773e-01
5.445116695214967661e-01
5.445286268275181252e-01
5.445026596940999442e-01
5.444751278203303624e-01
5.445104558896011193e-01
5.445868916856524411e-01
5.445125884729190568e-01
5.443632672335989575e-01
5.443678422359817803e-01
5.443531614494881987e-01
5.444078800905041149e-01
5.443820975273733209e-01
5.443605387188229505e-01
5.444031651089800139e-01
5.443646430812985049e-01
5.443599362611928338e-01
5.443354022910538159e-01
5.442939120054053337e-01
5.442891562392334626e-01
5.442997178799434677e-01
5.442905165739239104e-01
5.443738520008875037e-01
5.443077033364820405e-01
5.443296214076416284e-01
5.443043506588002289e-01
5.443343608175118531e-01
5.442652733543626997e-01
5.442966598011924617e-01
5.444283250338968205e-01
5.441302810070637319e-01
5.440360606530509902e-01
5.441014226727839409e-01
5.440444313020995626e-01
5.440085688346959492e-01
5.440249241657584278e-01
5.440021311127309911e-01
5.440015818521435342e-01
5.442719005528788845e-01
5.440163144359830838e-01
5.440802016561296917e-01
5.440578741583217415e-01
5.440650722832535147e-01
5.440296882211923535e-01
5.440980336241922899e-01
5.440082276066456890e-01
5.441227782224644649e-01
5.441001245926793128e-01
5.441366137265923886e-01
5.439276487745161592e-01
5.437233373460299557e-01
5.436988374480928865e-01
5.436706437022719163e-01
5.437055086787494496e-01
5.437062168899915449e-01
5.436801197435096045e-01
5.436557120074824168e-01
5.436666732914299249e-01
5.436879843379586186e-01
5.436778922921812196e-01
5.437192895537220627e-01
5.436720991346298826e-01
5.437481954076582857e-01
5.437084616714791263e-01
5.437751630544269688e-01
5.436469570977827681e-01
5.437034109997069820e-01
5.436537133123424681e-01
5.437523773973945707e-01
5.436343746085297024e-01
5.437733377299227566e-01
5.436080704072123737e-01
5.438361037628784977e-01
5.436350275550092537e-01
5.437678261337771657e-01
5.435953673687995424e-01
5.435245214900253918e-01
5.435166736580726576e-01
5.435241718167359570e-01
5.434989415687094816e-01
5.434641916996404420e-01
5.434459343150233046e-01
5.435324764907596418e-01
5.434294275214820447e-01
5.434352744620786213e-01
5.434297574530972952e-01
5.434739530409601338e-01
5.434313025246622075e-01
5.435403344722724572e-01
5.434151317050942565e-01
5.436094208205216605e-01
5.435351031923634224e-01
5.434282129056570154e-01
5.434783422315304646e-01
5.434342741379595276e-01
5.435183131989476113e-01
5.432302203932940499e-01
5.432143096581613095e-01
5.432186341631082271e-01
5.432334539236682858e-01
5.432223627458219184e-01
5.435288762342271873e-01
5.432432863675518142e-01
5.432694383967361373e-01
5.432444941658195470e-01
5.432948183593099278e-01
5.432237893210620783e-01
5.432348393073620496e-01
5.432044755610103692e-01
5.431931112619043933e-01
5.431983080139761721e-01
5.431899390656186322e-01
5.431811030043354194e-01
5.432416110421964817e-01
5.431534662897691268e-01
5.435174232751618373e-01
5.432315001251517561e-01
5.429602235747991168e-01
5.429744550173334350e-01
5.429070283193700996e-01
5.429036952930722526e-01
5.429611338005011500e-01
5.429091349068395633e-01
5.430059668925617533e-01
5.429494277727204832e-01
5.430716839334532864e-01
5.429406557092358865e-01
5.429988979559685625e-01
5.429218599959224623e-01
5.430130262412949937e-01
5.429084418542371449e-01
5.429335134786329453e-01
5.429077826184292022e-01
5.429375576114690016e-01
5.428984412270675408e-01
5.433759800408006768e-01
5.428822639398146466e-01
5.425756934251753094e-01
5.425769005669627276e-01
5.426178541525739085e-01
5.424992646887818459e-01
5.425293756815242618e-01
5.424897564096231584e-01
5.424920606871582729e-01
5.425130710492249708e-01
5.424842080109455456e-01
5.424874693594448072e-01
5.424747299857991534e-01
5.425074311222779500e-01
5.424835028310776019e-01
5.427527454142155872e-01
5.424796024138849315e-01
5.425949059423831322e-01
5.424739533214066878e-01
5.424818541257735438e-01
5.424634204843830076e-01
5.427112249921254294e-01
5.424419733166844226e-01
5.423112740910986940e-01
5.422435810542373114e-01
5.422555320933524214e-01
5.422188869574164904e-01
5.422004221027801885e-01
5.422871953171257697e-01
5.422048508243039189e-01
5.421769727216936285e-01
5.421738086919443145e-01
5.421982203617634610e-01
5.421858190267175859e-01
5.422364565707094020e-01
5.421838170202449847e-01
5.422751781760096756e-01
5.421918003152068621e-01
5.423380289705841406e-01
5.421892484698952464e-01
5.422644894900583434e-01
5.421861290288582103e-01
5.425249248334688135e-01
5.421546315821664797e-01
5.422584976779467603e-01
5.421263081044715992e-01
5.419405100304408585e-01
5.420767627596302374e-01
5.419567443946834429e-01
5.419805540112234699e-01
5.419420918062451964e-01
5.419620250241033999e-01
5.419649571554332468e-01
5.419232560298002932e-01
5.419239824324633137e-01
5.419373455068647871e-01
5.419173455405509321e-01
5.419271036166614097e-01
5.419244552101798451e-01
5.419272334618883136e-01
5.419288042458255683e-01
5.419685032301723160e-01
5.418717635350315254e-01
5.422219726618657809e-01
5.419637555344112290e-01
5.416575334523516805e-01
5.416593163493625962e-01
5.416898678166345293e-01
5.416417399098077956e-01
5.416645287086714333e-01
5.416304574685364415e-01
5.416938329958083109e-01
5.416287925089248168e-01
5.416600490271732404e-01
5.416363466747707855e-01
5.416166893335557786e-01
5.416043583604360778e-01
5.416004004169541197e-01
5.415983982212806414e-01
5.416139321452400068e-01
5.416137726696912402e-01
5.415980149259861376e-01
5.415867223696091415e-01
5.416470055415295581e-01
5.416075092808090297e-01
5.421331035338434745e-01
5.416280405877796911e-01
5.413542164868391238e-01
5.413644898424661012e-01
5.413788046740591886e-01
5.414348259090752125e-01
5.413809929921186148e-01
5.414255061530444113e-01
5.413806444391857653e-01
5.413736515358484880e-01
5.413834538556960840e-01
5.413646587908738095e-01
5.413764224010081394e-01
5.413204144485161962e-01
5.413387006022812864e-01
5.413238369816977258e-01
5.413062967135717773e-01
5.412970330072580660e-01
5.412832601670609645e-01
5.415576322684362287e-01
5.413285169647793493e-01
5.411724298321023419e-01
5.411546868255064924e-01
5.411398990056316416e-01
5.411599603852992324e-01
5.411180238161047429e-01
5.411212694509882626e-01
5.411161082443050052e-01
5.411192711670935740e-01
5.411358251172154743e-01
5.411253417674654065e-01
5.411308250499095029e-01
5.411075384653137865e-01
5.410264468322972808e-01
5.409542109459963832e-01
5.409269376256217177e-01
5.409151817518524918e-01
5.409270591109900383e-01
5.409185568686499801e-01
5.409067371041075267e-01
5.408676105079409657e-01
5.408652278777260625e-01
5.410440440280082086e-01
5.408838129330915123e-01
5.408146014513087740e-01
5.408499455139258449e-01
5.408701735871739302e-01
5.410196923200510932e-01
5.407968665573387179e-01
5.408609831149364666e-01
5.406676174255322653e-01
5.409120986173846513e-01
5.406281433622186494e-01
5.405969451175395291e-01
5.406015435873184893e-01
5.406636538696755201e-01
5.405721314469429384e-01
5.405198262647817886e-01
5.405171976306666348e-01
5.405208063948946373e-01
5.404996303744583619e-01
5.406297815395910700e-01
5.403950962261249158e-01
5.404391768595160350e-01
5.404281935040788909e-01
5.403249560465303025e-01
5.402660613426913949e-01
5.402214763216572901e-01
5.402166826498702168e-01
5.402355227201175447e-01
5.402006501940697092e-01
5.402597524517572802e-01
5.402063176901573671e-01
5.403156471005661210e-01
5.401950934455559405e-01
5.401621503348179587e-01
5.401963956535299483e-01
5.402277680600021670e-01
5.401492741099515049e-01
5.400901918389019452e-01
5.400963130931143441e-01
5.402320226967978201e-01
5.400715525842750830e-01
5.402424842765073398e-01
5.400644610800118262e-01
5.400890768543200604e-01
5.400701207959625050e-01
5.401105718431924441e-01
5.400345198965530447e-01
5.398427675495317546e-01
5.404005006606300565e-01
5.398643715431352685e-01
5.397187674218867359e-01
5.397592536103000826e-01
5.397309096526879957e-01
5.397151750731611353e-01
5.396781360286284634e-01
5.396932811205396030e-01
5.398308375723840369e-01
5.396975139764048635e-01
5.397295235182800743e-01
5.396589566561639240e-01
5.399026536955121580e-01
5.396276208182806400e-01
5.396891505178318393e-01
5.395668994490389059e-01
5.397208444322706411e-01
5.396212986784298948e-01
5.395296553856758770e-01
5.395670665772626107e-01
5.394376982393638276e-01
5.394026570558166922e-01
5.394847349727245334e-01
5.394151150583128551e-01
5.393639205922183821e-01
5.393777315980765596e-01
5.394038569624678425e-01
5.393630806848642711e-01
5.394223075513322474e-01
5.393220397771664176e-01
5.393342403816464570e-01
5.393334344124351976e-01
5.398992204655962412e-01
5.392985615777661224e-01
5.390363541405180925e-01
5.390010093515911205e-01
5.390175924442330846e-01
5.389965120580375579e-01
5.390297401224682927e-01
5.389948007405542807e-01
5.389985705087837475e-01
5.390750993540111002e-01
5.390115129296875196e-01
5.391983689076484954e-01
5.390242385836254702e-01
5.390216980226105736e-01
5.390121283398124907e-01
5.389261345219130694e-01
5.389515776565053651e-01
5.389147326415530959e-01
5.388979170608575453e-01
5.390496951375676193e-01
5.389204555926502271e-01
5.388935159252487006e-01
5.388955416526084452e-01
5.390708406587000345e-01
5.389117957713757123e-01
5.390888204103079229e-01
5.388728708551114854e-01
5.390652734938384816e-01
5.389408916931758275e-01
5.385714896067033131e-01
5.385514525586722057e-01
5.385548689469575878e-01
5.386034911886741217e-01
5.385174046927611036e-01
5.385774625994589337e-01
5.384831703098327260e-01
5.384251892772466963e-01
5.384574225803193670e-01
5.384760629822844535e-01
5.384310647113524917e-01
5.384620396534981479e-01
5.384090243408869991e-01
5.387642068247289195e-01
5.384081768331739903e-01
5.384307850785839955e-01
5.384238987528859877e-01
5.384402581305069990e-01
5.384234200253293912e-01
5.383784680965278957e-01
5.384134407981194803e-01
5.384253740487932038e-01
5.383624357194354282e-01
5.383637028521599532e-01
5.384276890532326831e-01
5.388447875893748185e-01
5.384636831755189590e-01
5.381117306703683267e-01
5.380699449476357143e-01
5.380564141411903201e-01
5.381461818369380756e-01
5.380603568154510574e-01
5.381334893343434622e-01
5.380557728104391479e-01
5.381377594876886050e-01
5.380587361596559370e-01
5.382574438334966072e-01
5.380834281203333846e-01
5.381667667232370444e-01
5.380181351321842165e-01
5.382879023285829234e-01
5.379552221026242531e-01
5.377626913067371506e-01
5.377906687346902803e-01
5.377709092678085723e-01
5.377805272376317003e-01
5.377834012715519973e-01
5.378115284363628179e-01
5.377644087911774839e-01
5.378459835493322183e-01
5.377688925610376591e-01
5.378569859176359769e-01
5.377881723588467944e-01
5.377286231944725658e-01
5.377382977252105345e-01
5.377161670168144614e-01
5.377278150502500242e-01
5.377536286551913847e-01
5.377283075315789640e-01
5.377434559404230541e-01
5.377097392455211233e-01
5.377370215030283784e-01
5.377183622778850536e-01
5.377416493072326720e-01
5.377128975948541889e-01
5.377837849567682627e-01
5.376604225710263085e-01
5.381667711077684491e-01
5.375874559758696547e-01
5.375106139860534871e-01
5.375519126905879963e-01
5.375529080966123807e-01
5.375400613476104539e-01
5.374847273847940254e-01
5.374854801734245680e-01
5.375328444182343457e-01
5.374919249704079860e-01
5.375540925879663812e-01
5.374831179344851106e-01
5.375353176706925140e-01
5.374866384088518023e-01
5.379420969211474723e-01
5.375107497674127544e-01
5.377412627745454810e-01
5.376665353157225047e-01
5.373532559266454012e-01
5.373306989846224901e-01
5.373476196815490935e-01
5.373890423716846110e-01
5.372873271721022581e-01
5.372850365054721022e-01
5.372864549126289413e-01
5.373351982083923728e-01
5.373664305580371225e-01
5.373377048418301882e-01
5.373055678113967115e-01
5.372983884230866369e-01
5.373034707828238110e-01
5.372804338924067613e-01
5.372137832632398746e-01
5.372133678533026480e-01
5.372555883767807794e-01
5.372234384047969158e-01
5.372371733111577230e-01
5.372203537246239557e-01
5.372136812540669881e-01
5.372189273326866132e-01
5.373894719196974368e-01
5.371527071906267992e-01
5.373250456163191080e-01
5.373201250390057249e-01
5.370250390876266655e-01
5.369903457991537232e-01
5.370092727374928820e-01
5.369579290923388593e-01
5.369853784183616918e-01
5.369929674184911184e-01
5.369302613886881570e-01
5.371914149707712749e-01
5.369391075958744874e-01
5.370713034837606425e-01
5.369476854439858560e-01
5.369788053123555338e-01
5.369213014971963016e-01
5.369746678143628715e-01
5.369351158394867207e-01
5.370527490078166322e-01
5.369246876418504177e-01
5.370579318276212932e-01
5.368983202492264573e-01
5.366694683244083164e-01
5.366817129895655736e-01
5.366850510916802985e-01
5.366661977586766330e-01
5.366195951589532998e-01
5.366314698377013803e-01
5.366573735609007079e-01
5.366348608105069307e-01
5.365694677962359327e-01
5.366123154790625183e-01
5.366896616305856238e-01
5.366048625309302045e-01
5.368050179704517699e-01
5.365847412732495103e-01
5.366321518034964377e-01
5.365568202026005373e-01
5.365155947263744451e-01
5.365305263742625730e-01
5.365071522912917557e-01
5.365075897941971039e-01
5.366539674344557032e-01
5.366381779887403614e-01
5.367616384247690942e-01
5.364689117723178136e-01
5.362149620809528727e-01
5.361594403096089367e-01
5.361482989991034342e-01
5.362410176570744369e-01
5.361611502837861920e-01
5.360665219674816129e-01
5.361017087056864083e-01
5.360714247153919310e-01
5.360628778748262047e-01
5.360804445154347952e-01
5.360722746670707473e-01
5.360363694173974070e-01
5.360428935535106465e-01
5.360420906981067102e-01
5.360316583984920946e-01
5.367590330980887003e-01
5.360112458704942018e-01
5.357670570015388156e-01
5.357414192049728685e-01
5.357493427063726443e-01
5.357375074308862173e-01
5.357423535738784492e-01
5.358633809812450854e-01
5.357585110834496289e-01
5.357655131347416333e-01
5.356957764375268605e-01
5.357246433711961853e-01
5.356842063371066720e-01
5.357634502835664225e-01
5.356900271938608293e-01
5.356777303216906372e-01
5.356758605053931754e-01
5.358168672215839479e-01
5.356844329079383238e-01
5.357586055123980673e-01
5.356704440450081872e-01
5.358687437295300837e-01
5.356852881984509596e-01
5.357120392060671366e-01
5.355917072480683716e-01
5.360726549897112392e-01
5.355680485105527300e-01
5.354111653352578992e-01
5.353892361440736325e-01
5.353267152440688292e-01
5.353548953137730049e-01
5.355548950675925735e-01
5.353493029191473962e-01
5.354479333205159897e-01
5.353639022357635779e-01
5.353274037966695431e-01
5.353222350924838890e-01
5.353623093907203812e-01
5.353641187223999731e-01
5.353036927592567107e-01
5.353377008782320701e-01
5.353852293368829285e-01
5.355753704832475481e-01
5.354377887001164904e-01
5.353431241548618491e-01
5.355797311562893182e-01
5.353063906062816013e-01
5.352319130490234000e-01
5.352587210592116840e-01
5.352866724846035984e-01
5.352615550892093621e-01
5.354519584856429759e-01
5.352887645908477321e-01
5.349998495580861047e-01
5.349809460790849736e-01
5.349943292633654313e-01
5.352000579525855173e-01
5.349832179789659747e-01
5.350783070595347413e-01
5.349642156141374283e-01
5.349679400611363489e-01
5.349851531625400280e-01
5.349796716610035752e-01
5.349745710952766853e-01
5.351218732096831854e-01
5.349426331819037150e-01
5.351473085314980560e-01
5.348894023469541459e-01
5.348991320073780420e-01
5.347253973302211749e-01
5.347687822000543045e-01
5.347007340413534315e-01
5.347072410812123699e-01
5.347267923961049885e-01
5.346782877566935710e-01
5.346893989248192591e-01
5.346551771559857613e-01
5.346659935953337328e-01
5.348650388841603709e-01
5.346592679439411411e-01
5.347001328066528503e-01
5.346580370956582895e-01
5.346463009103101793e-01
5.346463784350468096e-01
5.346797243399853405e-01
5.346478866644499561e-01
5.347229463205301903e-01
5.346623929843712375e-01
5.346750338628576404e-01
5.346356730707737537e-01
5.347180974603035208e-01
5.346257832809325761e-01
5.352768223263636438e-01
5.346819517536716138e-01
5.343021588809707678e-01
5.343017454940893751e-01
5.343222790597502714e-01
5.344122517310959664e-01
5.342949762106184997e-01
5.343895689872605326e-01
5.343118771381019094e-01
5.343064338550473913e-01
5.343109956951135331e-01
5.343069594266873779e-01
5.342919828628319712e-01
5.343694149445530339e-01
5.342758957121515051e-01
5.343021751083626425e-01
5.342693346642898300e-01
5.347984001881440630e-01
5.342824109394472831e-01
5.341470755355908206e-01
5.341369232598401906e-01
5.341667707966738510e-01
5.341183503966610013e-01
5.342586312344481669e-01
5.340889157482499039e-01
5.340592806574417928e-01
5.341067824254122076e-01
5.338482785415100684e-01
5.338336962704632871e-01
5.338628878875207873e-01
5.338386894257165505e-01
5.338448474406785049e-01
5.338168503579021618e-01
5.338259957066880945e-01
5.337698753524079409e-01
5.337636071445542862e-01
5.337658697000172703e-01
5.337643801202359706e-01
5.338591494469602239e-01
5.337936816745406654e-01
5.337543778577759079e-01
5.337520509494948495e-01
5.338334516498367543e-01
5.337369860934110255e-01
5.336349511272121537e-01
5.336710078676037972e-01
5.336478011332881355e-01
5.336802409201485409e-01
5.336288080190834116e-01
5.336571916889936151e-01
5.336022699434813665e-01
5.335772068404365243e-01
5.335737737844545858e-01
5.335961836843120532e-01
5.335747120584697356e-01
5.336222461504223080e-01
5.335561966298052461e-01
5.336137367819999699e-01
5.336117331441700973e-01
5.338989249279710858e-01
5.335196173939571462e-01
5.333629267337232083e-01
5.333412525442826624e-01
5.333693084386813554e-01
5.332930971618394800e-01
5.334747768382082089e-01
5.332838807309754348e-01
5.335014526192846107e-01
5.333125016682240815e-01
5.333065994122753173e-01
5.332854834345661654e-01
5.332911800761388488e-01
5.332987979399862466e-01
5.333251804805636542e-01
5.333046643179192303e-01
5.332988995504905905e-01
5.333034027057982351e-01
5.333301245192394457e-01
5.332901621178051110e-01
5.332737186645537530e-01
5.333097967799366179e-01
5.333790328258121161e-01
5.332991593230399507e-01
5.336173459880868553e-01
5.332222296126341021e-01
5.329727654610918464e-01
5.329733619973298087e-01
5.330033001361335065e-01
5.329738028978138198e-01
5.329834343119508322e-01
5.329722346669334421e-01
5.330879572630730090e-01
5.329824034158683332e-01
5.330234097435797569e-01
5.329682511230737774e-01
5.329737567197933013e-01
5.329689704677118556e-01
5.329858049699554012e-01
5.329748502823963285e-01
5.330063996369046597e-01
5.330240631078309033e-01
5.330749078805963048e-01
5.330041293177034678e-01
5.332393048781552958e-01
5.329179893930786616e-01
5.327811586163141433e-01
5.328093260874621206e-01
5.329521920713914396e-01
5.327834842289920214e-01
5.327873484659091385e-01
5.328145541898310356e-01
5.328257909689165794e-01
5.327913373092125759e-01
5.327917809303798213e-01
5.327700621591064944e-01
5.327604770436209503e-01
5.327735124917827303e-01
5.327907554477890884e-01
5.327550616724785471e-01
5.327866904764332334e-01
5.327442738664955879e-01
5.327595041963776312e-01
5.327365693827285087e-01
5.327640336621702888e-01
5.327008915704869452e-01
5.331919001618913301e-01
5.327656966590383902e-01
5.326047087264249580e-01
5.326245983277284601e-01
5.326092900041656808e-01
5.325975236945404978e-01
5.326377630821580444e-01
5.326058006947672618e-01
5.326138128188838694e-01
5.326072425952592670e-01
5.326107426610553475e-01
5.326012993224429337e-01
5.326827256759950613e-01
5.326251746054649905e-01
5.326487338168225394e-01
5.326099540312091429e-01
5.326463211267294939e-01
5.326058405489275671e-01
5.326731421455540572e-01
5.324878913834132366e-01
5.324454248047730820e-01
5.324544078917623491e-01
5.324467888293099582e-01
5.324758702725918003e-01
5.325631450104602038e-01
5.324461140126844905e-01
5.325632349484439310e-01
5.324412907604338940e-01
5.324935218746874588e-01
5.324489537314801568e-01
5.324301948263475692e-01
5.324521850450227856e-01
5.324633278950235971e-01
5.324358649439950852e-01
5.324240088943001936e-01
5.324200959752320994e-01
5.324453221928147073e-01
5.324162145714785854e-01
5.324301992755826607e-01
5.324302818561944539e-01
5.324809628556177454e-01
5.326376825045721075e-01
5.325241022791749046e-01
5.324345694371729332e-01
5.322336162663842130e-01
5.322047580640033582e-01
5.322197865016073948e-01
5.322645745921443794e-01
5.321976970852276834e-01
5.322371808098727008e-01
5.322017214404206609e-01
5.321871561399115214e-01
5.321853886916989573e-01
5.322155309151599401e-01
5.321844914526864256e-01
5.321403255121207598e-01
5.321528074287038557e-01
5.322503069619858307e-01
5.324198142584732896e-01
5.318795919948645645e-01
5.317420714924984138e-01
5.317245915560364633e-01
5.317491149140762818e-01
5.316962509073346332e-01
5.317373678698229522e-01
5.316853920501891650e-01
5.317058903342912757e-01
5.317664395355239382e-01
5.316888108606462326e-01
5.316517752227077898e-01
5.316409891616435957e-01
5.316179828093267057e-01
5.316252944519599399e-01
5.319142358203395871e-01
5.316346068817692228e-01
5.316573531729366087e-01
5.316398291714120594e-01
5.316097839316260565e-01
5.316084048378172389e-01
5.315971671350422367e-01
5.316213268178404672e-01
5.315936855030997110e-01
5.315948685690765618e-01
5.316583601155573380e-01
5.317770632824624366e-01
5.316752771798931576e-01
5.316629486463051446e-01
5.314219724804079004e-01
5.311646931245995740e-01
5.310990197263300017e-01
5.310886061654427337e-01
5.310469567931205281e-01
5.310469771354761059e-01
5.310701277257686703e-01
5.310502114763228088e-01
5.310730809032575550e-01
5.310286922774422047e-01
5.310966720009444586e-01
5.310117695591733966e-01
5.309943272072966680e-01
5.310100998221644053e-01
5.313856610890295151e-01
5.309588678511851789e-01
5.308694870098145113e-01
5.309186740046337727e-01
5.309165391573963388e-01
5.308773203931126394e-01
5.309485831471262296e-01
5.308808905244367660e-01
5.308032479854590813e-01
5.308184896339606107e-01
5.307607318426796894e-01
5.307899641060838114e-01
5.307625628490326708e-01
5.307423765084348100e-01
5.306776917722358933e-01
5.306993532548874848e-01
5.307173953011061762e-01
5.306630914316550207e-01
5.306886137286985772e-01
5.306595060286061205e-01
5.306259571336364722e-01
5.306472969044963017e-01
5.306141514200432008e-01
5.305922838169477851e-01
5.307587377331115519e-01
5.307264542705711907e-01
5.307445789198919073e-01
5.305602462922803797e-01
5.305922023342722893e-01
5.305615474719893587e-01
5.306712457405486916e-01
5.305257415250342889e-01
5.306085373592114296e-01
5.305332711239630905e-01
5.304746970076417156e-01
5.304911870970018262e-01
5.305957779092571602e-01
5.305026991788800439e-01
5.304726366060459330e-01
5.304766764095597553e-01
5.305591292376471424e-01
5.304591584816904515e-01
5.305966029928773642e-01
5.304559204218839419e-01
5.306589558514522853e-01
5.304607076411899103e-01
5.304953688796829603e-01
5.304503580645236749e-01
5.305701861454573676e-01
5.305444266000923781e-01
5.305310099964627435e-01
5.304875168650138306e-01
5.305470447531099865e-01
5.307165309173824674e-01
5.302777664676130431e-01
5.302370966277161202e-01
5.302205222237388327e-01
5.302132562112955583e-01
5.302468140513563188e-01
5.302334064675997549e-01
5.303956604645757578e-01
5.301754621449163984e-01
5.301238145958082626e-01
5.301222284449168543e-01
5.301187361589472236e-01
5.301903012931973302e-01
5.304436787821072974e-01
5.301533982663417799e-01
5.301634596336647354e-01
5.301364767648844012e-01
5.302056877793068779e-01
5.301113822464711411e-01
5.301853970800132210e-01
5.299068938850014510e-01
5.299070454902049532e-01
5.298914779214035642e-01
5.298778266014091409e-01
5.298949092613302048e-01
5.298246810843562082e-01
5.298307740634796703e-01
5.298707219402924995e-01
5.297884669545651626e-01
5.300652486648098627e-01
5.298044587023638119e-01
5.298885889831562723e-01
5.297816084927160496e-01
5.298104040087947553e-01
5.297906166281212137e-01
5.298158385197335729e-01
5.297824313676422481e-01
5.298039542280713610e-01
5.297874566283322650e-01
5.298685907158903197e-01
5.297941976294330280e-01
5.299255061377045051e-01
5.297745193020046983e-01
5.298710798656723897e-01
5.297475229143573383e-01
5.295138074307212950e-01
5.294933730173726483e-01
5.295011526433415217e-01
5.295142452841722358e-01
5.295224975922904198e-01
5.295740485225350902e-01
5.295031046794145269e-01
5.294755075770113395e-01
5.294814480033562809e-01
5.295139412404683554e-01
5.294826041457015853e-01
5.294782492758993708e-01
5.294878957581473644e-01
5.295213558334257442e-01
5.294807036638707887e-01
5.300180992816250214e-01
5.294528004099485763e-01
5.293342383292495290e-01
5.293458135690544131e-01
5.293904434400651393e-01
5.293259923473641049e-01
5.293457924267622738e-01
5.293243011898602912e-01
5.294814031470105320e-01
5.293452499891182494e-01
5.293515882189436805e-01
5.293215370545736320e-01
5.294210696966958896e-01
5.293434518845901993e-01
5.293497211506122957e-01
5.293167834785416082e-01
5.293210761264156572e-01
5.293059222915589279e-01
5.293090841036056649e-01
5.292994121049946488e-01
5.293403115315404861e-01
5.293112901334036113e-01
5.293040982520533788e-01
5.292890409969155385e-01
5.297616214400869827e-01
5.293255323727074080e-01
5.296300158066921115e-01
5.292448791614283721e-01
5.291178362722260831e-01
5.290390198255063847e-01
5.290983008224544593e-01
5.291067401367177681e-01
5.290414435893990852e-01
5.290712829755582769e-01
5.290530925377001648e-01
5.290709968488993553e-01
5.290861178277014298e-01
5.290598260758830884e-01
5.290608875764883923e-01
5.290368513264104289e-01
5.290453975683696575e-01
5.290833565622204970e-01
5.291809834581288063e-01
5.293284312733786967e-01
5.290080623466307808e-01
5.289282683275624564e-01
5.288987659643026307e-01
5.288893650191045515e-01
5.289615316097606712e-01
5.288834046839797631e-01
5.289184539254280226e-01
5.288982978333996998e-01
5.290016658705398722e-01
5.288599908225857238e-01
5.288582061229415432e-01
5.288718842809375653e-01
5.288411220293456338e-01
5.288897747032764718e-01
5.288533418467531444e-01
5.288286603305947242e-01
5.288362427047713643e-01
5.288256871956378280e-01
5.288779336218057958e-01
5.288252292188873049e-01
5.288541409659454073e-01
5.288266028327134327e-01
5.288990035957608082e-01
5.291759801583134637e-01
5.286223740207922628e-01
5.287796035783101090e-01
5.285823935295967946e-01
5.286271517211910131e-01
5.285874193917295960e-01
5.285615873835088907e-01
5.285583560890282362e-01
5.286231592957953973e-01
5.285629962111753066e-01
5.286248144385319314e-01
5.285610261123900866e-01
5.285920085681721226e-01
5.285774724876555197e-01
5.285652015661091996e-01
5.285842874902508814e-01
5.286432476937318325e-01
5.284787662127092833e-01
5.287608605214011437e-01
5.283486288801156894e-01
5.283793996514096758e-01
5.283861081800772519e-01
5.284292083946857677e-01
5.283439227179743680e-01
5.283288636822236484e-01
5.283155570660333922e-01
5.283562241030781426e-01
5.283068687624576931e-01
5.283686962984830426e-01
5.283375971442856311e-01
5.282674416101175163e-01
5.282760770259246064e-01
5.283916668580384002e-01
5.282665653175397935e-01
5.281943606580886685e-01
5.282342943576607830e-01
5.282451939147785325e-01
5.281336863350709621e-01
5.281474360050353312e-01
5.281509671710922227e-01
5.281295102589970147e-01
5.281823872161046651e-01
5.282070532814041597e-01
5.281378113613760528e-01
5.282447819652288379e-01
5.281816379965673658e-01
5.281596140158765218e-01
5.281395658709189256e-01
5.281481553691707020e-01
5.281499129822710970e-01
5.281164910753747277e-01
5.281410094029479474e-01
5.281729933423058299e-01
5.281401909151939300e-01
5.281747605091029474e-01
5.280967943796286423e-01
5.281284546099038746e-01
5.280944002528117354e-01
5.282081331368064792e-01
5.280407463164699111e-01
5.283676637818073285e-01
5.280440221590962935e-01
5.281909871702206161e-01
5.280237384033279469e-01
5.280793585135905577e-01
5.279980595801115895e-01
5.280073998904410981e-01
5.280895032210024542e-01
5.277400086882059194e-01
5.277401689840008903e-01
5.277379993475649345e-01
5.277623798017087031e-01
5.277574583490636240e-01
5.277347003144404747e-01
5.277350604989948790e-01
5.279939879786077483e-01
5.277384487985856687e-01
5.277056699805319218e-01
5.277393709537463451e-01
5.276872190092116721e-01
5.277061293531305486e-01
5.278772555500559349e-01
5.276681180677973426e-01
5.276484188219574545e-01
5.276784374106749942e-01
5.279036295614991658e-01
5.276080131573183118e-01
5.274131745234091895e-01
