1.107958127201607468e+00
1.107958127201607246e+00
1.107958127201607468e+00
1.109276114030519844e+00
1.106071219175479126e+00
1.214428788065672560e+00
9.330278085581628078e-01
9.330278085581628078e-01
9.330278085581628078e-01
9.330278085581628078e-01
9.330278085581628078e-01
9.330278085581628078e-01
9.344294275482847301e-01
9.557644822056543532e-01
9.330278085581628078e-01
9.330278085581628078e-01
9.330278085581628078e-01
9.453330511452220364e-01
9.330278085581628078e-01
9.330278085581628078e-01
8.296852033410997418e-01
9.509053939814890999e-01
8.286425661849341484e-01
9.284671334278472576e-01
8.286425661849341484e-01
8.415487398151988430e-01
8.350091553566938440e-01
8.327264473232143249e-01
8.546933266360871029e-01
8.328632977372407709e-01
8.281150218966709664e-01
8.372943175088416456e-01
8.272592481794315278e-01
8.276942043429327267e-01
8.295531985364629213e-01
8.272592481794315278e-01
8.289105536388738926e-01
8.272592481794315278e-01
8.294339538528354705e-01
8.272592481794315278e-01
8.304602098359874507e-01
8.272592481794315278e-01
8.335913037845512630e-01
8.323359586716976288e-01
8.753784437484602998e-01
8.258520192186225017e-01
8.409351098059294483e-01
8.278189588659831122e-01
8.318651090026162320e-01
8.289786258106633943e-01
8.258520192186227238e-01
8.311656924564577720e-01
8.265728353113970250e-01
8.374037365716922032e-01
8.258230552004592884e-01
8.291185166863606071e-01
8.257827175763052807e-01
8.268221892313333266e-01
8.261071955357843777e-01
8.266330008595028644e-01
8.307046686494283794e-01
8.230794220982444731e-01
8.293091037814053212e-01
8.223334649951821174e-01
8.219161363297453615e-01
8.165986067533277382e-01
8.223258960391849337e-01
8.163491628314835102e-01
8.114716301699764767e-01
8.114817586802109961e-01
8.112249192587265290e-01
8.108041520231239474e-01
8.100598048174547650e-01
8.097397861910773376e-01
8.130839887137788491e-01
8.097577664824530119e-01
8.122348858186585474e-01
8.099683218549881270e-01
8.174586054154883152e-01
8.099145140213670491e-01
8.095802553677515778e-01
8.095755571829392760e-01
8.091063756452880895e-01
8.090927116702844035e-01
8.188255276258713522e-01
8.088299343786893303e-01
8.144672585073050586e-01
8.088529516649607398e-01
8.159075413506118313e-01
8.088051140111305326e-01
8.155519791219870696e-01
8.088317012884141954e-01
8.106530662065930537e-01
8.089530181488213678e-01
8.126326174571748551e-01
8.099207957324682239e-01
8.108137966671608021e-01
8.083806197983914865e-01
8.237848184830767195e-01
8.087438760568924634e-01
8.131976376070665369e-01
8.102494223833291986e-01
8.084445699747655478e-01
8.089513821829189544e-01
8.084214645147566047e-01
8.089787089685435140e-01
8.083311045655561244e-01
8.093009414631721077e-01
8.083539625385534055e-01
8.106842935484932511e-01
8.083397932290112831e-01
8.098851930094520535e-01
8.083668453379121432e-01
8.109136193000193726e-01
8.083291787776856197e-01
8.089734486728255014e-01
8.083414672499539266e-01
8.086991745012612753e-01
8.083338729011296797e-01
8.089857752434791438e-01
8.087265412088523453e-01
8.083014852991978749e-01
8.083339146782364537e-01
8.082930685896972944e-01
8.084069408860330430e-01
8.083401858144334540e-01
8.087431892473700978e-01
8.085205017737406852e-01
8.085534021629974255e-01
8.083289886088610432e-01
8.084877958856617752e-01
8.083142659277477993e-01
8.084441159422111056e-01
8.083579373965681381e-01
8.082964563587233808e-01
8.083355462872697794e-01
8.082973551012712088e-01
8.083169742174336481e-01
8.083004687284830458e-01
8.082989436154248697e-01
8.082952425319366307e-01
8.082984687774796839e-01
8.082767287224666974e-01
8.084470304002968621e-01
8.082913682517653964e-01
8.084023982191300695e-01
8.082951823266125713e-01
8.082430039055912285e-01
8.081739239481119386e-01
8.081724305887144633e-01
8.081757482497567979e-01
8.082128483981230183e-01
8.081768262016174598e-01
8.081975693390194282e-01
8.081743613977446783e-01
8.081812367557933419e-01
8.081762380142559765e-01
8.081910366048749017e-01
8.081735521484990636e-01
8.081676382439093587e-01
8.081682037026125531e-01
8.081644576508685285e-01
8.081639712255753727e-01
8.081599403854523578e-01
8.081585201016930897e-01
8.081742751007929826e-01
8.081411224655136172e-01
8.081380023296350634e-01
8.081410411269245309e-01
8.081053676071211500e-01
8.080904383206002350e-01
8.080780639145486166e-01
8.080962658360726358e-01
8.080784682877679703e-01
8.080769015943103373e-01
8.080757691967763723e-01
8.080833295908880221e-01
8.080705356021534724e-01
8.080716545747355095e-01
8.080717438966154020e-01
8.080734781770877451e-01
8.080791521278407608e-01
8.080634529572537916e-01
8.080654941911330491e-01
8.080829751166352937e-01
8.080600426749462439e-01
8.080666967445842008e-01
8.080514236512089665e-01
8.080658021873948771e-01
8.080493162315708355e-01
8.080898964440230703e-01
8.080364818590901610e-01
8.080225146640416245e-01
8.080249788421415280e-01
8.080318329896246654e-01
8.080180935654291963e-01
8.080192025537268341e-01
8.080193239725304011e-01
8.080194866161591882e-01
8.080329451097434390e-01
8.080201825317596676e-01
8.080284846399585774e-01
8.080138638643570292e-01
8.080185142043744273e-01
8.080112350417930633e-01
8.080058192885106738e-01
8.079944713624074293e-01
8.079760067878973828e-01
8.079773573348335569e-01
8.079682832298800133e-01
8.079644042578900676e-01
8.079663674500968673e-01
8.080090643864638045e-01
8.079700296524157110e-01
8.079530200792113259e-01
8.079551407950520403e-01
8.079497779211822772e-01
8.079458998533739500e-01
8.079490323201321544e-01
8.079429317729710514e-01
8.079503520132695904e-01
8.079409551901648445e-01
8.079469836137082028e-01
8.079432840885851785e-01
8.079854554322378757e-01
8.079555837789420547e-01
8.079366813122896840e-01
8.079303602251403094e-01
8.079920970378033918e-01
8.079270077429598906e-01
8.079171118162049581e-01
8.079200204171592681e-01
8.079788921476422914e-01
8.079209709624594060e-01
8.079339106235327028e-01
8.079168386962004567e-01
8.079407869722061708e-01
8.079267225143942355e-01
8.079208725448054906e-01
8.079191795134266219e-01
8.079367571237118240e-01
8.079252975024469041e-01
8.079005993369561267e-01
8.078991446361543094e-01
8.078719554722729734e-01
8.078758733180780860e-01
8.078703763297101492e-01
8.078687276071109258e-01
8.078704882543001897e-01
8.078598859743444383e-01
8.078553840756128590e-01
8.078566306621715043e-01
8.078599491933841081e-01
8.078293362682804624e-01
8.078165152524616754e-01
8.078213023475301346e-01
8.078156710620554293e-01
8.078013125116321191e-01
8.078053731773510160e-01
8.078024089135066310e-01
8.078000770637027150e-01
8.077950144030952018e-01
8.077963209857396132e-01
8.077857189902117874e-01
8.077876647179605962e-01
8.078436533316746271e-01
8.077847736054011296e-01
8.078000531110953730e-01
8.077841203154252359e-01
8.077720437504141149e-01
8.077708364849163214e-01
8.077754889350274858e-01
8.077729939214075561e-01
8.078284352635426435e-01
8.077800165125466059e-01
8.077846332286149345e-01
8.077706763383393218e-01
8.077897261830054854e-01
8.077766397829539979e-01
8.077743288329199967e-01
8.077685357105008901e-01
8.077822326360510896e-01
8.077720783773495450e-01
8.077656867951449327e-01
8.077648324457668005e-01
8.077595029622953726e-01
8.077565070571084416e-01
8.077538802966298670e-01
8.077532715835304966e-01
8.077243677075083284e-01
8.077045612539321962e-01
8.076956550825565850e-01
8.076936390415516698e-01
8.076954489566351425e-01
8.076898541562604894e-01
8.076902545231118280e-01
8.076777437238408242e-01
8.076752251087808698e-01
8.076764036166097505e-01
8.076870768888084751e-01
8.076721112687051951e-01
8.076782103594490891e-01
8.076672603030968789e-01
8.076711676609678037e-01
8.076608360636482464e-01
8.077536499787457691e-01
8.076746663013979477e-01
8.076461429068803044e-01
8.076477385030228495e-01
8.076495377393257957e-01
8.076495205031978264e-01
8.076584556978765317e-01
8.076460099231445033e-01
8.076562839533639737e-01
8.076494052008862390e-01
8.076626890629893252e-01
8.076437199684149970e-01
8.076498936871097101e-01
8.076543406577511020e-01
8.076426641529049766e-01
8.076452643525181552e-01
8.076471237199830400e-01
8.076446082827247741e-01
8.076333814206865247e-01
8.076391098727571105e-01
8.076346248139335549e-01
8.076288295939584305e-01
8.076261872149250731e-01
8.076252901682301477e-01
8.076440783704250670e-01
8.076161631872416091e-01
8.076130667701451049e-01
8.076530264173020779e-01
8.075829018068277909e-01
8.076099925490738407e-01
8.075825657890428610e-01
8.075649869043688422e-01
8.075643365192781697e-01
8.075718076091737974e-01
8.075656620178998102e-01
8.075716955184539803e-01
8.075636465294581123e-01
8.075795923853316127e-01
8.075632372572565387e-01
8.075621887058116455e-01
8.075590718855653050e-01
8.075684984881581485e-01
8.075590856308600962e-01
8.075739714861220886e-01
8.075606580667296086e-01
8.075567707090149927e-01
8.075524151768300740e-01
8.075567773390823767e-01
8.075818199602535774e-01
8.075298967297699360e-01
8.075766380392557231e-01
8.075337844987513503e-01
8.075494875376730830e-01
8.075324415915057230e-01
8.075119223536162405e-01
8.075135437698301999e-01
8.075183137996519989e-01
8.075137629781359294e-01
8.075089075810600869e-01
8.075087264220159877e-01
8.075035741558086455e-01
8.075056451708761962e-01
8.075055340654602176e-01
8.075036993288655651e-01
8.075106541371810387e-01
8.075044393858900049e-01
8.075223040502540472e-01
8.075023298144966555e-01
8.074753205521721933e-01
8.074667043427611324e-01
8.074961767134161139e-01
8.074677911436258793e-01
8.074627072566319397e-01
8.074597583081655205e-01
8.074525266347049035e-01
8.074537024088572768e-01
8.074769684740920050e-01
8.074487335696450829e-01
8.074211349041560126e-01
8.074308099650379100e-01
8.074198980120305125e-01
8.074259255342429720e-01
8.074231692786876247e-01
8.074289611376873621e-01
8.074228411816577466e-01
8.074147417710499930e-01
8.074145683542836016e-01
8.074146890396101117e-01
8.074282163378446731e-01
8.074072267666849712e-01
8.073684340958390271e-01
8.074001650935945795e-01
8.073768942602241871e-01
8.073818172551718853e-01
8.073649670311898729e-01
8.073585446415963984e-01
8.073597888032614245e-01
8.073679426360698130e-01
8.073649008552978845e-01
8.073981494462773023e-01
8.073542315145038062e-01
8.073374044068076794e-01
8.073402337603329260e-01
8.073656036368122013e-01
8.073391016288428146e-01
8.073466196561767116e-01
8.073372655497680350e-01
8.073366873133274169e-01
8.073391484683848374e-01
8.073403855800417306e-01
8.073503095649782191e-01
8.073520296869072244e-01
8.073369677935827715e-01
8.073358886364219167e-01
8.073470259844000019e-01
8.072995850483916103e-01
8.073021875772842249e-01
8.073038870097869468e-01
8.072893663484396187e-01
8.072899960003395714e-01
8.072971023531149148e-01
8.072767514996479488e-01
8.072526905942195574e-01
8.072373050984844589e-01
8.072388616483499035e-01
8.072374649826337123e-01
8.072286254028268049e-01
8.072282615843702214e-01
8.072381967037397521e-01
8.072281004679722205e-01
8.072138359837589539e-01
8.072222983613863700e-01
8.072147985356986633e-01
8.072448427445085839e-01
8.072113955899841153e-01
8.072091713838774885e-01
8.072141832190776745e-01
8.072046688460212671e-01
8.072107835560518030e-01
8.072076284870925988e-01
8.072107711769557215e-01
8.072357397047793537e-01
8.072076603844949849e-01
8.072124864162718572e-01
8.072079448150846215e-01
8.072087919045255466e-01
8.072069018042673516e-01
8.072071487970333692e-01
8.072116025514979309e-01
8.072065160042977139e-01
8.072046270495212283e-01
8.072125677574687463e-01
8.072009807317958030e-01
8.071892381227899760e-01
8.071883109320516780e-01
8.071898377323077911e-01
8.071923074185833880e-01
8.071772974056308225e-01
8.071828232709841178e-01
8.071755190782610168e-01
8.071729565280916230e-01
8.071711316774885514e-01
8.071538087733794997e-01
8.071510420942724640e-01
8.071495574728082545e-01
8.071440770510950324e-01
8.071368507960147154e-01
8.071337319953284517e-01
8.071329398593938276e-01
8.071283252347365433e-01
8.071288172754843560e-01
8.071275399180518617e-01
8.071256676749904990e-01
8.071338768216969051e-01
8.071305650974639478e-01
8.071156174032009245e-01
8.071193783957465451e-01
8.071214660059299328e-01
8.071118822047151919e-01
8.071135676244891588e-01
8.071124402833339539e-01
8.071153835198818793e-01
8.071077263032386817e-01
8.070877168264525281e-01
8.070730655638730378e-01
8.070593805982629876e-01
8.070605457384245618e-01
8.070595605623032132e-01
8.070550287612059392e-01
8.070568157775384055e-01
8.070515504553910091e-01
8.070444927873144936e-01
8.070437291800161006e-01
8.070360391679989309e-01
8.070273737196639319e-01
8.070152859184945848e-01
8.070276003770741058e-01
8.070145758230043986e-01
8.070092883605981537e-01
8.070120591319707160e-01
8.070154199140430196e-01
8.070064936214561557e-01
8.070045866498274378e-01
8.070022584703965274e-01
8.069885672532413068e-01
8.069839700066006039e-01
8.069719081005876093e-01
8.069561379500324039e-01
8.069424224408759949e-01
8.069363723837448266e-01
8.069217917729499812e-01
8.069156704109248235e-01
8.069152072919913987e-01
8.069064936046755898e-01
8.069018318852998473e-01
8.068868717457098327e-01
8.068803172826707337e-01
8.068802539536692464e-01
8.068779673940602581e-01
8.068640397858088953e-01
8.068520347189092057e-01
8.068353417860859578e-01
8.068309157412910659e-01
8.068295452185190175e-01
8.068279997201247555e-01
8.068292645248689166e-01
8.068294330328834585e-01
8.068279113842644623e-01
8.068163910006770356e-01
8.068134822663139971e-01
8.068183741120442676e-01
8.068011654728428628e-01
8.067994258736236324e-01
8.068010781937456910e-01
8.067995768305985527e-01
8.067997394356593022e-01
8.067966949703585522e-01
8.067957893175500272e-01
8.068016868410219367e-01
8.067962513261092150e-01
8.067903497257993273e-01
8.067802783817638046e-01
8.067792309901404835e-01
8.067865329848749045e-01
8.067809430720063180e-01
8.067890610538357432e-01
8.067638932741255653e-01
8.067544117716766161e-01
8.067545728284114537e-01
8.067422263834664875e-01
8.067346888187052478e-01
8.067297030639608568e-01
8.067282791040677470e-01
8.067325501183424397e-01
8.067272899518574958e-01
8.067263968323491463e-01
8.067290589998521444e-01
8.067246840582821266e-01
8.067238335981270492e-01
8.067222955946207197e-01
8.067192786703035745e-01
8.067387953331691675e-01
8.067215888385638189e-01
8.067025930400539835e-01
8.067002598640119482e-01
8.066984184437877570e-01
8.066950934664293138e-01
8.066984319700171158e-01
8.067078784037002848e-01
8.066920849133364380e-01
8.067026280362040724e-01
8.066998977772754653e-01
8.066861669328840856e-01
8.066868312626505055e-01
8.066820588851061347e-01
8.066821696491510707e-01
8.066794333402640405e-01
8.066780238377022627e-01
8.066650137356317085e-01
8.066707956661635093e-01
8.066663621897758318e-01
8.066661062651312442e-01
8.066624401444741910e-01
8.066662817429546273e-01
8.066718157387827715e-01
8.066472365573925662e-01
8.066339214022771875e-01
8.066230365356619192e-01
8.066170010353713726e-01
8.066171343246457681e-01
8.066189634513676321e-01
8.066143931359844865e-01
8.066140981749218009e-01
8.066143491124342368e-01
8.066162922357943410e-01
8.066175245946256567e-01
8.066173966748415580e-01
8.066147000043807358e-01
8.066206937971768243e-01
8.066046096954642142e-01
8.065875103399325896e-01
8.065819309995239106e-01
8.065846423038562918e-01
8.065751427729734857e-01
8.065744496538039821e-01
8.065715618188927793e-01
8.065699183873720202e-01
8.065658294887388946e-01
8.065531812152955116e-01
8.065592086778602399e-01
8.065546121523300416e-01
8.065646595551334563e-01
8.065582614700830266e-01
8.065390185899588005e-01
8.065286891838868710e-01
8.065245566125240906e-01
8.065265550018805296e-01
8.065270836216533734e-01
8.065222622926090379e-01
8.065198886160135361e-01
8.065191614583181456e-01
8.065179321135398371e-01
8.065161869047090537e-01
8.065022917275044279e-01
8.065120454548259099e-01
8.065041680272783120e-01
8.065091210977061165e-01
8.065074196330532796e-01
8.065099869052939630e-01
8.065036563225734811e-01
8.064891113893024599e-01
8.064798267112348595e-01
8.064727477076283346e-01
8.064728591191699936e-01
8.064661989761054972e-01
8.064586658148107379e-01
8.064623645517027262e-01
8.064586636581060342e-01
8.064610249698562772e-01
8.064591012499530143e-01
8.064610135029111060e-01
8.064495164540752548e-01
8.064651606132390294e-01
8.064478297979166266e-01
8.064348442970916686e-01
8.064277586527831554e-01
8.064274203461387902e-01
8.064273351362303277e-01
8.064209560568962321e-01
8.064214233489147565e-01
8.064358886367867241e-01
8.064245411671303598e-01
8.064189152426456397e-01
8.064181268472530029e-01
8.064469739532660331e-01
8.064245467494363107e-01
8.064074109894860953e-01
8.063915506025656210e-01
8.063905719840352981e-01
8.063903162327625829e-01
8.063818872112065161e-01
8.063816892778665757e-01
8.063831344485228314e-01
8.063820866518748298e-01
8.063977271448903306e-01
8.063774449861828009e-01
8.063853644042052737e-01
8.063781338929147946e-01
8.063653670464280276e-01
8.063559767373653653e-01
8.063558437306238558e-01
8.063576750380638813e-01
8.063620519087473237e-01
8.063550168307076493e-01
8.063548523716602690e-01
8.063579194272485484e-01
8.063518998865162324e-01
8.063504270042003430e-01
8.063624664340930392e-01
8.063486202541363390e-01
8.063323958349665199e-01
8.063362317639392041e-01
8.063383956811339681e-01
8.063250462841522470e-01
8.063248366966639935e-01
8.063240191171178184e-01
8.063240465904941701e-01
8.063247830565507535e-01
8.063350549881540541e-01
8.063290149340444080e-01
8.063256914425634969e-01
8.063222842322991246e-01
8.063284776270213117e-01
8.063219932616912944e-01
8.063203871637637521e-01
8.063254153182071171e-01
8.063040912073278221e-01
8.063035232306661193e-01
8.063043588527870620e-01
8.063064888012024811e-01
8.063070403627285998e-01
8.063010179303252700e-01
8.063002885085569504e-01
8.063133261042775279e-01
8.062955291024894722e-01
8.062787724049960136e-01
8.062740508372490122e-01
8.062732357072162070e-01
8.062698327298252199e-01
8.062718905613268650e-01
8.062706689817643602e-01
8.062696330413327006e-01
8.062754837745649272e-01
8.062705013448902003e-01
8.062702462018584981e-01
8.062683753940442788e-01
8.062738378646282511e-01
8.062693022001616860e-01
8.062721630454571242e-01
8.062669435364389070e-01
8.062517530077432104e-01
8.062463357718850920e-01
8.062437029817473011e-01
8.062569422470845515e-01
8.062415873147169565e-01
8.062365910907433042e-01
8.062257925845922601e-01
8.062322932483405591e-01
8.062285643539207625e-01
8.062372725336283130e-01
8.062312702574347956e-01
8.062104436955014330e-01
8.061995239331907204e-01
8.062006761297177970e-01
8.062019853788117141e-01
8.061997773233160469e-01
8.061971180274603022e-01
8.061977585613933073e-01
8.061953592246291489e-01
8.061941896752344849e-01
8.061866011353974182e-01
8.061832559170669654e-01
8.061831391285682047e-01
8.061826501142705936e-01
8.061739895813153645e-01
8.061987305435333040e-01
8.061695577264106349e-01
8.061547969792912660e-01
8.061450028820021929e-01
8.061462935076019187e-01
8.061405899634286332e-01
8.061391158288712111e-01
8.061473580359775903e-01
8.061387102169199625e-01
8.061264273873438579e-01
8.061175455246731847e-01
8.061144362063943358e-01
8.061138512039007775e-01
8.061158454292910447e-01
8.061149648515284483e-01
8.061124907409722429e-01
8.061128271340639584e-01
8.061121396577284326e-01
8.061069193824295098e-01
8.061208357233375921e-01
8.061079674931583838e-01
8.060989725018083973e-01
8.060923742540654358e-01
8.061004718766829891e-01
8.060906837679424619e-01
8.060743432092827288e-01
8.060861332350645059e-01
8.060776892495986612e-01
8.060723105496057084e-01
8.060737614335234946e-01
8.060652320892739420e-01
8.060552107121059517e-01
8.060539720151467247e-01
8.060546155343425445e-01
8.060526296123262657e-01
8.060527854496171152e-01
8.060535360740430644e-01
8.060525502495847761e-01
8.060519402971235703e-01
8.060511640023819702e-01
8.060513686074967099e-01
8.060577375080907325e-01
8.060380956628262483e-01
8.060677887553679977e-01
8.060372623392092484e-01
8.060178967728213184e-01
8.060086539892046265e-01
8.060099852338330484e-01
8.060105688470757812e-01
8.060067181541428205e-01
8.060044626784846900e-01
8.060207648521520163e-01
8.060007427022443105e-01
8.059848019834285893e-01
8.059813032560447787e-01
8.059810829938730548e-01
8.059714826234557483e-01
8.059735408015628044e-01
8.059713127953365142e-01
8.059708790756823227e-01
8.059704860500438439e-01
8.059701475325301567e-01
8.059695676773381834e-01
8.059663158259408045e-01
8.059671062416106091e-01
8.059624167851320298e-01
8.059734333226197256e-01
8.059442366419966586e-01
8.059417832301373208e-01
8.059437974148060402e-01
8.059445628541558326e-01
8.059419759126775773e-01
8.059423908223117827e-01
8.059416876792546702e-01
8.059547381774881947e-01
8.059408139642720847e-01
8.059473818295946890e-01
8.059391089640022265e-01
8.059224506938174049e-01
8.059268616004645613e-01
8.059223950269673864e-01
8.059076014720256698e-01
8.058985442265788057e-01
8.058872741997601397e-01
8.058731004481236582e-01
8.058720429661997420e-01
8.058718750098605721e-01
8.058629227376028492e-01
8.058622955337439997e-01
8.058605297651074695e-01
8.058610155884402548e-01
8.058574556106131714e-01
8.058581924035683741e-01
8.058454583483476430e-01
8.058346776753632090e-01
8.058256009614918058e-01
8.058181666514103725e-01
8.058170274624404383e-01
8.058292377845965859e-01
8.057974040311548514e-01
8.057864963532995750e-01
8.057801761079036451e-01
8.057749132027457462e-01
8.057754254171347608e-01
8.057735457757350117e-01
8.057720427880723513e-01
8.057569322644116960e-01
8.057404363776192735e-01
8.057247414250918727e-01
8.057075764471125501e-01
8.056912063697995174e-01
8.056772983076188055e-01
8.056646962592491912e-01
8.056516797918291672e-01
8.056447837237089571e-01
8.056383430263268641e-01
8.056388128622484768e-01
8.056300435462272480e-01
8.056269667080975250e-01
8.056270917382852836e-01
8.056263503538910742e-01
8.056270842053740999e-01
8.056199639397241263e-01
8.056102289637468994e-01
8.056066751987154273e-01
8.056130023200098744e-01
8.055989489615933419e-01
8.055929743544381072e-01
8.055837603397080215e-01
8.055684035279514488e-01
8.055705797824961323e-01
8.055675541433309217e-01
8.055623020336164508e-01
8.055554199137756610e-01
8.055470788494066836e-01
8.055440791255905619e-01
8.055444923799641721e-01
8.055430788864884617e-01
8.055438595414672331e-01
8.055386194864040394e-01
8.055381793986524652e-01
8.055389789682740886e-01
8.055367493149910851e-01
8.055347610612625386e-01
8.055295477333265231e-01
8.055172741676543957e-01
8.055231774967770431e-01
8.055200179472656874e-01
8.055206652450701554e-01
8.055212777917113431e-01
8.055032930951465664e-01
8.054956032676466871e-01
8.054956975974718603e-01
8.054964581733985440e-01
8.054947840427928440e-01
8.054965437767029890e-01
8.054904858907525611e-01
8.054917640369007037e-01
8.054921304354139000e-01
8.054955354227537612e-01
8.054919461616952825e-01
8.054893227705228753e-01
8.054884728748645806e-01
8.054833274210205785e-01
8.054837637622314084e-01
8.054778152610915232e-01
8.054641909231049501e-01
8.054563256385736114e-01
8.054565452635784606e-01
8.054552802276627732e-01
8.054453285010486630e-01
8.054497475247470728e-01
8.054509715371522827e-01
8.054436270523070984e-01
8.054415748454774038e-01
8.054359893790092872e-01
8.054391471714642536e-01
8.054281780387013701e-01
8.054263553423760547e-01
8.054234649230560539e-01
8.054201427345133446e-01
8.054192864642941707e-01
8.054188573594952549e-01
8.054195524409325513e-01
8.054153795935489191e-01
8.054225906541948588e-01
8.054085219290462172e-01
8.054280640784712286e-01
8.054140090191379553e-01
8.054030699811784988e-01
8.054116784793462491e-01
8.053957960709354769e-01
8.053880584257400166e-01
8.053797466094310131e-01
8.053784457827605214e-01
8.053775227521103863e-01
8.053774869128034197e-01
8.053767149593817898e-01
8.053768018625613312e-01
8.053825857279542921e-01
8.053768329100867707e-01
8.053770415680102657e-01
8.053739589562719514e-01
8.053765855712400334e-01
8.053743583244875603e-01
8.053605303715730690e-01
8.053571356107376289e-01
8.053441220212527174e-01
8.053320558119814176e-01
8.053258879906080026e-01
8.053252555149340575e-01
8.053334659198034817e-01
8.053141628589641776e-01
8.052987037629836253e-01
8.052903184336932529e-01
8.052868178956367196e-01
8.052859780379658661e-01
8.052850545760771306e-01
8.052827680758053441e-01
8.052784824198235825e-01
8.052774090043228750e-01
8.052749173064512878e-01
8.052770252221547187e-01
8.052750676164359689e-01
8.052743833435846987e-01
8.052667995569525727e-01
8.052608608115062738e-01
8.052555604090210206e-01
8.052519380272012972e-01
8.052548507834441649e-01
8.052498975068700382e-01
8.052396409437801994e-01
8.052368734910737569e-01
8.052354757321421586e-01
8.052216831239868977e-01
8.052107519050486495e-01
8.052051179170870432e-01
8.051975226420255982e-01
8.052070337417838175e-01
8.051962798710925462e-01
8.051922699647642290e-01
8.051908513738087469e-01
8.051803886095530993e-01
8.051760857597128895e-01
8.051768505575771506e-01
8.051736756263333517e-01
8.051724030942823962e-01
8.051614661543576856e-01
8.051554072929034689e-01
8.051547838119363920e-01
8.051563140062237833e-01
8.051489168452918843e-01
8.051464465820468153e-01
8.051478270230111312e-01
8.051389999041140833e-01
8.051388839560735811e-01
8.051440084700013378e-01
8.051247738115521191e-01
8.051231765749501390e-01
8.051213935726918569e-01
8.051260010982451698e-01
8.051197216914883770e-01
8.051208585019150599e-01
8.051200218591761937e-01
8.051214050065848005e-01
8.051244414936530314e-01
8.051219348395997066e-01
8.051165290222425108e-01
8.051094093755899461e-01
8.051056701918181124e-01
8.051078192348961604e-01
8.051076744944137831e-01
8.051048094112742692e-01
8.051067133691203193e-01
8.051046127814165398e-01
8.051048587487472652e-01
8.051042307328534209e-01
8.051087942004520048e-01
8.050992948795920867e-01
8.050955167212207053e-01
8.050969866271361353e-01
8.050917535426992400e-01
8.050894754339430470e-01
8.050894005602673431e-01
8.050891497453730450e-01
8.050905874962592801e-01
8.050887364542054225e-01
8.050945089017002010e-01
8.050912830134364651e-01
8.051071607812376740e-01
8.050894170721081267e-01
8.050798368157010554e-01
8.050786824236947359e-01
8.050683210595596107e-01
8.050724408184325442e-01
8.050693087980769214e-01
8.050706352590440984e-01
8.050688165635012661e-01
8.050747887322261542e-01
8.050696045862414385e-01
8.050705836901064227e-01
8.050701319319168991e-01
8.050611339289452939e-01
8.050675264100604078e-01
8.050584791623295322e-01
8.050530385335383787e-01
8.050548399158766744e-01
8.050528719933291999e-01
8.050525096967552363e-01
8.050520636980184053e-01
8.050524263066011210e-01
8.050544395680570009e-01
8.050519618714970793e-01
8.050698118262235026e-01
8.050498369381218211e-01
8.050366741606990173e-01
8.050361012501762170e-01
8.050360879577705964e-01
8.050357423358586173e-01
8.050377526301911724e-01
8.050377322775887912e-01
8.050351880312169861e-01
8.050372967788496092e-01
8.050341725469001286e-01
8.050424068073758210e-01
8.050346473080077780e-01
8.050432492043249066e-01
8.050318700046267262e-01
8.050207762947898527e-01
8.050295930484649976e-01
8.050211549980080816e-01
8.050209515796062920e-01
8.050201733928548098e-01
8.050174761309533134e-01
8.050170029867766974e-01
8.050163536578983647e-01
8.050151747430349669e-01
8.050217363141285443e-01
8.050167411328823519e-01
8.050081318801070029e-01
8.050013469877332906e-01
8.050050295228148300e-01
8.050025241015829058e-01
8.050017891423147942e-01
8.050005231795421823e-01
8.050034005331974107e-01
8.049997211699626565e-01
8.050056451430162019e-01
8.050079065440601811e-01
8.049899156846797021e-01
8.049842980394269487e-01
8.049861229707078181e-01
8.049849705968865621e-01
8.049866776451450878e-01
8.049845928390216843e-01
8.049838085995925097e-01
8.049846328843569543e-01
8.049894831246288129e-01
8.049837847688566805e-01
8.049887248523551753e-01
8.049894048567212135e-01
8.049857573785295095e-01
8.049870006168114989e-01
8.049769584719760340e-01
8.049755553835660216e-01
8.049775043561527843e-01
8.049711852509398025e-01
8.049744135336421857e-01
8.049707856421092211e-01
8.049797856274852892e-01
8.049763969676827502e-01
8.049762493424620358e-01
8.049684099247972346e-01
8.049683007797781009e-01
8.049653991574347023e-01
8.049531279266275430e-01
8.049516517355166378e-01
8.049519167891762139e-01
8.049583508719490021e-01
8.049513248262675225e-01
8.049519832143746667e-01
8.049524770843087262e-01
8.049513617843102598e-01
8.049507257910877289e-01
8.049539803353685796e-01
8.049537835259382712e-01
8.049459155179683467e-01
8.049639378935334877e-01
8.049459210847896840e-01
8.049375244812431163e-01
8.049365953785991845e-01
8.049364999275232524e-01
8.049362247492330980e-01
8.049386047203583860e-01
8.049399432063909510e-01
8.049449386703418918e-01
8.049299621706518248e-01
8.049203449169795022e-01
8.049166618878018653e-01
8.049145780697873898e-01
8.049106273103328046e-01
8.049128406485399623e-01
8.049104361048425860e-01
8.049111491171365707e-01
8.049116748519841158e-01
8.049102419780624906e-01
8.049102116501093418e-01
8.049112412222980684e-01
8.049194157588928089e-01
8.049090146698506532e-01
8.049111636026605732e-01
8.049104956361212704e-01
8.048982285816335125e-01
8.048936111201725474e-01
8.048955847746221970e-01
8.048934720718451397e-01
8.048932518002549497e-01
8.048956581410341427e-01
8.048956577152391878e-01
8.048958317905868798e-01
8.048967820424293151e-01
8.048948961127971868e-01
8.048855946586386256e-01
8.048856529919913294e-01
8.048842191590946937e-01
8.048827013299544308e-01
8.048833652241244030e-01
8.048820994209513469e-01
8.048820992250053097e-01
8.048835614213193379e-01
8.048819551698690455e-01
8.048808702847186636e-01
8.048841504730170904e-01
8.048820702468798549e-01
8.048794891753692227e-01
8.048713463512329191e-01
8.048654919061223323e-01
8.048666334824892132e-01
8.048659196492321533e-01
8.048652329940262362e-01
8.048646520221082179e-01
8.048642541486066282e-01
8.048655327014729854e-01
8.048685704021287801e-01
8.048626541194343620e-01
8.048659111121280185e-01
8.048638641846802555e-01
8.048596542319776947e-01
8.048598037679985939e-01
8.048593860045317738e-01
8.048595737499595337e-01
8.048552871155533195e-01
8.048539757833959030e-01
8.048529567036168952e-01
8.048537699389861633e-01
8.048598512707079156e-01
8.048629392070223432e-01
8.048452459903578937e-01
8.048352105142039248e-01
8.048347262144892600e-01
8.048350787625909719e-01
8.048351739362383794e-01
8.048320605398860961e-01
8.048317330764214184e-01
8.048313966950224607e-01
8.048359578907551271e-01
8.048295648473391406e-01
8.048286972266607275e-01
8.048294618584154181e-01
8.048317382463154868e-01
8.048294778935588534e-01
8.048335883017863068e-01
8.048264292196337655e-01
8.048185453901908204e-01
8.048134404323189495e-01
8.048106832761080520e-01
8.048098574375404102e-01
8.048086486107256521e-01
8.048071482269767429e-01
8.048087287413401292e-01
8.048078971402936599e-01
8.048051346719033994e-01
8.048052774512565177e-01
8.048069204275376531e-01
8.048052600813316859e-01
8.048050688184028578e-01
8.048043619108995461e-01
8.048054441777678925e-01
8.048048827895674107e-01
8.048037223876676194e-01
8.048043054224662818e-01
8.048042847155462143e-01
8.048036564686350536e-01
8.048095976237105154e-01
8.048076208994039416e-01
8.048010449513586240e-01
8.048042831975747990e-01
8.048033791682155380e-01
8.048028763781157613e-01
8.048014616924283882e-01
8.048041758092217002e-01
8.048047925521005785e-01
8.047982218131577437e-01
8.047984253106699182e-01
8.047980586765874911e-01
8.047981344552178617e-01
8.048006213047126378e-01
8.047978334842643688e-01
8.047980503692842014e-01
8.047983169065928699e-01
8.048014080531334935e-01
8.047987123753695959e-01
8.047969418406026865e-01
8.047969235895126028e-01
8.047968946385378741e-01
8.047966123782401837e-01
8.048001896861962656e-01
8.048052633561640912e-01
8.047867851517196414e-01
8.047993157565652700e-01
8.047872253258580022e-01
8.047876689245709869e-01
8.047871960754742204e-01
8.047891631941495039e-01
8.047859322101486024e-01
8.047836352944957028e-01
8.047832831016054067e-01
8.047867524834312336e-01
8.047866983815139541e-01
8.047840798881172875e-01
8.047831536664349361e-01
8.047848336798520963e-01
8.047837125458757734e-01
8.047857983678884386e-01
8.047823067551030940e-01
8.047817591595232134e-01
8.047820260356469690e-01
8.047831382717506310e-01
8.047815715251306345e-01
8.047757926958668540e-01
8.047724807105086642e-01
8.047721698327199302e-01
8.047721039884981886e-01
8.047688989934291826e-01
8.047696208496395442e-01
8.047666578363148471e-01
8.047748899528418542e-01
8.047666505277029092e-01
8.047634557650359399e-01
8.047633019624856887e-01
8.047630293033410931e-01
8.047631681317830576e-01
8.047630071624867210e-01
8.047640359095060703e-01
8.047629819314029431e-01
8.047653500925778802e-01
8.047606873767554347e-01
8.047579311353552090e-01
8.047571155434816159e-01
8.047758166814590330e-01
8.047544144409134459e-01
8.047526728346952041e-01
8.047512438214246000e-01
8.047516461834502977e-01
8.047514086602310934e-01
8.047483526302849910e-01
8.047488250725187697e-01
8.047507592758601502e-01
8.047483931320620343e-01
8.047553075969017256e-01
8.047487957687419202e-01
8.047502003996912512e-01
8.047476314811794484e-01
8.047479106686022954e-01
8.047478509848301487e-01
8.047411692029743380e-01
8.047407482184971705e-01
8.047380918265819583e-01
8.047415801787950462e-01
8.047379321624090753e-01
8.047344961562702403e-01
8.047431919793490707e-01
8.047366885823543647e-01
8.047277603685538683e-01
8.047276366802539327e-01
8.047277675358327498e-01
8.047346357865882149e-01
8.047293508160965336e-01
8.047290482239007892e-01
8.047276358569922516e-01
8.047279475755551026e-01
8.047275061409516761e-01
8.047271744882360522e-01
8.047269725129104767e-01
8.047273382793718177e-01
8.047265518260838801e-01
8.047283701845429071e-01
8.047260081728795367e-01
8.047278728737274900e-01
8.047257426358381815e-01
8.047209871198768294e-01
8.047246072021523311e-01
8.047215583927960214e-01
8.047231688162890251e-01
8.047209151237618707e-01
8.047242187970107263e-01
8.047198112339960518e-01
8.047236383462216258e-01
8.047200196872474898e-01
8.047172972800102908e-01
8.047172935664550497e-01
8.047201084842741103e-01
8.047173064305359613e-01
8.047208574601337761e-01
8.047177623590968665e-01
8.047206559161753647e-01
8.047182020866250340e-01
8.047166042630364835e-01
8.047168777920559180e-01
8.047157410798929655e-01
8.047159837075016364e-01
8.047255757142702803e-01
8.047166654160236021e-01
8.047108009874103240e-01
8.047168697798590120e-01
8.047110059073107058e-01
8.047135080238353444e-01
8.047114308344169853e-01
8.047153110409736021e-01
8.047140871451102795e-01
8.047142834738258976e-01
8.047103760123286431e-01
8.047088621425889654e-01
8.047073482896242025e-01
8.047063827861836716e-01
8.047070761687825646e-01
8.047142785970584633e-01
8.047066199490163774e-01
8.047000040889774608e-01
8.046983478818481306e-01
8.046982386282459654e-01
8.046989522178028542e-01
8.046975382017429457e-01
8.046972792402703467e-01
8.046975357912784510e-01
8.047078064073222015e-01
8.046999868358323260e-01
8.046933836315429689e-01
8.047006170594569463e-01
8.046934951863811136e-01
8.046889906524700153e-01
8.046897392889439393e-01
8.046892611854417066e-01
8.046879939408820848e-01
8.046877311963320789e-01
8.046913919754585809e-01
8.046887309552320788e-01
8.046954226094881202e-01
8.046885283816765932e-01
8.046882269555728495e-01
8.046873250268150590e-01
8.046878950261234786e-01
8.046869522021543597e-01
8.046893461098588718e-01
8.046868393534738484e-01
8.046875673052450439e-01
8.046880668008320470e-01
8.046816301236608959e-01
8.046835190872931864e-01
8.046818602022662859e-01
8.046831526828972514e-01
8.046818557603154787e-01
8.046824757654023053e-01
8.046815565383195201e-01
8.046809013714723013e-01
8.046780931064991815e-01
8.046773349434124256e-01
8.046778908382438145e-01
8.046772795319337979e-01
8.046768171396136982e-01
8.046753932464266734e-01
8.046752381444529645e-01
8.046752213120789143e-01
8.046750219583772568e-01
8.046754162655899156e-01
8.046726715953046449e-01
8.046722892070429234e-01
8.046721076068582557e-01
8.046716436229734981e-01
8.046703871807361352e-01
8.046716606433699237e-01
8.046678728709151240e-01
8.046667423359482596e-01
8.046671412391603884e-01
8.046665967572644851e-01
8.046679961064524544e-01
8.046663759998169407e-01
8.046671417471712440e-01
8.046660608647212554e-01
8.046663075416103927e-01
8.046660223048633931e-01
8.046669162254312946e-01
8.046661006940731831e-01
8.046656139166740163e-01
8.046655753300895331e-01
8.046642673995181294e-01
8.046632631919753420e-01
8.046637900506415919e-01
8.046636875324223448e-01
8.046638702032706814e-01
8.046640209534048349e-01
8.046627667063310785e-01
8.046648908452977977e-01
8.046623885824818467e-01
8.046594751813633817e-01
8.046585394253253920e-01
8.046590830691437990e-01
8.046578370875330233e-01
8.046580473912277043e-01
8.046582589476810599e-01
8.046577807658030768e-01
8.046571477748323264e-01
8.046573278093246406e-01
8.046573044066840374e-01
8.046570253031986031e-01
8.046579503371998898e-01
8.046559054060667959e-01
8.046537311664023751e-01
8.046528450931585974e-01
8.046527123019485694e-01
8.046522578665212810e-01
8.046520972594086718e-01
8.046519688988519325e-01
8.046517880355195107e-01
8.046518937937714444e-01
8.046522878666311218e-01
8.046516929582210320e-01
8.046526190634530895e-01
8.046510326861312512e-01
8.046510788069118902e-01
8.046507601852568303e-01
8.046518270338269829e-01
8.046493378154130349e-01
8.046481268379791496e-01
8.046480266838997863e-01
8.046469021926855314e-01
8.046461909540802981e-01
8.046450529535718044e-01
8.046451305662458697e-01
8.046449878724559746e-01
8.046467543487813012e-01
8.046465592869184169e-01
8.046435819206010365e-01
8.046439577569588497e-01
8.046451592862023938e-01
8.046446048403348428e-01
8.046429922980319338e-01
8.046428093288463534e-01
8.046422996746666056e-01
8.046424602843506024e-01
8.046408078045130807e-01
8.046407497215091187e-01
8.046411129297788012e-01
8.046409806615765214e-01
8.046407771820474064e-01
8.046417778856005398e-01
8.046412169923116142e-01
8.046406207428986601e-01
8.046434688102673816e-01
8.046375850730456136e-01
8.046363992704663737e-01
8.046355434866224732e-01
8.046362198342194016e-01
8.046351418516315412e-01
8.046353673763581016e-01
8.046369688297635436e-01
8.046348140194955478e-01
8.046339967174841457e-01
8.046337648845270918e-01
8.046333237767655522e-01
8.046333104937947178e-01
8.046338882366991241e-01
8.046340380238683476e-01
8.046322229541894577e-01
8.046329293431472296e-01
8.046322098948388568e-01
8.046318721707037547e-01
8.046319699107393753e-01
8.046326529502779712e-01
8.046315624296929148e-01
8.046335109286960607e-01
8.046327726739047614e-01
8.046285410069101696e-01
8.046277349662660505e-01
8.046288494321325313e-01
8.046277690108506464e-01
8.046273334503426522e-01
8.046272101733664694e-01
8.046276487469996574e-01
8.046273642517706159e-01
8.046269971008845889e-01
8.046269969863134586e-01
8.046280355270070128e-01
8.046285309790893736e-01
8.046259967807581903e-01
8.046263313147230534e-01
8.046249894637720335e-01
8.046231304383288929e-01
8.046230990536736849e-01
8.046232417112076929e-01
8.046236596623502768e-01
8.046231624552520056e-01
8.046240045753523251e-01
8.046232296946984608e-01
8.046256789995079872e-01
8.046229498274958258e-01
8.046216947477778936e-01
8.046228585947430290e-01
8.046207853346271088e-01
8.046207521004008489e-01
8.046204221449044791e-01
8.046202555441458459e-01
8.046221316943839019e-01
8.046202940973594675e-01
8.046208354146244801e-01
8.046202042551927613e-01
8.046205554234902024e-01
8.046215168782921978e-01
8.046196042346764887e-01
8.046183335122970570e-01
8.046184132043530113e-01
8.046177221508136190e-01
8.046178288640197795e-01
8.046171431959114884e-01
8.046172296021241177e-01
8.046171846074462453e-01
8.046172731452165827e-01
8.046200045717571969e-01
8.046188072614112174e-01
8.046153166026360770e-01
8.046154313023963223e-01
8.046154429654831519e-01
8.046165338714336146e-01
8.046154471303834654e-01
8.046140374166150799e-01
8.046134742714472488e-01
8.046114217735733654e-01
8.046099505399366691e-01
8.046111191327826040e-01
8.046098461756453490e-01
8.046098547657475342e-01
8.046098124850683542e-01
8.046096396213228141e-01
8.046108150842431472e-01
8.046084116767243666e-01
8.046087711785810948e-01
8.046085014177021266e-01
8.046087396340740883e-01
8.046084658587874250e-01
8.046083219531571240e-01
8.046088079491056089e-01
8.046074058664338668e-01
8.046075703128646728e-01
8.046077399516073925e-01
8.046070728972376518e-01
8.046077336134235258e-01
8.046076594560408468e-01
8.046080906214003736e-01
8.046059001752146056e-01
8.046046291574042719e-01
8.046051115844223833e-01
8.046047802033178264e-01
8.046046973418933268e-01
8.046046516212663757e-01
8.046046277179829120e-01
8.046045156132570764e-01
8.046044806459216048e-01
8.046041786592985634e-01
8.046034969015390947e-01
8.046034442813886356e-01
8.046037223029467444e-01
8.046040439494801522e-01
8.046040868475822228e-01
8.046039490347082213e-01
8.046027133810453869e-01
8.046040038462409782e-01
8.046019566395288258e-01
8.046010504326788215e-01
8.046018053077121923e-01
8.046013238026967773e-01
8.046012397746115097e-01
8.046010281883182458e-01
8.046007331075240021e-01
8.046008032371193552e-01
8.046007381504810541e-01
8.046008065567258338e-01
8.046009497393410426e-01
8.046008173063531332e-01
8.046008445516600327e-01
8.046008744400439117e-01
8.046015862317619227e-01
8.046007069094226472e-01
8.046015207192793728e-01
8.046006913776769798e-01
8.045999794342554301e-01
8.046037847203515447e-01
8.046002060103740749e-01
8.045999955484128829e-01
8.046007973773952049e-01
8.045998611195812611e-01
8.045998536769709553e-01
8.045997507985767072e-01
8.045997628048864314e-01
8.045991557131481065e-01
8.045989966944387950e-01
8.045987574545891974e-01
8.045988443922543754e-01
8.045988537334252122e-01
8.045987741323447073e-01
8.045982517795368105e-01
8.045981624549569666e-01
8.045982177185815321e-01
8.045983858756018403e-01
8.045983824326287115e-01
8.045981761938527654e-01
8.045981777118923484e-01
8.045979145728591186e-01
8.045975339929652970e-01
8.045981110317073082e-01
8.045975333113701833e-01
8.045977723987371988e-01
8.045975729190256720e-01
8.045972424455392069e-01
8.045973465421873971e-01
8.045969632215924650e-01
8.045969807396803342e-01
8.045974251283366518e-01
8.045963584100370714e-01
8.045961881254025672e-01
8.045961617651063991e-01
8.045960912113375718e-01
8.045961110723857113e-01
8.045960658050199665e-01
8.045962033953683035e-01
8.045960150155554436e-01
8.045957111646868665e-01
8.045943992800330680e-01
8.045943349305075820e-01
8.045943369033284887e-01
8.045940949920866725e-01
8.045940937602706899e-01
8.045937333613547571e-01
8.045936863963227825e-01
8.045937072845865679e-01
8.045937231715820648e-01
8.045933837748959760e-01
8.045938391263767198e-01
8.045934101639844460e-01
8.045934765187913174e-01
8.045933229948093457e-01
8.045930619809492645e-01
8.045927487131440126e-01
8.045923488944749513e-01
8.045923628750143441e-01
8.045922378270931041e-01
8.045924402108455276e-01
8.045918715941728916e-01
8.045914157693816460e-01
8.045914382808005971e-01
8.045914709927360908e-01
8.045914167301164710e-01
8.045914842429058300e-01
8.045916210511712130e-01
8.045917642732456354e-01
8.045908412193060188e-01
8.045910590990453803e-01
8.045905931545728196e-01
8.045905564395189336e-01
8.045905972227906933e-01
8.045900835154129460e-01
8.045902145327148425e-01
8.045901247853232130e-01
8.045901563431595571e-01
8.045900975620463580e-01
8.045899949672526974e-01
8.045901353676001566e-01
8.045912765107606779e-01
8.045904627409201648e-01
8.045895211607668740e-01
8.045889155695655770e-01
8.045886500306919098e-01
8.045886912096543719e-01
8.045884236259427391e-01
8.045884486257767199e-01
8.045886001471299620e-01
8.045884304549094646e-01
8.045883016055923598e-01
8.045882999646403189e-01
8.045878122857885728e-01
8.045873474717799567e-01
8.045869021188329917e-01
8.045872538356436676e-01
8.045873211595251373e-01
8.045865093836520598e-01
8.045859090615807840e-01
8.045855772431865782e-01
8.045857202481569992e-01
8.045855223009736878e-01
8.045855791271568913e-01
8.045854510308690921e-01
8.045857900658920370e-01
8.045853699862471897e-01
8.045853738224760798e-01
8.045855076648420479e-01
8.045851330443953842e-01
8.045851171311928507e-01
8.045850505782848883e-01
8.045851188915275065e-01
8.045854749947903839e-01
8.045850489988992660e-01
8.045850401808942731e-01
8.045849821105692801e-01
8.045849258245860725e-01
8.045848803356270285e-01
8.045851243422488253e-01
8.045850662933932140e-01
8.045859810601101447e-01
8.045850888175827276e-01
8.045839006224629886e-01
8.045838529878373002e-01
8.045838731135555033e-01
8.045837593542740640e-01
8.045837450378311440e-01
8.045838975674121096e-01
8.045838492967147815e-01
8.045841472250614412e-01
8.045837172166853124e-01
8.045833428606800064e-01
8.045832519378709469e-01
8.045831930330111792e-01
8.045831456294668671e-01
8.045831320647952589e-01
8.045831939342549255e-01
8.045829973687416148e-01
8.045832649926462077e-01
8.045830681036774124e-01
8.045828858642810610e-01
8.045828950125472057e-01
8.045835214273514557e-01
8.045828625519811927e-01
8.045825344105053123e-01
8.045824152373659555e-01
8.045823419397509779e-01
8.045823837789652933e-01
8.045822410247321921e-01
8.045822576236998369e-01
8.045822672128605246e-01
8.045824190499173412e-01
8.045821781798966343e-01
8.045827262561680016e-01
8.045821892951093846e-01
8.045823103280012045e-01
8.045821961042191051e-01
8.045827355284536075e-01
8.045818978776937413e-01
8.045814395135298946e-01
8.045813282238951647e-01
8.045814313465606826e-01
8.045813100057511713e-01
8.045812473584967872e-01
8.045813322547588076e-01
8.045812853733729231e-01
8.045834815083762193e-01
8.045814521611531767e-01
8.045804486961769530e-01
8.045802522461619199e-01
8.045802466440121758e-01
8.045800679826136115e-01
8.045801346206667981e-01
8.045799705338386731e-01
8.045799914742711723e-01
8.045801385382905790e-01
8.045799757302919408e-01
8.045803764779348999e-01
8.045798223162796692e-01
8.045809097387630615e-01
8.045796376739550171e-01
8.045791044791228419e-01
8.045793041314187599e-01
8.045790636271576979e-01
8.045790972596594814e-01
8.045790647262339723e-01
8.045791942999953594e-01
8.045790425433863025e-01
8.045800489976726588e-01
8.045790408744464273e-01
8.045792395876234515e-01
8.045791545702116743e-01
8.045789111816615824e-01
8.045791275866032155e-01
8.045785091695274449e-01
8.045779648020674468e-01
8.045774553626255932e-01
8.045772529299378695e-01
8.045771686318774485e-01
8.045768558447650154e-01
8.045766832030190052e-01
8.045767239951393535e-01
8.045764501424614856e-01
8.045762700861496253e-01
8.045757470081833507e-01
8.045755908544517387e-01
8.045756818365829011e-01
8.045752792052683899e-01
8.045752697749796178e-01
8.045753012540727278e-01
8.045753007586650130e-01
8.045759690457046087e-01
8.045752712709555166e-01
8.045752733006223956e-01
8.045756323981615443e-01
8.045750184121773785e-01
8.045748427293857308e-01
8.045749454557828972e-01
8.045747954497270982e-01
8.045748068747761161e-01
8.045748817364504202e-01
8.045748265186899451e-01
8.045750110972029745e-01
8.045748741087279665e-01
8.045755689149937107e-01
8.045750473273943770e-01
8.045744490222512812e-01
8.045741940946591342e-01
8.045746939165364653e-01
8.045741628479720076e-01
8.045738800331170282e-01
8.045739934045341712e-01
8.045737553928065111e-01
8.045737289623583477e-01
8.045734987431064633e-01
8.045735694766745771e-01
8.045734540196208817e-01
8.045732984887489225e-01
8.045730749636218482e-01
8.045731462069408702e-01
8.045735589583449254e-01
8.045730227948235669e-01
8.045730656294693972e-01
8.045730256532938052e-01
8.045730107463120451e-01
8.045729788410925787e-01
8.045732356545527431e-01
8.045727185939939297e-01
8.045723875692797344e-01
8.045725028139039114e-01
8.045723706191940661e-01
8.045724217679096624e-01
8.045724132749799695e-01
8.045725806063799279e-01
8.045724909391954727e-01
8.045725419310940651e-01
8.045722991674441049e-01
8.045723378312805707e-01
8.045722027795272346e-01
8.045719835244901086e-01
8.045720060775239935e-01
8.045720383791588048e-01
8.045718076155322640e-01
8.045718009869402554e-01
8.045714592508151908e-01
8.045714190811213973e-01
8.045714409788456978e-01
8.045715052062687445e-01
8.045715422900234781e-01
8.045713337496165352e-01
8.045712152725569277e-01
8.045713531842080268e-01
8.045710380203029422e-01
8.045711043312321342e-01
8.045710014446957326e-01
8.045711107419086794e-01
8.045714902772994614e-01
8.045711359573912702e-01
8.045706118006175078e-01
8.045711966806103899e-01
8.045707114611146960e-01
8.045703907416804634e-01
8.045704251930031470e-01
8.045704156631711124e-01
8.045706343527176951e-01
8.045701314583795227e-01
8.045702522634485820e-01
8.045699826475312122e-01
8.045698568366771442e-01
8.045698989439368232e-01
8.045696090984973958e-01
8.045696192090930898e-01
8.045696262494848039e-01
8.045697772732677278e-01
8.045695686305778249e-01
8.045696212800773628e-01
8.045695862056376768e-01
8.045694940221366220e-01
8.045693989225594089e-01
8.045692844956107148e-01
8.045694412428980868e-01
8.045696017102333952e-01
8.045689502527493264e-01
8.045687219113385469e-01
8.045685805588439488e-01
8.045686128781819324e-01
8.045685656836356614e-01
8.045685748228609269e-01
8.045688763265846921e-01
8.045685159505451267e-01
8.045686628600983159e-01
8.045685971219763699e-01
8.045685792197526665e-01
8.045685089247447408e-01
8.045689511572279295e-01
8.045685176374816061e-01
8.045685235201832652e-01
8.045684828695478519e-01
8.045686334492136993e-01
8.045685962779659528e-01
8.045682711445820701e-01
8.045682305186907524e-01
8.045682219101276678e-01
8.045685735846226372e-01
8.045683805118684084e-01
8.045680695305156283e-01
8.045676293071414298e-01
8.045674121052208694e-01
8.045674094471603199e-01
8.045673749499581140e-01
8.045673253003907677e-01
8.045672941726303984e-01
8.045672957200762365e-01
8.045673640014718853e-01
8.045672955712989127e-01
8.045673192722218037e-01
8.045675436901560396e-01
8.045672855559899972e-01
8.045672152048172210e-01
8.045672440786414414e-01
8.045670810755910507e-01
8.045670636808227583e-01
8.045669934715119487e-01
8.045670588676117063e-01
