1.016728616655752981e+00
1.016728616655753203e+00
1.016728616655752981e+00
1.016687769388393559e+00
1.016965478888275820e+00
1.466680180788899168e+00
1.006340427030242290e+00
1.006340427030242068e+00
1.006340427030242290e+00
1.006340427030242290e+00
1.006340427030242068e+00
1.006340427030242290e+00
1.006531869476470664e+00
1.021374120438476307e+00
1.006340427030242068e+00
1.006340427030242068e+00
1.006340427030242068e+00
9.379112457520450974e-01
9.379112457520450974e-01
9.379112457520450974e-01
7.942991593594259658e-01
8.687498669760813641e-01
7.942991593594259658e-01
8.687498669760813641e-01
7.942991593594257438e-01
8.687498669760811421e-01
7.923609483473011972e-01
8.492675009634796934e-01
7.929974931977206154e-01
7.971690663494829243e-01
7.851508280127551531e-01
8.186659437634851155e-01
7.798569053867797640e-01
7.809076979134635943e-01
7.836495961109332109e-01
8.531542501466882200e-01
7.925040700623235956e-01
7.812099588631714608e-01
7.812972339534609567e-01
7.798569053867797640e-01
7.786320954585560505e-01
7.786320954585560505e-01
7.770614074831391216e-01
7.770614074831392326e-01
7.748654937629256834e-01
7.861447156666686586e-01
7.690820034433356600e-01
7.656710834982211056e-01
7.741260393777975590e-01
7.743939811667508444e-01
7.765969698267179977e-01
7.656184039573742384e-01
8.131805193850836222e-01
7.656642335632533047e-01
7.686943955531930772e-01
7.655956594066714027e-01
7.669813139126340218e-01
7.658000319057639560e-01
7.662596884453252155e-01
7.655956594066714027e-01
7.724825100294591129e-01
7.654798951371019067e-01
7.905651010830390124e-01
7.693180967942302440e-01
7.704995838169924616e-01
7.657807950514500250e-01
8.050385698680299074e-01
7.684070511792138181e-01
7.654798951371019067e-01
7.671271072156626847e-01
7.650369950148826481e-01
7.656605001013561118e-01
7.650369950148826481e-01
7.663241510951586122e-01
7.651871693513134787e-01
7.657795762099356418e-01
7.726517309034357517e-01
7.655743020125769238e-01
7.642120959838736294e-01
7.662833447364660877e-01
7.641599176028238682e-01
7.657479185894331408e-01
7.643131820506439134e-01
7.647786593478544948e-01
7.641393489406937967e-01
7.658205810086874399e-01
7.641103149764841840e-01
7.645839089851700354e-01
7.642541581685327046e-01
7.643625282623938144e-01
7.639265305346664148e-01
7.640922893990090836e-01
7.647254351269036077e-01
7.642874365732513775e-01
7.639265305346664148e-01
7.640289913971270996e-01
7.639242896592366439e-01
7.640675252077987478e-01
7.639242896592367549e-01
7.641096135873097772e-01
7.637891551868802864e-01
7.641594934458977306e-01
7.636711531252868834e-01
7.647251732213905528e-01
7.636989967608526220e-01
7.638161869306193674e-01
7.637549337728370968e-01
7.636572971519510755e-01
7.636058183243650266e-01
7.625850115954577735e-01
7.626061431951282055e-01
7.625749173444369422e-01
7.626270789341579315e-01
7.626269566216405948e-01
7.623875806660456167e-01
7.623717593235485035e-01
7.631563005649455445e-01
7.622186290014977272e-01
7.615612612305305840e-01
7.614676439354713944e-01
7.614676439354711723e-01
7.617668081847972505e-01
7.614437432893967905e-01
7.617327799848879755e-01
7.615943286729965900e-01
7.622672955678110318e-01
7.614856375910153963e-01
7.612596259919269803e-01
7.613548706184595227e-01
7.617205473712397312e-01
7.613418008828423122e-01
7.608071847783984820e-01
7.609222775373483127e-01
7.608909583062984927e-01
7.609931080746401566e-01
7.607999614325121618e-01
7.607910594808771076e-01
7.607586523049635341e-01
7.614598486849568637e-01
7.606904008937124262e-01
7.606949588346620938e-01
7.607188143276284453e-01
7.609265666703135533e-01
7.606904008937126482e-01
7.608567772859429201e-01
7.608217794009582979e-01
7.603219941096677204e-01
7.602541878858111168e-01
7.602377681277050492e-01
7.601924297327568025e-01
7.603903711438475543e-01
7.606033570291905743e-01
7.606743226883373454e-01
7.601117602157098085e-01
7.595608080922656713e-01
7.592516747479317596e-01
7.593902853126480723e-01
7.592565188382247587e-01
7.592698829485106105e-01
7.592870180521024137e-01
7.593195975886335436e-01
7.593295667771587931e-01
7.593503918874360270e-01
7.592506213432759221e-01
7.593629464298427001e-01
7.592506213432758111e-01
7.594891915305215235e-01
7.593355766407915430e-01
7.592245036417301085e-01
7.591582452256397939e-01
7.590998197765100874e-01
7.588056293327989366e-01
7.587558757741008630e-01
7.587256649509787065e-01
7.587830870811897999e-01
7.588906020607210090e-01
7.589355671470927600e-01
7.587620933825831582e-01
7.587423255363597852e-01
7.587192392045958300e-01
7.588244706821450913e-01
7.588267953232855634e-01
7.589253451770735515e-01
7.587203194236875614e-01
7.588885563019399649e-01
7.587179841415542247e-01
7.587063504168003458e-01
7.587063504168003458e-01
7.586465320225979081e-01
7.586231012727742140e-01
7.586561079106438621e-01
7.588516096818080925e-01
7.586423930050421038e-01
7.585204085909522664e-01
7.589839849889040702e-01
7.585377182507739846e-01
7.585271839798751747e-01
7.585116905016173749e-01
7.585259794866618943e-01
7.586058120423142537e-01
7.585587603595524975e-01
7.585176252568517352e-01
7.585002254432444690e-01
7.585532398238490348e-01
7.585124243554847157e-01
7.585548640639254714e-01
7.585009037305321389e-01
7.584990389469018490e-01
7.585032431976571621e-01
7.584355286282002950e-01
7.583763488681556364e-01
7.584307546609779793e-01
7.583763488681555254e-01
7.584467818443767495e-01
7.583977936998994585e-01
7.584293165490610944e-01
7.583794817389630794e-01
7.583461313310303487e-01
7.583628707198541985e-01
7.583621628265424519e-01
7.583437442887165369e-01
7.583524187623582602e-01
7.583477663327173879e-01
7.583493833595971179e-01
7.583478627118060977e-01
7.583608385572168098e-01
7.583448378893025144e-01
7.583787075129860833e-01
7.583596166348216538e-01
7.584729178449591824e-01
7.583652581876302312e-01
7.584082406819844246e-01
7.583525272659471517e-01
7.583432743384564967e-01
7.583332877959934049e-01
7.583403721591084334e-01
7.583484073669175540e-01
7.583415223532774530e-01
7.583708345937081319e-01
7.583350997376450131e-01
7.583416050190944224e-01
7.583316617518659486e-01
7.583330165385416821e-01
7.583309600946724904e-01
7.583133321637139934e-01
7.583176697876007344e-01
7.583128311350194606e-01
7.583158022687557231e-01
7.583147646836978506e-01
7.583129355338107391e-01
7.583114723835878701e-01
7.583092170506253726e-01
7.583052253464488413e-01
7.583035865463243486e-01
7.583035267001901891e-01
7.583050796931554149e-01
7.583034315481560483e-01
7.583114856060205744e-01
7.582984757557061917e-01
7.582898909496490480e-01
7.582896681422880425e-01
7.582934851798011078e-01
7.582869883079741413e-01
7.582866998954534976e-01
7.582832488414565919e-01
7.582838497048748350e-01
7.582826858261788594e-01
7.582820848120601642e-01
7.582817643122778950e-01
7.582847453978739383e-01
7.582784404975346781e-01
7.582876749384376280e-01
7.582810392445461511e-01
7.582738808397098129e-01
7.582724928824314814e-01
7.582731788424943442e-01
7.582731583752333471e-01
7.582727069273739184e-01
7.582758101319476696e-01
7.582763577960611734e-01
7.582764060305616782e-01
7.582677680902355499e-01
7.582671026198695152e-01
7.582667727795054935e-01
7.582672481603756065e-01
7.582666631584461525e-01
7.582712629902802481e-01
7.582670041072678835e-01
7.582691119974617200e-01
7.582679716168959638e-01
7.582683733156949657e-01
7.582686615557415744e-01
7.582708260256453281e-01
7.582709373166748312e-01
7.582678579416523013e-01
7.582649712670436193e-01
7.582634763216246077e-01
7.582652216856878846e-01
7.582662103515024343e-01
7.582621608373949496e-01
7.582651700123286265e-01
7.582631830223095504e-01
7.582645185629773854e-01
7.582683611443723493e-01
7.582569397852770843e-01
7.582560218224139170e-01
7.582557050025675593e-01
7.582571148843468833e-01
7.582556319744522266e-01
7.582583704821805881e-01
7.582560971841969533e-01
7.582638547965702136e-01
7.582563862233904217e-01
7.582607112017256679e-01
7.582555141575190172e-01
7.582594391849042381e-01
7.582514615986445383e-01
7.582478143733627496e-01
7.582491780097357914e-01
7.582482563150421129e-01
7.582462036953933060e-01
7.582543272443409421e-01
7.582455684963810283e-01
7.582473134807851123e-01
7.582452433228605848e-01
7.582522364116993652e-01
7.582458503762606883e-01
7.582463174271005801e-01
7.582437112452042882e-01
7.582430568969984463e-01
7.582428662927975793e-01
7.582423006099089369e-01
7.582424144055855963e-01
7.582450740671050626e-01
7.582421764524512886e-01
7.582430396378805337e-01
7.582445264988703082e-01
7.582371978654529610e-01
7.582359967427946268e-01
7.582363860348204643e-01
7.582361127008024893e-01
7.582359275445655911e-01
7.582362203466281869e-01
7.582369292328552390e-01
7.582354730331980486e-01
7.582355357438934629e-01
7.582359336460099408e-01
7.582354192763395284e-01
7.582357333617795181e-01
7.582366944668955666e-01
7.582349482347886527e-01
7.582322789189008816e-01
7.582320123313404103e-01
7.582312755257089032e-01
7.582308999226863300e-01
7.582315455400600035e-01
7.582284977559216044e-01
7.582275772959287119e-01
7.582288119249233072e-01
7.582245674213672348e-01
7.582214799987008202e-01
7.582204710196407405e-01
7.582202925953341888e-01
7.582203604833386290e-01
7.582203233091617811e-01
7.582189516972694943e-01
7.582189961649495880e-01
7.582170994343229165e-01
7.582167810746511805e-01
7.582172323089665378e-01
7.582182567191020350e-01
7.582167254502450993e-01
7.582174060101548596e-01
7.582170203380572682e-01
7.582178842373527017e-01
7.582166677434507562e-01
7.582187071397030742e-01
7.582142162953737774e-01
7.582148371256983710e-01
7.582132929058528203e-01
7.582108816149324415e-01
7.582088507181212744e-01
7.582093220105998732e-01
7.582091053324487850e-01
7.582083473030972742e-01
7.582085747380409302e-01
7.582123432172891420e-01
7.582084096537340390e-01
7.582075765901973297e-01
7.582078677781376452e-01
7.582054460269443963e-01
7.582044450886948894e-01
7.582053215213734321e-01
7.582053026173609656e-01
7.582047396591435895e-01
7.582029429770004159e-01
7.582026777586337030e-01
7.582012857961955010e-01
7.581975329982588718e-01
7.581951859604503241e-01
7.581939444365899394e-01
7.581936452046765806e-01
7.581913828695201474e-01
7.581899892933963159e-01
7.581903687879393283e-01
7.581900536818630965e-01
7.581903254460813368e-01
7.581898453662306858e-01
7.581897215132420431e-01
7.581895970892731373e-01
7.581933618452657564e-01
7.581912094764371446e-01
7.581888635101282636e-01
7.581900568664333706e-01
7.581878193041431402e-01
7.581875499299657317e-01
7.581867936186588164e-01
7.581881252062200316e-01
7.581867123440479972e-01
7.581868654470053093e-01
7.581881919501920475e-01
7.581867826125973098e-01
7.581891456970158982e-01
7.581880077338679635e-01
7.581877661599084606e-01
7.581885415397970895e-01
7.581815281037208587e-01
7.581787543950310182e-01
7.581778061853344797e-01
7.581773043193517081e-01
7.581777255367020407e-01
7.581774771195581852e-01
7.581766448547396786e-01
7.581768873504491912e-01
7.581747122062740818e-01
7.581745597642515211e-01
7.581735988136721893e-01
7.581734081318168839e-01
7.581755433191389448e-01
7.581730215209323553e-01
7.581748847342518749e-01
7.581730419688447187e-01
7.581712971264332745e-01
7.581705369890072710e-01
7.581711984688589423e-01
7.581706687145842727e-01
7.581700707134036987e-01
7.581689419604388247e-01
7.581697547296377682e-01
7.581709155139526590e-01
7.581684831929396129e-01
7.581686572837250671e-01
7.581673351479697454e-01
7.581685127690784842e-01
7.581683296711660969e-01
7.581672292385994716e-01
7.581656101065276099e-01
7.581660571930873838e-01
7.581655923934549346e-01
7.581624752411018076e-01
7.581613941353925190e-01
7.581613253766734672e-01
7.581602915701137757e-01
7.581619253877392994e-01
7.581609607153236841e-01
7.581622743087004235e-01
7.581600573685548516e-01
7.581595488156432916e-01
7.581600547426425862e-01
7.581581411699505058e-01
7.581582188445610271e-01
7.581586014274248608e-01
7.581589162376540791e-01
7.581585952761398239e-01
7.581584800862090079e-01
7.581587589536249450e-01
7.581595661656163054e-01
7.581590197399412645e-01
7.581581448685971170e-01
7.581587934324774958e-01
7.581587149377509993e-01
7.581566499017351468e-01
7.581544557882567981e-01
7.581544866330605092e-01
7.581544788381781030e-01
7.581549758375274450e-01
7.581538001062227972e-01
7.581541171665292511e-01
7.581546219821657662e-01
7.581521867901285239e-01
7.581517344116728285e-01
7.581516627343505288e-01
7.581516781237070957e-01
7.581515648543336594e-01
7.581516209921758120e-01
7.581515168702510632e-01
7.581513405783897319e-01
7.581511588923701694e-01
7.581510382258059844e-01
7.581511049318975237e-01
7.581514511998003192e-01
7.581507780852022593e-01
7.581542999724047993e-01
7.581518936426424604e-01
7.581490093360550020e-01
7.581499170179406555e-01
7.581485877568303611e-01
7.581497668671797197e-01
7.581487936312522047e-01
7.581501670017901651e-01
7.581495538068712126e-01
7.581496553835824770e-01
7.581501762276783296e-01
7.581478265089248714e-01
7.581477635705944351e-01
7.581486595516346849e-01
7.581479535913160372e-01
7.581456249020458449e-01
7.581457399830298094e-01
7.581459123041278669e-01
7.581445069856391772e-01
7.581444677282984657e-01
7.581442087050840328e-01
7.581441387129159715e-01
7.581442618504496966e-01
7.581457452628463933e-01
7.581427170757585321e-01
7.581395646831609048e-01
7.581403352749933600e-01
7.581396093843260076e-01
7.581387890354892578e-01
7.581415531868659352e-01
7.581385819273567250e-01
7.581383621104456072e-01
7.581389121037001022e-01
7.581381736803072258e-01
7.581379442385003387e-01
7.581392731859336598e-01
7.581384617834234785e-01
7.581390509531465982e-01
7.581374920300893994e-01
7.581371793586858532e-01
7.581369288782399130e-01
7.581351419781905410e-01
7.581375969429422490e-01
7.581351632337262059e-01
7.581354514922908905e-01
7.581366920090372163e-01
7.581341118320594763e-01
7.581319186917555575e-01
7.581320382733500729e-01
7.581319963495875003e-01
7.581317250620244197e-01
7.581327837439520989e-01
7.581321506529258292e-01
7.581317889310328351e-01
7.581315562266421892e-01
7.581318126219878106e-01
7.581325130900063991e-01
7.581314791395171726e-01
7.581327380981813802e-01
7.581318779749901537e-01
7.581291889821235586e-01
7.581267047354427469e-01
7.581253655918280820e-01
7.581253984617188912e-01
7.581260192144154697e-01
7.581265866768017725e-01
7.581253112206743916e-01
7.581244267729844166e-01
7.581277228951892599e-01
7.581248291453031030e-01
7.581227345062517831e-01
7.581229143103153101e-01
7.581229939045555088e-01
7.581231609764563784e-01
7.581210949717690495e-01
7.581209762611383907e-01
7.581204024934100616e-01
7.581207175597273196e-01
7.581203210544525950e-01
7.581203478772826632e-01
7.581211266627001510e-01
7.581202866666840734e-01
7.581210127274458088e-01
7.581203093027235607e-01
7.581203470892581286e-01
7.581208433705339811e-01
7.581180955116719744e-01
7.581172822279027557e-01
7.581175580522774293e-01
7.581169554621044471e-01
7.581171966513471361e-01
7.581154023862604063e-01
7.581154459960940395e-01
7.581153058169123327e-01
7.581142257274168239e-01
7.581125724691142320e-01
7.581107459103636481e-01
7.581112630530804086e-01
7.581108022676005254e-01
7.581105684594495742e-01
7.581106797595651425e-01
7.581094299598482023e-01
7.581088220306716474e-01
7.581090456264021338e-01
7.581090286747317331e-01
7.581090679176246683e-01
7.581087767632619379e-01
7.581081862260887760e-01
7.581074727316908790e-01
7.581080318586982392e-01
7.581066236284118576e-01
7.581063199988395951e-01
7.581063145425296357e-01
7.581070407395961164e-01
7.581067491076238785e-01
7.581065927830360485e-01
7.581062508484724960e-01
7.581060427507748667e-01
7.581054474147626010e-01
7.581067532749878879e-01
7.581053417820574625e-01
7.581060041118475867e-01
7.581056450286878245e-01
7.581054538217836258e-01
7.581059028638613695e-01
7.581047623978266481e-01
7.581039851999216150e-01
7.581030581876688768e-01
7.581030585051281578e-01
7.581026002374869899e-01
7.581030879723390514e-01
7.581047152108078002e-01
7.581029866682721385e-01
7.581033091258480017e-01
7.581028463002607021e-01
7.581022677510826924e-01
7.581005803903134721e-01
7.580992858405016799e-01
7.580991496774232008e-01
7.581004211964058603e-01
7.580992399073485100e-01
7.580993606484970337e-01
7.580994847348326848e-01
7.580996988940003067e-01
7.580992243480251247e-01
7.581000853781674209e-01
7.580984630488574183e-01
7.581008109243259074e-01
7.580981038456242604e-01
7.580966509808453324e-01
7.580965522897262776e-01
7.580966673891211816e-01
7.580971493021673169e-01
7.580967263585843829e-01
7.580966769797135019e-01
7.580965230839098457e-01
7.580967683443958771e-01
7.580958136646744894e-01
7.581010879448554229e-01
7.580951515453930867e-01
7.580932949072671789e-01
7.580951188753685122e-01
7.580933755291807685e-01
7.580939759389715427e-01
7.580931070243492886e-01
7.580937622079177984e-01
7.580930742397236077e-01
7.580939153676271580e-01
7.580929085720563565e-01
7.580959319960849374e-01
7.580923986116998581e-01
7.580916437636294747e-01
7.580912245834754426e-01
7.580910649312462279e-01
7.580911755519376127e-01
7.580910226475748859e-01
7.580910685822656037e-01
7.580911772031199147e-01
7.580909830489045431e-01
7.580915534858517768e-01
7.580921352881895281e-01
7.580898770510744455e-01
7.580889469661260538e-01
7.580887366088504553e-01
7.580886479150288348e-01
7.580886627331239191e-01
7.580886871988030684e-01
7.580885555840550794e-01
7.580885447559774226e-01
7.580887050492811641e-01
7.580885267956750662e-01
7.580888330932640251e-01
7.580885701377976238e-01
7.580900054815169486e-01
7.580886998753340045e-01
7.580874518322314737e-01
7.580867992670154987e-01
7.580864700409986057e-01
7.580862050259599139e-01
7.580860407647296295e-01
7.580861345417497787e-01
7.580859032029011457e-01
7.580856986454550528e-01
7.580855681831101256e-01
7.580849087319224688e-01
7.580840132149968547e-01
7.580834870294528294e-01
7.580833542878346876e-01
7.580839462046397026e-01
7.580822804949405302e-01
7.580821422237213891e-01
7.580820702094229757e-01
7.580820542256683225e-01
7.580819817544561801e-01
7.580815694659019943e-01
7.580815065235790851e-01
7.580811735597305923e-01
7.580808520855024657e-01
7.580804153885990493e-01
7.580808228610992350e-01
7.580805578646907517e-01
7.580802311785092007e-01
7.580804422744259474e-01
7.580802764166701957e-01
7.580805285852045827e-01
7.580796225337647076e-01
7.580806811307037041e-01
7.580794394821137594e-01
7.580785501088482814e-01
7.580784465770635805e-01
7.580782896294510076e-01
7.580782084410464527e-01
7.580780745175684787e-01
7.580782883875224476e-01
7.580779689387119324e-01
7.580782039735910471e-01
7.580778793098549295e-01
7.580796643934872847e-01
7.580781497759312426e-01
7.580782189930166393e-01
7.580777584664916136e-01
7.580767922850720764e-01
7.580760947905887948e-01
7.580758175436916879e-01
7.580758136835273886e-01
7.580754330484860137e-01
7.580754056174976441e-01
7.580750058637454325e-01
7.580755752621800569e-01
7.580743386421543439e-01
7.580736504381018204e-01
7.580736100680395273e-01
7.580736239125076548e-01
7.580737798193404320e-01
7.580736627197696142e-01
7.580734527369400455e-01
7.580734298994969977e-01
7.580735281112049861e-01
7.580734499937706872e-01
7.580735208881802523e-01
7.580734368390472655e-01
7.580743326696368634e-01
7.580734188326334611e-01
7.580739195560474153e-01
7.580734103143235147e-01
7.580724807515786257e-01
7.580729168136043361e-01
7.580725693927397035e-01
7.580737255238308991e-01
7.580721756273758327e-01
7.580715698942787073e-01
7.580705499489579502e-01
7.580699431789666987e-01
7.580695734983843304e-01
7.580694555447219374e-01
7.580694771023613887e-01
7.580695134397258395e-01
7.580700374058007007e-01
7.580694139123992370e-01
7.580690771447453624e-01
7.580692111971084612e-01
7.580690493026972510e-01
7.580689837423695288e-01
7.580678895190159361e-01
7.580671609208401440e-01
7.580666868142679204e-01
7.580664250330503284e-01
7.580664332840244546e-01
7.580657090146052379e-01
7.580653773873143875e-01
7.580655625187366908e-01
7.580654983619959930e-01
7.580650450963519749e-01
7.580645918026009955e-01
7.580646125936983948e-01
7.580648034853155748e-01
7.580646636586918508e-01
7.580647223153106351e-01
7.580645212108167996e-01
7.580645737615202551e-01
7.580645265258409982e-01
7.580645132843495393e-01
7.580645674568650128e-01
7.580650481539480401e-01
7.580645245564103796e-01
7.580647174862499282e-01
7.580644515778919290e-01
7.580645474141193274e-01
7.580645972290342982e-01
7.580644071745656909e-01
7.580654647950526570e-01
7.580628671287595877e-01
7.580635074649502148e-01
7.580630313099708806e-01
7.580624621655709383e-01
7.580626015459964728e-01
7.580615891128790196e-01
7.580614269593672905e-01
7.580614890050044741e-01
7.580612942567930279e-01
7.580613126468076501e-01
7.580611620871603451e-01
7.580611555677607694e-01
7.580612702039881690e-01
7.580611746092068559e-01
7.580611361997460218e-01
7.580611365058332884e-01
7.580603679366243464e-01
7.580600540323750858e-01
7.580588651987847371e-01
7.580587737173007934e-01
7.580586479157244151e-01
7.580581473621050836e-01
7.580581034263476070e-01
7.580572839038085542e-01
7.580560323912809428e-01
7.580552466088492647e-01
7.580545560700733265e-01
7.580540410865461709e-01
7.580537152819094571e-01
7.580533476525368464e-01
7.580533316881241657e-01
7.580532721494611659e-01
7.580531153151286450e-01
7.580530313917740459e-01
7.580530728423200415e-01
7.580529038069474534e-01
7.580529128190277577e-01
7.580528480668774494e-01
7.580531809170834023e-01
7.580519486348454850e-01
7.580510393474872988e-01
7.580503539166985050e-01
7.580498916907408846e-01
7.580493061836796054e-01
7.580494516144062889e-01
7.580490407526998542e-01
7.580492470593664933e-01
7.580488450944040668e-01
7.580486560815495878e-01
7.580482579087118866e-01
7.580482579759010298e-01
7.580479694711362848e-01
7.580479312734874631e-01
7.580478188356559732e-01
7.580478473694952646e-01
7.580481205670244194e-01
7.580477636494692417e-01
7.580474495580195038e-01
7.580474525319694790e-01
7.580474160591206267e-01
7.580473381111527686e-01
7.580472440395328304e-01
7.580476096549103593e-01
7.580476809107228320e-01
7.580476943677579849e-01
7.580464019374091311e-01
7.580458178298998817e-01
7.580464662576175128e-01
7.580459597472630762e-01
7.580464876330811341e-01
7.580458292187486347e-01
7.580455518487552169e-01
7.580454016902804515e-01
7.580448113321510695e-01
7.580448361762786025e-01
7.580449666306482426e-01
7.580447875987446071e-01
7.580448016601083472e-01
7.580448653695679440e-01
7.580445480711025530e-01
7.580445641165519666e-01
7.580445657498682266e-01
7.580445344995409007e-01
7.580446363516327724e-01
7.580445539032928393e-01
7.580449857459217178e-01
7.580449365448205246e-01
7.580434228306578426e-01
7.580429067105670660e-01
7.580426982414022463e-01
7.580426643891793326e-01
7.580428821016548246e-01
7.580426263140160881e-01
7.580433120631767663e-01
7.580426139998820423e-01
7.580420237785795434e-01
7.580419299185862103e-01
7.580421730378431588e-01
7.580419722680757921e-01
7.580418512190501001e-01
7.580423287892325002e-01
7.580420695799103825e-01
7.580414781847067962e-01
7.580415817250907295e-01
7.580415243253790791e-01
7.580414918150559789e-01
7.580413504919160106e-01
7.580414134962414341e-01
7.580420617060531496e-01
7.580409099600933231e-01
7.580401815291629708e-01
7.580400863884017015e-01
7.580400627668801850e-01
7.580400702901241017e-01
7.580401385309423201e-01
7.580405813170423279e-01
7.580401788802201279e-01
7.580403662983304924e-01
7.580400460022274078e-01
7.580403226767242764e-01
7.580400305911869641e-01
7.580402583818672824e-01
7.580402497970714082e-01
7.580402590188357603e-01
7.580398043000603492e-01
7.580390051588379308e-01
7.580389724058749223e-01
7.580389775380702577e-01
7.580393051261568038e-01
7.580389551470917420e-01
7.580392565185870568e-01
7.580387949503483158e-01
7.580386791971015503e-01
7.580387442103632134e-01
7.580384850132269037e-01
7.580384754917868229e-01
7.580385036118747477e-01
7.580385186819084131e-01
7.580384794140685445e-01
7.580384507318311815e-01
7.580385040641647310e-01
7.580384506623487617e-01
7.580386788071351578e-01
7.580384902411024806e-01
7.580387933290093638e-01
7.580394616887685677e-01
7.580371656908712064e-01
7.580365650538526401e-01
7.580366666431997968e-01
7.580367011181726733e-01
7.580367282266203821e-01
7.580365588178307190e-01
7.580368463267064261e-01
7.580364814495205161e-01
7.580374283814608205e-01
7.580362278725013558e-01
7.580367851505224186e-01
7.580363733964505801e-01
7.580357515393942869e-01
7.580359069889215373e-01
7.580354153239046155e-01
7.580354839351440832e-01
7.580354821829742296e-01
7.580354839747515117e-01
7.580354930827724047e-01
7.580354408446519088e-01
7.580355387048746119e-01
7.580358106794807815e-01
7.580361286231168672e-01
7.580349881149693880e-01
7.580348854618436105e-01
7.580348250601524063e-01
7.580346699749285211e-01
7.580346836948699263e-01
7.580345624724751374e-01
7.580345619873204432e-01
7.580346810000486713e-01
7.580345523267482122e-01
7.580346421042294391e-01
7.580346454708399850e-01
7.580344336091597857e-01
7.580347226249751769e-01
7.580344474312601388e-01
7.580339078234851202e-01
7.580338035637623761e-01
7.580334275784575970e-01
7.580333181063119152e-01
7.580333166828063796e-01
7.580331749156383747e-01
7.580331257012075108e-01
7.580331492512742964e-01
7.580333148906751584e-01
7.580330783767996738e-01
7.580332395200201079e-01
7.580333666157211825e-01
7.580329940564128899e-01
7.580328938539372396e-01
7.580324134245530754e-01
7.580320962673789964e-01
7.580319320761679247e-01
7.580319450184815899e-01
7.580319875231625870e-01
7.580319866911111593e-01
7.580317473025661723e-01
7.580317048814437797e-01
7.580316257491129806e-01
7.580317942806150677e-01
7.580316528390036446e-01
7.580313825397129168e-01
7.580315322141414347e-01
7.580311328254248915e-01
7.580309119204434731e-01
7.580310511588181921e-01
7.580311406003629182e-01
7.580308970246864009e-01
7.580307978497803356e-01
7.580307741387840581e-01
7.580304307270256947e-01
7.580302996688397243e-01
7.580303766350113825e-01
7.580303002995314454e-01
7.580303973792380523e-01
7.580303072928020747e-01
7.580306667466707449e-01
7.580301612787897492e-01
7.580296961173437209e-01
7.580295259022254983e-01
7.580295382046816632e-01
7.580293665657417135e-01
7.580292573062737960e-01
7.580292423617848163e-01
7.580292368762582278e-01
7.580292792386854606e-01
7.580292192054731704e-01
7.580291903563181055e-01
7.580293872524955789e-01
7.580291420424585258e-01
7.580293911748573477e-01
7.580288305903604140e-01
7.580284519918539798e-01
7.580282636425050846e-01
7.580280492293886008e-01
7.580280281641874618e-01
7.580278245010334537e-01
7.580278298423104300e-01
7.580277327685402966e-01
7.580277960189034658e-01
7.580278946782369465e-01
7.580276438512995041e-01
7.580279185705803835e-01
7.580276922965123454e-01
7.580275543213496059e-01
7.580274199127889911e-01
7.580272070588177646e-01
7.580271066859127771e-01
7.580268429327639002e-01
7.580267000875361427e-01
7.580267054602712884e-01
7.580265833344261850e-01
7.580266070504110276e-01
7.580265652263482590e-01
7.580267645167183543e-01
7.580265029611996663e-01
7.580260617141191259e-01
7.580261276072773891e-01
7.580260459392337280e-01
7.580257462447338446e-01
7.580259544386476200e-01
7.580257057656956121e-01
7.580254688257346274e-01
7.580254235932940565e-01
7.580254163102780884e-01
7.580253214217548274e-01
7.580253318306395816e-01
7.580253890946422324e-01
7.580252660641687568e-01
7.580253950862643197e-01
7.580252578312002276e-01
7.580249088279513714e-01
7.580252418293867978e-01
7.580250393998093639e-01
7.580247516630144178e-01
7.580247413214868946e-01
7.580244248587056921e-01
7.580242458346506673e-01
7.580242662190020964e-01
7.580242089055045929e-01
7.580242369295708826e-01
7.580241681724009251e-01
7.580241917574950250e-01
7.580240784140571675e-01
7.580238233023596228e-01
7.580238562793268908e-01
7.580241215814951250e-01
7.580238224348696541e-01
7.580235749958434965e-01
7.580235070630700900e-01
7.580235243956610081e-01
7.580232936814587097e-01
7.580231355907702806e-01
7.580231035257954941e-01
7.580231146840988865e-01
7.580231156356967981e-01
7.580229941243522562e-01
7.580232298171998284e-01
7.580230799065003078e-01
7.580226810119002900e-01
7.580226414832605952e-01
7.580224216611614052e-01
7.580223460845668670e-01
7.580222905779033793e-01
7.580220546305932450e-01
7.580220187779793672e-01
7.580218795173715440e-01
7.580219272589707735e-01
7.580218701350707189e-01
7.580220609098649032e-01
7.580218834183585219e-01
7.580220002437085824e-01
7.580221678067105007e-01
7.580214531484754659e-01
7.580213488683867906e-01
7.580212549224232266e-01
7.580212021290686497e-01
7.580211446555523702e-01
7.580209532104846826e-01
7.580209425122612643e-01
7.580207422344036328e-01
7.580205899819645321e-01
7.580202300857686870e-01
7.580198491423073559e-01
7.580194598721826660e-01
7.580193471740519495e-01
7.580194399570494568e-01
7.580190048832070593e-01
7.580187194487122415e-01
7.580185601488185210e-01
7.580186840666158776e-01
7.580184261187653538e-01
7.580180626338837158e-01
7.580176030761498485e-01
7.580172207774505955e-01
7.580170936993309017e-01
7.580171149652440432e-01
7.580169849894693446e-01
7.580169875175194472e-01
7.580169450332675529e-01
7.580169550368233145e-01
7.580171654375978951e-01
7.580171056304007005e-01
7.580165344183631415e-01
7.580161932773964439e-01
7.580160578099964797e-01
7.580160429852410564e-01
7.580159910461869988e-01
7.580159397164942803e-01
7.580157994288099221e-01
7.580156977015833908e-01
7.580156041304676462e-01
7.580155584541103941e-01
7.580154568747790034e-01
7.580154320757559461e-01
7.580154118327866453e-01
7.580156240886779528e-01
7.580156394654097296e-01
7.580149502173493259e-01
7.580145692743387453e-01
7.580143457842740684e-01
7.580139871665380058e-01
7.580139095435093344e-01
7.580139889816974730e-01
7.580135711258145781e-01
7.580132966983195164e-01
7.580132860031411068e-01
7.580132719474677039e-01
7.580132049125938298e-01
7.580131842494639560e-01
7.580131075334337609e-01
7.580130697732484490e-01
7.580131246859520555e-01
7.580128875429608115e-01
7.580131561256793216e-01
7.580128060420756597e-01
7.580123757017686037e-01
7.580122581586522523e-01
7.580122231349749606e-01
7.580119381226768649e-01
7.580119366255645419e-01
7.580119461556706906e-01
7.580120271546592070e-01
7.580119224191034233e-01
7.580121197086781004e-01
7.580118657125891612e-01
7.580118313007633279e-01
7.580118156921761274e-01
7.580115151759377889e-01
7.580114330415375079e-01
7.580115044546271719e-01
7.580115021383486695e-01
7.580115743798045980e-01
7.580111344514348648e-01
7.580109872480930155e-01
7.580110170937581771e-01
7.580109569624028376e-01
7.580109191121978673e-01
7.580109249931710202e-01
7.580105110716236494e-01
7.580106527953871520e-01
7.580106953743421805e-01
7.580101567639845328e-01
7.580099864293009526e-01
7.580099193203040375e-01
7.580098708940021801e-01
7.580098579547278614e-01
7.580098318686575576e-01
7.580098363939432593e-01
7.580095997121460982e-01
7.580095268245108375e-01
7.580095674999185462e-01
7.580094969395870796e-01
7.580093788544149946e-01
7.580095362824664784e-01
7.580094643933265042e-01
7.580091366105585760e-01
7.580087765056358062e-01
7.580088589553510836e-01
7.580089796551220394e-01
7.580084817459590285e-01
7.580082126345687454e-01
7.580080031969886889e-01
7.580080146091964233e-01
7.580079981033368552e-01
7.580080472723099705e-01
7.580080051617210657e-01
7.580080765909936735e-01
7.580080041335874874e-01
7.580082263185257130e-01
7.580081299416201457e-01
7.580081682238151153e-01
7.580081465304969734e-01
7.580075856044214966e-01
7.580073884607949619e-01
7.580073459228354738e-01
7.580073823595447902e-01
7.580070484711823875e-01
7.580069382557245161e-01
7.580069467876673350e-01
7.580068957060139834e-01
7.580070066014348296e-01
7.580071685044037499e-01
7.580066309942848912e-01
7.580063654540111218e-01
7.580062433920690124e-01
7.580062665095249619e-01
7.580059701306831599e-01
7.580058607683628491e-01
7.580059002992101114e-01
7.580057732397349479e-01
7.580059043475374514e-01
7.580057423433226305e-01
7.580057539210069972e-01
7.580058078891001028e-01
7.580057119050602754e-01
7.580055941708554457e-01
7.580059809943919813e-01
7.580053797477949162e-01
7.580049712956353769e-01
7.580048773676461016e-01
7.580048552410488805e-01
7.580045852934839123e-01
7.580045840326403717e-01
7.580045071362018216e-01
7.580044876662912490e-01
7.580044826481816544e-01
7.580045149314448283e-01
7.580046882963427102e-01
7.580044461969061009e-01
7.580046841336283148e-01
7.580045676348629025e-01
7.580045497140404098e-01
7.580043336010449107e-01
7.580038053082125415e-01
7.580034471988305045e-01
7.580033742070433345e-01
7.580033783180843976e-01
7.580033665101093554e-01
7.580033169517920166e-01
7.580031025310797199e-01
7.580027129577120437e-01
7.580027492431765657e-01
7.580027077366124910e-01
7.580028316436721036e-01
7.580027834065831138e-01
7.580023686189347742e-01
7.580022013026630479e-01
7.580021215789023437e-01
7.580021286947515868e-01
7.580021305146614763e-01
7.580019378062312629e-01
7.580018497919241982e-01
7.580018484963337855e-01
7.580016512860399125e-01
7.580017085201511406e-01
7.580015506837062267e-01
7.580013280817196053e-01
7.580012080140200448e-01
7.580012158399510591e-01
7.580012151315181912e-01
7.580014029257854391e-01
7.580009962499346665e-01
7.580008748458416656e-01
7.580008407500654632e-01
7.580007611202640438e-01
7.580007430778908928e-01
7.580006027347778730e-01
7.580007392645226050e-01
7.580006119576619961e-01
7.580006536781361826e-01
7.580005723936226181e-01
7.580006067663893621e-01
7.580005713605230122e-01
7.580009597030796797e-01
7.580003446227441266e-01
7.579998627191314453e-01
7.579996427912617518e-01
7.579994796768336762e-01
7.579992174662211202e-01
7.579988526850195418e-01
7.579989230812367307e-01
7.579988714903714841e-01
7.579989239687840996e-01
7.579988480301479425e-01
7.579989371105844143e-01
7.579987609382738967e-01
7.579986794903581515e-01
7.579986377559971844e-01
7.579988275113141993e-01
7.579986978792292440e-01
7.579984245422245470e-01
7.579984387491665032e-01
7.579983548885971256e-01
7.579983633040728863e-01
7.579980152109179192e-01
7.579978434755131333e-01
7.579979642620834346e-01
7.579980295892833064e-01
7.579979917999331018e-01
7.579979368052308653e-01
7.579974996765809214e-01
7.579972554863948497e-01
7.579969592934203693e-01
7.579969164544293481e-01
7.579967652050064730e-01
7.579967711929809226e-01
7.579967087795521641e-01
7.579967155510899390e-01
7.579966558054406223e-01
7.579966571494788363e-01
7.579966910131845648e-01
7.579966731534166779e-01
7.579967241674457901e-01
7.579966484649410807e-01
7.579967899033386303e-01
7.579970294559321697e-01
7.579962683183223415e-01
7.579958678586384835e-01
7.579956839629962140e-01
7.579956257568247757e-01
7.579954689975545445e-01
7.579955376639260223e-01
7.579954321870110423e-01
7.579954332929383920e-01
7.579954229991817671e-01
7.579955415176101718e-01
7.579955203142758613e-01
7.579951804738669363e-01
7.579951590524136584e-01
7.579951187715536776e-01
7.579948106822751441e-01
7.579947256000819644e-01
7.579948465738353125e-01
7.579946460339594960e-01
7.579946491950116938e-01
7.579946168154731989e-01
7.579946009013998065e-01
7.579944086314061025e-01
7.579943166277549604e-01
7.579940121262906949e-01
7.579939686570476010e-01
7.579942291536954091e-01
7.579937772986576894e-01
7.579933958421547491e-01
7.579932857802049728e-01
7.579935459380380269e-01
7.579929459773731004e-01
7.579926319599640250e-01
7.579925238822714517e-01
7.579925315698849975e-01
7.579925265985218985e-01
7.579925135633616140e-01
7.579926266547430957e-01
7.579924708370672226e-01
7.579921314191292447e-01
7.579918792323133703e-01
7.579917433912368718e-01
7.579917346154649849e-01
7.579917668856752666e-01
7.579917475079935851e-01
7.579918194346808580e-01
7.579917457982435769e-01
7.579919412768180154e-01
7.579918018440868765e-01
7.579914248366935725e-01
7.579912621447084664e-01
7.579911422333216464e-01
7.579914079521467007e-01
7.579914875898117188e-01
7.579907687752976964e-01
7.579906484425436020e-01
7.579907170471266165e-01
7.579905035027703075e-01
7.579905499693703197e-01
7.579902241729100654e-01
7.579900930373492107e-01
7.579900957137823969e-01
7.579901782425144674e-01
7.579900933414341901e-01
7.579901079077077108e-01
7.579901031986198134e-01
7.579900825196572711e-01
7.579900811451211196e-01
7.579901371554395029e-01
7.579900769747878186e-01
7.579902466362375968e-01
7.579898883914067964e-01
7.579894407912686205e-01
7.579891206481264021e-01
7.579888743727399847e-01
7.579887618046824427e-01
7.579887434026096882e-01
7.579886896968018872e-01
7.579886301200134957e-01
7.579887298342844471e-01
7.579889022212168426e-01
7.579883402561360395e-01
7.579879409974388249e-01
7.579878065954128719e-01
7.579877797723609811e-01
7.579877591648986890e-01
7.579877759198567766e-01
7.579876492094149709e-01
7.579876764697441871e-01
7.579876160271064034e-01
7.579876158756810867e-01
7.579875642352570386e-01
7.579874713480075910e-01
7.579875606369810281e-01
7.579874294117205924e-01
7.579874954175984669e-01
7.579874675441373721e-01
7.579873024858203578e-01
7.579868753986440666e-01
7.579871762419747583e-01
7.579868421770590281e-01
7.579866038224845060e-01
7.579865051296091893e-01
7.579866081557528057e-01
7.579864717021568277e-01
7.579865490383438376e-01
7.579864578634263328e-01
7.579867549933778648e-01
7.579863698725379795e-01
7.579862685545278866e-01
7.579862161389462338e-01
7.579864092146483268e-01
7.579860386932573135e-01
7.579856062565897279e-01
7.579854927252496211e-01
7.579855123197375422e-01
7.579853997492301820e-01
7.579854071040990071e-01
7.579852838057352660e-01
7.579852226717784802e-01
7.579852059860914260e-01
7.579849548558997840e-01
7.579850104579176628e-01
7.579846359535712397e-01
7.579846449614908721e-01
7.579845992532711074e-01
7.579843692326374560e-01
7.579843715992661268e-01
7.579841116785541733e-01
7.579838620635278579e-01
7.579838076031760741e-01
7.579837862029892293e-01
7.579836242316887462e-01
7.579837296452768269e-01
7.579835557767621301e-01
7.579833626467108454e-01
7.579834118678931976e-01
7.579833747689592727e-01
7.579833752861265816e-01
7.579834255633557394e-01
7.579833449702455539e-01
7.579839640562268110e-01
7.579834163841632222e-01
7.579828602328541054e-01
7.579824571816675682e-01
7.579824413762554780e-01
7.579824650474163983e-01
7.579824073899091852e-01
7.579823770748168599e-01
7.579822544575056664e-01
7.579822221691131512e-01
7.579821947988883979e-01
7.579821884388363573e-01
7.579817270408241159e-01
7.579816034111805934e-01
7.579810610206989541e-01
7.579811906295749191e-01
7.579809905153059857e-01
7.579805275700556288e-01
7.579803352821604667e-01
7.579803372348552504e-01
7.579801853668065581e-01
7.579801771663295940e-01
7.579800203369472245e-01
7.579800199761244084e-01
7.579799477794791907e-01
7.579798875893798416e-01
7.579798930602069662e-01
7.579798434658093775e-01
7.579795773235608047e-01
7.579797401489302144e-01
7.579795915221085867e-01
7.579791209552494413e-01
7.579788379363883166e-01
7.579785467189144033e-01
7.579785488276017391e-01
7.579785900517429509e-01
7.579783835036766337e-01
7.579782191582409290e-01
7.579782052266361703e-01
7.579779964901787181e-01
7.579776853225167477e-01
7.579777283898876394e-01
7.579777075248637086e-01
7.579777222139080228e-01
7.579777016578118642e-01
7.579778275732388382e-01
7.579779785510114554e-01
7.579776767527395265e-01
7.579776409559000339e-01
7.579772615141836534e-01
7.579768397918705825e-01
7.579764888892331909e-01
7.579763772099491481e-01
7.579763684907641075e-01
7.579763661512058937e-01
7.579762623550161393e-01
7.579760884805208931e-01
7.579760471111354203e-01
7.579759613758444425e-01
7.579759692131157189e-01
7.579761917027931784e-01
7.579760465085157994e-01
7.579754674052102681e-01
7.579754136489540439e-01
7.579754410084259542e-01
7.579752856382936388e-01
7.579752596982688440e-01
7.579751961216697476e-01
7.579752109724504638e-01
7.579751596818941062e-01
7.579751642293152125e-01
7.579750448401293417e-01
7.579755288155363147e-01
7.579750749788413122e-01
7.579745368387379445e-01
7.579745973088810596e-01
7.579746599563044196e-01
7.579741214843140895e-01
7.579740483296258935e-01
7.579740530222263128e-01
7.579739240765464015e-01
7.579739289983533634e-01
7.579737949184365275e-01
7.579734623931497772e-01
7.579731464017169795e-01
7.579731659765894802e-01
7.579731672552564303e-01
7.579732334185576015e-01
7.579731552849496845e-01
7.579732759324320224e-01
7.579731663559432508e-01
7.579731745031563772e-01
7.579731778690886879e-01
7.579735010090665748e-01
7.579731680725627641e-01
7.579726320599520228e-01
7.579724005842416457e-01
7.579721175691681578e-01
7.579718447530060521e-01
7.579719042893353631e-01
7.579718787945494141e-01
7.579718599840000737e-01
7.579718122121578139e-01
7.579719758360470294e-01
7.579717611919990494e-01
7.579713212404666223e-01
7.579710996103946608e-01
7.579707986986089496e-01
7.579706195014478398e-01
7.579706174336444668e-01
7.579704773824106345e-01
7.579704995803026035e-01
7.579703893903635414e-01
7.579703957339367637e-01
7.579703591078792435e-01
7.579703582165091547e-01
7.579703240640112138e-01
7.579704757213643340e-01
7.579700110898883736e-01
7.579697889996458438e-01
7.579692645996656264e-01
7.579691605608379623e-01
7.579691538686048613e-01
7.579691261982458572e-01
7.579691648565191064e-01
7.579690690952087806e-01
7.579692526638419636e-01
7.579687307481866032e-01
7.579685756769949379e-01
7.579686158086629266e-01
7.579685748287139369e-01
7.579687256469475054e-01
7.579685898846002523e-01
7.579686192193706429e-01
7.579685482766317373e-01
7.579680771931294192e-01
7.579680900957935785e-01
7.579680490332594278e-01
7.579680656346514667e-01
7.579681412682214292e-01
7.579677064979646328e-01
7.579672856622218236e-01
7.579671370904611516e-01
7.579671766702397173e-01
7.579670993173881488e-01
7.579670318421252162e-01
7.579670900367532216e-01
7.579672070220074831e-01
7.579670897681467512e-01
7.579666640801373534e-01
7.579663878726855542e-01
7.579663178320555916e-01
7.579663003359312645e-01
7.579660287327244506e-01
7.579660240682009054e-01
7.579656838245577566e-01
7.579654454275026598e-01
7.579653256507776771e-01
7.579653296967094889e-01
7.579652167356928372e-01
7.579652180087916857e-01
7.579649603698627169e-01
7.579644693049470972e-01
7.579644678538277613e-01
7.579645562674424131e-01
7.579642345215150678e-01
7.579643035141003793e-01
7.579640785171141149e-01
7.579638376165520608e-01
7.579635058782218104e-01
7.579632259434269104e-01
7.579629753848835527e-01
7.579630209377313799e-01
7.579627852294946733e-01
7.579628050999919209e-01
7.579630667383204790e-01
7.579623570469975480e-01
7.579618732721404850e-01
7.579617141713911321e-01
7.579615670571266950e-01
7.579614811837510624e-01
7.579614615603722516e-01
7.579612840677474317e-01
7.579612139420832673e-01
7.579611678846441825e-01
7.579610748830148959e-01
7.579611277646355338e-01
7.579611113181897730e-01
7.579611465062230380e-01
7.579611167312555464e-01
7.579611279488299713e-01
7.579614545929201919e-01
7.579611221818071121e-01
7.579605480773419224e-01
7.579602731682860695e-01
7.579603161428537517e-01
7.579603498746457779e-01
7.579600210755893519e-01
7.579600019127380461e-01
7.579600297204579507e-01
7.579602338179584065e-01
7.579600912266141188e-01
7.579599930972290567e-01
7.579599277463811013e-01
7.579594236264737273e-01
7.579592065677752677e-01
7.579591814264515781e-01
7.579593071299836060e-01
7.579592215379962195e-01
7.579588180083242088e-01
7.579588171601330249e-01
7.579586813929204414e-01
7.579586554142213606e-01
7.579583202562962807e-01
7.579582987379758219e-01
7.579582826738372470e-01
7.579583434373663442e-01
7.579584799154537311e-01
7.579580840914963424e-01
7.579578742405751468e-01
7.579576138703179033e-01
7.579577343490712105e-01
7.579575760037577936e-01
7.579574174604817305e-01
7.579574330749797584e-01
7.579569646645415437e-01
7.579568437738998243e-01
7.579568275922943243e-01
7.579566860205650958e-01
7.579566555013934614e-01
7.579565565934142102e-01
7.579565577673306187e-01
7.579562898394625048e-01
7.579560207062766564e-01
7.579557567731383116e-01
7.579557663841756110e-01
7.579557180809664008e-01
7.579563893869223357e-01
7.579558971496054287e-01
7.579554792303401234e-01
7.579555874850606445e-01
7.579548920950438529e-01
7.579547179971656279e-01
7.579547162205578781e-01
7.579545640596264677e-01
7.579545562615547238e-01
7.579545426087967996e-01
7.579545323286180913e-01
7.579541947587973283e-01
7.579540788188295908e-01
7.579539550814722304e-01
7.579538868525157458e-01
7.579538901520032068e-01
7.579537253444394995e-01
7.579537165627716622e-01
7.579543472310431573e-01
7.579537010319506996e-01
7.579537564803201510e-01
7.579537327177914285e-01
7.579535595803952308e-01
7.579535864012746371e-01
7.579529057851600582e-01
7.579526820289670397e-01
7.579525219574720918e-01
7.579525199664352009e-01
7.579526306776317446e-01
7.579525203182518878e-01
7.579525807194882336e-01
7.579523632887751328e-01
7.579522247523927669e-01
7.579517045881496440e-01
7.579515046570618475e-01
7.579512899456262165e-01
7.579512740187205333e-01
7.579513509832036533e-01
7.579512896662548016e-01
7.579511943538174146e-01
7.579512061679752888e-01
7.579511463959963669e-01
7.579511532696284748e-01
7.579509723402675370e-01
7.579505356556162088e-01
7.579503160513511029e-01
7.579504924944238109e-01
7.579502693138527869e-01
7.579497403837464065e-01
7.579494495739449444e-01
7.579492847321410709e-01
7.579493101360007534e-01
7.579490809666957762e-01
7.579488037894294150e-01
7.579489263297419788e-01
7.579487709336886203e-01
7.579487966004749833e-01
7.579487679054810467e-01
7.579487955879654626e-01
7.579488144114657766e-01
7.579487748087453403e-01
7.579487452568941519e-01
7.579487827678623724e-01
7.579487419382706648e-01
7.579487642273625703e-01
7.579490755887720033e-01
7.579484073471428607e-01
7.579481427319704201e-01
7.579476663089541599e-01
7.579475765081136185e-01
7.579477416706760229e-01
7.579474848716789559e-01
7.579475184070285643e-01
7.579474566090007581e-01
7.579472575529878631e-01
7.579466954083516894e-01
7.579465239351169670e-01
7.579463349097796954e-01
7.579463037973050987e-01
7.579461100351230218e-01
7.579461445282426046e-01
7.579459864875983666e-01
7.579460314021487788e-01
7.579458814749022721e-01
7.579458888702258479e-01
7.579458378176169298e-01
7.579458697710789172e-01
7.579455968739325922e-01
7.579454241799159497e-01
7.579449679595358091e-01
7.579445940968737583e-01
7.579441354213534154e-01
7.579438618635625513e-01
7.579436309122060678e-01
7.579439496349238414e-01
7.579436847875017369e-01
7.579435537956098479e-01
7.579435815688926326e-01
7.579431000389237338e-01
7.579426203654487937e-01
7.579425741251165638e-01
7.579425683627541988e-01
7.579425597733242537e-01
7.579425928328773487e-01
7.579425784733837546e-01
7.579425797518568597e-01
7.579426482199768111e-01
7.579426111764847596e-01
7.579425877104609688e-01
7.579426983831988318e-01
7.579422844723104902e-01
7.579418117901204344e-01
7.579416444392234053e-01
7.579410722191259886e-01
7.579408381976511233e-01
7.579407577196466406e-01
7.579408010109398575e-01
7.579406592199513515e-01
7.579407383442363644e-01
7.579402204318981262e-01
7.579398559941160629e-01
7.579395318831106954e-01
7.579391936021069309e-01
7.579390090348960829e-01
7.579390743328693336e-01
7.579389924385774302e-01
7.579389578878279465e-01
7.579388590079494392e-01
7.579387965707258257e-01
7.579386499225242435e-01
7.579386510436044722e-01
7.579384924086075559e-01
7.579385103141481617e-01
7.579379939506375452e-01
7.579375047364362850e-01
7.579370397365898793e-01
7.579365959441652922e-01
7.579362923701488119e-01
7.579356450812837487e-01
7.579353624103337683e-01
7.579349539103694688e-01
7.579346143641965128e-01
7.579341682654986423e-01
7.579336481111216273e-01
7.579331484076872183e-01
7.579326974637299319e-01
7.579322604114059336e-01
7.579319877926417037e-01
7.579314466547257823e-01
7.579310383026767184e-01
7.579304454771996769e-01
7.579299317005412373e-01
7.579295012805916665e-01
7.579292807646164087e-01
7.579292292690533728e-01
7.579292188612385406e-01
7.579292760970807175e-01
7.579292008687886772e-01
7.579292025311884506e-01
7.579291912910359752e-01
7.579289627630320103e-01
7.579289515431059110e-01
7.579284177284458801e-01
7.579278565509141030e-01
7.579273290506635119e-01
7.579267658459545309e-01
7.579262038237798427e-01
7.579257987270461294e-01
7.579253747268245300e-01
7.579249529702021260e-01
7.579247967049194123e-01
7.579246597913406047e-01
7.579246820775481508e-01
7.579242863589215062e-01
7.579238119798629159e-01
7.579233875015145561e-01
7.579228938915917313e-01
7.579226198387276625e-01
7.579226144087571893e-01
7.579225513342903175e-01
7.579224660333830910e-01
7.579224523048033735e-01
7.579224674332410983e-01
7.579223946852263749e-01
7.579221044737003421e-01
7.579221554856728771e-01
7.579216338261898223e-01
7.579210579079121990e-01
7.579206093584140991e-01
7.579201881300752230e-01
7.579198119932768485e-01
7.579195955202445711e-01
7.579197589256728707e-01
7.579196478957423988e-01
7.579195178397486465e-01
7.579195372600835423e-01
7.579190992107820435e-01
7.579185325959910680e-01
7.579183399790282438e-01
7.579181496718013777e-01
7.579181879854536286e-01
7.579180680437871409e-01
7.579180848921678315e-01
7.579179854041037112e-01
7.579179857267378528e-01
7.579176760287422709e-01
7.579173602708992874e-01
7.579168734507913952e-01
7.579165754961679768e-01
7.579163127097634511e-01
7.579159308363765390e-01
7.579158489812556354e-01
7.579157775712606071e-01
7.579152910826986167e-01
7.579152619640416866e-01
7.579152455273904243e-01
7.579149171087590231e-01
7.579142877557291103e-01
7.579139924028810427e-01
7.579137163009125322e-01
7.579134178719930670e-01
7.579133498950354486e-01
7.579133534499125080e-01
7.579132530503198684e-01
7.579133136834512730e-01
7.579132349432051718e-01
7.579131726178921502e-01
7.579126732394972921e-01
7.579122117111344314e-01
7.579119602718173976e-01
7.579119100404861920e-01
7.579120142561606155e-01
7.579115988570068740e-01
7.579110393061314621e-01
7.579110117427043658e-01
7.579109876577009297e-01
7.579110612298946004e-01
7.579109590392609785e-01
7.579103670223341638e-01
7.579101329170423451e-01
7.579099045816896085e-01
7.579098425637491587e-01
7.579095830701652048e-01
7.579094413492046822e-01
7.579094331609783630e-01
7.579093994945629298e-01
