1.086920253306123740e+00
1.086920253306123740e+00
1.086920253306123740e+00
1.094639277075235784e+00
1.095212427764181262e+00
9.139319904710148101e-01
1.296513683793178995e+00
9.139319904710148101e-01
9.139319904710148101e-01
9.139319904710148101e-01
9.139319904710148101e-01
9.139319904710148101e-01
9.139457980466806353e-01
8.723783424456024171e-01
8.723783424456024171e-01
8.723783424456024171e-01
8.723783424456024171e-01
8.611243705084066224e-01
8.611243705084066224e-01
8.611243705084066224e-01
1.189111401847863458e+00
9.710472489121577677e-01
8.611243705084066224e-01
8.781681364767409681e-01
8.619948521400045971e-01
8.784191008493822395e-01
8.611243705084066224e-01
8.930074436942812000e-01
8.611243705084066224e-01
9.608613463816546574e-01
8.611243705084066224e-01
9.608613463816546574e-01
8.611243705084064004e-01
9.608613463816546574e-01
8.611243705084064004e-01
8.783452903748868446e-01
8.611525651450180341e-01
8.850429644742270341e-01
8.611243705084064004e-01
9.648471554164919084e-01
8.611243705084066224e-01
8.777883831458103137e-01
8.611243705084066224e-01
8.922742916317819573e-01
8.609583463702980000e-01
9.645785175584129512e-01
8.625925205870521584e-01
9.577443247910076840e-01
8.609509435495911189e-01
8.842603275652471950e-01
8.609421568454419527e-01
8.918530909681399166e-01
8.693444670749120862e-01
8.645208202468028791e-01
8.644132441385566912e-01
8.754665072063428921e-01
9.578059729461462224e-01
8.932051502433002721e-01
8.609309458653843228e-01
8.729442396575564089e-01
8.608238707268915935e-01
8.757930259184734112e-01
8.608343685623690567e-01
8.681533956973472854e-01
8.608339266178361981e-01
8.625073258374881258e-01
8.608159046915035972e-01
8.714664878132599712e-01
8.608305747330587954e-01
8.703164730623474954e-01
8.609016596437516489e-01
8.655143742166051535e-01
8.609094135603017062e-01
8.629331699930314903e-01
8.607859063648937159e-01
8.610611139107058332e-01
8.607642074824524148e-01
8.681019978715037722e-01
8.645239279872276583e-01
8.695831231244791626e-01
8.616026322410341720e-01
8.676044803615300394e-01
8.611804519131001090e-01
8.607566364894276845e-01
8.550520415019787768e-01
8.565102345340375178e-01
8.554037821933582197e-01
8.563127962764425227e-01
8.548194935971041852e-01
8.572819226138248538e-01
8.548014714791642987e-01
8.536724584836844487e-01
8.536616422926753822e-01
8.554688630793825244e-01
8.536671302740237444e-01
8.549558043666737328e-01
8.536763875224627762e-01
8.534365158188254030e-01
8.534259909514912978e-01
8.533496084685616712e-01
8.523856455113461017e-01
8.461043498019384934e-01
8.461100300225771198e-01
8.493072728039423591e-01
8.481021213404392745e-01
8.453756708391128027e-01
8.450232120290324112e-01
8.406340033028685266e-01
8.402645096269083513e-01
8.402642526280520441e-01
8.405931143315642506e-01
8.402556937299860973e-01
8.408046214396127649e-01
8.402603583821784961e-01
8.410061465090278299e-01
8.402385915106348468e-01
8.405959472612144490e-01
8.402425836783683488e-01
8.438690149882167590e-01
8.401002047530219397e-01
8.405922269260249768e-01
8.422742360601683798e-01
8.389082506672157491e-01
8.396868200129281590e-01
8.389187181404645921e-01
8.390745495683501476e-01
8.394492572803170516e-01
8.415317737332737025e-01
8.387949689279691201e-01
8.401780546506646408e-01
8.389736519431030271e-01
8.392377607842310683e-01
8.387708751492072290e-01
8.387315924931352251e-01
8.386751247035781898e-01
8.388358498148540399e-01
8.389797435483653532e-01
8.386991480689005574e-01
8.387047267303884279e-01
8.386773991995368771e-01
8.387156281055843099e-01
8.386761808584777267e-01
8.387391682466358578e-01
8.388135518073430719e-01
8.391608076318449738e-01
8.386995208665807278e-01
8.389987242879707319e-01
8.386122662245056869e-01
8.387496423141003188e-01
8.385904928138492309e-01
8.388112370196574297e-01
8.386001898002736210e-01
8.387391926479300652e-01
8.387170533979066978e-01
8.385670099322466431e-01
8.386065993101297078e-01
8.385666938729495756e-01
8.385048484393261559e-01
8.386412718524031140e-01
8.384926981510073540e-01
8.383907992341135262e-01
8.384856127468218734e-01
8.383802314591445315e-01
8.384557971025653478e-01
8.383818083633035600e-01
8.384253540296695562e-01
8.383769715901033814e-01
8.384292232586645355e-01
8.383814482949295543e-01
8.383840328865378444e-01
8.383607367726659820e-01
8.384340654767974410e-01
8.383503945854974271e-01
8.383699133193177611e-01
8.383523504519345693e-01
8.383989375782908704e-01
8.383023858647720150e-01
8.382309023250696933e-01
8.380393737565793311e-01
8.379133529925918422e-01
8.378469549742516564e-01
8.378265278050494036e-01
8.378657151654664847e-01
8.379141230500254389e-01
8.378485041782151033e-01
8.376598602876759170e-01
8.376347302207588497e-01
8.376537487919670788e-01
8.375494267066917464e-01
8.375469860548721002e-01
8.374992577191093801e-01
8.375136407307472997e-01
8.375011709812997251e-01
8.375194818251895379e-01
8.375523387979624257e-01
8.374933691823028825e-01
8.374454951651357781e-01
8.375081892556960339e-01
8.373125135154860788e-01
8.374781586659180155e-01
8.373575288571425412e-01
8.371827727757147342e-01
8.371658413842117952e-01
8.371671117714919452e-01
8.372858613442857312e-01
8.371765712821815919e-01
8.372228706401734222e-01
8.371766348920068879e-01
8.371758482613542718e-01
8.371723167304393476e-01
8.372632219564855038e-01
8.371606481192743754e-01
8.371225009102334358e-01
8.371196659451495270e-01
8.371223609504807595e-01
8.371115713615686627e-01
8.370840662319712910e-01
8.370860062468563623e-01
8.368576734729588074e-01
8.368615760617875710e-01
8.368748666374143941e-01
8.367906046405165776e-01
8.368802043016325687e-01
8.368317116473246164e-01
8.366337309892660778e-01
8.366092813802771255e-01
8.366604925340742627e-01
8.366187620215571608e-01
8.366202487090700357e-01
8.365743888009804508e-01
8.365845367059042692e-01
8.365597793389637493e-01
8.365715315395098051e-01
8.366221689907026304e-01
8.365754924590005359e-01
8.366178584827478337e-01
8.366113056101228684e-01
8.365635319882678278e-01
8.365733156584315156e-01
8.365663420968297848e-01
8.365211395273919326e-01
8.363514000287233241e-01
8.363992470140793056e-01
8.363370843484110306e-01
8.366066986336891942e-01
8.363385704918882002e-01
8.362946577449463792e-01
8.362796578668684200e-01
8.361997429570658946e-01
8.361972600882300322e-01
8.361851101377901774e-01
8.362236355671949228e-01
8.360405543553500740e-01
8.360327258918240911e-01
8.360607810727996858e-01
8.360091468361342537e-01
8.360315360532000195e-01
8.360134294796730536e-01
8.360186999680321307e-01
8.360062633795900533e-01
8.360356843791321158e-01
8.358914586294998728e-01
8.357161652905032989e-01
8.357791012957369592e-01
8.356857353281940126e-01
8.356306133420210447e-01
8.356394177108089627e-01
8.356362444845958359e-01
8.356229854238902410e-01
8.355683598716806548e-01
8.355665266535632352e-01
8.356411652066467743e-01
8.355537371590157081e-01
8.355633746429278474e-01
8.356412517265832118e-01
8.354149816813855045e-01
8.354029474441384551e-01
8.353293391108348453e-01
8.353427752657951455e-01
8.353294486623830117e-01
8.353473735553987867e-01
8.354328251734566280e-01
8.354642551856699129e-01
8.352274526229577223e-01
8.350953550110582491e-01
8.351163806091715935e-01
8.351165814524035280e-01
8.351889314512727092e-01
8.350941156809338350e-01
8.350798637572482974e-01
8.351064849515439370e-01
8.350668107994279055e-01
8.350664832900678292e-01
8.350517832866858337e-01
8.350102976910440677e-01
8.347093020690491416e-01
8.345507032093540944e-01
8.343420841754196626e-01
8.340936782783026082e-01
8.338537168518980192e-01
8.337727520862996400e-01
8.337765432833298407e-01
8.336253658707283298e-01
8.335950556288796998e-01
8.336008695118960476e-01
8.333603478661670838e-01
8.331447523681160261e-01
8.327525373153138455e-01
8.325727145024547360e-01
8.323999725501194380e-01
8.322807734756193510e-01
8.322689125241981012e-01
8.321443011860489847e-01
8.321432095163826537e-01
8.319344736675176044e-01
8.315438794562823865e-01
8.311452435297552732e-01
8.307438087709202446e-01
8.303569887567637808e-01
8.299218782278570128e-01
8.294887096109379021e-01
8.290680152372761347e-01
8.286220590710778877e-01
8.281768602842564109e-01
8.277324429989021404e-01
8.272894261193267651e-01
8.268486997304104191e-01
8.264504595170804047e-01
8.260080264767056812e-01
8.255732488433444871e-01
8.251233442879362112e-01
8.247520624393219757e-01
8.245089592259213784e-01
8.244687212887171768e-01
8.244146601204465075e-01
8.245053433257570896e-01
8.244484638769949969e-01
8.243449589785107889e-01
8.243707267867215194e-01
8.244098385932370210e-01
8.242981474790824770e-01
8.243762268170177210e-01
8.242874697196727052e-01
8.239903675440946040e-01
8.236602452697358023e-01
8.231628031941079504e-01
8.229205820100800040e-01
8.226056258947854749e-01
8.222402684846999987e-01
8.225220257508415456e-01
8.222254651220671784e-01
8.217105622906564211e-01
8.215779267216334336e-01
8.215629464112593761e-01
8.214340450704313845e-01
8.214188764549654742e-01
8.212768433089602249e-01
8.212582533423735676e-01
8.212678729833513547e-01
8.212666235054281172e-01
8.211537717629058264e-01
8.211546749393043854e-01
8.211597693114930374e-01
8.211402365129976122e-01
8.210247937791633754e-01
8.210037957325372338e-01
8.208726648861609521e-01
8.209443727227556664e-01
8.212441466550298719e-01
8.202906832489313960e-01
8.199606565959821625e-01
8.195018424343597507e-01
8.190729410229999896e-01
8.187813138071327046e-01
8.183644761408533919e-01
8.182388773942607108e-01
8.182301560881052316e-01
8.182197668075611441e-01
8.184045028825766011e-01
8.181171374115213668e-01
8.181807076017710845e-01
8.181610587672031309e-01
8.178776454138197982e-01
8.179274862062293483e-01
8.178402288749964111e-01
8.178752702782232653e-01
8.179345408967919617e-01
8.178187713591407171e-01
8.177316117424223707e-01
8.174300714677988910e-01
8.170936091293020676e-01
8.168963451937314435e-01
8.168543962642842438e-01
8.168915094562110291e-01
8.168907779999381447e-01
8.166751440141762908e-01
8.165187913530241870e-01
8.164234929523850326e-01
8.161806686755594953e-01
8.162014744921134435e-01
8.159486684131506129e-01
8.159011712350228152e-01
8.159445336163518858e-01
8.157820111456692835e-01
8.157788981307351195e-01
8.156224411938001184e-01
8.155820220277945065e-01
8.154969655579109578e-01
8.154765744804036709e-01
8.152793904769036759e-01
8.151447808623613067e-01
8.157115739627924800e-01
8.149994223780985259e-01
8.149397435700981296e-01
8.147900828308930476e-01
8.144776033582312724e-01
8.144233380282734913e-01
8.144200308673090749e-01
8.143737230725390797e-01
8.143900454363314223e-01
8.144102075844076305e-01
8.143737680805107626e-01
8.145675213461358588e-01
8.144012886948269747e-01
8.144014269076713664e-01
8.144165198344359702e-01
8.144535378905036760e-01
8.143512586794886543e-01
8.143949567869642747e-01
8.144704473907579123e-01
8.140160480766871487e-01
8.137235686243604604e-01
8.136937348931897462e-01
8.136857332116371744e-01
8.134570528427228497e-01
8.133313207544471402e-01
8.130091190684118896e-01
8.128602626333266690e-01
8.128946955283383735e-01
8.128355071387735054e-01
8.129778623323162812e-01
8.125947449052578486e-01
8.124734138688813889e-01
8.124530559079540248e-01
8.123586716745191394e-01
8.123794190915774038e-01
8.122480492145592867e-01
8.122580322480817960e-01
8.121714281031175986e-01
8.121751157088662465e-01
8.119933039425377697e-01
8.119064981780907964e-01
8.119940880818070639e-01
8.119342221395012826e-01
8.119220397140245460e-01
8.122231988254846602e-01
8.115533128461491774e-01
8.112651477329668737e-01
8.112601611632951348e-01
8.112641997707483732e-01
8.112161728901193802e-01
8.112146915192988139e-01
8.112604845139207432e-01
8.112058712887404432e-01
8.110427391301293643e-01
8.109433722060324090e-01
8.108666294066472213e-01
8.109006347203181475e-01
8.109135809612618706e-01
8.108867330805450413e-01
8.109032833403074791e-01
8.108785516689661632e-01
8.108926039299536592e-01
8.108040068887338858e-01
8.111121062765656031e-01
8.108592043824338624e-01
8.106426969285935868e-01
8.106451599994153323e-01
8.103900105799981546e-01
8.102232529306984121e-01
8.102086266939930725e-01
8.102192149550360156e-01
8.098906088276713877e-01
8.098637033538603758e-01
8.098802505109612415e-01
8.099249165663812144e-01
8.099557876700868020e-01
8.096838771940723101e-01
8.096233743299489083e-01
8.096317216704576047e-01
8.094136383852504890e-01
8.093874844857738005e-01
8.093957545215280103e-01
8.091999877000679575e-01
8.091657236454489199e-01
8.091403559163148351e-01
8.089179806761401803e-01
8.089339065623869507e-01
8.088705945748070336e-01
8.090752447376966527e-01
8.088003358537255716e-01
8.086839336704988446e-01
8.087203758672254494e-01
8.085274617457752777e-01
8.085159399402002123e-01
8.085315708718302519e-01
8.085147189175291293e-01
8.085085265944497168e-01
8.085155192598612039e-01
8.085216324206688787e-01
8.085903405966379243e-01
8.084809480918916380e-01
8.085116165704387958e-01
8.084651937092411922e-01
8.084777928958789550e-01
8.084476866579459742e-01
8.086569951820760105e-01
8.084898137148425201e-01
8.081107618081045940e-01
8.080652459139830990e-01
8.080608344543669386e-01
8.079025990268132729e-01
8.078882585344517864e-01
8.077999343853117242e-01
8.079948511283557844e-01
8.077501338766802652e-01
8.074554116767612699e-01
8.074770619423246032e-01
8.074698478761979104e-01
8.074230848201027211e-01
8.074163717875399993e-01
8.073913809170808475e-01
8.073848187661886167e-01
8.074006057141899229e-01
8.073519332954768313e-01
8.073519439858619640e-01
8.073502991408444407e-01
8.073541232350346375e-01
8.073644416654991440e-01
8.073250811304446550e-01
8.073418592970066365e-01
8.069624015383993765e-01
8.068869522057460220e-01
8.065658755057618645e-01
8.064607712740832213e-01
8.063490353306475011e-01
8.062964840932813626e-01
8.061687101519920962e-01
8.059303675321801697e-01
8.058564577745153112e-01
8.055714371690702036e-01
8.054318443921165693e-01
8.053310253192849100e-01
8.053398710280532669e-01
8.052728180538780700e-01
8.052282396525214381e-01
8.052709926096393023e-01
8.052191805343055231e-01
8.052578852127183495e-01
8.051881840788966960e-01
8.051830127884125332e-01
8.051069877912381267e-01
8.051241475155604954e-01
8.050875698075825593e-01
8.050900182952412942e-01
8.051178579672860769e-01
8.049689405836634171e-01
8.049034944427995164e-01
8.048983424201332504e-01
8.048610396909562370e-01
8.048236971878333090e-01
8.047985153927837976e-01
8.048012968939056710e-01
8.048117203881782755e-01
8.047875623609828111e-01
8.048324737529890527e-01
8.047852055112512115e-01
8.047885747637489873e-01
8.047922484513686525e-01
8.048177350029842581e-01
8.047886139430919794e-01
8.048259650016479361e-01
8.049743740939983017e-01
8.045565503094891380e-01
8.045579757081856576e-01
8.045721765557273253e-01
8.044821994624806738e-01
8.044630165518149578e-01
8.044811409680273639e-01
8.044761055372734448e-01
8.044344592100211022e-01
8.044742336946347772e-01
8.046068769611638416e-01
8.042588202490164040e-01
8.040860719208173801e-01
8.041153310137633126e-01
8.041343603124557760e-01
8.039565014921431496e-01
8.039502096815653864e-01
8.039543729573310760e-01
8.039464364614948844e-01
8.039217561186910999e-01
8.039288420025789694e-01
8.038994593874703165e-01
8.038870513574837284e-01
8.037060964159584708e-01
8.036186542770705765e-01
8.037815298902828420e-01
8.035734541909844708e-01
8.037417627346079563e-01
8.035790088464624947e-01
8.034648671368445072e-01
8.034759288655874965e-01
8.034308898577229296e-01
8.034295093809288302e-01
8.035160476073942570e-01
8.034217818769300301e-01
8.033517941036953935e-01
8.033259753896825339e-01
8.033319972193770919e-01
8.033775441322978939e-01
8.033176690614164395e-01
8.032713666877132619e-01
8.032695547826698146e-01
8.033165817194184433e-01
8.032760445869054911e-01
8.032792931013885696e-01
8.032745457028482861e-01
8.033349322586050834e-01
8.032684400189483709e-01
8.033348155645532174e-01
8.032570675856601783e-01
8.033453344512645478e-01
8.031915227812782554e-01
8.030893029385788306e-01
8.031429703591493885e-01
8.030844355954916969e-01
8.031032699648877893e-01
8.031266834173674818e-01
8.031934257474137029e-01
8.031383308110652264e-01
8.031335273355060256e-01
8.029938185036128440e-01
8.029437176950994237e-01
8.028845918711895457e-01
8.028777821474462062e-01
8.028763361781020569e-01
8.028637055650046372e-01
8.028666910032598025e-01
8.028742536842954358e-01
8.028653462400776597e-01
8.028577125547923243e-01
8.028563070064519414e-01
8.028449785233521263e-01
8.029078347303610919e-01
8.027850774849341065e-01
8.027123871681450806e-01
8.026607439731417992e-01
8.026592767781226545e-01
8.026145292509406781e-01
8.025673062722976647e-01
8.025482739325232595e-01
8.025435079931377835e-01
8.025419444417000170e-01
8.025493609713498788e-01
8.025950505476608932e-01
8.025333890585300001e-01
8.024405919452568536e-01
8.023668923992863800e-01
8.023742204569415115e-01
8.023705084712042801e-01
8.023534503111653393e-01
8.023529835340755811e-01
8.023571618927417548e-01
8.023510089495375919e-01
8.023600882298306258e-01
8.023463702920947682e-01
8.022738912316181858e-01
8.022063676633647278e-01
8.022057836231482053e-01
8.022071956230008016e-01
8.022259675846191707e-01
8.022105926257419029e-01
8.022719274045785331e-01
8.021636202623212419e-01
8.021471109651052700e-01
8.021422504019325439e-01
8.020584934867446281e-01
8.020000095513440952e-01
8.020102692551002166e-01
8.020092618551776242e-01
8.019974122326738453e-01
8.019985549937567182e-01
8.019976704856055516e-01
8.019980157511131802e-01
8.019905196749099741e-01
8.019909995240904754e-01
8.020258314568360358e-01
8.020336907269586257e-01
8.019084095086967956e-01
8.018482004362615934e-01
8.018366025348284687e-01
8.018256634008315009e-01
8.017869789006230041e-01
8.017856891235746186e-01
8.017828583964123901e-01
8.017789011684864908e-01
8.017669464280778868e-01
8.018119443860231010e-01
8.017599899992904344e-01
8.017185915532294427e-01
8.016034457956987547e-01
8.015091223998949133e-01
8.014649546168873817e-01
8.014299522474074289e-01
8.014354912847965196e-01
8.014309008538983425e-01
8.014350547233968225e-01
8.014262809211005756e-01
8.014211085980759153e-01
8.014205438821501160e-01
8.014175526255494786e-01
8.013995868019401225e-01
8.013215160539149950e-01
8.013582563309142870e-01
8.013241886936797176e-01
8.012496680785154979e-01
8.012041900764027558e-01
8.012031108740129692e-01
8.012206028734234486e-01
8.012419908615141528e-01
8.011092676663172929e-01
8.010320066548070050e-01
8.010259706860235474e-01
8.010744794876981656e-01
8.010387075566717252e-01
8.010083285311488943e-01
8.009132252690094322e-01
8.008354825898031937e-01
8.008289208907486412e-01
8.008365929923406679e-01
8.007838214929737797e-01
8.007689576475917059e-01
8.007905312161033295e-01
8.007020835375792123e-01
8.006737070291459757e-01
8.006721165518706496e-01
8.006220422968891581e-01
8.006106622138853268e-01
8.006103228403208538e-01
8.005984381596187305e-01
8.005703310191140121e-01
8.006215377055662108e-01
8.006035962075954693e-01
8.004468429629505444e-01
8.004074623832615476e-01
8.003712424225000177e-01
8.003252496728932019e-01
8.003172499482043012e-01
8.002451303183181208e-01
8.002472677698948544e-01
8.002468124488848478e-01
8.002228344789320547e-01
8.002264871748326902e-01
8.002233033529332351e-01
8.002323027859759019e-01
8.002248033817761508e-01
8.001901148161368882e-01
8.002176740888232720e-01
8.001946566575183217e-01
8.000592934615008422e-01
7.999994921217525867e-01
7.999422363819370663e-01
7.999235696130549966e-01
7.999239647474629678e-01
7.998134957157745362e-01
7.997567743690388031e-01
7.997211920408382468e-01
7.997181849848102875e-01
7.997729825922457181e-01
7.996671440795324326e-01
7.995246111268998757e-01
7.994670517752455741e-01
7.994786857240766542e-01
7.994618730379602356e-01
7.994742403388154228e-01
7.994271894568650838e-01
7.994761345027004973e-01
7.992864826773207199e-01
7.991864087827240670e-01
7.990895098506662908e-01
7.990622424241297095e-01
7.990651656436631445e-01
7.990523964580534821e-01
7.990499668879665895e-01
7.990230481366296100e-01
7.991403704214858905e-01
7.990762073981330094e-01
7.988808962531951385e-01
7.989015046097850403e-01
7.989301585103741887e-01
7.987442974797678286e-01
7.986799791863933295e-01
7.986667247567235117e-01
7.986393176957164997e-01
7.986408554263239035e-01
7.985862185873970898e-01
7.985770693248345209e-01
7.984395654323227509e-01
7.983671804938387018e-01
7.983731802747520145e-01
7.983483552777477232e-01
7.982061975042219482e-01
7.981058020350521032e-01
7.979730952548661493e-01
7.979444455727504604e-01
7.979546214051512765e-01
7.978662025609941644e-01
7.977765343954892341e-01
7.976608641361537799e-01
7.975512479167585767e-01
7.974130667386402083e-01
7.973123603861091979e-01
7.972674168892111002e-01
7.972682431354075616e-01
7.972194265339793695e-01
7.972222489128319989e-01
7.971396877028714689e-01
7.970065735634958015e-01
7.968691687128270917e-01
7.968193395381917288e-01
7.968307059286858784e-01
7.967151725796187689e-01
7.964787012268678135e-01
7.963191945367555924e-01
7.961839227207460068e-01
7.960749952787221639e-01
7.960441341722243047e-01
7.960486464404248341e-01
7.959952843022726210e-01
7.960021820030379613e-01
7.958980660595258438e-01
7.958969794091227401e-01
7.958953152273712250e-01
7.958564837605697218e-01
7.958754830755132570e-01
7.959468582357351885e-01
7.958519254174367674e-01
7.958615183983086538e-01
7.959078096351309695e-01
7.957472330891458556e-01
7.955441923400257132e-01
7.955881615339246427e-01
7.955282825171572370e-01
7.953036871492186188e-01
7.951422005055702735e-01
7.950228515345145741e-01
7.948541987672786968e-01
7.947423411769224399e-01
7.947538697693155019e-01
7.947256730202141295e-01
7.947089541399063872e-01
7.946850196725082638e-01
7.947327252059046554e-01
7.946821221555340209e-01
7.945121409801026990e-01
7.944695476511696164e-01
7.944768732643097131e-01
7.943941306441184569e-01
7.943979171939116180e-01
7.942994684035288300e-01
7.941210652875060338e-01
7.939800352525067106e-01
7.938661844507012288e-01
7.937204978752819828e-01
7.935900909708136775e-01
7.935601800093230462e-01
7.935518653556722368e-01
7.934116919187973460e-01
7.933522926243506967e-01
7.931448055015911658e-01
7.930900798634878957e-01
7.930355687360514105e-01
7.929704149787303313e-01
7.929743435062664991e-01
7.928661648345909363e-01
7.927024670249148697e-01
7.925753824333373609e-01
7.925137660754036917e-01
7.925126728974354329e-01
7.924480667410322976e-01
7.924484169431597058e-01
7.923217502786431554e-01
7.922499301856718024e-01
7.922494171082993253e-01
7.921596210941647120e-01
7.921763908269409127e-01
7.921748088018875089e-01
7.921034345145289146e-01
7.921211335001229203e-01
7.920989991585353218e-01
7.918614032970351380e-01
7.916839039507488351e-01
7.916015604947265194e-01
7.916034641368121516e-01
7.914861712119181103e-01
7.913549778662617440e-01
7.912938924340309210e-01
7.912769370578874861e-01
7.912805102163247284e-01
7.912806307218114288e-01
7.912730160079551878e-01
7.912384970063325307e-01
7.911699411361293732e-01
7.912063910908823106e-01
7.912156045294338469e-01
7.909594523273144606e-01
7.908434063054750052e-01
7.907216648977074547e-01
7.906052767897007172e-01
7.905668912576812035e-01
7.905750254301395774e-01
7.903786912894060768e-01
7.901987987069699626e-01
7.900456582151285101e-01
7.899376887650662038e-01
7.898724851727484397e-01
7.897763776406000469e-01
7.897037746751042198e-01
7.897297363303097395e-01
7.897568400882984951e-01
7.896791159797240667e-01
7.896847399711852677e-01
7.896456618559947183e-01
7.896833300280515777e-01
7.894856391061390033e-01
7.892757607711947676e-01
7.891849811062859876e-01
7.890902550168628071e-01
7.890407309083710130e-01
7.890331155642551497e-01
7.890176013032017543e-01
7.890247265762264650e-01
7.888883035793292642e-01
7.887991422506595018e-01
7.887752275889041709e-01
7.887689752768716200e-01
7.888307622659770368e-01
7.888540138692595738e-01
7.887183601595355587e-01
7.887544144330822515e-01
7.886071567656645076e-01
7.885815359430862204e-01
7.885790701903286903e-01
7.885444447847071991e-01
7.885552659940967546e-01
7.883492425676860149e-01
7.881853073489075712e-01
7.881001935170358630e-01
7.880148590079003590e-01
7.880372401662317783e-01
7.880018372576151897e-01
7.879763720030498186e-01
7.879647823697711884e-01
7.878714041016723346e-01
7.877954549925735295e-01
7.876389977446568436e-01
7.875751475150215564e-01
7.875969582274826575e-01
7.875731212207754961e-01
7.875567681021597988e-01
7.875575455786775203e-01
7.874673957317883666e-01
7.873648204261660677e-01
7.872489979345852484e-01
7.871962475506506518e-01
7.871020140259501474e-01
7.869838893083861420e-01
7.869691644820449028e-01
7.870484193248427074e-01
7.868671611533761823e-01
7.869380092402363802e-01
7.868533407834528148e-01
7.867615482058256671e-01
7.867679230519561973e-01
7.866613837183118463e-01
7.865417875668396785e-01
7.864399910592796417e-01
7.863853540196865666e-01
7.863603284252029813e-01
7.863606867840421399e-01
7.863592231547084088e-01
7.863652925518979098e-01
7.863456562508659431e-01
7.863457982749744168e-01
7.862957982464613416e-01
7.863127511567017391e-01
7.862896393751331869e-01
7.863202223788499090e-01
7.863267624006817780e-01
7.862592979600110388e-01
7.861338142887822622e-01
7.861015890128639771e-01
7.861051669094211158e-01
7.860209902644651470e-01
7.859634044853849311e-01
7.859535584343443348e-01
7.859711183372904975e-01
7.859198914401630542e-01
7.858262884568260054e-01
7.858177423243252191e-01
7.858162174376721598e-01
7.858223861357294115e-01
7.857944912151714201e-01
7.857747148429449213e-01
7.857769966431875641e-01
7.857790178523788027e-01
7.857255927580785171e-01
7.856345914900706440e-01
7.855739076479208993e-01
7.855594478012338788e-01
7.855580857593951194e-01
7.855288021835711287e-01
7.854619159132761874e-01
7.854592605832215746e-01
7.854090875515817860e-01
7.854452966937953695e-01
7.853836004037534346e-01
7.853533083088448663e-01
7.853484271599620037e-01
7.852658188430643449e-01
7.852363313153455371e-01
7.852429197546898498e-01
7.852240475330047875e-01
7.852280656736996267e-01
7.852136151763512428e-01
7.852152211697274176e-01
7.852000533133995930e-01
7.851748065892911743e-01
7.852649420654644885e-01
7.851570717048432790e-01
7.851041696957659077e-01
7.851094884586158340e-01
7.851117735914008300e-01
7.850877779479749075e-01
7.850211873902692705e-01
7.850189946962826681e-01
7.850189203368002078e-01
7.850376681403636869e-01
7.850223480179148172e-01
7.850931205608565611e-01
7.850201243912994231e-01
7.850536285426514826e-01
7.850150761692215040e-01
7.850412341950074868e-01
7.850383764092404570e-01
7.849135773011719497e-01
7.848713518262044886e-01
7.848830453664370488e-01
7.848928413319461450e-01
7.848608561329645239e-01
7.848671762679544361e-01
7.848232493407061305e-01
7.848201256749640642e-01
7.848143667072496887e-01
7.848808514022312943e-01
7.848142855523984052e-01
7.847438360341392194e-01
7.847231143888977467e-01
7.847153984208907751e-01
7.847027193505864417e-01
7.847028835898939292e-01
7.846893127272023261e-01
7.846921658722505466e-01
7.846960568082474996e-01
7.846886391253848902e-01
7.847085059133053209e-01
7.846865901337688465e-01
7.847178557750308370e-01
7.846890126104746344e-01
7.847206220181897063e-01
7.846800777465103849e-01
7.847518651677519719e-01
7.846683657523828570e-01
7.845856015598410282e-01
7.845935777299143377e-01
7.845833543090370288e-01
7.846149662736537911e-01
7.845735614356839083e-01
7.845966726865317709e-01
7.845797964803991054e-01
7.845642387521991612e-01
7.845649198549059511e-01
7.845519726153314943e-01
7.845629922091048591e-01
7.845195994358293845e-01
7.844909248997808948e-01
7.844930096682880549e-01
7.844639080136533993e-01
7.844712155633486450e-01
7.844841814991457829e-01
7.844637620421541779e-01
7.844838960995513810e-01
7.844646265198843560e-01
7.844770852055533705e-01
7.845310975203513282e-01
7.843777276067581683e-01
7.843175856707408355e-01
7.843073186432601984e-01
7.843090604933363741e-01
7.843337904780741665e-01
7.843082833442933666e-01
7.843140112571382883e-01
7.843129938354959085e-01
7.843031142131021705e-01
7.843062788725148060e-01
7.843055056145635806e-01
7.842975666934159928e-01
7.842993342941552148e-01
7.842895007786359063e-01
7.842755134435078768e-01
7.842897108397521855e-01
7.842811024724847258e-01
7.842711021981269015e-01
7.842635362785033148e-01
7.842583589910463449e-01
7.842827230594680010e-01
7.843014694952669119e-01
7.842233181352504801e-01
7.842610787345598578e-01
7.842239154019545744e-01
7.842169436831566420e-01
7.842200682279222290e-01
7.842146816939307152e-01
7.842160490925503824e-01
7.842123446211733961e-01
7.842151085241840791e-01
7.842193877836936000e-01
7.842139965981145266e-01
7.842176030473075876e-01
7.842120067816622520e-01
7.842331875416400644e-01
7.842052862741463182e-01
7.842147749686750879e-01
7.841927142016199559e-01
7.841414524895859994e-01
7.841331172408283479e-01
7.841336853292366627e-01
7.840784602351508203e-01
7.841177674507435746e-01
7.840606724429636243e-01
7.840230154105650717e-01
7.840238333916221825e-01
7.840264242651029392e-01
7.840207634453603136e-01
7.840191889811461978e-01
7.840208045828714889e-01
7.840205967249390673e-01
7.840210168254085898e-01
7.840210739466538792e-01
7.840190636780803857e-01
7.840183203521332578e-01
7.840195981121964586e-01
7.840204827226606721e-01
7.840382224121581478e-01
7.839930606298046722e-01
7.840240469500570075e-01
7.840007797964561043e-01
7.839849749639276055e-01
7.839744341708506647e-01
7.839696499337931446e-01
7.839725461302935461e-01
7.840714742704513185e-01
7.839602942433776533e-01
7.839084841795344039e-01
7.838915849910199629e-01
7.838939355687598587e-01
7.838960416702723810e-01
7.838966334413607351e-01
7.838895540009618301e-01
7.838921868270232185e-01
7.838923298172486565e-01
7.838848485956200207e-01
7.839151266679562635e-01
7.838932049358087184e-01
7.838907006828330637e-01
7.838859562040093598e-01
7.838967267606671285e-01
7.838783621483630393e-01
7.838587288490320715e-01
7.838699870017540317e-01
7.838521618452012341e-01
7.838645987705076257e-01
7.838479781131059143e-01
7.838942183477529690e-01
7.838596866063953783e-01
7.838560092558040093e-01
7.838524569668678943e-01
7.838483115441905458e-01
7.838562746930742842e-01
7.838449930145191535e-01
7.838219105414813148e-01
7.838192225933576784e-01
7.838184831173810041e-01
7.838164920779365774e-01
7.838171116079650780e-01
7.838171155886721753e-01
7.838169618203705280e-01
7.838192710394793483e-01
7.838180456214389746e-01
7.838274744984929931e-01
7.838082675032842506e-01
7.837915619912850795e-01
7.837808722031134323e-01
7.837727871839129667e-01
7.837781411632552819e-01
7.837683101894794557e-01
7.837694614157239004e-01
7.837596952846010989e-01
7.837603092928171478e-01
7.837558205406898182e-01
7.837541491116374326e-01
7.837533948887556168e-01
7.837468583745693662e-01
7.837270901284821845e-01
7.837239607092395532e-01
7.837196334546612242e-01
7.837120871273780542e-01
7.837205511961852222e-01
7.837069241966665434e-01
7.837101607277364712e-01
7.836928096578228420e-01
7.836840958524666778e-01
7.836894346194714922e-01
7.836817910519988661e-01
7.836905688733201147e-01
7.836831649707723946e-01
7.836771005224075770e-01
7.836768331243384456e-01
7.836731385691531049e-01
7.836767879573424134e-01
7.836709002989207251e-01
7.836603079737713973e-01
7.836525404300965780e-01
7.836514350374789162e-01
7.836440180753990736e-01
7.836482510469201523e-01
7.836425797745976141e-01
7.836415759238998247e-01
7.836422478923756874e-01
7.836449352759250475e-01
7.836406126066867150e-01
7.836831204959703312e-01
7.836387898222225701e-01
7.836073120854546437e-01
7.836002737915293004e-01
7.836010036834464287e-01
7.835968993346492661e-01
7.835970690064696376e-01
7.835946041749044522e-01
7.835946441783043781e-01
7.835954389198831471e-01
7.835940167709597448e-01
7.836145586068171687e-01
7.835935134011952075e-01
7.835781947282615123e-01
7.835781473176346434e-01
7.835838479297529968e-01
7.835786119973300323e-01
7.835810777681637695e-01
7.835723959855149801e-01
7.835683172899690074e-01
7.835765722917302778e-01
7.835693065874894669e-01
7.835771894417850048e-01
7.835679812896139129e-01
7.835724921617157612e-01
7.835722928557147249e-01
7.835485783676785498e-01
7.835455293623735384e-01
7.835457071704202692e-01
7.835438071960342254e-01
7.835438225808928348e-01
7.835420621425553955e-01
7.835416362725482475e-01
7.835362726654173660e-01
7.835431445864878830e-01
7.835356669624663484e-01
7.835343799548262211e-01
7.835339837463910495e-01
7.835360910172911586e-01
7.835251611252354031e-01
7.835087334973316331e-01
7.835066944401530842e-01
7.835056327493405970e-01
7.835004065159603126e-01
7.834991457510311896e-01
7.835014017913524143e-01
7.835082950190584983e-01
7.834915711453867004e-01
7.834710481994540121e-01
7.834647114478934249e-01
7.834648691723067326e-01
7.834645421695175527e-01
7.834638701035141484e-01
7.834659326302664262e-01
7.834619957150279479e-01
7.834605258554215856e-01
7.834609869107073132e-01
7.834559251104703526e-01
7.834563048538421004e-01
7.834573737228870405e-01
7.834516871074858058e-01
7.834538129650701066e-01
7.834563446534504871e-01
7.834334135530098830e-01
7.834330988178208610e-01
7.834320827930036923e-01
7.834283553959787705e-01
7.834268282385695725e-01
7.834277836725680455e-01
7.834268469892586850e-01
7.834300834223939525e-01
7.834273574346498625e-01
7.834293915400729613e-01
7.834265162293417850e-01
7.834365592907310827e-01
7.834254285175334953e-01
7.834234796584595983e-01
7.834355659330670685e-01
7.834207387017758650e-01
7.834225456201657778e-01
7.834096651985000825e-01
7.834080232738341865e-01
7.834032191248005983e-01
7.834038809550963878e-01
7.834185864309282099e-01
7.833976209681345892e-01
7.833914105337188571e-01
7.833943259839709627e-01
7.833891777875210405e-01
7.833996743835681675e-01
7.833781127542697176e-01
7.833776089766160133e-01
7.833798737824912983e-01
7.833777929067486934e-01
7.833787292257126111e-01
7.833764022785059122e-01
7.833735300616121444e-01
7.833718548024758421e-01
7.833511628492727530e-01
7.833347574453342066e-01
7.833327635115343579e-01
7.833316359583916144e-01
7.833278746274126014e-01
7.833257751014173209e-01
7.833094557934071611e-01
7.833055931794509208e-01
7.833053654846247049e-01
7.832874867709009870e-01
7.832870024332831971e-01
7.832859374805630770e-01
7.832847662368651598e-01
7.832873016471111338e-01
7.832949586932969055e-01
7.832873343425633683e-01
7.832647340033211947e-01
7.832700066700307717e-01
7.832665994974268298e-01
7.832649692902909910e-01
7.832736024673081499e-01
7.832470074227493306e-01
7.832372829012864690e-01
7.832402357431680340e-01
7.832381598397768485e-01
7.832430093861546538e-01
7.832380108054263212e-01
7.832297841215515311e-01
7.832114147726566555e-01
7.832072659839258710e-01
7.832110157047056376e-01
7.832096432619225501e-01
7.832083326065879536e-01
7.832070378578415148e-01
7.832008316552425686e-01
7.831971570024356399e-01
7.831986226235093662e-01
7.831776497769611378e-01
7.831607360238337368e-01
7.831553768306944718e-01
7.831554576715912264e-01
7.831426626896031973e-01
7.831455342779608531e-01
7.831461194275681770e-01
7.831230069550465522e-01
7.831132864241590053e-01
7.831068615734372296e-01
7.831007193381060993e-01
7.831011476061823240e-01
7.830984978454778034e-01
7.831007755305092743e-01
7.830872355428744047e-01
7.830816041892838530e-01
7.830802684321344076e-01
7.830769322762869411e-01
7.830753461551988037e-01
7.830702171797938593e-01
7.830680175048418956e-01
7.830580286426321868e-01
7.830417693433568971e-01
7.830384390960067886e-01
7.830390516387553124e-01
7.830392093586805435e-01
7.830378967645514887e-01
7.830184646857093478e-01
7.830191949656027939e-01
7.830212601583607102e-01
7.830089951240990498e-01
7.829995244333035620e-01
7.830000321651453543e-01
7.829917364791444401e-01
7.829824484321021849e-01
7.829859306465996038e-01
7.829809577116794150e-01
7.829764779010720543e-01
7.829745899396097775e-01
7.829668271590406459e-01
7.829675173541791322e-01
7.829554651822225875e-01
7.829397133638634765e-01
7.829301759903417590e-01
7.829277670679153367e-01
7.829300712729236889e-01
7.829189142745860419e-01
7.829099952670042217e-01
7.828912954661074730e-01
7.828779153447376071e-01
7.828765516548722436e-01
7.828738976447879860e-01
7.828594879743264734e-01
7.828631653975544058e-01
7.828600634364590860e-01
7.828537737337688540e-01
7.828533868827269870e-01
7.828484025058022322e-01
7.828463693304337223e-01
7.828439017459951632e-01
7.828496621036753478e-01
7.828469970584956972e-01
7.828388512279692568e-01
7.828244806304563985e-01
7.828101582948735482e-01
7.828064307964870405e-01
7.828066799684654242e-01
7.828111267827360109e-01
7.828062319621187370e-01
7.827933365987899128e-01
7.827784970918627572e-01
7.827846957075885737e-01
7.827775496800267740e-01
7.827763926962557628e-01
7.827740830433808084e-01
7.827549137314855354e-01
7.827505638125018539e-01
7.827516964491403328e-01
7.827483584505477987e-01
7.827498427253010149e-01
7.827395157864629471e-01
7.827403685910855335e-01
7.827385245741220743e-01
7.827347764903940242e-01
7.827470111452010659e-01
7.827431228797575580e-01
7.827363728799928699e-01
7.827374164884678409e-01
7.827440059113667248e-01
7.827331327353336254e-01
7.827203013554436817e-01
7.827225750538123750e-01
7.827208066327755454e-01
7.827096782085052329e-01
7.827070321181585077e-01
7.827116760030751186e-01
7.827042087509654689e-01
7.826890857080206487e-01
7.826828224673172407e-01
7.826825506350436612e-01
7.826827740094408625e-01
7.826830137132100296e-01
7.826816734924475494e-01
7.826881322182605016e-01
7.826759374478081677e-01
7.826668331948573032e-01
7.826635601501779060e-01
7.826641916129762899e-01
7.826616439439433304e-01
7.826614764278800873e-01
7.826623024465607648e-01
7.826611547378092837e-01
7.826427525329829882e-01
7.826427136903435500e-01
7.826392456329506198e-01
7.826461859275771760e-01
7.826380343537122641e-01
7.826271080517669398e-01
7.826246691898248731e-01
7.826249947440641064e-01
7.826258105552502675e-01
7.826257077869989143e-01
7.826281524225335851e-01
7.826247140073883113e-01
7.826286023539976711e-01
7.826244211046128330e-01
7.826287153070277114e-01
7.826259657973098083e-01
7.826268463438152967e-01
7.826245089484201722e-01
7.826349685338204187e-01
7.826171606868965736e-01
7.826091164183777149e-01
7.826045149236726672e-01
7.826056410456585510e-01
7.826063113190991904e-01
7.826037960495730861e-01
7.826249102630233878e-01
7.826119889439424604e-01
7.825907637347465640e-01
7.825818149359968778e-01
7.825843585410529046e-01
7.825790685622970866e-01
7.825837969316421505e-01
7.825777280139970538e-01
7.825774132969184338e-01
7.825768372882416779e-01
7.825768358522783297e-01
7.825753893265489092e-01
7.825754723610707231e-01
7.825869899744011260e-01
7.825729655313123923e-01
7.825849855614305239e-01
7.825604505096374064e-01
7.825437485318541553e-01
7.825377550206814581e-01
7.825403435273291519e-01
7.825359861471752332e-01
7.825351376040770024e-01
7.825370705859677756e-01
7.825340937086896487e-01
7.825441848499279374e-01
7.825351101058550807e-01
7.825512959402067814e-01
7.825290800900104315e-01
7.825158078969756126e-01
7.825089981220521018e-01
7.825094963266895354e-01
7.825149508020542433e-01
7.825093418652897537e-01
7.825132844918691877e-01
7.825089990459949130e-01
7.825122612809656264e-01
7.825085322371827523e-01
7.825220031725672598e-01
7.825093117943017207e-01
7.825198785832890858e-01
7.825046729204812035e-01
7.824946255394957806e-01
7.824848800285872930e-01
7.824863714549410432e-01
7.824837942344444741e-01
7.824835239611586113e-01
7.824844269381652229e-01
7.824928138333452354e-01
7.824928960363228825e-01
7.824776106663787756e-01
7.824699035279959469e-01
7.824892049331518828e-01
7.824703739270769676e-01
7.824513615680224188e-01
7.824429375431117828e-01
7.824435571717532900e-01
7.824403048047970932e-01
7.824405973473247400e-01
7.824401828982308071e-01
7.824398031069021986e-01
7.824444677547416349e-01
7.824369194188234289e-01
7.824580253915769390e-01
7.824374267391783766e-01
7.824227007559689806e-01
7.824132310185212269e-01
7.824101456673266952e-01
7.824114651169199464e-01
7.824125088255307059e-01
7.824098698249051242e-01
7.824116277311892187e-01
7.824086018529744502e-01
7.824150459889193110e-01
7.824061884121855659e-01
7.824310528228155537e-01
7.824049664005888749e-01
7.823872906497316704e-01
7.823873467852419106e-01
7.823873037793031004e-01
7.823891502032429557e-01
7.823870132159246316e-01
7.823832167384991987e-01
7.823836685268994451e-01
7.823850197907302739e-01
7.823843251161215484e-01
7.823976465217360454e-01
7.823955482137588957e-01
7.823662515702675124e-01
7.823642761214877339e-01
7.823642424535988127e-01
7.823626489036512588e-01
7.823628275374335805e-01
7.823575279338806920e-01
7.823576666707513505e-01
7.823619661446512552e-01
7.823564280783854574e-01
7.823710015200346923e-01
7.823548996033474756e-01
7.823408552017850903e-01
7.823369827893054129e-01
7.823395588432614511e-01
7.823361815399598740e-01
7.823394529093466998e-01
7.823359884957528099e-01
7.823383141756787840e-01
7.823369776215614024e-01
7.823347186775458928e-01
7.823350648742499747e-01
7.823354781883404829e-01
7.823337386176204555e-01
7.823379381341468708e-01
7.823339183126459817e-01
7.823192020128404423e-01
7.823169386834846195e-01
7.823205818368115239e-01
7.823091330027216461e-01
7.823054860306629665e-01
7.823046052604609724e-01
7.822963327732569416e-01
7.822902156254901707e-01
7.823086885591428175e-01
7.822909293747298820e-01
7.822749594609910151e-01
7.822725124184236600e-01
7.822686566807093289e-01
7.822670784567643532e-01
7.822667251698885993e-01
7.822605017207877598e-01
7.822612428799173845e-01
7.822653999454450835e-01
7.822610021118282519e-01
7.822607289731858815e-01
7.822603742303922969e-01
7.822568078735840924e-01
7.822602947109649207e-01
7.822554249154533013e-01
7.822554093116431684e-01
7.822564492284763693e-01
7.822942739450550187e-01
7.822509675026511067e-01
7.822311169093263405e-01
7.822305943936378458e-01
7.822302117841102298e-01
7.822314345459644436e-01
7.822307035182743951e-01
7.822334226493234954e-01
7.822308040034416932e-01
7.822497927351614866e-01
7.822315947312545870e-01
7.822201311346774766e-01
7.822216216902792008e-01
7.822089366483423456e-01
7.821973404213947711e-01
7.821905140820138991e-01
7.821801596079912544e-01
7.821817320041675181e-01
7.821797352997111874e-01
7.821808915775559923e-01
7.821794051731724151e-01
7.821767191054931345e-01
7.821772833625821875e-01
7.821714384013696009e-01
7.821567030014302535e-01
7.821423696178092522e-01
7.821298020284933594e-01
7.821198567039803207e-01
7.821078560127181500e-01
7.821041957114338583e-01
7.821048265547284606e-01
7.820955925105156359e-01
7.820907008654829351e-01
7.820905728573031013e-01
7.820759173112444840e-01
7.820640131106857407e-01
7.820527976457727348e-01
7.820378104927678820e-01
7.820307279379724585e-01
7.820164589645758335e-01
7.820057205670842837e-01
7.820019542802663093e-01
7.820040339055754908e-01
7.819911870107203455e-01
7.819854181257193115e-01
7.819805848406436999e-01
7.819809883871877698e-01
7.819682365268197932e-01
7.819732365106458749e-01
7.819673860672280430e-01
7.819599980688520802e-01
7.819607951851411665e-01
7.819593279880544534e-01
7.819601656059121941e-01
7.819636113078300976e-01
7.819463556456263120e-01
7.819408882214727852e-01
7.819380033179829104e-01
7.819455302154584286e-01
7.819249731533494119e-01
7.819256823121177868e-01
7.819279373626860652e-01
7.819216300914901829e-01
7.819219329933891904e-01
7.819153064981341217e-01
7.819137309964510063e-01
7.819140391685953650e-01
7.819089588154904957e-01
7.819062493696821159e-01
7.819059100294448728e-01
7.819053473354041772e-01
7.819050035574368618e-01
7.819048046161759524e-01
7.819053129736411867e-01
7.819068833583321387e-01
7.819038923507829475e-01
7.819089491886968002e-01
7.818914771714913226e-01
7.818828272900381071e-01
7.818911399418605468e-01
7.818832690025800947e-01
7.818837993660036068e-01
7.818839033964857244e-01
7.818838305624327134e-01
7.818823665365565168e-01
7.818858285334771008e-01
7.818833304076340251e-01
7.818895671915743195e-01
7.818825028687096390e-01
7.818905359619084949e-01
7.818770175419984536e-01
7.818763889538500322e-01
7.818770488643174144e-01
7.818730968015308314e-01
7.818714948383066465e-01
7.818668608155698863e-01
7.818666503327891260e-01
7.818721055545035936e-01
7.818779737392673734e-01
7.818559646873944891e-01
7.818555745593906980e-01
7.818552951390623784e-01
7.818611398821472269e-01
7.818550968886486263e-01
7.818575649019153806e-01
7.818557512346628879e-01
7.818551138623933694e-01
7.818554999257375515e-01
7.818561304088662567e-01
7.818552087917938209e-01
7.818632251220285490e-01
7.818541300364358904e-01
7.818424053175447863e-01
7.818469292889044242e-01
7.818430264282041353e-01
7.818466561901052936e-01
7.818422191997124182e-01
7.818442319610616753e-01
7.818433529267038162e-01
7.818490842716672162e-01
7.818384697648755877e-01
7.818330665481548758e-01
7.818283049539074270e-01
7.818276814944954412e-01
7.818316723988132377e-01
7.818249982039989776e-01
7.818249837112657419e-01
7.818252213740017886e-01
7.818252414925791483e-01
7.818259379519635344e-01
7.818247722131230759e-01
7.818248606882689522e-01
7.818243984950047354e-01
7.818305096505022700e-01
7.818319337998237417e-01
7.818120818933032012e-01
7.818136871574781210e-01
7.818119275745365471e-01
7.818108392324689682e-01
7.818111815609679605e-01
7.818174549188411371e-01
7.818097799012440063e-01
7.818149935794129757e-01
7.818072871055468109e-01
7.817976447288960129e-01
7.817968968761030979e-01
7.817991259791072789e-01
7.817924272330506463e-01
7.817926364640137571e-01
7.817862881948384191e-01
7.817892077330422795e-01
7.817863157142680430e-01
7.817881336823530036e-01
7.817872978322565336e-01
7.817900040081592339e-01
7.817934695585682103e-01
7.817816265257936381e-01
7.817644440150617324e-01
7.817625264559769915e-01
7.817617250586048616e-01
7.817645075354826556e-01
7.817653120443446291e-01
7.817587831699228662e-01
7.817598938425935895e-01
7.817642136801798980e-01
7.817576524910702096e-01
7.817567524109738653e-01
7.817561072496533869e-01
7.817585629454286700e-01
7.817591524172021744e-01
7.817514843449742123e-01
7.817545544934111357e-01
7.817436666520209965e-01
7.817466679987707945e-01
7.817449545178989379e-01
7.817441867498260422e-01
7.817429835637978996e-01
7.817477010415421201e-01
7.817400339544436916e-01
7.817377542823786829e-01
7.817370340662828099e-01
7.817372497311581014e-01
7.817358350751837381e-01
7.817373724154667025e-01
7.817364819027642353e-01
7.817361879194744123e-01
7.817360573465893525e-01
7.817352073870258433e-01
7.817352562042901853e-01
7.817367324478703416e-01
7.817351452463732198e-01
7.817403622220689963e-01
7.817464991408388242e-01
7.817249728206393522e-01
7.817223169773681590e-01
7.817215487582622746e-01
7.817209164326560655e-01
7.817204588804500531e-01
7.817414556331693243e-01
7.817240661422459880e-01
7.817241734317272872e-01
7.817211793252499819e-01
7.817110824167192717e-01
7.817100729177245411e-01
7.817127756585068310e-01
7.817101336872970263e-01
7.817107099322528896e-01
7.817107878101726692e-01
7.817071120084998492e-01
7.817076849757227386e-01
7.817070298270772932e-01
7.817068888355853673e-01
7.817067341926995372e-01
7.817068755317095885e-01
7.817370998256326642e-01
7.817082121801066652e-01
7.816949308299879773e-01
7.816982134497182377e-01
7.816947668542553185e-01
7.816955212700129607e-01
7.816946962452216985e-01
7.816954874380870333e-01
7.817026300606481071e-01
7.816935911809765880e-01
7.816945224136294668e-01
7.816797196337021969e-01
7.816727774369015558e-01
7.816695508374894574e-01
7.816697076331082794e-01
7.816694853896448691e-01
7.816692845950468094e-01
7.816753684385163714e-01
7.816698584644277137e-01
7.816659915769221811e-01
7.816655875673774734e-01
7.816659665860935524e-01
7.816656032416864353e-01
7.816703069943290449e-01
7.816661292586259968e-01
7.816627225038006443e-01
7.816631926318576840e-01
7.816679006792407458e-01
7.816630969050276656e-01
7.816699010782999224e-01
7.816625052964357723e-01
7.816654688770708903e-01
7.816614924211180426e-01
7.816650421198551024e-01
7.816621137730098701e-01
7.816651572703886552e-01
7.816557602253804138e-01
7.816508575264063952e-01
7.816440134499202941e-01
7.816372892646011872e-01
7.816367722854877798e-01
7.816350808309799891e-01
7.816337189826094711e-01
7.816342427103741830e-01
7.816307611440529435e-01
7.816335819712906252e-01
7.816344213617906211e-01
7.816310339641207028e-01
7.816311339052409712e-01
7.816487708777941634e-01
7.816276024379575915e-01
7.816170986602221094e-01
7.816172387408296673e-01
7.816160193262481348e-01
7.816152164936392976e-01
7.816151677153329036e-01
7.816197796600270475e-01
7.816210864012714810e-01
7.816230726336764745e-01
7.816129022370554846e-01
7.816170770271726465e-01
7.816116798231244056e-01
7.816117579906796120e-01
7.816120677757878443e-01
7.816073336694048246e-01
7.816062072966645236e-01
7.816066432266006725e-01
7.816082866019486985e-01
7.816061462928823866e-01
7.816089689347052172e-01
7.816048545234415279e-01
7.816288732279788043e-01
7.816087569647626188e-01
7.816000041750539307e-01
7.815983725459508813e-01
7.815945358126212827e-01
7.815953634071142186e-01
7.816050554102780268e-01
7.815945206409076196e-01
7.815946572001641890e-01
7.815943075355920033e-01
7.815972749806632258e-01
7.815943348402424329e-01
7.815967776852478233e-01
7.816005163878253503e-01
7.815892894438987160e-01
7.815912564221501047e-01
7.815873856470838543e-01
7.815895330894100379e-01
7.815869436328081177e-01
7.815888733845005598e-01
7.815877376515354413e-01
7.815876231670041419e-01
7.815886949059619448e-01
7.815910192136725776e-01
7.815825109595587739e-01
7.815839680189378136e-01
7.815831965682065174e-01
7.815853378099091309e-01
7.815825595329198849e-01
7.815790329872006614e-01
7.815770933642570695e-01
7.815774596081132009e-01
7.815752263880207940e-01
7.815751272550992557e-01
7.815754163894771400e-01
7.815750022082444959e-01
7.815765170724866540e-01
7.815752678220251326e-01
7.815717528549536164e-01
7.815745283701522883e-01
7.815723184017425718e-01
7.815684433630986083e-01
7.815686506061881866e-01
7.815687154975217155e-01
7.815664345265030954e-01
7.815659650916163548e-01
7.815660444138934349e-01
7.815664439128866547e-01
7.815660098754948493e-01
7.815717371512951317e-01
7.815666498043234434e-01
7.815638903625754530e-01
7.815670606547452381e-01
