1.105870580805168535e+00
1.105676896726230929e+00
1.106171047195470436e+00
1.113571630429329495e+00
1.129185518726149029e+00
1.088576480670912838e+00
1.281123394160202489e+00
1.255340375709503631e+00
1.130869633209020231e+00
1.089453090948976799e+00
1.088430944603808070e+00
1.090331999258645546e+00
1.068620150992429130e+00
1.003423639664694722e+00
1.029342337856952394e+00
1.003777725422170697e+00
1.001893008694535236e+00
1.045066678147463346e+00
1.053708394277800720e+00
1.000927282748219849e+00
1.003154641449278461e+00
1.001403326586838283e+00
1.014891149090677791e+00
1.026743712521247298e+00
1.054750781108664048e+00
9.529067320629471816e-01
9.500153986679920060e-01
9.028551496691757938e-01
9.022481311268912840e-01
9.025263718757683407e-01
9.020518692795187476e-01
9.117270425355522567e-01
9.680659025090023739e-01
8.496761740668373752e-01
8.491055558881959175e-01
8.490385993522240327e-01
8.501998321073038767e-01
8.524460770383583963e-01
8.482041540704817750e-01
8.484629978458703148e-01
8.483670609105519178e-01
8.465619162089774719e-01
8.787273822941501500e-01
9.724795515922669553e-01
9.956622412879777562e-01
8.523526078538704587e-01
8.523471650344438544e-01
8.465619162089774719e-01
8.465619162089774719e-01
8.473720740060031176e-01
8.791527084421508764e-01
9.498687583699320092e-01
8.490829172421651139e-01
8.465619162089775829e-01
8.469901866602930207e-01
8.523143504597443521e-01
8.794926255443691332e-01
8.465619162089775829e-01
8.465619162089775829e-01
8.465619162089775829e-01
8.493831267223282966e-01
8.643174158412224584e-01
8.803331352179006863e-01
7.434810724363135614e-01
7.434810724363136725e-01
7.434810724363136725e-01
7.434810724363136725e-01
7.434810724363136725e-01
7.434810724363136725e-01
7.349392240585049807e-01
7.472866724357659640e-01
7.349392240585049807e-01
7.349392240585049807e-01
7.349392240585049807e-01
6.568715687156307936e-01
6.568715687156307936e-01
6.568715687156307936e-01
7.229909919420144382e-01
6.569608337963442901e-01
7.863959069618343678e-01
6.569289624398649829e-01
6.582888691400791137e-01
6.562731175422866770e-01
7.702417839852186976e-01
6.474143810650095920e-01
7.097854086678181407e-01
6.474173503667769447e-01
6.457977247823422084e-01
6.457033510655912911e-01
6.504895009559865660e-01
6.362332152134635432e-01
6.727711119802308737e-01
6.365214681700307464e-01
7.195985083966197626e-01
6.351515442548265611e-01
7.043066891465802337e-01
6.323743910131576218e-01
6.556315202503049111e-01
6.497358525708845089e-01
7.391672002823501675e-01
6.349688034992502228e-01
6.754993673590965475e-01
6.324295893966496163e-01
7.467999222827257366e-01
6.325063414059476363e-01
6.910867261917924553e-01
6.316947139495331376e-01
6.273605231068858368e-01
6.307750748874810798e-01
6.465710349231935661e-01
6.271759151248466058e-01
6.468537963012548353e-01
6.499084579047842425e-01
6.734412953140187508e-01
6.446260899053396498e-01
8.057832150568169371e-01
6.269916211888366675e-01
6.826955995892356466e-01
6.260571275738160413e-01
7.051012639725662279e-01
6.261320935178831260e-01
6.444593945913226207e-01
6.260498908546183738e-01
6.362871352160324179e-01
6.317388526487225375e-01
6.769333809512700917e-01
6.225143931785124263e-01
6.425915445723237029e-01
6.372507347153411050e-01
6.239478945885503780e-01
6.218132638794218181e-01
6.258193025656508812e-01
6.218031732671133183e-01
6.276314747547362405e-01
6.217679929733973543e-01
6.306227965839481531e-01
6.217679929733973543e-01
6.361191102916016193e-01
6.217679929733973543e-01
6.545557774935745199e-01
6.217679929733973543e-01
6.804005912368031872e-01
6.217679929733974653e-01
7.180793690288013176e-01
6.217679929733972433e-01
7.312616487474734583e-01
6.217679929733974653e-01
7.264083505337751712e-01
6.217679929733969102e-01
6.081152870110083652e-01
6.005342905365161910e-01
6.486730988260125397e-01
6.005342905365161910e-01
6.922514532342091131e-01
6.222305888732948542e-01
6.768138287226085348e-01
6.005342905365160799e-01
6.053213615572609063e-01
6.005342905365159689e-01
6.738877989657349188e-01
6.005382066832239962e-01
6.906243165662305783e-01
6.005704492931714933e-01
6.098253012452667932e-01
5.995561181583175525e-01
6.147619537212583030e-01
6.038508519169183408e-01
6.057464298737590402e-01
6.131836939121696473e-01
7.439974036020287063e-01
6.516842042283279568e-01
6.883414948899079233e-01
6.320313871570991671e-01
6.464988903982733515e-01
5.994352406952955237e-01
6.280523372221171741e-01
5.992794952220473759e-01
6.341522133830873598e-01
6.000607586128852144e-01
6.137155853421174534e-01
5.951621674990775768e-01
6.543944933281011789e-01
5.953568696872736377e-01
6.104967373651170037e-01
5.952551452015926170e-01
6.495960221481358321e-01
5.948134946684218161e-01
6.063690107371249027e-01
5.855726801831554473e-01
6.407464814637773287e-01
5.899214803395308460e-01
5.759700951264090651e-01
5.831188644795382015e-01
7.053607669092605281e-01
5.682965646256787906e-01
6.207243269143656317e-01
5.756270015427334963e-01
5.707439548692048170e-01
5.675329102505388690e-01
5.726825229296229613e-01
5.674812240990585455e-01
5.693994298523976649e-01
5.704472197523943189e-01
5.736733132908524713e-01
5.673981319071454976e-01
5.685603483859948959e-01
5.673758026739914584e-01
6.695687010496186309e-01
5.674236886237116195e-01
5.872578900401316249e-01
5.731625505402372367e-01
6.021603940786168785e-01
5.638165397607138862e-01
5.698185544007210446e-01
5.842944468014746873e-01
6.304826527220799282e-01
5.646968748938332450e-01
6.243084265830317614e-01
5.642290621839066711e-01
6.346116514875949077e-01
5.637005945209921931e-01
5.912411346467910667e-01
5.637005945209921931e-01
6.565007887521842056e-01
5.637005945209921931e-01
6.121445350513331496e-01
5.637005945209919711e-01
6.139189374297977508e-01
5.637005945209919711e-01
6.362304664850264579e-01
5.637005945209920821e-01
5.999096006007300641e-01
5.637005945209919711e-01
6.196908149003802491e-01
5.637005945209921931e-01
5.728265712972113732e-01
5.692197764251288872e-01
6.358851925035333696e-01
5.567366274954077543e-01
5.670162488162256986e-01
5.567366274954077543e-01
5.661424068463039028e-01
5.567366274954073102e-01
5.726086947950952410e-01
5.620031134142762230e-01
5.808299267494685392e-01
5.567118018835562898e-01
5.704026620119063695e-01
5.566194809770748098e-01
7.087350208163665233e-01
5.566194809770745877e-01
5.624870623181342788e-01
5.998752681711339019e-01
5.809836625486707318e-01
6.032330888610119013e-01
5.991284401432087625e-01
5.539447784189578394e-01
6.516306711044175248e-01
5.540115771999253313e-01
6.077999439719374841e-01
5.745763453872649862e-01
6.149949318450400604e-01
5.541076356065979258e-01
5.582983493170212697e-01
5.549630700017283980e-01
5.640463050562580793e-01
5.537108835144801677e-01
5.653549135676281256e-01
5.550350118840414737e-01
5.664173563758492236e-01
5.516775678773102598e-01
5.801930935601197215e-01
5.536120733328833143e-01
5.571988766303573870e-01
5.596034692833423696e-01
5.551095002523920297e-01
5.427887408316317552e-01
6.858019326240757385e-01
5.561805919858575642e-01
6.093779425359633350e-01
5.442978205582850171e-01
5.671756858510279553e-01
5.439232798395207125e-01
5.985751243724602988e-01
5.463735801110843893e-01
5.421492177448766769e-01
5.392398125627795302e-01
6.681626799275297568e-01
5.386359615483119478e-01
5.856620753753498665e-01
5.380418770944762619e-01
6.105033308005834991e-01
5.367475524477057780e-01
6.226724214423766668e-01
5.363930143552162466e-01
5.773142818476321159e-01
5.363440040822359256e-01
6.221875426720440139e-01
5.360883404450970113e-01
5.910228369994207087e-01
5.502698296468293560e-01
5.599456799940141227e-01
5.347471619956548627e-01
5.492998107386269924e-01
5.342987224019554171e-01
5.872306495348189603e-01
5.344057130053334603e-01
5.364876885726074240e-01
5.344767082155805760e-01
5.374539507806994632e-01
5.350214011149886373e-01
5.319054551312567547e-01
5.320881038515464789e-01
5.541478437012953284e-01
5.316488173457759592e-01
5.520475731546378162e-01
5.317172374989939110e-01
5.322622913614181162e-01
5.325611475797934480e-01
5.684571997266772980e-01
5.316488173457758482e-01
5.374919438838224872e-01
5.353819712134648690e-01
6.598735749214723612e-01
5.316488173457758482e-01
5.842459768531387265e-01
5.733346166688034762e-01
5.503565484806310915e-01
5.451438287464901444e-01
6.083597671941761709e-01
5.316488173457757371e-01
5.403700308572819688e-01
5.318017833719812515e-01
5.624271266399161195e-01
5.359029199057595561e-01
5.484336941738595650e-01
5.319472637195092890e-01
5.523008588193318857e-01
5.313849669520651631e-01
5.786335294422697562e-01
5.591725083081503511e-01
5.494168118470045270e-01
5.348790268582467311e-01
5.846353786810554176e-01
5.353541069229367233e-01
5.993857880534332327e-01
5.414098654489487572e-01
5.642991499917757725e-01
5.371407747228871266e-01
5.594994847331692389e-01
5.300425316747459092e-01
5.492524696554709207e-01
5.301117567730888602e-01
5.667094392567315619e-01
5.314415659424052141e-01
5.554407032173571679e-01
5.314028936545598381e-01
5.389576496430050767e-01
5.322678327395485853e-01
5.833474633419046818e-01
5.303034845267712294e-01
6.498568508311138858e-01
5.319850742346519112e-01
5.839352480186305039e-01
5.387397778755952382e-01
6.019081238212686813e-01
5.341957032056647847e-01
5.890073947933707199e-01
5.359468924069797913e-01
5.744488346567573345e-01
5.351826144321301104e-01
5.921476430308655337e-01
5.173297252111987987e-01
5.814722028487325778e-01
5.166840664792227145e-01
5.378566931200162715e-01
5.160749020492909622e-01
5.312133325609293966e-01
5.228754835843507642e-01
5.520180431759270645e-01
5.331765749993477854e-01
5.335972574857481554e-01
5.250595305698327886e-01
5.502252512625578351e-01
5.190043910453382425e-01
5.291039856597270497e-01
5.191177841633642931e-01
6.350482189018817891e-01
5.175882325328521327e-01
5.961966967426045594e-01
5.282431312768333109e-01
5.150415425114149848e-01
5.182043933835358551e-01
5.156128261851981032e-01
5.237053830002276200e-01
5.169245730904845626e-01
5.252430926389259902e-01
5.150821824859737053e-01
5.156169967253914077e-01
5.152096047404446377e-01
5.184046977813552282e-01
5.156175772757896070e-01
5.154463931845817415e-01
5.151027861341321845e-01
5.149595580867152300e-01
5.173861521206885028e-01
5.204609918107997446e-01
5.172953325872127195e-01
5.119011536435201792e-01
5.119927933571333245e-01
5.336119556609235648e-01
5.093500832025787961e-01
5.220610292011654829e-01
5.072638717941915232e-01
5.176829722374587384e-01
5.080426175608423467e-01
5.100638969024435809e-01
5.078680973102763785e-01
5.091685925721678441e-01
5.104961132909039412e-01
5.167798175210700506e-01
5.104240395064216784e-01
5.135143424940933343e-01
5.040732580388803674e-01
5.186279042898220837e-01
5.035277062603574771e-01
5.346993879492989432e-01
5.045626636298863321e-01
5.078089607308367004e-01
5.021005877153136288e-01
5.089488409182983952e-01
5.019077409815370094e-01
5.025059755968533937e-01
5.038564418542919032e-01
5.138013854874901032e-01
5.023546164996359753e-01
5.241359383963772878e-01
5.019952421180170488e-01
5.030562385357519872e-01
5.026090012432407050e-01
5.053589468334603874e-01
5.026770566950452546e-01
5.128652983601709181e-01
5.018059755804935573e-01
5.295865334426861359e-01
5.005732020721104236e-01
5.054822475567908313e-01
5.005436332706082458e-01
5.071213654445920760e-01
4.994573026460144005e-01
5.008594040791337632e-01
4.984191943290130489e-01
4.985381486864400857e-01
4.971913493722612820e-01
4.997858538950503693e-01
4.973469507076715979e-01
5.010795319950073212e-01
4.967916101440175702e-01
5.091261748421676003e-01
5.016637210942368474e-01
5.006102094848887685e-01
4.939592444903945223e-01
5.113229707541572244e-01
5.053522643224969135e-01
4.904833164295892556e-01
4.900089126345892332e-01
4.921114808049648071e-01
4.900797410144608346e-01
4.949821404104384204e-01
4.914027748045240451e-01
5.056435730931448935e-01
4.895152798173540987e-01
5.026927713717055379e-01
4.905208219659539237e-01
4.918327541525649993e-01
4.902793027866775288e-01
4.901072098586612968e-01
4.894457928140363845e-01
4.922401304780147369e-01
4.894103179336039000e-01
4.905399647203750324e-01
4.894499863535749506e-01
4.900257708125120848e-01
4.888477983259142401e-01
4.930223506103472708e-01
4.881480348691977222e-01
5.062513734522197106e-01
4.855062274493756602e-01
4.858350391188099859e-01
4.877706475793054386e-01
5.032582331248436347e-01
4.866328417826398800e-01
4.955624638726575104e-01
4.850881344917563065e-01
4.940820065766205471e-01
4.850605519298966106e-01
4.955688023184375846e-01
4.883168790287545913e-01
5.059126235390368764e-01
4.926862191149193326e-01
4.905673222835115199e-01
4.870203062812435979e-01
4.902039516727448865e-01
4.854552807160706918e-01
5.009496027455162537e-01
4.837650940572976732e-01
4.886274576953681947e-01
4.875527472489451508e-01
4.864839320753813756e-01
4.844668129047176031e-01
5.101007129487538094e-01
4.836702850340944826e-01
4.897242000882955915e-01
4.832619716877440963e-01
4.839639162150594087e-01
4.823975077254159527e-01
4.890380620146345114e-01
4.858108443077643335e-01
4.845708295335586779e-01
4.821944111187199677e-01
4.849982846415647475e-01
4.810052014569458634e-01
4.818832437124687118e-01
4.810542375696446049e-01
4.865138402694931807e-01
4.840031124653773054e-01
4.940737620658469664e-01
4.803839025526953632e-01
4.842261922332122270e-01
4.781120829357362600e-01
4.836001055954928796e-01
4.808209531713121265e-01
4.878556144370231884e-01
4.781487030105779912e-01
4.881856497726395627e-01
4.788125834104881018e-01
4.870289315599172220e-01
4.783121418086445642e-01
4.894320200773785712e-01
4.780247914011711008e-01
4.906595758912770111e-01
4.793265632940611476e-01
4.839818673761258072e-01
4.777026284174879511e-01
4.818205269595700058e-01
4.785694072936424459e-01
4.843463572913290216e-01
4.788486885840194107e-01
4.816482035316422827e-01
4.787624035247322052e-01
4.805436556340839660e-01
4.776251879827023150e-01
4.791137431893773835e-01
4.788958724545723245e-01
4.811534044791958564e-01
4.779579602454146481e-01
4.817495348173542191e-01
4.778021315842919670e-01
4.786391662455640739e-01
4.815798808839341638e-01
4.860637181672806117e-01
4.813002923358012941e-01
4.892687533017958668e-01
4.835816783603720803e-01
4.805467073591921934e-01
4.780406177622299468e-01
4.857107768568673656e-01
4.801138735704362226e-01
4.883992506539115430e-01
4.795763776468743300e-01
4.858989493458732989e-01
4.806094493933034117e-01
4.811741773729996119e-01
4.985969223773271120e-01
4.793600153851863555e-01
4.775814202183092938e-01
4.786864679336004791e-01
4.777378822180036178e-01
4.865453291188530649e-01
4.778746310814671050e-01
4.793098077756233200e-01
4.776027450138584096e-01
4.780324762478599387e-01
4.783420174111136514e-01
4.797424641414853586e-01
4.821403872853725625e-01
4.704262325430254577e-01
4.723001905953657098e-01
4.703846403322070602e-01
4.709435336440463971e-01
4.705337509470438606e-01
4.705844660826741244e-01
4.730755696825068024e-01
4.707173386116324521e-01
4.711401972501507163e-01
4.699292709577522209e-01
4.708294331910475305e-01
4.699180025191332932e-01
4.716724344678098202e-01
4.698212490219472737e-01
4.715212482966149032e-01
4.687311638486261756e-01
4.704707040755955472e-01
4.686602876388221706e-01
4.689324005511950610e-01
4.703727199603441322e-01
4.656285030936754832e-01
4.676679398978078050e-01
4.651936467300902267e-01
4.656500261178409539e-01
4.649916342430434613e-01
4.646142088958123417e-01
4.675296189532922586e-01
4.650930449106021047e-01
4.685164011025065856e-01
4.646967032080809856e-01
4.722425384540654414e-01
4.636287742711063253e-01
4.623767307835863205e-01
4.623533655613069060e-01
4.659487172136435595e-01
4.612611897157518626e-01
4.593719698077268765e-01
4.603420687759093299e-01
4.586226138009777964e-01
4.599210130215864445e-01
4.582021291459038581e-01
4.567154374776443149e-01
4.546225315144492574e-01
4.544045066838403035e-01
4.548027070317246512e-01
4.539129897562105276e-01
4.544473064173062404e-01
4.538791681087142593e-01
4.545345507835312771e-01
4.541674055574997926e-01
4.549561970075458039e-01
4.544933800605038265e-01
4.582389353680311750e-01
4.533139915204026926e-01
4.512676452269104299e-01
4.513447251069932498e-01
4.545151687231751003e-01
4.512040069072553727e-01
4.552185508090752508e-01
4.517283932491838461e-01
4.521762374473439206e-01
4.509734925800745753e-01
4.528162956195984634e-01
4.512586647580726362e-01
4.556909570983987412e-01
4.526923697540907177e-01
4.517836938257637769e-01
4.512104064223609323e-01
4.512263173191997656e-01
4.508611596312069314e-01
4.501862435317152689e-01
4.533110337503133969e-01
4.536675626980269938e-01
4.504123481021365394e-01
4.507819272651718556e-01
4.504045964998759644e-01
4.541553006601790621e-01
4.512296493600548852e-01
4.579818733475620740e-01
4.497764717646416943e-01
4.508896168526354553e-01
4.491725343090132161e-01
4.501297521386337097e-01
4.511543135397480531e-01
4.526260785203621850e-01
4.490861865227837590e-01
4.497127468526800897e-01
4.492086302172992873e-01
4.494216269457360635e-01
4.485889122418511010e-01
4.494934956915733193e-01
4.502062220274630211e-01
4.488989014407721578e-01
4.486372316369359181e-01
4.487925749844477452e-01
4.489478387908613088e-01
4.533696640527875577e-01
4.520747695508997022e-01
4.470969224902169303e-01
4.476695492651141528e-01
4.489803930458730052e-01
4.467713220913095973e-01
4.489628605922934002e-01
4.470710505538877944e-01
4.475078863138509111e-01
4.468623464520333766e-01
4.462220806264403650e-01
4.467291970559597036e-01
4.490450064293957100e-01
4.486609063868250979e-01
4.487712232472746421e-01
4.465312987822200874e-01
4.459452275253890652e-01
4.481957857392765421e-01
4.497865266716832844e-01
4.451385653460763758e-01
4.472549850567437146e-01
4.453750747302173130e-01
4.473214128721381133e-01
4.460203985515581171e-01
4.492513263889409414e-01
4.452315115407127211e-01
4.464164396271539936e-01
4.452533474859868279e-01
4.454690064027550522e-01
4.452833230026180256e-01
4.466990415901314071e-01
4.450107093595646046e-01
4.451456839458322601e-01
4.456220902963398123e-01
4.462451588346780795e-01
4.443872717305894504e-01
4.450972210876594226e-01
4.442723643643879394e-01
4.452355779111630274e-01
4.457432358145038132e-01
4.435248153213334210e-01
4.435754744624670343e-01
4.441954254884599163e-01
4.433317457913237836e-01
4.438809694553029761e-01
4.434501356357734569e-01
4.462101437366842727e-01
4.438737307580289393e-01
4.445692402886047279e-01
4.434712595245579037e-01
4.457503982104022988e-01
4.446874980297495505e-01
4.455076559870789765e-01
4.428804907349655484e-01
4.425720778012091072e-01
4.441503545801006037e-01
4.441159351804493394e-01
4.430118252540193868e-01
4.448466444203160175e-01
4.417290948313164489e-01
4.450930436841704085e-01
4.416241503237169352e-01
4.445091047999815692e-01
4.417683137215699385e-01
4.467600923283202574e-01
4.415163123889202512e-01
4.459884745517874727e-01
4.416010151098545555e-01
4.420126380758776508e-01
4.412794802452606469e-01
4.417609231839464412e-01
4.411493785409359991e-01
4.428523701483150221e-01
4.409960225277117507e-01
4.422821803439579424e-01
4.409498479441224528e-01
4.415462699143953840e-01
4.415663751363785861e-01
4.405939813743244282e-01
4.406432149378483598e-01
4.403262380798066977e-01
4.410630989900575782e-01
4.428452264876696631e-01
4.405242688122380512e-01
4.417601661282462011e-01
4.403627108952767322e-01
4.433211969715525891e-01
4.410593249831828433e-01
4.438276697863050013e-01
4.411712570454834337e-01
4.422546164826678394e-01
4.401414721676896180e-01
4.418353288265247647e-01
4.401455135431265875e-01
4.433161590605853575e-01
4.393630245207201801e-01
4.415024460077006108e-01
4.387082939712860785e-01
4.398902490742908622e-01
4.386381891222342899e-01
4.386450569202488547e-01
4.385752280745607856e-01
4.392953922017734936e-01
4.391738845628536114e-01
4.421930899045353192e-01
4.391521587604203525e-01
4.401483574000521481e-01
4.380744444565636275e-01
4.361211111070877888e-01
4.359230577336217216e-01
4.352923226605646123e-01
4.353817655921001784e-01
4.364007527793350993e-01
4.348933984477707515e-01
4.359977765478787459e-01
4.351366216576045276e-01
4.373981940931598866e-01
4.357562776156945206e-01
4.371515136318586126e-01
4.358173833265119868e-01
4.365034727515493262e-01
4.372916559125804570e-01
4.375611437175629392e-01
4.357476283660541849e-01
4.363288577855228834e-01
4.347108237992229895e-01
4.358533280432171919e-01
4.345968368815364413e-01
4.353536456575318736e-01
4.346183519340361956e-01
4.346875433792508625e-01
4.342204889985248895e-01
4.366050265016519494e-01
4.349609500702656395e-01
4.373755160376726070e-01
4.351610583735260884e-01
4.347203614845222552e-01
4.343869713032700308e-01
4.375781045345717435e-01
4.343497464543978337e-01
4.355988950561001660e-01
4.340058528014435479e-01
4.356114161366521631e-01
4.340882399005481784e-01
4.343810120620401061e-01
4.342473219782584382e-01
4.353708036148709049e-01
4.345275625203879888e-01
4.348239358078410111e-01
4.339948721039478818e-01
4.342260401859995289e-01
4.345007661294688073e-01
4.347727686213898046e-01
4.336187011410321257e-01
4.344936745842449266e-01
4.359279911490863135e-01
4.338451424371784215e-01
4.342300602961159939e-01
4.352200666486402691e-01
4.337456200947465423e-01
4.340031733603696984e-01
4.341485288874480375e-01
4.339728935437422996e-01
4.345864458059479074e-01
4.344472817561916833e-01
4.335231062566019533e-01
4.345980625774900075e-01
4.342337098631648407e-01
4.362635924108418384e-01
4.340984831013668388e-01
4.339937753312172464e-01
4.334985627853226164e-01
4.358237567891445896e-01
4.333720319592830328e-01
4.350688359902172841e-01
4.334114339273152372e-01
4.367726869767768472e-01
4.354654593405189456e-01
4.325979448307695208e-01
4.324433534738461593e-01
4.330912922885959970e-01
4.328127945931212195e-01
4.351809315053908334e-01
4.322422429173942704e-01
4.356476044059117703e-01
4.329315799991125813e-01
4.377294357801653213e-01
4.324299506008830174e-01
4.331979245507606158e-01
4.316342757293108456e-01
4.341887716636406713e-01
4.325539427291823502e-01
4.326732224583685893e-01
4.318432943419139303e-01
4.327370482380842320e-01
4.318411777425326670e-01
4.321738126919324463e-01
4.315372458832116842e-01
4.319847511012653296e-01
4.335305389868743253e-01
4.323382545767843754e-01
4.334605580391920898e-01
4.361464835585176503e-01
4.321150138470186142e-01
4.342446741097791829e-01
4.319472188243570487e-01
4.318905972180406838e-01
4.319373336939930086e-01
4.317591877214476126e-01
4.309173835569728994e-01
4.311730305722319967e-01
4.311766464582333924e-01
4.313233359480278528e-01
4.312340218077044818e-01
4.306985544824233902e-01
4.309148570633357100e-01
4.314993231292373332e-01
4.307792855696292444e-01
4.310523964239284522e-01
4.310694200123963982e-01
4.305428026999258417e-01
4.315950843579083873e-01
4.312043664643087082e-01
4.307917795465624478e-01
4.333826154884879434e-01
4.320406874201876413e-01
4.310358796901963552e-01
4.316844914604690553e-01
4.310217217993912442e-01
4.308063692944030243e-01
4.333777437146726363e-01
4.315669773479983151e-01
4.317622674554613127e-01
4.309047810700097347e-01
4.318422754012012366e-01
4.308493084523464800e-01
4.322249072925131719e-01
4.309588000908892713e-01
4.323551053455600424e-01
4.306143523435818077e-01
4.317249312012500506e-01
4.310420495053980949e-01
4.343557029115246992e-01
4.303834754603966251e-01
4.315576965648499908e-01
4.320572665810913371e-01
4.335247348724131644e-01
4.308949241801146024e-01
4.311453432849674527e-01
4.303517045466246360e-01
4.306108203276710067e-01
4.306339865615559370e-01
4.349398929975803463e-01
4.305110169844431067e-01
4.325669596467116018e-01
4.309968935610242191e-01
4.346251215524101208e-01
4.301302637113431637e-01
4.317406077023634992e-01
4.302117362074650009e-01
4.302753338764172542e-01
4.285327760831700306e-01
4.311828526910662096e-01
4.292414070879487231e-01
4.311671699748245157e-01
4.294996217249182346e-01
4.304887045272104973e-01
4.279716269356170222e-01
4.278464443103938142e-01
4.284003160562270818e-01
4.293337032432566480e-01
4.286850021369990604e-01
4.284669165793301149e-01
4.291774589978323284e-01
4.282078924265042552e-01
4.279427084368948586e-01
4.302116529733865935e-01
4.286269757419430282e-01
4.278579447802443037e-01
4.279368949590110494e-01
4.287502118259330364e-01
4.280595949766846098e-01
4.293839062010918473e-01
4.281259554963607883e-01
4.293227006199387130e-01
4.282348774810207925e-01
4.286563781579064147e-01
4.277217736525572578e-01
4.298419923038266921e-01
4.288059417521604688e-01
4.285513132600106689e-01
4.263802421237510298e-01
4.260348121302943714e-01
4.263881897885186123e-01
4.251993462281853375e-01
4.255806326364330316e-01
4.255723405400286263e-01
4.253912210452164278e-01
4.284942119071321054e-01
4.256750331581952707e-01
4.281591462467529419e-01
4.258753104030562064e-01
4.255873638310846974e-01
4.251518074669655145e-01
4.261680621452927920e-01
4.261338785271699958e-01
4.263016843621630914e-01
4.247849575909726783e-01
4.260653885904224780e-01
4.245491407004469697e-01
4.276544920975269282e-01
4.252092441727571281e-01
4.252304158834144254e-01
4.254108281418029214e-01
4.263610709109910135e-01
4.248863638844029289e-01
4.270516043361474168e-01
4.258312372771487220e-01
4.246819105658195537e-01
4.247712207084931579e-01
4.306304682677842832e-01
4.265900528308780859e-01
4.278798568129654756e-01
4.243050090734319935e-01
4.241326171059207617e-01
4.244377758688271940e-01
4.243234882493355231e-01
4.240396765653112743e-01
4.251742570608417759e-01
4.236019019504088656e-01
4.268772570656767518e-01
4.270904276552669465e-01
4.204365254924651851e-01
4.214231246966350097e-01
4.203891144409380165e-01
4.214683956567907841e-01
4.215864556573554744e-01
4.210885834255289062e-01
4.241050892093155555e-01
4.205289416122776625e-01
4.228750097038500577e-01
4.217668418997646551e-01
4.240049520870804445e-01
4.210990626134758497e-01
4.233249187702636807e-01
4.221433046751195128e-01
4.223493726484697230e-01
4.200167331043717645e-01
4.210434294659632370e-01
4.214136853853920894e-01
4.215845542694178216e-01
4.191998512410438638e-01
4.194152331231142949e-01
4.190415705451328021e-01
4.204693362584831506e-01
4.213892631466474858e-01
4.212465762385878554e-01
4.187674442537412944e-01
4.203611970421223254e-01
4.195659497430249685e-01
4.200851604097200487e-01
4.196214042576216774e-01
4.194025762415443670e-01
4.190217099101338216e-01
4.191784586418672576e-01
4.193597802736934166e-01
4.183659996979535167e-01
4.184844214696232245e-01
4.202733636777090664e-01
4.180150952328822167e-01
4.197683596314443766e-01
4.179891616479639582e-01
4.208729168925159358e-01
4.174848961798534042e-01
4.185543493779645963e-01
4.173691698505908043e-01
4.185756739949543226e-01
4.179902912411557203e-01
4.183100141701683872e-01
4.168271437374447830e-01
4.201633661861500779e-01
4.198470413210452223e-01
4.181468662082548082e-01
4.168776846415104820e-01
4.161654146294458956e-01
4.151562786271354999e-01
4.159663954189693480e-01
4.159369948191941058e-01
4.130029746452449357e-01
4.137307789542991054e-01
4.129909078874798856e-01
4.129903274085678366e-01
4.135404990642538858e-01
4.128962450801805240e-01
4.156604458257377455e-01
4.136190529442159147e-01
4.145959901825514438e-01
4.133125356392413075e-01
4.164206149705799165e-01
4.135369682477374464e-01
4.156304580582795838e-01
4.131718541826016611e-01
4.127679861541075912e-01
4.131752977250994219e-01
4.137215876878350684e-01
4.135306116279354738e-01
4.151832079035849832e-01
4.132034250158529431e-01
4.146365830544518905e-01
4.128378267780933863e-01
4.169505358084598101e-01
4.133704642518789552e-01
4.143274843654943806e-01
4.123815392233242672e-01
4.125883986581532215e-01
4.137395613754470958e-01
4.122044638294580232e-01
4.124526882680911721e-01
4.163858658671749646e-01
4.135946881739302472e-01
4.121827988230751250e-01
4.121938452458338564e-01
4.125521802664826043e-01
4.107337213446468627e-01
4.140026523644329548e-01
4.106763658394038119e-01
4.113604700131722747e-01
4.101012772869888079e-01
4.083299964068278776e-01
4.079322417354890318e-01
4.112497990692923766e-01
4.086076394767791387e-01
4.068241023440215542e-01
4.075566724981748989e-01
4.061448895291229211e-01
4.060321268566766117e-01
4.094937294201498879e-01
4.051775316910370406e-01
4.062527069764755305e-01
4.067583919455232677e-01
4.036806357293752923e-01
4.039397719305079515e-01
4.025233656819198758e-01
4.024713354039907154e-01
4.051762119639113480e-01
4.043170044545702502e-01
4.032504441859625643e-01
4.022175101381773032e-01
4.020831556073398150e-01
4.027577486499803738e-01
4.035899563370446974e-01
4.016102366779114585e-01
4.028604443798884938e-01
4.007221364102263594e-01
4.016626328547455160e-01
4.016244606594336353e-01
4.029836519166413722e-01
4.011553271890092587e-01
4.004379321124368341e-01
4.006241496587109596e-01
4.044851124504117434e-01
4.007021931473494503e-01
4.034927481122383419e-01
4.001227253504516246e-01
4.000206042382076776e-01
4.023325171221549534e-01
4.007049054598486038e-01
3.997913055521727377e-01
4.000526251024992264e-01
4.011302324917929707e-01
4.010076037755890832e-01
4.004486462704026639e-01
4.007385438368761266e-01
4.001267508941658280e-01
4.023743647932163658e-01
4.019120203568624095e-01
4.039915033114830356e-01
3.995197286330707254e-01
4.049680679538494310e-01
4.003836207646444545e-01
3.984103026028488204e-01
3.979815904906085500e-01
3.963956487670639017e-01
3.963277424655284875e-01
3.995793746486195341e-01
3.968080309405526140e-01
3.958412143573647457e-01
3.957788329749967748e-01
4.001019625720372841e-01
3.954003655146910989e-01
3.973509311595640470e-01
3.952966981960975290e-01
3.960667828880210517e-01
3.949302331370178609e-01
3.964110586101573519e-01
3.954086222612354651e-01
3.959118871684811358e-01
3.985008887249479881e-01
3.955164436091767044e-01
3.953724362845907336e-01
3.984543221679203162e-01
3.956281794041972000e-01
3.969297000410141329e-01
3.952047078971151484e-01
3.955533190891242223e-01
3.962819539726085138e-01
3.972847231864742867e-01
3.950399488277782645e-01
3.963945167481345844e-01
3.961643122747742773e-01
3.957501236423296431e-01
3.952103966787458011e-01
3.985282368208850623e-01
3.949577032612723304e-01
3.942219597519497909e-01
3.945175212153615441e-01
3.957301004348274809e-01
3.945158978702464903e-01
3.962333292992729628e-01
3.955533132080388259e-01
3.937668019933655006e-01
3.953987486959684161e-01
3.944857147516059870e-01
3.943071505461772097e-01
3.941300542032384890e-01
3.938396962600882456e-01
3.938646962774968729e-01
3.941777330009955671e-01
3.942697484467777014e-01
3.934167132700287506e-01
3.934412968499503838e-01
3.937472265828712570e-01
3.960557850530328494e-01
3.941089620169616614e-01
3.958699339049840393e-01
3.926864444276285115e-01
3.953273078332076307e-01
3.927381741618492517e-01
3.934569362878324039e-01
3.927269094322698995e-01
3.952614723155599141e-01
3.930604732447468552e-01
3.919081375878321616e-01
3.917698570321019313e-01
3.919231826696394916e-01
3.923698661095056384e-01
3.937860183635207845e-01
3.928182805781150200e-01
3.939196148424016219e-01
3.920527187650348355e-01
3.944240399635233207e-01
3.933995882656444176e-01
3.947531434800409800e-01
3.926649748334889445e-01
3.941533971701944306e-01
3.931065622086416522e-01
3.944007790873488295e-01
3.911819012331130274e-01
3.936040048701600624e-01
3.912055781406613697e-01
3.936484187844190297e-01
3.916877098296888682e-01
3.953878983043170314e-01
3.918348543010296003e-01
3.928406647391206041e-01
3.919037994385911050e-01
3.934766222836235672e-01
3.923699373254614375e-01
3.947045543019330749e-01
3.907174778661781089e-01
3.942250482863852712e-01
3.910332305200240888e-01
3.919738002946430155e-01
3.906952760250013701e-01
3.919891427527054661e-01
3.906074120360520374e-01
3.920212813583933142e-01
3.914664272026096570e-01
3.927142749621408968e-01
3.903860222816883940e-01
3.955980947479773580e-01
3.905175813705440424e-01
3.939727689651374432e-01
3.909932195045885406e-01
3.914837253096815628e-01
3.894163321203239492e-01
3.925007623631580067e-01
3.899908186207895477e-01
3.915937289160860701e-01
3.895663066442223710e-01
3.897232400540516783e-01
3.894636495577228907e-01
3.914627591578431209e-01
3.898669668897054019e-01
3.913876855247512832e-01
3.909998720185444143e-01
3.898886984609388207e-01
3.894704838475931963e-01
3.916081598571605760e-01
3.893889747273046043e-01
3.930577996706579591e-01
3.892771441839213975e-01
3.916492765310970459e-01
3.897859242322331830e-01
3.907004158996454923e-01
3.897612877389641795e-01
3.903208599582659311e-01
3.893325030125263653e-01
3.912258367523360203e-01
3.899599976629139486e-01
3.902393293879093950e-01
3.888827453719603255e-01
3.909039869935551081e-01
3.888889856153858737e-01
3.906264624461134871e-01
3.890484752978783378e-01
3.903813222311119380e-01
3.888676011162272017e-01
3.898027121447927845e-01
3.892534904753990332e-01
3.902960653165772897e-01
3.894541108097505644e-01
3.904972518364487888e-01
3.894677766097850991e-01
3.906479521338779848e-01
3.901708961480525040e-01
3.904164074708761922e-01
3.888512647654062682e-01
3.888489999107013206e-01
3.896641822722764492e-01
3.889451709147302427e-01
3.889677214178260956e-01
3.890035505608496202e-01
3.889378226567442032e-01
3.886781332665375510e-01
3.893007631213361019e-01
3.891604920720657113e-01
3.893725993404447139e-01
3.888244036578216156e-01
3.891464459676813870e-01
3.886621872154865098e-01
3.885768558581951804e-01
3.886457245805081118e-01
3.890509283164075849e-01
3.884614384753730110e-01
3.899094860110215444e-01
3.881979407634334467e-01
3.881922145467820995e-01
3.881160910835655398e-01
3.889738429006895926e-01
3.880157299909426927e-01
3.881076669343532792e-01
3.880420876792691764e-01
3.887051050372085093e-01
3.881546731232958791e-01
3.881646003570410342e-01
3.878603440732636409e-01
3.887088336963601676e-01
3.881621329955035615e-01
3.880572383777587397e-01
3.879219629097181432e-01
3.887712988073929177e-01
3.882743023368950275e-01
3.880602401052208883e-01
3.881480969362354205e-01
3.881048821174766794e-01
3.877503389095937614e-01
3.879418718800562438e-01
3.874652007982541391e-01
3.881361547831244652e-01
3.869584408480348792e-01
3.874818410823682724e-01
3.870270855102824203e-01
3.878752321882695253e-01
3.868583277958184685e-01
3.879131404276340844e-01
3.868292394942949852e-01
3.875382606012828246e-01
3.874312877699175317e-01
3.861347509559348579e-01
3.861075040702131589e-01
3.869429403568869219e-01
3.864822141721220849e-01
3.862664622707742690e-01
3.860472703711532727e-01
3.863520132546620078e-01
3.858860844551330604e-01
3.856576660462045503e-01
3.856480231240410061e-01
3.860422383294951909e-01
3.856137701779794869e-01
3.857345916489557380e-01
3.856752310872194056e-01
3.857651921577022192e-01
3.855312982982252445e-01
3.858013174265799705e-01
3.856757297423861752e-01
3.858065949640480108e-01
3.857015493750082236e-01
3.873385889378532232e-01
3.856853088256026463e-01
3.856668171053813099e-01
3.854931470857285158e-01
3.859332797381006541e-01
3.856511393399973953e-01
3.858743478818925654e-01
3.857149687118555659e-01
3.854870056434546166e-01
3.855801160971774055e-01
3.854810129835969379e-01
3.856732956932020784e-01
3.857380094659322300e-01
3.857253001775296508e-01
3.861222978574244680e-01
3.866412194250551382e-01
3.863763770599077940e-01
3.857743233382614489e-01
3.864170634770396351e-01
3.859804291173860036e-01
3.850983363846135488e-01
3.849312304891929215e-01
3.851698369236122299e-01
3.849000409439120030e-01
3.850149412212888755e-01
3.848008861043928364e-01
3.856444848724906449e-01
3.849457398699626109e-01
3.848370703554583327e-01
3.848556893257011335e-01
3.849574159989574418e-01
3.851935132338451528e-01
3.845889420417060722e-01
3.857686109059074164e-01
3.842055216366450088e-01
3.840968593141300680e-01
3.843231141632330594e-01
3.841336328484364349e-01
3.845092162049559836e-01
3.839407925290722612e-01
3.847214013625604445e-01
3.839944881870592797e-01
3.849846540330287836e-01
3.841495451674892814e-01
3.841559967119702601e-01
3.839524490070165830e-01
3.839638826672685523e-01
3.843176580131859588e-01
3.846044565647139257e-01
3.838523956646742175e-01
3.836705069422071124e-01
3.837886041775793733e-01
3.844145964247228653e-01
3.838935830436757124e-01
3.850032207061960254e-01
3.835931281667352977e-01
3.841041835856433551e-01
3.837952692952147915e-01
3.849436240367340445e-01
3.833675384081071114e-01
3.832033025127977721e-01
3.833626464099800235e-01
3.830991779200241809e-01
3.830587137588609137e-01
3.847190359081066879e-01
3.828326255720994054e-01
3.829319328177952508e-01
3.829419251143971747e-01
3.829906467990645824e-01
3.828755440701285262e-01
3.831191729090214215e-01
3.826546118822400366e-01
3.835759365658549247e-01
3.824971559134703325e-01
3.828338480030837876e-01
3.825969274798026731e-01
3.826229996896851615e-01
3.825453232340984555e-01
3.825439396572963835e-01
3.825808755444470854e-01
3.827580428548887359e-01
3.828280357650153398e-01
3.830432208325921239e-01
3.826432851922271783e-01
3.832898044263422510e-01
3.822929491958727000e-01
3.827144358739383301e-01
3.824648201212937915e-01
3.827353507600283478e-01
3.823295695748322731e-01
3.828672279887643248e-01
3.822803558789508172e-01
3.831739899091624602e-01
3.825842993889767008e-01
3.827905325495917777e-01
3.824966592914210706e-01
3.825824632401220726e-01
3.822572321129069639e-01
3.833454722751443167e-01
3.822353684353488323e-01
3.826314589270873312e-01
3.826531683586856247e-01
3.824886395517206883e-01
3.824264680082772871e-01
3.825836572444183958e-01
3.823383805027744109e-01
3.826652164052410932e-01
3.827455781134683765e-01
3.835603508278763174e-01
3.821844368168170747e-01
3.830310378860732889e-01
3.822582741894569591e-01
3.830806624375481251e-01
3.822500245608617120e-01
3.825972568451896927e-01
3.826847521639344940e-01
3.821483822809499942e-01
3.822554844009022901e-01
3.827639707507549671e-01
3.824065482979278618e-01
3.822835105301693459e-01
3.822249854767716393e-01
3.823800192954476262e-01
3.823414222848859900e-01
3.824222834682578509e-01
3.824402712757871137e-01
3.832078112530392100e-01
3.821343999430265592e-01
3.830195708565482526e-01
3.823605988987409110e-01
3.835393816213840124e-01
3.823290069631887222e-01
3.826965449391235286e-01
3.825370247454157879e-01
3.826953122211196323e-01
3.819466200191939942e-01
3.826834894992150460e-01
3.819990706507771505e-01
3.829598445560198905e-01
3.822155997299351848e-01
3.832902164756549768e-01
3.821284164790588744e-01
3.819958529694915672e-01
3.819369553279070573e-01
3.821260220930474127e-01
3.822692477400234656e-01
3.821924892419681918e-01
3.820702465974988304e-01
3.816642438609686439e-01
3.817346741897956197e-01
3.820503957326980005e-01
3.818979515786635193e-01
3.820943960062470057e-01
3.819513580165829758e-01
3.828326265288596320e-01
3.818996413290173808e-01
3.822490354171974580e-01
3.816452257101006773e-01
3.825296117646154181e-01
3.816571692826553619e-01
3.823099596295095326e-01
3.818609035019542852e-01
3.822707507391848170e-01
3.818422429276617236e-01
3.822599424582776573e-01
3.815868839253538369e-01
3.825643239373818782e-01
3.815505969389866858e-01
3.817135530537637544e-01
3.818597566296525470e-01
3.822785728515156189e-01
3.816944610047330322e-01
3.824783433351143236e-01
3.816577311538701389e-01
3.820766655592287009e-01
3.816936888160869512e-01
3.815848435114121417e-01
3.816832346336802573e-01
3.819591231367766015e-01
3.817993167038507552e-01
3.822348499819342993e-01
3.818779307553035740e-01
3.818900893710830968e-01
3.816833513388705468e-01
3.819937350397713538e-01
3.818460746218354518e-01
3.825497535881556832e-01
3.817459222582219036e-01
3.816191293241288918e-01
3.821305209186237062e-01
3.813719854955949784e-01
3.814418206126012900e-01
3.815480649809043223e-01
3.814896706618371991e-01
3.817517356660362071e-01
3.815442536103200721e-01
3.817728382965595024e-01
3.815251530186812845e-01
3.820844538586604666e-01
3.816004746307303241e-01
3.819211492307150735e-01
3.813986829853534544e-01
3.818152394589184873e-01
3.813566015302963241e-01
3.818980679123897271e-01
3.814095435382309773e-01
3.824469106330597445e-01
3.814337579693025115e-01
3.820328355424661981e-01
3.814444771527973899e-01
3.820971291882871435e-01
3.813986107046622998e-01
3.823025369006395335e-01
3.815925930431836588e-01
3.818588740420914007e-01
3.814773217258005666e-01
3.815894128303180532e-01
3.815327655005692487e-01
3.813516065530622723e-01
3.813631589158308355e-01
3.814379412547155290e-01
3.816516454768815181e-01
3.813752558258485248e-01
3.813247175430311553e-01
3.814459656965486500e-01
3.814373335251431962e-01
3.813440933794740584e-01
3.814555783556927149e-01
3.814169916941688165e-01
3.815589071986488778e-01
3.813443835291445150e-01
3.812455569398577326e-01
3.812798324828752250e-01
3.812709232155852557e-01
3.813286171608953334e-01
3.811628129466955728e-01
3.812049967888697655e-01
3.811498841132549553e-01
3.811724830799458341e-01
3.816637282022116717e-01
3.811682675531962161e-01
3.812623607706808748e-01
3.812705405382677548e-01
3.811823195010152210e-01
3.812427199268541567e-01
3.812759785828466197e-01
3.812427861663474915e-01
3.813038059117980771e-01
3.812625905422639683e-01
3.812660492631361753e-01
3.811286984615653295e-01
3.814840590631381478e-01
3.811822746811301954e-01
3.812499321925186813e-01
3.811691761828887581e-01
3.813257283276639265e-01
3.811975613266857521e-01
3.815419195521409512e-01
3.811688787462007566e-01
3.812957582193344241e-01
3.811263970476901908e-01
3.812097778603361076e-01
3.811752722517305902e-01
3.813905652593042594e-01
3.812153974911933751e-01
3.814112290247506643e-01
3.811497102402426895e-01
3.813001955988983838e-01
3.812076865144330418e-01
3.810358495561901315e-01
3.811170148809875924e-01
3.812300839407242181e-01
3.809999098958460895e-01
3.809539919992779300e-01
3.809356189197772857e-01
3.806596771610405439e-01
3.807549116472341288e-01
3.807743490616610216e-01
3.806470413813190512e-01
3.808414783358204381e-01
3.806415057816320280e-01
3.808920363278654464e-01
3.807710923229274957e-01
3.808166501644258961e-01
3.805367869825386218e-01
3.806927192804633320e-01
3.806146574471122590e-01
3.804652628948034798e-01
3.805092210914199358e-01
3.806835247691661706e-01
3.805140603366981567e-01
3.805852538181966893e-01
3.805217122950262931e-01
3.804832225516121547e-01
3.804373693332723794e-01
3.803551941742679965e-01
3.803698524608550291e-01
3.804789408072756229e-01
3.803206538129703107e-01
3.802607572661741431e-01
3.802677330839192571e-01
3.806673692174735724e-01
3.802686704579636423e-01
3.804238243974721878e-01
3.802538741363693520e-01
3.803038915481485871e-01
3.803295647753465736e-01
3.805448567455816944e-01
3.802547315936847805e-01
3.801691983707979894e-01
3.802754384438427060e-01
3.802484893997945536e-01
3.802552708196045850e-01
3.802071108975189628e-01
3.802251874367414963e-01
3.804008614344047690e-01
3.801380498575032130e-01
3.803072782633601934e-01
3.801248775560229776e-01
3.802673970399794712e-01
3.801751948924027569e-01
3.801535891686156354e-01
3.801690450820157108e-01
3.801511718995811973e-01
3.800727803227178514e-01
3.800582736308857901e-01
3.800780700146004776e-01
3.800931440724427124e-01
3.800648586678782026e-01
3.800422414235439805e-01
3.800622351909744290e-01
3.801594365940573206e-01
3.800189273319847238e-01
3.800904506582910569e-01
3.800765323006279894e-01
3.800757293257693292e-01
3.800622897009109935e-01
3.800823351127505800e-01
3.801082146543518503e-01
3.801798155732848405e-01
3.800247704746823052e-01
3.804809994245398341e-01
3.800803074752404642e-01
3.800066687929358200e-01
3.799763655866187362e-01
3.797158047936529668e-01
3.799061626792291646e-01
3.797880283506412380e-01
3.796382682758848714e-01
3.797587524924496138e-01
3.797188481027473084e-01
3.797133244366553417e-01
3.798914553772658187e-01
3.804636305599783386e-01
3.796073516804269743e-01
3.794899820674630386e-01
3.795286395970491888e-01
3.794987610252893440e-01
3.795541503035144149e-01
3.793061447574516687e-01
3.792066004955067515e-01
3.791550370115774893e-01
3.792643448172522413e-01
3.793084011364953323e-01
3.792291655148187779e-01
3.792727363610238211e-01
3.792282694772245999e-01
3.793263254349448776e-01
3.791899227225015712e-01
3.790905961903648369e-01
3.791739604589449697e-01
3.791216454121383861e-01
3.790380683873447176e-01
3.790806703880437167e-01
3.790659561611394723e-01
3.791946456215982697e-01
3.790504933977787982e-01
3.792017436427079780e-01
3.789321137046469112e-01
3.790615974972031954e-01
3.790146056660005369e-01
3.788846497292851501e-01
3.788123838565581325e-01
3.789840570863104441e-01
3.788377326933233813e-01
3.788883291291336164e-01
3.788671948987587523e-01
3.789483135555311022e-01
3.789382167542507118e-01
3.789308109713120376e-01
3.788314970312616214e-01
3.788043724767057308e-01
3.787914481089733609e-01
3.791977169606741138e-01
3.789475303887321345e-01
3.786221163685044577e-01
3.787074294114051165e-01
3.787471472333968636e-01
3.786830449230943474e-01
3.788408406302544718e-01
3.786170249010297195e-01
3.786479773090021261e-01
3.786046108831970791e-01
3.787314561835138926e-01
3.786809988339400190e-01
3.788688087163737950e-01
3.786493864675056775e-01
3.786064968872212555e-01
3.785655505500643558e-01
3.787415338778276075e-01
3.786473083811514040e-01
3.785919614788239018e-01
3.786129685485010166e-01
3.785391742034019957e-01
3.786445386876675645e-01
3.787266682763674175e-01
3.786284092277020230e-01
3.786496124168695632e-01
3.785897689985096570e-01
3.784649585635755931e-01
3.784402000079888362e-01
3.785320272342022618e-01
3.784219818123360501e-01
3.786217935538835899e-01
3.785153424499239638e-01
3.789168976934992328e-01
3.784865940039868759e-01
3.785455303561689466e-01
3.783617658364801239e-01
3.785875342685929290e-01
3.782911468876776762e-01
3.784075431380721777e-01
3.783791390162564716e-01
3.787746301169273577e-01
3.782605293952197023e-01
3.783656087281078162e-01
3.782904837862649527e-01
3.784126438225015043e-01
3.782543192168292268e-01
3.782410170389536863e-01
3.782569675665015119e-01
3.782277763915835034e-01
3.782471488971979601e-01
3.784488639677329735e-01
3.781903738905181833e-01
3.782196058365550617e-01
3.782666453867026268e-01
3.782942841493727171e-01
3.782857087195755641e-01
3.781890893119796426e-01
3.782614721291328030e-01
3.781067793771324403e-01
3.780941196991572384e-01
3.783181830797480716e-01
3.780953167818901228e-01
3.781567128893249530e-01
3.781118030891328363e-01
3.783066334423232924e-01
3.780881272861311149e-01
3.781912115578052180e-01
3.781593779428176760e-01
3.780064312691231443e-01
3.779804251317359642e-01
3.781638946703099746e-01
3.780133081608709755e-01
3.782109649360374526e-01
3.779383891165219445e-01
3.780574814578886444e-01
3.779455868758543891e-01
3.781905398170559152e-01
3.779131985602020016e-01
3.780150750789089131e-01
3.778466222799070628e-01
3.779983456281793552e-01
3.778644517218220922e-01
3.782331268178069084e-01
3.778530858733245013e-01
3.777732764826245426e-01
3.779469900044898911e-01
3.778664130525470899e-01
3.778161175462000365e-01
3.778693103749213300e-01
3.778448081343661613e-01
3.778011131614168461e-01
3.777400776453334053e-01
3.778931205493217815e-01
3.777586508164260115e-01
3.777939582848373057e-01
3.776775736546283957e-01
3.779829830036005589e-01
3.777423774828023162e-01
3.777829667038024586e-01
3.775923613535512313e-01
3.776477174105883350e-01
3.775873962491353431e-01
3.778495586715444610e-01
3.775816552204646070e-01
3.781675021891534594e-01
3.778000712304600550e-01
3.774467551795650522e-01
3.773737139869067225e-01
3.779934499915472701e-01
3.774649495191733095e-01
3.776269592079608550e-01
3.774525838189286553e-01
3.774673095144438495e-01
3.774460229493888375e-01
3.774904325649059422e-01
3.773201459796126089e-01
3.775036823573265088e-01
3.774245844658165594e-01
3.774420477370561411e-01
3.772348766856603031e-01
3.776547570344106486e-01
3.772205078058748495e-01
3.771700147645791756e-01
3.771099966148452332e-01
3.771411318112312672e-01
3.769958920792338963e-01
3.770081427898641091e-01
3.770133551660208582e-01
3.769906030735034608e-01
3.770176278454358543e-01
3.771171417458477060e-01
3.770403087235636441e-01
3.772353641474855412e-01
3.769194386409429609e-01
3.771132534417406812e-01
3.769223113376405920e-01
3.769909257174031136e-01
3.769418513518694724e-01
3.770429690322724126e-01
3.769761163978814222e-01
3.768891235401414797e-01
3.768766190944140004e-01
3.769340547858689994e-01
3.769596761762998294e-01
3.769193221934675764e-01
3.769144706959153268e-01
3.769976469393493401e-01
3.769843678126202358e-01
3.768893025446918288e-01
3.769465721312917905e-01
3.768679686895201608e-01
3.768216861244745308e-01
3.770627309915368652e-01
3.767640667292063150e-01
3.769877523465397506e-01
3.768438979151374491e-01
3.769354489002041397e-01
3.767351006477649422e-01
3.768124910986221376e-01
3.767442532356429785e-01
3.767569615567830654e-01
3.767488179304240292e-01
3.768464029901384960e-01
3.767986955831785778e-01
3.768640054707594889e-01
3.768179305175963778e-01
3.767895645757960432e-01
3.768040454694646657e-01
3.769476466575761298e-01
3.767141267997758947e-01
3.770452792410236564e-01
3.767841085876908469e-01
3.768559909775848760e-01
3.768017561907232027e-01
3.770609557531115485e-01
3.766476636180002835e-01
3.770332223549182626e-01
3.767004341591126404e-01
3.767194451480504469e-01
3.766644859577108484e-01
3.768666991604818772e-01
3.766051994584038165e-01
3.766181789872315444e-01
3.765651509046892831e-01
3.765286915716621330e-01
3.765915142718425646e-01
3.766805003552861630e-01
3.765342312557503068e-01
3.767085498095318341e-01
3.765489100188286753e-01
3.766442784621474860e-01
3.765753479029521622e-01
3.766797922915100516e-01
3.766016885553834515e-01
3.766512527092787388e-01
3.765319767019756902e-01
3.765077242663802393e-01
3.764814395486264509e-01
3.769045581988618165e-01
3.765947154684863296e-01
3.765529708307797097e-01
3.764293940695090934e-01
3.767724193772009067e-01
3.765179843066863152e-01
3.768535297929805905e-01
3.765351659486004809e-01
3.764144911257690795e-01
3.764934853622523003e-01
3.765487911061861648e-01
3.764608720108842954e-01
3.765216602287256298e-01
3.764445583125750616e-01
3.765824763688601640e-01
3.765779506767429896e-01
3.765571333500234430e-01
3.763835503805776916e-01
3.763371655565659890e-01
3.764152767705461478e-01
3.764800218414188215e-01
3.764025921965458155e-01
3.766097532347224552e-01
3.764014616596720320e-01
3.763896604515595823e-01
3.764137431264506506e-01
3.764836887887225703e-01
3.762231720485056385e-01
