1.038914971207959947e+00
1.041320324162171129e+00
1.048081115151510589e+00
1.011925785854938864e+00
9.750427004215576066e-01
9.584442509057957693e-01
9.211554001219575127e-01
9.414479919910661021e-01
8.674780546738386500e-01
8.674207015444989066e-01
8.675050520133715803e-01
8.911930873592384117e-01
8.982874405429374098e-01
8.996025950011270478e-01
8.791356996407021507e-01
8.672960015784456633e-01
8.750118674332467705e-01
8.436192813016447634e-01
9.338621362560227679e-01
8.539002843522431885e-01
8.420146400973737011e-01
8.556473623157158093e-01
8.429891939346755292e-01
8.878467966907523934e-01
8.892156693098309805e-01
8.984918890825280835e-01
8.384729520544054182e-01
8.440805889929284822e-01
8.385197127698450492e-01
8.384824152089236371e-01
8.511179057771711687e-01
8.526707128701614957e-01
8.440441431358942648e-01
8.425269389472433978e-01
8.384002481189107847e-01
8.441910323923635939e-01
8.531942247460901907e-01
8.544631690121023970e-01
8.383748704273599195e-01
8.522035641895046032e-01
8.477726981963910058e-01
8.252669916421866425e-01
8.350768134206438820e-01
8.246766855108286220e-01
8.339479465720194273e-01
8.255174865672255669e-01
8.249646087475184242e-01
8.246766855108286220e-01
8.246766855108286220e-01
8.334849729429114618e-01
8.400984440756292804e-01
8.249565516009262911e-01
8.254593460264623150e-01
8.246766855108286220e-01
8.265834411141815830e-01
8.218989370569140807e-01
7.915697118697260226e-01
7.915697118697260226e-01
7.915697118697260226e-01
7.915697118697261336e-01
8.041411588943309097e-01
7.406282511033344118e-01
7.036372909305447232e-01
6.853612490479785713e-01
6.853612490479784602e-01
6.853612490479784602e-01
6.853612490479784602e-01
6.853612490479784602e-01
6.853612490479784602e-01
6.119750058195000397e-01
7.630659659914578175e-01
6.119750058195000397e-01
6.119750058194999287e-01
6.119750058195000397e-01
5.989596498250205903e-01
5.989596498250205903e-01
5.989596498250205903e-01
6.154344176089587837e-01
5.992421252547979194e-01
6.240118619688921342e-01
6.079744746264166277e-01
7.035164114051738471e-01
6.076794338146953578e-01
6.138570564528226248e-01
6.384478078964007652e-01
8.287511171838362056e-01
6.216435622129956595e-01
6.407621049614070641e-01
5.989041112323851834e-01
5.921796085375854446e-01
5.960821658539525725e-01
6.164327001964517994e-01
5.914024135529893922e-01
6.090341249248940603e-01
5.909226483554010922e-01
5.802361059419319789e-01
5.919401201499926435e-01
7.714099506831226805e-01
5.739906658446747301e-01
6.033668342319814526e-01
5.625079133439724322e-01
5.849393925274957162e-01
5.634478992882565596e-01
5.802391218119052896e-01
5.675619010269484788e-01
5.598026612003268454e-01
5.618753948060721815e-01
6.261714406656254672e-01
5.663996199943500676e-01
5.662945476716535476e-01
5.597848024870820671e-01
5.875893892008330344e-01
5.598029434525466641e-01
5.823851260432121313e-01
5.597809044137609380e-01
5.594699774888760579e-01
5.594361184412260934e-01
5.588818530739867452e-01
5.598245735363973630e-01
5.658375525949190799e-01
5.614661436903037872e-01
5.804886021811105357e-01
5.647854290281855150e-01
5.813583877799898270e-01
5.576988490492423844e-01
5.714358276498516798e-01
5.534934973713395712e-01
5.625072566813513752e-01
5.632913694977325081e-01
5.857690922352000173e-01
5.614523463039986506e-01
5.836135484458774281e-01
5.534934973713396822e-01
5.986186393249055548e-01
5.534934973713395712e-01
5.507973381496791276e-01
5.507973381496791276e-01
5.881448963751418901e-01
5.589902771160243367e-01
6.445322989872522834e-01
5.507973381496791276e-01
5.998050413584758989e-01
5.507973381496791276e-01
6.763549940303102970e-01
5.507973381496791276e-01
6.040512160062585512e-01
5.507973381496792387e-01
5.936635799447176343e-01
5.507973381496791276e-01
6.076044241569941162e-01
5.507973381496791276e-01
7.023640112632997257e-01
5.677732021061827616e-01
6.762972470247091694e-01
5.834365725202949049e-01
6.440147649603668034e-01
5.571373916935329351e-01
6.346352627312533690e-01
5.767074209911178251e-01
5.925988878997061615e-01
5.507973381496791276e-01
5.619638619392893775e-01
5.507973381496792387e-01
5.658895399691413752e-01
5.516877875067778270e-01
5.708701219651353131e-01
5.508958796861862517e-01
5.661521269468796635e-01
5.467576090912006359e-01
5.565413886355239370e-01
5.452399609987416129e-01
6.694514366490293966e-01
5.444109301377816346e-01
6.028457534991138456e-01
5.536213184969286383e-01
5.928940063193811616e-01
5.373227228537480471e-01
5.710446438041043571e-01
5.475571534206361557e-01
5.848206505936983657e-01
5.416184984124094992e-01
5.610765153197215804e-01
5.340882644669272539e-01
5.527552422652524111e-01
5.339257110223689651e-01
5.648957906846366894e-01
5.385502864673288315e-01
5.576058196804619671e-01
5.765930091999692531e-01
5.647403026211902377e-01
5.339219282615633722e-01
5.574836651992141068e-01
5.339079068290699670e-01
5.515587419912495459e-01
5.338940697941254587e-01
5.448275703120954994e-01
5.336822436862604935e-01
5.656393470749604413e-01
5.336910647353592108e-01
5.541433405314025729e-01
5.348098748675881309e-01
5.630878128575953490e-01
5.346260668469072774e-01
5.518052981826665482e-01
5.303050641837883106e-01
6.036068106961676172e-01
5.324782334183441046e-01
5.539327524441690631e-01
5.297965135663879055e-01
5.498909730456679190e-01
5.288778186924607549e-01
5.579363064548205076e-01
5.290508342537296738e-01
5.315432299686124740e-01
5.288426171462868863e-01
5.449836973292861986e-01
5.257209912325683243e-01
6.515481060174342920e-01
5.238249577441511651e-01
5.832196101383023690e-01
5.521910528149348574e-01
7.311057221115560001e-01
5.521467549579773815e-01
5.647015430321490337e-01
5.411276989160006545e-01
5.876911610667144847e-01
5.243379342634059137e-01
6.576794556913996281e-01
5.255888471168574938e-01
5.448097678718228920e-01
5.230847622183320000e-01
5.378933474841200990e-01
5.095132040576694221e-01
7.060065046246623011e-01
5.093020903073682826e-01
6.310402160794540416e-01
5.096085868786717210e-01
5.355465344885920187e-01
5.094631687476220971e-01
6.121727028351975353e-01
5.094283535054483503e-01
5.755978930448579778e-01
5.093146728643160870e-01
5.405345350133125004e-01
5.085589636167877625e-01
5.659321427705885643e-01
5.086400379300244357e-01
5.547378960487792110e-01
5.083896049333274103e-01
5.360533814939056896e-01
5.081669871292199270e-01
5.285218577512891258e-01
5.078407931615637194e-01
5.264743229504118549e-01
5.083510731737908017e-01
5.110982984265383111e-01
5.126970673110333721e-01
5.254086612233168641e-01
5.072366526529462627e-01
5.399177172089174581e-01
4.988021554672094071e-01
5.185498921953244356e-01
5.018627900268646247e-01
5.188080947327456949e-01
4.988063720578616578e-01
5.125979943729891408e-01
5.112144438276187142e-01
5.040290582055275692e-01
5.057638820119404466e-01
6.483361981257110829e-01
5.007995526064243919e-01
5.465891925302553966e-01
4.987684240655554935e-01
5.212966439279023145e-01
5.062958512409340139e-01
5.270128380219345487e-01
4.986284708413052935e-01
5.822624041555046759e-01
4.986580875007741720e-01
5.341382967613907962e-01
4.947720656713971432e-01
5.136597101390523168e-01
4.920059199593152521e-01
5.409139612640546657e-01
4.913705239037967631e-01
5.085910699016553682e-01
4.913308232109215301e-01
5.003928457080386583e-01
4.911942954455166266e-01
5.122058630619419350e-01
4.993456445227973939e-01
6.001528955628631090e-01
4.769284289907733676e-01
5.906442874684777466e-01
4.772879497239305158e-01
6.895636023662218284e-01
4.895852898239815287e-01
5.076017233457806865e-01
4.777532296420744506e-01
6.053771822314436557e-01
4.783700857966938780e-01
5.780408664035557864e-01
4.784551722645545846e-01
4.954176909215649016e-01
4.770441734706538095e-01
5.331103412763473770e-01
4.767695065099195051e-01
5.418134913794596663e-01
4.754757766065582092e-01
5.918477066881470128e-01
4.727044634006652979e-01
5.624832805979333994e-01
4.900621449362858040e-01
5.618986143923011545e-01
4.692459132507141306e-01
5.208533436414775064e-01
4.841815932587478222e-01
5.088223235893155616e-01
4.738118440891228023e-01
5.201290647217406971e-01
4.707414935684430257e-01
4.774515143776876802e-01
4.683604968118776912e-01
4.786733570493332257e-01
4.684886421666671907e-01
5.087261883633531490e-01
4.683993625561219676e-01
4.782613368220005601e-01
4.685815858888187080e-01
4.971504054742262868e-01
4.663685677425042364e-01
6.425745661458378555e-01
4.661859239940492894e-01
4.985164384573353424e-01
4.658641038595208728e-01
4.905241180627695763e-01
4.655889734570292093e-01
4.854366096590739255e-01
4.660837548671104003e-01
4.820566286495154840e-01
4.704676003329137934e-01
4.946328408837493695e-01
4.653408388789007644e-01
5.085077045006363150e-01
4.651064413089425198e-01
5.072156883097049818e-01
4.561524319370302560e-01
5.589942441508155557e-01
4.677809149443903913e-01
4.711339036198237129e-01
4.551654202781869607e-01
4.854746119615178657e-01
4.561764053254311335e-01
4.745366503274475178e-01
4.552050533661082254e-01
4.952390399038209545e-01
4.551744615134023508e-01
4.740515868489495466e-01
4.549699931427463873e-01
4.644133985796818354e-01
4.555740285068308748e-01
4.754406155563868919e-01
4.597301424324061192e-01
5.812042921322069233e-01
4.590937345163288996e-01
5.313908098123558688e-01
4.533803132742739161e-01
4.743740295363617632e-01
4.824114784301162251e-01
6.604036590577411214e-01
4.445960798171337269e-01
6.351065977311487476e-01
4.458992460568433347e-01
5.189666641595380714e-01
4.552767626583087979e-01
5.156535889381276272e-01
4.470786190148134942e-01
5.760931024242857967e-01
4.500799388904864196e-01
5.393727319233909689e-01
4.629976602268057739e-01
4.904587288323195016e-01
4.521736900270735271e-01
4.742213838086438149e-01
4.544502142589335603e-01
5.361230058494785844e-01
4.645338954396293074e-01
4.841042325175331507e-01
4.373414290304501462e-01
4.996801011721223595e-01
4.377696427408481195e-01
4.680801170693572044e-01
4.383135632590570152e-01
5.075277696541080630e-01
4.385076497999538248e-01
4.769003481887486573e-01
4.290900419592042492e-01
4.545029427705550296e-01
4.332385706265624026e-01
4.428318269084828285e-01
4.352271995770373714e-01
4.627880230461441924e-01
4.302486469525025892e-01
5.515837541029385838e-01
4.318654755304376924e-01
4.875027408238822857e-01
4.290427487004483398e-01
5.553658137516827020e-01
4.354543949221226784e-01
4.698343693177143843e-01
4.295881756082535752e-01
4.615075135421429775e-01
4.417456705078885437e-01
5.558075431062048377e-01
4.292114766664590353e-01
5.386019266257625615e-01
4.358848673145214736e-01
4.317536407276107990e-01
4.383127389361911042e-01
4.277841599657164484e-01
4.307547927902182217e-01
4.279637139353035247e-01
4.338201706320202744e-01
4.279325439292088196e-01
4.292411813537800880e-01
4.325159824135793030e-01
4.367927201677695992e-01
4.278267244413504478e-01
4.308361613784981170e-01
4.276594428511454327e-01
4.263079461084812727e-01
4.266552955153954940e-01
4.353581256813166545e-01
4.266030869559310212e-01
4.374318213945098677e-01
4.283403593483697813e-01
4.331064704238080099e-01
4.306306942449957820e-01
4.878161926863143760e-01
4.257166441041369542e-01
4.644032727496379409e-01
4.257838338411580326e-01
4.587670751261808677e-01
4.237380450754084649e-01
4.486534026187239954e-01
4.239727584324325393e-01
4.654404929416793846e-01
4.237392201000471648e-01
4.241206206744316809e-01
4.245922741922846244e-01
4.417696479156947298e-01
4.263011126689587593e-01
4.385492047949873795e-01
4.255640015946555166e-01
4.375739987415012688e-01
4.231947080460980448e-01
4.362122077421300981e-01
4.237642043955572313e-01
4.359330809257401795e-01
4.250066584658482860e-01
4.346244313034274831e-01
4.259960503428352752e-01
4.293588682150934477e-01
4.275246659222072254e-01
4.137658563971929881e-01
4.203429681450848165e-01
4.194461413290287988e-01
4.144738491969184868e-01
4.093987881901182679e-01
4.101985199177474728e-01
4.607138568485481533e-01
4.092913892584450486e-01
4.442906594391993758e-01
4.118672478580271967e-01
4.218424680234115209e-01
4.130413737871485580e-01
4.286477624689362664e-01
4.128301277132739311e-01
4.264790181575277006e-01
4.078284480276113122e-01
4.227701536369188329e-01
4.084855401896770322e-01
4.214608527976859143e-01
4.085424104282779911e-01
4.108976376724799429e-01
4.065120552372458729e-01
4.137873043497667380e-01
4.089174095805095943e-01
4.143784096070122769e-01
4.063633550715156639e-01
4.197647745138491926e-01
4.113135153570537939e-01
4.121984958777905605e-01
4.097824620804235707e-01
4.139313366338309153e-01
4.057181547314584469e-01
4.118455313454881805e-01
4.079842877934496403e-01
4.061890922480888566e-01
4.068349707065111454e-01
4.172080086495950080e-01
4.070325770293257706e-01
4.149986101666500171e-01
4.058984342567473202e-01
4.459430960618399609e-01
4.065674148114437059e-01
4.338795902052786091e-01
4.055374352439770069e-01
4.078936810584748440e-01
4.055375632084212145e-01
4.127747311149481679e-01
4.065731927861997996e-01
4.079244936358489837e-01
4.062366147456694665e-01
4.247695566189524374e-01
4.034989112206786577e-01
4.337679036320046255e-01
4.057827028711912254e-01
4.177135585150272834e-01
4.138327444472735261e-01
4.038420452485792511e-01
4.002425305676879930e-01
4.067770877248861883e-01
4.097673327539124721e-01
4.236328836000201603e-01
3.996044661511023999e-01
4.081802989585177066e-01
4.001063064904524236e-01
4.100957969018290128e-01
4.053128779775180823e-01
4.035433586307551890e-01
4.042400579480179279e-01
4.037968895645094869e-01
4.019961377088942522e-01
3.984321987131446696e-01
4.024198770918705481e-01
4.084665321311514719e-01
3.966785356875074386e-01
3.971656456140140734e-01
3.963830111623872221e-01
4.044488730306687319e-01
3.955890243248659233e-01
4.076199722300762329e-01
3.987922542292751116e-01
4.165655484037390499e-01
3.948436656246938070e-01
4.254085034049801539e-01
4.025368213825140651e-01
4.215408693612597291e-01
3.951999864683558572e-01
4.082018368519088058e-01
3.965948111478790339e-01
4.133953355800042972e-01
3.953309790898780762e-01
4.034659946391274121e-01
3.972172457531815137e-01
4.057394529782354931e-01
3.987679498723701310e-01
3.968813922959399387e-01
3.949497512709881919e-01
4.294015442473944622e-01
3.976421651941417501e-01
4.126565323584284739e-01
3.967063927634214560e-01
4.091961912488003561e-01
3.936100066479437665e-01
4.045165769296150127e-01
4.007929821933751691e-01
4.118479184528909820e-01
3.949925397622052192e-01
4.016810368450723923e-01
3.905728815453163305e-01
4.219945999252161517e-01
3.911943276960408444e-01
3.999718632895180592e-01
3.932830036245015815e-01
3.965195254672509440e-01
3.897559426947287409e-01
4.070165005251017432e-01
3.897725914123105206e-01
3.973869133222808214e-01
3.907732588639956095e-01
3.942637217448552445e-01
3.890492148581308207e-01
3.932872216284107880e-01
3.882589370816232344e-01
4.267779620841831711e-01
3.901252771328492241e-01
3.936840715382524114e-01
3.907855369713724714e-01
3.977072675675532576e-01
3.940533218899709977e-01
4.041190123825610936e-01
3.886200958524121951e-01
3.956980895133364595e-01
3.871575892363425253e-01
3.957839989990303842e-01
3.869738396504753819e-01
3.873534044989359604e-01
3.857718267371088028e-01
3.860372993610215464e-01
3.863472051742157798e-01
3.900586490126246586e-01
3.968045863355002534e-01
4.024260024316884676e-01
3.873685512173344336e-01
4.081990346177094553e-01
3.861713168125827100e-01
3.928177964123200638e-01
3.862638797096352716e-01
3.951365234094721957e-01
3.877550523701792651e-01
3.943233715868430522e-01
3.870054164276972575e-01
3.884546602510856594e-01
3.874068820208103614e-01
3.886142756538738530e-01
3.850175889813977625e-01
3.853400747277775373e-01
3.861507100052295471e-01
3.855089941781104090e-01
3.883872636940314260e-01
3.842397845596617900e-01
3.876113469637704201e-01
3.870113303184404829e-01
3.855774309109784026e-01
3.841212193472528513e-01
3.875284715069147734e-01
3.837750420700881127e-01
3.847210008517003565e-01
3.848526255862411705e-01
3.847585298741317272e-01
3.835766367905469876e-01
3.860525260919104862e-01
3.834041573461255403e-01
3.850448290341785262e-01
3.854550278705010102e-01
3.854580763066844384e-01
3.834909124616785459e-01
3.885527311703767528e-01
3.835200760180010882e-01
3.834149036584958425e-01
3.840526104548501740e-01
3.848916732937666119e-01
3.837995742589858650e-01
3.863665304960959834e-01
3.827393013128917998e-01
3.862120940339400232e-01
3.832072674368504073e-01
3.872850605507290878e-01
3.831743454030790974e-01
3.845158991124610348e-01
3.827464471281460390e-01
3.824544091947292834e-01
3.826360661977403765e-01
3.828286132623122673e-01
3.865263366224448993e-01
3.876877398368101524e-01
3.828461431001434767e-01
3.905352378092813437e-01
3.833824230409751954e-01
3.816293589609836556e-01
3.827767156129291415e-01
3.798232101728015730e-01
3.807062810887468229e-01
3.805412817644696633e-01
3.793247396595270660e-01
3.790865086983127297e-01
3.792383669371951482e-01
3.833000711846847319e-01
3.787896652158979638e-01
3.796219544789065092e-01
3.783307072531852944e-01
3.825982236691589655e-01
3.795119583126268514e-01
3.779483312761269254e-01
3.785908062640085947e-01
3.790343689154959117e-01
3.781366232950664208e-01
3.779521881559443908e-01
3.787551116953696839e-01
3.786877197063144851e-01
3.782801675549412046e-01
3.788324712471569655e-01
3.775809603308905027e-01
3.830397790295165805e-01
3.780688302059489470e-01
3.793917120126699682e-01
3.773731475811520353e-01
3.800058822878175646e-01
3.777653080046900480e-01
3.798850715517310128e-01
3.778037968363598953e-01
3.785981294492971050e-01
3.773754932063691503e-01
3.779756848211518472e-01
3.789556302268127785e-01
3.825789366219654597e-01
3.786064962826857228e-01
3.828514832029700221e-01
3.782788288866917314e-01
3.790631464880212520e-01
3.779800228081047209e-01
3.806340114865825464e-01
3.795130672677164974e-01
3.921699092481671367e-01
3.776755078369555818e-01
3.828681414741615940e-01
3.776555244238961051e-01
3.803561205007409685e-01
3.771264320379118518e-01
3.792051311075375630e-01
3.774407839936849141e-01
3.795941889937406444e-01
3.786103727040751044e-01
3.787360412449451430e-01
3.769555072114881278e-01
3.785605303450554349e-01
3.757427811708969889e-01
3.795960889367769875e-01
3.759022900313623294e-01
3.780330977651845670e-01
3.761702378300884608e-01
3.794283731810177973e-01
3.755406201994813120e-01
3.760131445565925712e-01
3.754588663079162503e-01
3.813876314046962812e-01
3.757517834112655830e-01
3.802847624757238476e-01
3.761797693078415827e-01
3.836049947990675668e-01
3.757536983712079781e-01
3.776064217239438747e-01
3.759113298882740817e-01
3.778027758732824259e-01
3.762465472696729929e-01
3.770327247556801709e-01
3.749451148371496512e-01
3.780507850414354665e-01
3.751780363980671273e-01
3.754454940135217855e-01
3.751953004558175597e-01
3.765408340526504860e-01
3.755043836916116540e-01
3.787503063966544126e-01
3.754106733647771810e-01
3.783688684971843186e-01
3.755309098219406505e-01
3.769964969839473823e-01
3.756231729895305738e-01
3.785455613477856640e-01
3.747887663004192960e-01
3.769156502435078160e-01
3.755934498027660995e-01
3.767176375718860326e-01
3.748323232427644980e-01
3.769289980649372929e-01
3.756199485404849714e-01
3.777226796600507974e-01
3.757507963274779872e-01
3.869031361655167478e-01
3.755346289132401871e-01
3.748728810502854891e-01
3.751765748805989675e-01
3.750213542278938439e-01
3.748317917245360675e-01
3.750856153839866591e-01
3.754635788941380059e-01
3.748265136354769211e-01
3.753483530507186750e-01
3.747783499935452567e-01
3.750322205732105063e-01
3.749958188779557444e-01
3.765637749900867526e-01
3.748252310142649035e-01
3.756199261765004183e-01
3.748904769519747493e-01
3.748739343519878475e-01
3.747925103602748331e-01
3.751078635268423334e-01
3.750191712459876592e-01
3.749532983536960629e-01
3.751886395576803368e-01
3.754113692514583489e-01
3.747914972895617924e-01
3.759119274216364270e-01
3.750523187213420373e-01
3.753421617609762340e-01
3.746880562131658099e-01
3.758523437092758379e-01
3.748979721821094069e-01
3.750212646754077506e-01
3.748173771849452884e-01
3.753783397541771150e-01
3.745523006845709046e-01
3.753066557296985128e-01
3.747189224852349176e-01
3.752187129030083446e-01
3.741466916714616953e-01
3.749025251024509231e-01
3.743238102398099842e-01
3.754382270320003046e-01
3.739221670991511037e-01
3.743947192255567269e-01
3.738938097022996287e-01
3.741057415050746404e-01
3.738671938743324263e-01
3.749736561011381419e-01
3.740773720165969096e-01
3.751006604682496359e-01
3.741675679033533153e-01
3.742662460291241722e-01
3.740794189309218920e-01
3.748123265022340611e-01
3.738050552801118198e-01
3.745144464484929658e-01
3.740078752269902496e-01
3.737824585452773074e-01
3.738702084556813077e-01
3.743945490089972128e-01
3.735906216600015650e-01
3.739680425452222012e-01
3.735996669470543763e-01
3.739799533153100874e-01
3.734916671770970309e-01
3.735255337978866663e-01
3.733350860651141745e-01
3.737226207243556364e-01
3.734177772278524654e-01
3.740649109457402366e-01
3.734402454019641882e-01
3.732825958259973209e-01
3.734030350948093213e-01
3.738987169981273229e-01
3.735073963437620659e-01
3.742039444762002565e-01
3.735026934099822116e-01
3.754120983327013383e-01
3.731787390833685158e-01
3.740405623040515826e-01
3.733482013499865304e-01
3.739301598378687586e-01
3.733897687026810908e-01
3.739628771670027718e-01
3.733497514732478928e-01
3.735906699661016295e-01
3.729476899407212498e-01
3.733526790046381993e-01
3.739240910963773645e-01
3.730447576667311194e-01
3.729549409319444786e-01
3.731979745740288679e-01
3.736098011662413731e-01
3.729926690583406645e-01
3.730731267422301989e-01
3.731704743786292133e-01
3.729537885684001131e-01
3.736596287634322833e-01
3.730185370574858328e-01
3.735406407497138814e-01
3.729712816483808924e-01
3.738206205311354613e-01
3.730798482133583782e-01
3.732107018157271305e-01
3.729212019850698390e-01
3.733214795781894524e-01
3.729580316096237635e-01
3.732695430562038008e-01
3.730490880604221404e-01
3.736045766040418381e-01
3.729814115813199216e-01
3.729633794725629725e-01
3.730618717050835365e-01
3.731901992591240003e-01
3.734763940485090195e-01
3.728638986321231585e-01
3.726363075496834654e-01
3.734061686323433826e-01
3.728551097284711346e-01
3.739170427042271538e-01
3.728409786831194950e-01
3.737363728843927091e-01
3.732675678025378363e-01
3.727140569050589325e-01
3.727796665156002942e-01
3.737093420104556363e-01
3.727908684394224403e-01
3.728302294241718773e-01
3.724326229257919896e-01
3.722547439042994677e-01
3.725693683198145201e-01
3.727321617177469237e-01
3.722991357663132383e-01
3.726630367408690914e-01
3.723820156274636473e-01
3.731290244283876900e-01
3.723200388405817907e-01
3.723712879734669134e-01
3.722471804971489995e-01
3.725599571276620448e-01
3.727507854290952327e-01
3.724906990681733365e-01
3.722125136955497515e-01
3.728522219514446290e-01
3.723278580037130969e-01
3.723809657854034727e-01
3.722653913768220191e-01
3.729048418856299452e-01
3.722953761986462773e-01
3.731907268625137553e-01
3.724367209760127695e-01
3.723115649240541503e-01
3.721230835524013125e-01
3.723259156958866889e-01
3.723303156251435708e-01
3.726891386701806641e-01
3.723407220550931651e-01
3.727279720589227741e-01
3.721601212308536799e-01
3.725749318879515992e-01
3.721549429431271205e-01
3.723608648606184235e-01
3.722845491667103879e-01
3.723414667559482583e-01
3.721223138929858343e-01
3.725258391443695971e-01
3.721518544885120683e-01
3.728096569941740102e-01
3.720975023754481414e-01
3.727728832225058464e-01
3.720334079292642038e-01
3.725694777492171150e-01
3.722185387394985057e-01
3.723687725919492264e-01
3.720387826935548370e-01
3.729407943994418329e-01
3.720357962744368363e-01
3.724262568720349553e-01
3.726723024838130005e-01
3.738535431213725335e-01
3.720395152805296979e-01
3.724012604984200392e-01
3.720249941894311907e-01
3.721560329111221477e-01
3.718644314907645354e-01
3.724927313485884017e-01
3.719775804045643008e-01
3.724965897714827556e-01
3.718392620926673775e-01
3.719051418250486352e-01
3.719521944565095661e-01
3.722412455277107068e-01
3.721946054631671830e-01
3.727158883796269362e-01
3.720988746466014629e-01
3.731585413075303448e-01
3.719120693358301533e-01
3.718711067073431908e-01
3.720018995284644636e-01
3.727975795434922968e-01
3.719489039679310660e-01
3.722845790663066312e-01
3.723700702752388292e-01
3.722148495170218840e-01
3.720582243084271101e-01
3.727923162035929328e-01
3.721945197824582108e-01
3.717664839280852007e-01
3.719942936294897140e-01
3.716205905772169693e-01
3.718798261315136022e-01
3.725186292297052448e-01
3.716461938394909903e-01
3.714209962465018777e-01
3.717726397969635665e-01
3.721150435014463076e-01
3.716752480198343700e-01
3.717269677855875032e-01
3.714122764570030877e-01
3.716242934403285458e-01
3.714364324057758959e-01
3.731359695617854633e-01
3.714655430084412568e-01
3.717436161068873868e-01
3.717473649931669621e-01
3.716025248103212997e-01
3.716048111566372381e-01
3.717164191284685892e-01
3.714451930293454773e-01
3.715576641490661025e-01
3.714878459934873867e-01
3.717695606183024637e-01
3.715204801000978052e-01
3.720416910084858864e-01
3.716410244053428569e-01
3.728607337892582141e-01
3.713349205935919106e-01
3.721335998722492544e-01
3.713879257859443728e-01
3.716540572246778140e-01
3.713721450005075253e-01
3.719526278968108279e-01
3.715758489714874879e-01
3.717080885535108958e-01
3.714859339013762973e-01
3.714447812122501080e-01
3.716801074862803311e-01
3.718397493835181589e-01
3.716087648907646646e-01
3.720534953686933655e-01
3.713204680874729324e-01
3.716870558252560741e-01
3.715383873195883258e-01
3.710680620051288736e-01
3.712364132623572344e-01
3.713729089288320684e-01
3.713870526410569251e-01
3.721276844023267416e-01
3.712781083241213365e-01
3.716377324103979918e-01
3.713328935630896277e-01
3.717074700271064680e-01
3.711347300278011185e-01
3.714761050908991225e-01
3.710616286109827966e-01
3.716312828060997497e-01
3.712201480395774800e-01
3.712932672918742294e-01
3.710710248786538434e-01
3.711093075082207982e-01
3.711393646222774234e-01
3.712334957211164688e-01
3.711627745136499845e-01
3.712624980647599160e-01
3.714216121579462238e-01
3.725194692579055777e-01
3.710408683043456834e-01
3.729927584123555739e-01
3.712786237762023545e-01
3.716220195305344198e-01
3.713095507711275944e-01
3.717648357953026172e-01
3.712063580486713033e-01
3.718427208517631755e-01
3.713972290509837126e-01
3.710236289059103409e-01
3.710619985295433021e-01
3.717341544346958182e-01
3.710074583075707033e-01
3.712410779092225055e-01
3.715273637438353260e-01
3.706578684711834826e-01
3.708396237403054907e-01
3.723499937625075473e-01
3.708144993015303759e-01
3.719325583659240375e-01
3.707951946440022351e-01
3.709025732514047435e-01
3.709180185654784023e-01
3.710714576596477743e-01
3.708803426800778014e-01
3.711336836651183413e-01
3.706778657722503145e-01
3.710774878987276870e-01
3.707871325456763567e-01
3.710779132434084415e-01
3.708555411013222392e-01
3.707332809711307298e-01
3.706868430856538610e-01
3.714906736870490223e-01
3.709656199001827859e-01
3.712869774186146055e-01
3.709853378396741896e-01
3.714100774144739603e-01
3.708523727005548221e-01
3.708205685571749344e-01
3.706487896810516380e-01
3.708142200904166463e-01
3.707590529683888469e-01
3.715216525963517258e-01
3.708415952487926215e-01
3.712485924374633872e-01
3.706923386882056692e-01
3.710738999443450870e-01
3.708191051099773428e-01
3.710250290581644794e-01
3.707766203223178403e-01
3.708452404604533625e-01
3.706566071276910512e-01
3.709031818775165301e-01
3.709776442009454223e-01
3.709358216328711988e-01
3.710342609909255129e-01
3.712705091639502131e-01
3.707317896459954021e-01
3.708041359325145447e-01
3.709311794686736552e-01
3.706585298948496532e-01
3.710145936713977188e-01
3.706391422847485906e-01
3.704903702268381172e-01
3.704484810969030373e-01
3.706306240132611896e-01
3.704100737864129411e-01
3.704917245029203943e-01
3.704541248261151720e-01
3.705799798244919785e-01
3.704213327972492031e-01
3.705558096045915573e-01
3.703734110030251769e-01
3.704521752319718808e-01
3.703994708372275735e-01
3.704984901243711937e-01
3.704686834394810280e-01
3.704682140213277353e-01
3.703976326328442537e-01
3.707242812538291132e-01
3.703807684705418546e-01
3.705099600737741805e-01
3.703123196012115814e-01
3.703601986592670037e-01
3.702864946129566515e-01
3.706096709923763499e-01
3.702144986709869356e-01
3.703890858662150509e-01
3.702308058545562552e-01
3.703893764391424370e-01
3.702988002692296776e-01
3.703825513688007165e-01
3.702283190648016920e-01
3.700530927020396210e-01
3.701142320411449083e-01
3.702700270358671442e-01
3.700779028620545530e-01
3.701021723666594321e-01
3.700585353392015220e-01
3.700619147978849166e-01
3.701271362145976407e-01
3.701914030990116622e-01
3.700608894147160433e-01
3.701861548589001627e-01
3.700996331735777467e-01
3.701716557431070087e-01
3.701796616878795243e-01
3.701997764439164951e-01
3.700507201564283699e-01
3.701745442018705701e-01
3.700287896948293298e-01
3.700557036044933024e-01
3.700061122879957920e-01
3.699371507779149471e-01
3.699563854356238690e-01
3.700811249284985949e-01
3.699846392778766702e-01
3.700275578485311967e-01
3.699927735593936950e-01
3.701944059404318477e-01
3.700157448160734108e-01
3.701878687738240359e-01
3.699109578032321877e-01
3.701046898380065953e-01
3.699374980325589868e-01
3.699962951384488941e-01
3.699565024108245614e-01
3.700342967310817355e-01
3.699582053868439857e-01
3.700431972439521822e-01
3.699423645778869840e-01
3.700483444697669211e-01
3.699880594729657579e-01
3.699343660592473437e-01
3.699099644106317863e-01
3.699864540580866668e-01
3.699578811244689236e-01
3.698728380873105293e-01
3.699066329944030174e-01
3.699694135841260501e-01
3.699538742755001941e-01
3.700465572263283986e-01
3.698330872763894717e-01
3.699304540713891365e-01
3.698982659733626166e-01
3.701935498130100588e-01
3.698598561029813325e-01
3.698937455773838590e-01
3.698323305039299957e-01
3.698538252597276532e-01
3.698653109257441507e-01
3.699350794335780068e-01
3.698378796215459063e-01
3.698644583511195849e-01
3.698572918160502598e-01
3.700723044409737206e-01
3.699567031310999066e-01
3.701221842675455065e-01
3.698993702315357401e-01
3.699191201982529043e-01
3.698717560436878271e-01
3.699258416423369389e-01
3.699167073883770640e-01
3.698951632226558095e-01
3.698255267642461264e-01
3.700178907883809876e-01
3.697863000486885099e-01
3.698702690644941060e-01
3.698224437795056829e-01
3.698200478162600446e-01
3.699085136894253445e-01
3.697765636519995125e-01
3.698563905907752969e-01
3.700175780319067131e-01
3.698033302333191830e-01
3.698840827337998571e-01
3.698212337696273333e-01
3.698284024397105463e-01
3.697813168134989059e-01
3.698852921049778364e-01
3.698620703419178146e-01
3.700299350298122403e-01
3.697375602860353272e-01
3.698065691133449739e-01
3.697740087481019011e-01
3.699382372525421570e-01
3.697688418302345070e-01
3.698218994189050868e-01
3.697591194652126712e-01
3.698143104583614948e-01
3.697561707166761580e-01
3.699523715378885691e-01
3.698300313866789146e-01
3.698343861041460956e-01
3.697926649944727195e-01
3.699247234777684468e-01
3.697441980976765019e-01
3.699130693488349997e-01
3.697325232448179788e-01
3.697253592815991641e-01
3.697831903550006238e-01
3.697650428971747116e-01
3.698182718367433730e-01
3.700868326965763844e-01
3.697308824061988353e-01
3.697960221435779293e-01
3.697601652960966212e-01
3.697633112837063196e-01
3.698300664684741612e-01
3.697300237578732829e-01
3.697190806932715290e-01
3.697366896046779816e-01
3.697689308790386153e-01
3.698384076599779968e-01
3.697879816391210217e-01
3.697588218834178542e-01
3.697626183602833461e-01
3.699283863109300019e-01
3.697341835125935727e-01
3.697410879360125135e-01
3.697313225357460875e-01
3.698834647942425002e-01
3.697258726708598786e-01
3.697789821727159865e-01
3.697544064873611869e-01
3.697204109298653507e-01
3.697711838085391833e-01
3.697882119440721871e-01
3.697073083774430891e-01
3.697835411420735685e-01
3.697828226408053642e-01
3.698790909884408507e-01
3.697318633501937568e-01
3.697155981367780675e-01
3.697402389921329857e-01
3.696881490571465312e-01
3.696918973844883216e-01
3.697623585326506590e-01
3.698801326636494413e-01
3.696320488825795558e-01
3.696514561685280142e-01
3.697255249518616171e-01
3.696756943705035159e-01
3.696937325638727234e-01
3.696225265924927283e-01
3.697026487633329195e-01
3.696595720083185044e-01
3.696496203114861823e-01
3.696481912868318509e-01
3.702057336510988783e-01
3.696479486663166170e-01
3.697383984291535697e-01
3.696421658868207505e-01
3.697206538863451741e-01
3.695408717475391902e-01
3.695074567333272442e-01
3.695343929329729105e-01
3.698004930807161639e-01
3.695386191780489771e-01
3.697716371970692917e-01
3.695366897695191999e-01
3.697924187174261301e-01
3.695189670667489157e-01
3.695727489368526575e-01
3.695962973077324132e-01
3.696438977611662402e-01
3.695592797800053564e-01
3.697563594162237011e-01
3.695557714803421878e-01
3.695375225193380797e-01
3.695054084622452772e-01
3.696601332802808004e-01
3.695434165528339587e-01
3.696967247483996521e-01
3.695919888935003117e-01
3.695511792896001846e-01
3.695272086232060382e-01
3.696149595293448109e-01
3.694845238771938822e-01
3.694032920891001659e-01
3.695211870334680349e-01
3.694218605580592563e-01
3.693885222169523974e-01
3.695451322841249997e-01
3.693696400006294955e-01
3.695278023319431004e-01
3.693325450210351302e-01
3.694973029468948678e-01
3.693360562772944333e-01
3.694639493100190242e-01
3.692668628195989733e-01
3.695334880309741332e-01
3.692563861647725210e-01
3.694763004761557612e-01
3.692822947303474046e-01
3.692526966424033996e-01
3.693228553380895063e-01
3.693909332297605763e-01
3.692756183761591871e-01
3.694650680081308924e-01
3.692545201689990120e-01
3.693525599811514626e-01
3.693142041873587744e-01
3.692079012845558839e-01
3.692519217912842988e-01
3.692546484675695573e-01
3.692876691531237765e-01
3.692236677327236372e-01
3.692530161131835631e-01
3.692282789950908639e-01
3.692166655536393560e-01
3.692614103970808803e-01
3.692298262454070112e-01
3.692342540917005755e-01
3.692727252917478165e-01
3.693443283949464084e-01
3.693152944732487897e-01
3.694982084015736024e-01
3.692237985753413221e-01
3.694625343665327577e-01
3.692140565139513386e-01
3.694031799990644127e-01
3.692679284891720592e-01
3.692267846384356678e-01
3.692568531297323875e-01
3.692080634242321246e-01
3.692014795964907448e-01
3.692521925373053460e-01
3.693217873445536759e-01
3.693561951747837968e-01
3.692637142245647208e-01
3.692716350481043963e-01
3.693313019183226409e-01
3.693788514401236678e-01
3.691712514269174794e-01
3.693139975115698470e-01
3.691761355027795011e-01
3.694090549845724381e-01
3.692042056905746605e-01
3.692516281128288003e-01
3.692218043724551646e-01
3.692984114396229423e-01
3.691964143439303569e-01
3.692970167605150178e-01
3.691918594411756072e-01
3.693582911097485488e-01
3.692595443848820658e-01
3.691577516466721387e-01
3.691806050003608730e-01
3.693748986906739140e-01
3.691499621999177472e-01
3.692202880051312919e-01
3.692060744334855760e-01
3.692715036208011337e-01
3.691840637720623097e-01
3.692661930121575176e-01
3.692434259663740503e-01
3.692484707895220541e-01
3.692197819996191899e-01
3.692208382530439703e-01
3.692755773384138185e-01
3.692667006637693206e-01
3.691678841331272887e-01
3.692751392566385737e-01
3.691527119761134346e-01
3.692073905906639864e-01
3.692016637035018256e-01
3.694557135380459045e-01
3.691903718971712434e-01
3.692590789793112616e-01
3.692509164690425116e-01
3.691131903553280802e-01
3.691246978886161823e-01
3.692910629776087750e-01
3.690824446038062923e-01
3.692213693450646095e-01
3.691246949579777836e-01
3.691659220740635128e-01
3.691519003353319617e-01
3.693580625649261484e-01
3.690549616225132779e-01
3.691374852534628492e-01
3.690579859846011557e-01
3.691342018171671624e-01
3.690732701586213471e-01
3.691259629187352287e-01
3.691413712214657861e-01
3.691409539824879182e-01
3.690258325806473616e-01
3.691646024502622248e-01
3.690605288914337589e-01
3.692175329565712261e-01
3.690765650578178292e-01
3.692762254226353846e-01
3.690078292881940891e-01
3.691293844745913155e-01
3.690009410211147478e-01
3.690875771285935802e-01
3.690350746587053310e-01
3.691120901963455547e-01
3.690515429772243672e-01
3.691974923137783526e-01
3.690594866379602879e-01
3.692929551887112471e-01
3.690476045495763024e-01
3.690639658003655454e-01
3.690013418636942100e-01
3.690842965286670330e-01
3.690517616300312831e-01
3.690255905462075936e-01
3.691002071349064884e-01
3.693091395722944426e-01
3.690802144057200307e-01
3.689473846430296744e-01
3.689974404814319597e-01
3.689523196295090846e-01
3.689907266155213472e-01
3.689473026481420170e-01
3.689568918268206765e-01
3.689375940624394778e-01
3.689640089286106428e-01
3.689287186450363465e-01
3.689753699122579333e-01
3.689594672119628216e-01
3.689814285080363909e-01
3.689705516275952890e-01
3.689146824853067885e-01
3.689298196607916913e-01
3.689904199887488190e-01
3.689148054148024825e-01
3.689774815630845750e-01
3.689157902268472289e-01
3.689633309688969964e-01
3.689161190170042737e-01
3.688986793285927157e-01
3.689329405206626111e-01
3.689328372051646765e-01
3.689035814882820064e-01
3.689216759308784899e-01
3.689216549969664971e-01
3.688262434750444463e-01
3.688465837292793648e-01
3.688970436323740221e-01
3.688530781086712951e-01
3.688569119333405810e-01
3.688215576209551427e-01
3.689061395601956339e-01
3.688138990719405652e-01
3.688404012552773947e-01
3.688166798148215242e-01
3.688337220877049294e-01
3.688258160427593246e-01
3.688672995500028029e-01
3.688431777729737071e-01
3.688546355060300930e-01
3.688527283525695477e-01
3.688139044286916080e-01
3.688428108901290470e-01
3.687917130670727017e-01
3.687695233823591323e-01
3.686532974850886824e-01
3.686644452704403441e-01
3.686585731957569001e-01
3.686725335535698811e-01
3.686865097576245698e-01
3.686592564785072246e-01
3.686584116105006692e-01
3.686872573726828750e-01
3.686436277080932244e-01
3.686513242258681045e-01
3.686470238536745936e-01
3.686735714495415484e-01
3.686562049716134437e-01
3.686569486653976102e-01
3.686629043220750468e-01
3.686113017202132802e-01
3.685791432425566394e-01
3.685707553394756975e-01
3.685977429473008549e-01
3.685728062325334120e-01
3.685645742903898570e-01
3.686102184008618332e-01
3.686073480630320254e-01
3.686008063774668941e-01
3.686671259291540714e-01
3.685799770294407862e-01
3.685684418268879159e-01
3.685727074193336228e-01
3.685626650945472704e-01
3.685665969508128414e-01
3.686514340378778676e-01
3.685559981982284294e-01
3.685769032125637001e-01
3.685724939598450378e-01
3.685410658110504500e-01
3.685492894296099609e-01
3.686342589538757486e-01
3.685605024756847259e-01
3.685489116177884661e-01
3.685515078564611247e-01
3.685443230847427754e-01
3.685581616095193191e-01
3.685836315356741943e-01
3.685511580724771807e-01
3.685657429455772016e-01
3.685541227974094558e-01
3.684829533071617425e-01
3.684846064160997026e-01
3.685071916098320854e-01
3.684765369872399221e-01
3.685226717010836595e-01
3.684735781737525362e-01
3.684569665916491155e-01
3.684819860460710750e-01
3.685185288279357319e-01
3.684654199125723673e-01
3.684630885996960092e-01
3.685226131768000180e-01
3.684516608167267004e-01
3.684551534784872295e-01
3.684475674375601861e-01
3.684714343346564003e-01
3.684286008455465722e-01
3.684455498740575874e-01
3.684267331253455735e-01
3.684349579317568457e-01
3.684053901743750137e-01
3.684085390025437223e-01
3.683940922762676262e-01
3.684191383252096164e-01
3.683980976993744272e-01
3.683977844664473866e-01
3.684131674164383141e-01
3.683904748032029164e-01
3.684185696449557845e-01
3.684324474488741008e-01
3.685418692262011908e-01
3.683994184172365571e-01
3.684456121139622620e-01
3.684441906175761616e-01
3.684744939829828758e-01
3.683998899666230953e-01
3.684427612987526413e-01
3.684427302033592699e-01
3.684314242300403275e-01
3.684138336898680754e-01
3.684048948612289043e-01
3.684291310506363493e-01
3.684303148337699230e-01
3.684018881981773186e-01
3.684197535259987610e-01
3.683585482633452979e-01
3.684018764619634845e-01
3.683755932710343073e-01
3.683422034302509807e-01
3.683708107682475696e-01
3.682378057374543490e-01
3.682572089407180060e-01
3.682443080988604400e-01
3.682306282077559278e-01
3.682449616204634957e-01
3.682578370712191185e-01
3.682324364982449971e-01
3.682478226714599456e-01
3.682448940924251679e-01
3.682213712357792490e-01
3.682211960129516126e-01
3.682269694207347954e-01
3.682269463141059629e-01
3.682428767500242617e-01
3.682510268199599701e-01
3.682037772644336515e-01
3.681997947129643234e-01
3.682188420436844911e-01
3.682328097381281085e-01
3.682645833016338077e-01
3.682127039275939206e-01
3.682100445993605753e-01
3.681993845906192941e-01
3.681848951835393069e-01
3.682059709787076085e-01
3.682008632023799355e-01
3.681911910830193979e-01
3.682776885365225406e-01
3.681895464304473231e-01
3.681713205779634790e-01
3.681743333174210542e-01
3.681900202540145384e-01
3.681845274845415572e-01
3.682143927513037984e-01
3.681571707334482801e-01
3.681846314889823946e-01
3.682095577390963603e-01
3.681609085746001542e-01
3.681342129770278082e-01
3.681931407550551039e-01
3.681368321335261040e-01
3.681619707829857369e-01
3.681441754372667963e-01
3.682221972332542781e-01
3.681184751729810745e-01
3.681703096102478256e-01
3.681036879717990984e-01
3.681659180011300769e-01
3.680918380745428209e-01
3.680794676731156123e-01
3.681084124417821624e-01
3.680344189973958624e-01
3.680214879362849745e-01
3.679953443377400601e-01
3.679981349690008008e-01
3.679827442733711873e-01
3.679871235387394135e-01
3.679692646631825270e-01
3.680219555897288330e-01
3.679798503256626607e-01
3.679626835103914639e-01
3.680348403601544360e-01
3.679815988790771653e-01
3.679321652760736971e-01
3.679189411992336844e-01
3.680329985180875729e-01
3.679180474559837766e-01
3.680287645459314194e-01
3.679214641218433446e-01
3.680651165296313643e-01
3.679142123027123734e-01
3.679478330062777580e-01
3.679132155690669759e-01
3.679430721065933274e-01
3.679359501181543313e-01
3.679472128539497122e-01
3.678853517798033046e-01
3.679567408847073118e-01
3.679208859220473582e-01
3.678336587872689245e-01
3.678437005865992648e-01
3.678539219770602386e-01
3.678906194079867853e-01
3.678328111296192970e-01
3.678524325095661740e-01
3.678775907690877700e-01
3.678636765903872119e-01
3.677505260442964219e-01
3.677816819720843289e-01
3.677932572386626853e-01
3.677476466391652044e-01
3.677939111179624465e-01
3.677416478433873093e-01
3.677291027961239744e-01
3.677864166545375402e-01
3.677474074533055859e-01
3.677114477495098677e-01
3.677102326422365119e-01
3.677043419815443914e-01
3.677478629921897557e-01
3.677020538162358299e-01
3.676863793511576661e-01
3.677210209163158106e-01
3.677585575454259681e-01
3.676924226214596247e-01
3.677072206119445519e-01
3.676949702057362712e-01
3.676803898464022224e-01
3.676660354121584762e-01
3.676979597685664514e-01
3.676525215240807332e-01
3.676787589824819791e-01
3.676471560261307947e-01
3.677313213420644877e-01
3.676554727029689995e-01
3.676438051211395330e-01
3.676359468499936223e-01
3.676488765792380597e-01
3.676545659341788341e-01
3.676182405233793804e-01
3.676409290214747161e-01
3.677577595706417735e-01
3.676432883377939165e-01
3.676695180015824294e-01
3.676195597565567463e-01
3.676525716587494275e-01
3.676367309914268522e-01
3.676590597182142761e-01
3.676431845351818550e-01
3.677240373540973661e-01
3.676620000616313000e-01
3.676779222675431447e-01
3.676892232270593808e-01
3.676624923058203764e-01
3.676236879091693832e-01
3.676845233940902458e-01
3.676173870452665859e-01
3.675915270912372135e-01
3.675837761601608022e-01
3.676143093413785090e-01
3.675588863962163666e-01
3.676328302107636503e-01
3.675285285415375025e-01
3.675624147530563990e-01
3.675573162355896262e-01
3.675045595285756361e-01
3.675249136168559638e-01
3.675826096199422133e-01
3.674528238418403592e-01
3.674650652721087596e-01
3.674598679571134952e-01
3.674898421562801665e-01
3.674505927454655430e-01
3.674623844424972363e-01
3.674618978244178491e-01
3.674909358630451539e-01
3.674723037510567170e-01
3.674674899336440315e-01
3.674686327097672067e-01
3.674660612158763828e-01
3.674318562479395589e-01
3.674282259021257602e-01
3.674400078681651083e-01
3.674519699456552102e-01
3.674252319924803944e-01
3.674802203478087503e-01
3.674201484445188126e-01
3.674794512219821674e-01
3.674363451285779236e-01
3.674640487987974602e-01
3.674163840480070276e-01
3.674605066553672805e-01
3.674147091648605756e-01
3.675073992901891629e-01
3.673880160023688668e-01
3.673836202812937324e-01
3.673886820340163673e-01
3.674309442356079036e-01
3.673817179565294633e-01
3.673540199462462241e-01
3.673576278471123446e-01
3.674216995824825527e-01
3.673541959204311147e-01
3.673169267900544543e-01
3.673240344211143871e-01
3.673552565320732377e-01
3.673271708447952144e-01
3.673994135163498598e-01
3.673345500549609066e-01
3.673555791380410662e-01
3.673407595539990300e-01
3.672951123213381019e-01
3.672913518726496629e-01
3.672757474761166319e-01
3.672689927828385881e-01
3.674336378523325730e-01
3.672674379996286320e-01
3.672979399507759202e-01
3.672594310548402130e-01
3.672832861990553144e-01
3.672514546128051172e-01
3.672729564958815418e-01
3.672431830493402272e-01
3.672553600964518217e-01
3.672626326526254870e-01
3.673275996858177961e-01
3.672173404836219235e-01
3.672553782987150739e-01
3.672317551109273714e-01
3.672423737767699370e-01
3.672207439049366418e-01
3.672350687340868447e-01
3.672333786391461796e-01
3.672569476370776687e-01
3.672415462489822535e-01
3.672271358423257470e-01
3.672426322049052727e-01
3.672013999331769640e-01
3.672314491891784938e-01
3.672518862146059715e-01
3.672222614911708205e-01
3.672938626406384577e-01
3.671950381443182532e-01
3.672577002379558420e-01
3.672305847741546003e-01
3.672514550216548490e-01
3.671891194740304898e-01
3.672079567175384751e-01
3.672033183473991103e-01
3.671535164295393061e-01
3.671385688879211795e-01
3.672240883362400399e-01
3.671553396831584437e-01
3.672245516439549551e-01
3.671585185459340650e-01
3.672159527719405236e-01
3.671360488230828167e-01
3.672339004367361492e-01
3.671062333139844536e-01
3.671281829441994660e-01
3.671387120502868084e-01
3.670975825285484606e-01
3.671096758750302391e-01
3.670876768941613300e-01
3.670996439771337938e-01
3.671654720317402143e-01
3.671173444909675565e-01
3.671077616322661608e-01
3.670940459338081219e-01
3.671434453213791027e-01
3.670838788558984378e-01
3.672068705761062368e-01
3.670623073490216770e-01
3.671367537396290071e-01
3.670577336350063780e-01
3.670560800191349782e-01
3.670473655548531222e-01
3.670319480941228729e-01
3.670687650352856823e-01
3.671233267912820675e-01
3.670568062374702234e-01
3.671155716751782760e-01
3.670422043379155674e-01
3.671226908168733205e-01
3.670404849571397565e-01
3.669991504697176499e-01
3.670068259477145545e-01
3.670304271561012355e-01
3.670203071102153825e-01
3.670783421973240479e-01
3.669852520653166250e-01
3.670042789789126347e-01
3.669733763388504100e-01
3.669944529037665326e-01
3.669577559261427702e-01
3.669987736758185681e-01
3.669815831441824994e-01
3.669555843235449144e-01
3.669392369081411198e-01
3.669723455712431415e-01
3.669538695119083926e-01
3.669985728038721029e-01
3.669745024162551217e-01
3.669154288861400381e-01
3.669186300728683459e-01
3.669511031575623528e-01
3.669156672102478201e-01
3.669784747254035695e-01
3.669109104365970708e-01
3.669447094007541876e-01
3.669275449973251058e-01
3.669361646851030390e-01
3.669155000514511822e-01
3.669730852414255229e-01
3.669379967284456256e-01
3.669841861223190893e-01
3.668686193208670066e-01
3.668572775711130829e-01
3.668493389532482829e-01
3.668735039866578007e-01
3.668270694927525666e-01
3.668523161028439672e-01
3.668327437062455787e-01
3.669010249686018854e-01
3.668429145748695608e-01
3.668609048866590117e-01
3.668563180535839297e-01
3.669130284881077508e-01
3.668600062569006282e-01
3.668667555006057124e-01
3.668469216733143412e-01
3.668666996188592599e-01
3.668456800550015107e-01
3.668462860780167256e-01
3.668329515693027343e-01
3.668673222706290149e-01
3.668067698931978815e-01
3.668554399190152582e-01
3.667964752031346864e-01
3.667806730208635901e-01
3.667932129378564943e-01
3.668810085107435115e-01
3.667723945075748726e-01
3.668050777310647992e-01
3.667884334913648625e-01
3.668179243347703400e-01
3.667786318265956469e-01
3.668003727468968633e-01
3.667892445842228510e-01
3.668144568359842372e-01
3.667925814896560444e-01
3.668205778480793655e-01
3.667613961710196602e-01
3.668157729050568472e-01
3.667583449883159985e-01
3.668379422888902730e-01
3.667217034382247443e-01
3.667239052744020178e-01
3.667257226243895163e-01
3.667516595829372616e-01
3.667315269999797400e-01
3.666859971331765111e-01
3.666962036196526054e-01
3.666684367928100263e-01
3.666736137359586367e-01
3.666897711944605009e-01
3.666642504931512669e-01
3.666939676872199017e-01
3.666888735348826645e-01
3.667033084256374753e-01
3.666463956655661716e-01
3.666727324289647538e-01
3.666377182640692123e-01
3.666952053555266322e-01
3.666409312593070235e-01
3.666404016304650737e-01
3.666271570050484430e-01
3.666362639521443811e-01
3.666564397952367105e-01
3.666860198469885090e-01
3.666320295403833196e-01
3.666890216477513009e-01
3.666243115776143258e-01
3.666688689209309793e-01
3.666221995497844222e-01
3.666856490522196754e-01
3.666058896036172299e-01
3.666275253906953746e-01
3.666299739692316373e-01
3.666435834459804699e-01
3.666109383958883194e-01
3.666039479294934678e-01
3.666146601808923378e-01
3.668296053446143401e-01
3.665736233427835389e-01
3.665672139992026679e-01
3.665851341897404247e-01
3.665574506201826344e-01
3.665783725207167887e-01
3.665228954901336156e-01
3.665231443070264272e-01
3.665336553605597070e-01
3.665213688453263785e-01
3.665222581984911021e-01
3.665152521693497145e-01
3.665337871311761808e-01
3.665249983280321477e-01
3.665815581529990874e-01
3.665225878210141008e-01
3.666186034453913223e-01
3.665155174789818115e-01
3.665282479334182608e-01
3.665168252040784669e-01
3.664492456918618246e-01
3.664804852407609337e-01
3.664800230523425073e-01
3.664388572778394249e-01
3.665341054580238955e-01
3.664644782330010453e-01
3.664767440935418064e-01
3.664317928160230053e-01
3.664350475019665376e-01
3.664436590429538398e-01
3.664756244459811407e-01
3.664321514769478538e-01
3.664946510818827274e-01
