9.917460210182171831e-01
9.934969186843031208e-01
9.926201718616509684e-01
9.911753282319273328e-01
9.850103919264092678e-01
9.793693608112805649e-01
9.763423008285654348e-01
9.679523974318049451e-01
9.633536179515457265e-01
9.633338495107944821e-01
9.633380280222182401e-01
9.600304324810368106e-01
9.562677675642244912e-01
9.488587590026746899e-01
9.498070710340636991e-01
9.488596788334782151e-01
9.543389080337421060e-01
9.190624649403945634e-01
9.019156456588868220e-01
9.012015346799001625e-01
9.150034866877896356e-01
8.858724089104411670e-01
8.708679427431843534e-01
8.826428974991111787e-01
8.929535361366246482e-01
1.129761482229630465e+00
8.675821749691247087e-01
9.283615510535493387e-01
8.675821749691245977e-01
8.675821749691245977e-01
8.656242546524970383e-01
9.102635088223236526e-01
9.019392856025564287e-01
8.901754227066591696e-01
8.656242546524972603e-01
8.649963361693304709e-01
8.701602137281897464e-01
8.856847969889133365e-01
8.649963361693304709e-01
8.649963361693304709e-01
8.649963361693304709e-01
8.762277688423582012e-01
8.749246385346739485e-01
8.818760679853442364e-01
9.094654015909132694e-01
8.649963361693304709e-01
8.649963361693304709e-01
8.649963361693304709e-01
8.649963361693304709e-01
8.649963361693304709e-01
9.524527211883744293e-01
9.511246535699581228e-01
8.649963361693304709e-01
8.649963361693304709e-01
8.649963361693304709e-01
9.370394294554077463e-01
8.649963361693304709e-01
8.649963361693304709e-01
6.899551084461222894e-01
6.167976155826149220e-01
7.620925151091381133e-01
6.180874264192285361e-01
6.191179918001749050e-01
6.179412138586766190e-01
7.593658932709089759e-01
6.175417786739932913e-01
7.613017484922375289e-01
5.913419746165952118e-01
6.094499849981064310e-01
6.900224660158742473e-01
5.801133313412594195e-01
5.780224343855346891e-01
6.922396221889537404e-01
5.782134612797745765e-01
5.779729694251007910e-01
5.805050064865331372e-01
6.102162392749586051e-01
6.160139206613454155e-01
5.767371084741549359e-01
6.067996651747489256e-01
7.179291308000568250e-01
5.790096018305660452e-01
5.671376114631256904e-01
5.559306118401530217e-01
5.642515305331784470e-01
5.701936655677984911e-01
5.817090109892839589e-01
5.559306118401527996e-01
5.243393225766943555e-01
5.243393225766943555e-01
5.921328620017942690e-01
5.197886362126055149e-01
6.248160202620567372e-01
5.219639893123740881e-01
7.393190615546246791e-01
5.197886362126054038e-01
4.607307178603705644e-01
4.797044778266326692e-01
4.980030811905113985e-01
4.703767462522021048e-01
4.710161437658832995e-01
4.604409531158700219e-01
5.604660285412975673e-01
4.604409531158700219e-01
4.395739563308435072e-01
4.395739563308436182e-01
4.608045762924554145e-01
4.395739563308435072e-01
4.653565564197720827e-01
4.395739563308436182e-01
4.720865712253013435e-01
4.395739563308434517e-01
4.828459391833983538e-01
4.395739563308436182e-01
5.021527990368434002e-01
4.395739563308435072e-01
5.440442939099733310e-01
4.572310778737039283e-01
4.801386606148114744e-01
4.389369480222273245e-01
5.497510603953428276e-01
4.556810194029024541e-01
6.332155627076220261e-01
4.496517354091321694e-01
5.072865878084551472e-01
4.380006269053655643e-01
4.862484212998765543e-01
4.375831507616153027e-01
4.488474213856253892e-01
4.338921454941906397e-01
5.281774886356671583e-01
4.336419146904562649e-01
4.692833917722084580e-01
4.336730293961846838e-01
4.726905011370273191e-01
4.348672461637588249e-01
4.975876706166906804e-01
4.211374488048147957e-01
4.230495314507000115e-01
4.214979622144107152e-01
4.341317706721040115e-01
4.275086977047841685e-01
4.223270819791626884e-01
4.289776621952284263e-01
4.534640517538712778e-01
4.211374488048145737e-01
5.504110194009790291e-01
4.366108385415425341e-01
4.584023131663534922e-01
4.211374488048145737e-01
4.960588456270604296e-01
4.208604967510937711e-01
4.250108114972426243e-01
4.210625981013838004e-01
4.884492751641593133e-01
4.307587442759692187e-01
4.470378105960338688e-01
4.601528431086944204e-01
4.857578568561652377e-01
4.267449186252413318e-01
4.502738767409160126e-01
4.172998152257014759e-01
4.504930672839105865e-01
4.214674492596874877e-01
4.603593313899277395e-01
4.218933761021169682e-01
4.397246249120285166e-01
4.350706041905876287e-01
4.216173245460558827e-01
4.263384721597222038e-01
4.303646758070251432e-01
4.250936274589116048e-01
4.521968131775379596e-01
4.491621411353476367e-01
4.184318028115358579e-01
4.286127878268216063e-01
4.172998152257014759e-01
4.514775710984394452e-01
4.192748682535132332e-01
4.331074720681896695e-01
4.173557603168935315e-01
4.654321115046903823e-01
4.167520148364854959e-01
4.183899749673840596e-01
4.168042581267463187e-01
4.272179873645714498e-01
4.171786205581985985e-01
4.238283188986180505e-01
4.167520148364853849e-01
4.389587370459019366e-01
4.240936643104928350e-01
4.239959845789020854e-01
4.148918665795943705e-01
4.411979077230289148e-01
4.126916912683406546e-01
4.123560050616876804e-01
4.122619119098905327e-01
4.233594614751264307e-01
4.126583076136891015e-01
4.691226859953014916e-01
4.115762347672524690e-01
4.309339012271343194e-01
4.111770442517518331e-01
4.283659387604926150e-01
4.082233476112001047e-01
4.023119491172115203e-01
4.001447604951658410e-01
4.047397345991433637e-01
3.998510713011189655e-01
4.039845622085777022e-01
4.024915428704370912e-01
4.013099320670449055e-01
3.987470114924605014e-01
4.125743942608406933e-01
4.004166363597471689e-01
4.064350095206486491e-01
4.013608060536337785e-01
4.088912312342659061e-01
3.998517565721357858e-01
3.988366167205268376e-01
3.978294267368150394e-01
4.000861156151319098e-01
4.008666047286335021e-01
4.258677219213490850e-01
4.077424523697735226e-01
4.171301285895036015e-01
4.003912626950904552e-01
4.320539611336796093e-01
4.002148234165683327e-01
4.205277789259866950e-01
3.922433494408693599e-01
4.114251685107528367e-01
3.926092112331399653e-01
4.006173951995638527e-01
3.911831860267042105e-01
3.976602383179854705e-01
3.914774083384026659e-01
4.041307253774127917e-01
4.023691015477123822e-01
4.223036052896497750e-01
3.979768723004235009e-01
3.976339389869410490e-01
3.920178877654790228e-01
4.061316637952586683e-01
3.907805003242398878e-01
4.203811319827199799e-01
3.931003074215080328e-01
3.963590037575365210e-01
3.907805003242399988e-01
3.896517086180504852e-01
3.899567114678778590e-01
4.006486553375035453e-01
3.911825753730992505e-01
3.947212734142542256e-01
3.902832037088488915e-01
3.957615221446544318e-01
3.914682421620755970e-01
3.938546137477786924e-01
3.893441714641737161e-01
3.945237935848644462e-01
3.900712579085048315e-01
3.909509966897555255e-01
3.907880820707235192e-01
3.959016043181096678e-01
3.916166768174858537e-01
3.947455745735312660e-01
3.884040232630091571e-01
3.944392853375611740e-01
3.916957164481339460e-01
3.886199855841305784e-01
3.917617418907016202e-01
3.930296524935074642e-01
3.902328583916658267e-01
4.157891011034054451e-01
3.933368154671347816e-01
4.076931845670503929e-01
3.910043049606612420e-01
4.071240232010669979e-01
3.897512962850435692e-01
3.897540773259053348e-01
3.900470897512620105e-01
3.891069993052578280e-01
3.911245302342321595e-01
3.894565985795499508e-01
3.849850238213751163e-01
3.867347496585439859e-01
3.867703311124783272e-01
3.848681173973334535e-01
3.898376427178894543e-01
3.841670668065806371e-01
3.919281582583553636e-01
3.833999744972106383e-01
3.851727795795388265e-01
3.834048562916333447e-01
3.834769044881428668e-01
3.835695745781094734e-01
3.842760573104301858e-01
3.848497290139279436e-01
3.914826884232879278e-01
3.828704966075585081e-01
3.817864611907781369e-01
3.818892407517626708e-01
3.849657158041616123e-01
3.812050570236518166e-01
3.837422879466866332e-01
3.808791165459804451e-01
3.857246235934723155e-01
3.817275472555813343e-01
3.855309543231463243e-01
3.812420625495847593e-01
3.849070871069861233e-01
3.807145582317957300e-01
3.830897158918836753e-01
3.801552267164421961e-01
3.815273773330228324e-01
3.828450975702704095e-01
3.798271313756688694e-01
3.807659149101275675e-01
3.886290633990006627e-01
3.801118935316363245e-01
3.769929334299114698e-01
3.769268556349831267e-01
3.787842200190419395e-01
3.768052955867044473e-01
3.766608770862332478e-01
3.754528930889047267e-01
3.735960471221179136e-01
3.731477361491787881e-01
3.712387085837325351e-01
3.709841881103498884e-01
3.727113021101152723e-01
3.710901313697142490e-01
3.735238838161497599e-01
3.708067222915857331e-01
3.740636538106064113e-01
3.714340350874830166e-01
3.721739483524512671e-01
3.738773988871210707e-01
3.742278973163615796e-01
3.715839983531177282e-01
3.758041962630644939e-01
3.711708556150447036e-01
3.806837632814625283e-01
3.706644882781715555e-01
3.733539010965340466e-01
3.717833840733780759e-01
3.723383979504236718e-01
3.733944523789733405e-01
3.726224697243153416e-01
3.709968131618993081e-01
3.673284836982608770e-01
3.678173277598724145e-01
3.690131430300325199e-01
3.676663258491592035e-01
3.691870733942472227e-01
3.683111982376755522e-01
3.707040527761866211e-01
3.680951164782297336e-01
3.692465012700638094e-01
3.683098661650049399e-01
3.690045625362819992e-01
3.671959154014021176e-01
3.694270654265511267e-01
3.677040088417415920e-01
3.696633648341257072e-01
3.671409578210910185e-01
3.691154499900588526e-01
3.705198105854342061e-01
3.731232173821227294e-01
3.680591241864830665e-01
3.667990085436170777e-01
3.666537439863750136e-01
3.636026640643398866e-01
3.650585887220772485e-01
3.642097152476024835e-01
3.644551185036676300e-01
3.660315411349250869e-01
3.645111781689531760e-01
3.720450988013994653e-01
3.639474711098529824e-01
3.632114448128323514e-01
3.629995591636728802e-01
3.666365344891466260e-01
3.630119614445432297e-01
3.658206029342278565e-01
3.628895854787388409e-01
3.652209415399642056e-01
3.630809126242015572e-01
3.657087504695456515e-01
3.633459842840262577e-01
3.689630006957120290e-01
3.631428850012584642e-01
3.635182598689175593e-01
3.635046474970434760e-01
3.616109548726783030e-01
3.630031151481600826e-01
3.670794851476850140e-01
3.614517906412182957e-01
3.695520095833819130e-01
3.618795437471388765e-01
3.652049083336685320e-01
3.606535201780231570e-01
3.608794686573854604e-01
3.605026638668110683e-01
3.641899097218241899e-01
3.602528969289832128e-01
3.629656086777963142e-01
3.617477586513337395e-01
3.618831166676046984e-01
3.630149232276917437e-01
3.696150661699148521e-01
3.603340503934867045e-01
3.611832122005197987e-01
3.606219707037697231e-01
3.604644810608657601e-01
3.615091037066273660e-01
3.599762821565957172e-01
3.609848914900141703e-01
3.604975569591788442e-01
3.596580610570371817e-01
3.609485628535695767e-01
3.607306399079303616e-01
3.611003970859653633e-01
3.601186173448243655e-01
3.614012262712930634e-01
3.621925567798542356e-01
3.602989107877404007e-01
3.598487472239072504e-01
3.635502207370788774e-01
3.604822169063860438e-01
3.591736334180604118e-01
3.593014989629197964e-01
3.690108927464170741e-01
3.594892238643320193e-01
3.600804943888625265e-01
3.602709516153175806e-01
3.568560303879410589e-01
3.569009794068158103e-01
3.583356416316165749e-01
3.568604956958442709e-01
3.617451253547160350e-01
3.579478511390704609e-01
3.590817023021920518e-01
3.579511657409419900e-01
3.577415129339806543e-01
3.572212459058746736e-01
3.574630836713036386e-01
3.575622139237757957e-01
3.587017930769069163e-01
3.566881225666055921e-01
3.590540843887803923e-01
3.566967947582411202e-01
3.598398540217269681e-01
3.567626126848627011e-01
3.617941363316123371e-01
3.574180147726082057e-01
3.588109427446161126e-01
3.584160226185857945e-01
3.629671373169054416e-01
3.570509906414225387e-01
3.624961530477279759e-01
3.565367473362814899e-01
3.582308348442315160e-01
3.565736255258000753e-01
3.576860976084909605e-01
3.556591073937035441e-01
3.578470294894756099e-01
3.558943023157045138e-01
3.625331538133523823e-01
3.562236406650994280e-01
3.570659142947039677e-01
3.568435928855820949e-01
3.566381269655671260e-01
3.564136307556777239e-01
3.582637788836233739e-01
3.558192706951583406e-01
3.577058438662762963e-01
3.559490816160878479e-01
3.555725266073065383e-01
3.557725742574209815e-01
3.555758878825809877e-01
3.562081895628605999e-01
3.556618485541261365e-01
3.558417618147814432e-01
3.556467772705814712e-01
3.559058725850241522e-01
3.560590655051319997e-01
3.556779812105488325e-01
3.555903510172601090e-01
3.558669890285541815e-01
3.557316773546547184e-01
3.560018746887334551e-01
3.565071341852518172e-01
3.566798561166723558e-01
3.558188951480196760e-01
3.563085746519966124e-01
3.554692291196918652e-01
3.559476017114320268e-01
3.554760182026661108e-01
3.558329140178609351e-01
3.566880116812020107e-01
3.553807512738980656e-01
3.558410085119979027e-01
3.561150486936711657e-01
3.566419828988972585e-01
3.557253042471003046e-01
3.550035428807231108e-01
3.554453597664349873e-01
3.553175461000023794e-01
3.548667790494494656e-01
3.546371842738653690e-01
3.555972181627952700e-01
3.549948954538740820e-01
3.552358354557528797e-01
3.549198976627456203e-01
3.553225821012075958e-01
3.543879226404166305e-01
3.541816897362898287e-01
3.541238282132373461e-01
3.539022492861490510e-01
3.537376231077250521e-01
3.541042302073518222e-01
3.537654795361726001e-01
3.538829961635775456e-01
3.535453710301795782e-01
3.541493629509991359e-01
3.538915844338128558e-01
3.546298415743886490e-01
3.536442245495715619e-01
3.536730478084419982e-01
3.539998908199695760e-01
3.534076122393178254e-01
3.537270711311237270e-01
3.533056827440974046e-01
3.534770438596191444e-01
3.550294931204821536e-01
3.532067243547801216e-01
3.541530498716720099e-01
3.532943947783469540e-01
3.530547775083549000e-01
3.533959049802576358e-01
3.539843614455349119e-01
3.534932584862796601e-01
3.532802467984592076e-01
3.529601243916918873e-01
3.532386582830896460e-01
3.531750004400168175e-01
3.543937282276741207e-01
3.533790110401849316e-01
3.544239597068579717e-01
3.533285326530351544e-01
3.528969697734592459e-01
3.531411254567345948e-01
3.530089731148335908e-01
3.531782997678542535e-01
3.535306370779043861e-01
3.529685984121428977e-01
3.539828913565874480e-01
3.529705731577990058e-01
3.536209124362501011e-01
3.527904749037176768e-01
3.538135879693553587e-01
3.523630049176991186e-01
3.547913874753874097e-01
3.524581869243762489e-01
3.532831591525303350e-01
3.523969565397723769e-01
3.535690565733529134e-01
3.521588301834975843e-01
3.519612417625876399e-01
3.525786745811390621e-01
3.519225491927049365e-01
3.518251328627814978e-01
3.534409022674725454e-01
3.518984252796278911e-01
3.528763089546946286e-01
3.514921079617120969e-01
3.520598772027390133e-01
3.519313788498412698e-01
3.520516174594566228e-01
3.519649083979898285e-01
3.520129338824048437e-01
3.514227080410100568e-01
3.521377007079994903e-01
3.512400175125269253e-01
3.515325387705240390e-01
3.514321481519152024e-01
3.526453353979636107e-01
3.515390636540595137e-01
3.518523862126929358e-01
3.510605217424675462e-01
3.520492430857840027e-01
3.509776219371316119e-01
3.512202283490981625e-01
3.510423744614415975e-01
3.514093201745768780e-01
3.510110800811708787e-01
3.514210280734551550e-01
3.511656487883631494e-01
3.519179381187785283e-01
3.512658760849595718e-01
3.515946063010237377e-01
3.511078888931579156e-01
3.518697668635038522e-01
3.509381081659578849e-01
3.517557542919663716e-01
3.511517880239648504e-01
3.513960762197771426e-01
3.508883797085571299e-01
3.517427550521561308e-01
3.507734774538360800e-01
3.508198651437697269e-01
3.510813101346934029e-01
3.526935918347725574e-01
3.510812024259412634e-01
3.516420424921711252e-01
3.507863268447407590e-01
3.508983773647689208e-01
3.508267759235105809e-01
3.509409759677593610e-01
3.509708092551909742e-01
3.512651301096164080e-01
3.509130912726449170e-01
3.516660604956128311e-01
3.512311712488505044e-01
3.513896721380384003e-01
3.506504822386579123e-01
3.513856258724970538e-01
3.507921442548533886e-01
3.510228763603955304e-01
3.508474407188171273e-01
3.510923498576851709e-01
3.507206847035164166e-01
3.515632669759630180e-01
3.508011502661751990e-01
3.507662762892777564e-01
3.510274498641804963e-01
3.513409673115939214e-01
3.505597289939647587e-01
3.505595616273983195e-01
3.506878386845844187e-01
3.505819105468814256e-01
3.504625437374701558e-01
3.504607317435806113e-01
3.504154301397383597e-01
3.503797375046338591e-01
3.504267088215829440e-01
3.503231885356754005e-01
3.501561481909645779e-01
3.502466795786081666e-01
3.503729587546268176e-01
3.502977192714514798e-01
3.503217395070039042e-01
3.501136598315253146e-01
3.503458878277582733e-01
3.500352830636756507e-01
3.503746454065604921e-01
3.501116571211893014e-01
3.502056017987432157e-01
3.500977374725777191e-01
3.502396176006786210e-01
3.503028463814028548e-01
3.498036041859292622e-01
3.501499487450618897e-01
3.495530728125532116e-01
3.494582699431897366e-01
3.495088619588171408e-01
3.495751392003149660e-01
3.494552506610042464e-01
3.495730200021569534e-01
3.496526706457698253e-01
3.494711283388586831e-01
3.490752534346444613e-01
3.490819118141570976e-01
3.488062423360693276e-01
3.488213307151997178e-01
3.488986274414621058e-01
3.487952546516696062e-01
3.495634868125856443e-01
3.487018313035824546e-01
3.487183026477357339e-01
3.488246007871085852e-01
3.487123459353204113e-01
3.486886222498791210e-01
3.485651222937218852e-01
3.485260685513341672e-01
3.485651440452196548e-01
3.485805017768250913e-01
3.485515437679582718e-01
3.485708247975934926e-01
3.485184886592194164e-01
3.485752621752157832e-01
3.485858755485230498e-01
3.484478662054292242e-01
3.484193907671302437e-01
3.484180967227889503e-01
3.487583893830243920e-01
3.483532489548054611e-01
3.482725381231343009e-01
3.481241736334753090e-01
3.487441152621139073e-01
3.482844364289074401e-01
3.481446991909737942e-01
3.481690829458892189e-01
3.484347102720451450e-01
3.480677852197043287e-01
3.480285409842600042e-01
3.479050664968830198e-01
3.478569850919530637e-01
3.478737572842431347e-01
3.477929791801211978e-01
3.476552351652595907e-01
3.475232304597620780e-01
3.474609579952778748e-01
3.475207782789530575e-01
3.474338918284778366e-01
3.473760926804614346e-01
3.474293730272852154e-01
3.472117087354667508e-01
3.471132713948045234e-01
3.474596824872241974e-01
3.471876006941708726e-01
3.471352909514829888e-01
3.472378424178930167e-01
3.470738045120540516e-01
3.471021088326230464e-01
3.472983284932195103e-01
3.471344047445255598e-01
3.471615751518380977e-01
3.471468680486430314e-01
3.478621453857157486e-01
3.470453335909590709e-01
3.470657329020260251e-01
3.470813830323609128e-01
3.471125806518263190e-01
3.470292353585168743e-01
3.470141222583303375e-01
3.471807480746467167e-01
3.470847084182850928e-01
3.470421942173520513e-01
3.470577787680716453e-01
3.470515637902973349e-01
3.469570363066041829e-01
3.469965783705925566e-01
3.470595528961280540e-01
3.470207304880217891e-01
3.470022880429674550e-01
3.470463240173343733e-01
3.469364179477291144e-01
3.469948215605657693e-01
3.469381686540329857e-01
3.468544030010344836e-01
3.467971620460739146e-01
3.468093480382547500e-01
3.470215316478132972e-01
3.467158126742824753e-01
3.467563853899039428e-01
3.467865345221368689e-01
3.468273673930157841e-01
3.469531997380284616e-01
3.467965819826975826e-01
3.467457527471530243e-01
3.467856788393967049e-01
3.466497003935316568e-01
3.469921083110364401e-01
3.465745142615895280e-01
3.468673538644512777e-01
3.465936585799702652e-01
3.464167486180507738e-01
3.463939006055692937e-01
3.467890508120054505e-01
3.463907136401520037e-01
3.465374435404799947e-01
3.463517755371499085e-01
3.468508126874019215e-01
3.464393668911545654e-01
3.462731895675799643e-01
3.461635752079387229e-01
3.462819465802677854e-01
3.462340394869529159e-01
3.464527506604975771e-01
3.461553160982573929e-01
3.462023782720072829e-01
3.460999785241246629e-01
3.462088865431406925e-01
3.461273512400142027e-01
3.462997050787210984e-01
3.461440484088664782e-01
3.461402011243179255e-01
3.461694403986513846e-01
3.461215275778297684e-01
3.462156098139799743e-01
3.462359937507533125e-01
3.461515461189995091e-01
3.463694824669887873e-01
3.461079220436007464e-01
3.463774801050194529e-01
3.461515188421036004e-01
3.462469347711046863e-01
3.461095410215360713e-01
3.466392025019457424e-01
3.461533254323416187e-01
3.461912796125682923e-01
3.463593919368220253e-01
3.461816685762906243e-01
3.460667702417759006e-01
3.460471619831752554e-01
3.461361578786869564e-01
3.460852586890036942e-01
3.460951515786019339e-01
3.459747863802578038e-01
3.459424608510507371e-01
3.461094908530474856e-01
3.460345643489480816e-01
3.459631252739657215e-01
3.460050856055153501e-01
3.459861630369080454e-01
3.459699109395053540e-01
3.461850552763173217e-01
3.460341647752419592e-01
3.460058724455010171e-01
3.459138944720789866e-01
3.459477761962550524e-01
3.458817884919803132e-01
3.459550106891096100e-01
3.459391476391379117e-01
3.460128244752572191e-01
3.459321067240899161e-01
3.459450090074825401e-01
3.459998301606240223e-01
3.460118663329849742e-01
3.459162079053575423e-01
3.460094365989943022e-01
3.458770232620352880e-01
3.459558619863950524e-01
3.460942765882493721e-01
3.457405634860732380e-01
3.458481122049742451e-01
3.459569490254714719e-01
3.458169408873819073e-01
3.460371434301771076e-01
3.458283087098133479e-01
3.457620518286392830e-01
3.457371853354018199e-01
3.457088451727606815e-01
3.457297384235080706e-01
3.457356335117735546e-01
3.457904262576073084e-01
3.456425879253169908e-01
3.457346185946560402e-01
3.461108536606563035e-01
3.456442006100317599e-01
3.460667007300278208e-01
3.456224176182937646e-01
3.456839818485530347e-01
3.456603097987767104e-01
3.458227281521579211e-01
3.457171806866759511e-01
3.457506379221169657e-01
3.455980194023848817e-01
3.456522001874849925e-01
3.456259327995232500e-01
3.456653782588108292e-01
3.455489265726854331e-01
3.456843961612054428e-01
3.455374001722589794e-01
3.455975589787840252e-01
3.454620785807072103e-01
3.458851561752532833e-01
3.454162130512912210e-01
3.453781362807285538e-01
3.454090715744652096e-01
3.455163470000948700e-01
3.454652156575069299e-01
3.453302255161372902e-01
3.452961381975493960e-01
3.454474473613181051e-01
3.453357450938982498e-01
3.453873058176176736e-01
3.452842903888171944e-01
3.453147009516270849e-01
3.451425252764210860e-01
3.452694394155128021e-01
3.453131940077567297e-01
3.451474218865543953e-01
3.452597429561440334e-01
3.452460123021871552e-01
3.451204392589876102e-01
3.453269850045504463e-01
3.452242666971593876e-01
3.452347982814755190e-01
3.451540534743895994e-01
3.449451795108591234e-01
3.449672186787492434e-01
3.448536275783796179e-01
3.449268392606885669e-01
3.451360895703869391e-01
3.449069073911215089e-01
3.450794971879563855e-01
3.449707880358717782e-01
3.449523731711946484e-01
3.449330149352411445e-01
3.449849073434009261e-01
3.448933296599396847e-01
3.449663378600617003e-01
3.449033801408599165e-01
3.451120463292577933e-01
3.448476255927608314e-01
3.448725991576843675e-01
3.449257534886815968e-01
3.448404365522030890e-01
3.448142367928627716e-01
3.447206984519184947e-01
3.446639253461324937e-01
3.449122710733055208e-01
3.446124199254305687e-01
3.448361192044978596e-01
3.446679405663310991e-01
3.447616956484765849e-01
3.445666387679268694e-01
3.445959470679837433e-01
3.445583744867006804e-01
3.446622727137778064e-01
3.445596446590755146e-01
3.446174538271635224e-01
3.445347351669618141e-01
3.446581187567661630e-01
3.445654871371665040e-01
3.449400430413757102e-01
3.444756735091349942e-01
3.446571485460520612e-01
3.444644516129756751e-01
3.446780427593801877e-01
3.445367861156016231e-01
3.444114652770687846e-01
3.443941723680765121e-01
3.443429277417395240e-01
3.443352779196928726e-01
3.444875254441595591e-01
3.443425704019062450e-01
3.445736260880642443e-01
3.443721516024765283e-01
3.445341398203804473e-01
3.443086727505925149e-01
3.446289817984672932e-01
3.443448979439493463e-01
3.444633582515462811e-01
3.444007761039021842e-01
3.445707810728383391e-01
3.443185378064314572e-01
3.444048913787152721e-01
3.444863115671232823e-01
3.447906551609039583e-01
3.442516021914692192e-01
3.444717211836159088e-01
3.444302182982806326e-01
3.442771738806306159e-01
3.442125596142255328e-01
3.442181676111542021e-01
3.442315229888032180e-01
3.443007678354830792e-01
3.443366773812419068e-01
3.442919272347599868e-01
3.442827571412935272e-01
3.442375697626384179e-01
3.442114112166173023e-01
3.443264192254554823e-01
3.441753170952857599e-01
3.443058473084774640e-01
3.442246101200105990e-01
3.443072094150831375e-01
3.442160448135884177e-01
3.443554821724211235e-01
3.442733969536237448e-01
3.444072330468603838e-01
3.442574974191360826e-01
3.444262258126898346e-01
3.442483480900089821e-01
3.443521387552465063e-01
3.441786417153962496e-01
3.442232317874299174e-01
3.441820555621367128e-01
3.443042113095047263e-01
3.441944984381206107e-01
3.442554381707254585e-01
3.442014811859764878e-01
3.442547671107452634e-01
3.442816145733629263e-01
3.442453630769311546e-01
3.442010756875567012e-01
3.444388067519604246e-01
3.442482637606347207e-01
3.441940544636001853e-01
3.442222320396843838e-01
3.442954642727549253e-01
3.441466463674471843e-01
3.441916385113706345e-01
3.441188691166116587e-01
3.443806586480882559e-01
3.441128766664019456e-01
3.441762185815093744e-01
3.441260659701793623e-01
3.441654516080395187e-01
3.441130051978292803e-01
3.440984533218844343e-01
3.441073518647281837e-01
3.441298456165290398e-01
3.441200975354835045e-01
3.441178686271788023e-01
3.441219077234448642e-01
3.440608200670237649e-01
3.441604570806170438e-01
3.440876534042268675e-01
3.441662226258251356e-01
3.440777078703445291e-01
3.440877964808216061e-01
3.440521904283452836e-01
3.440130289435103794e-01
3.440144400844314387e-01
3.440612653905341101e-01
3.440030325857921234e-01
3.440573200850254865e-01
3.440016702126794113e-01
3.440008038693434522e-01
3.440298422752205987e-01
3.439873262759943207e-01
3.440013052310824659e-01
3.439835466077847959e-01
3.439894539771108928e-01
3.439281516178911424e-01
3.438927625700697321e-01
3.439211668228521757e-01
3.438782254776361347e-01
3.438886754869167062e-01
3.438700341934261551e-01
3.438983562099237612e-01
3.439094574431916795e-01
3.438742954681109354e-01
3.438561869002207949e-01
3.439483398880514575e-01
3.438781500159849291e-01
3.438543815974196005e-01
3.438597486179478802e-01
3.438323784101249836e-01
3.438388836729857623e-01
3.438824884996658504e-01
3.438410893848679595e-01
3.438691271500623481e-01
3.438551392676661433e-01
3.438399661683636532e-01
3.438267109199809601e-01
3.438342118305736106e-01
3.438463509569534837e-01
3.438832876491509372e-01
3.438129337761414162e-01
3.438687006105447530e-01
3.438065463020682500e-01
3.437468640447985946e-01
3.437794487403377786e-01
3.437261029034647253e-01
3.437459537422736799e-01
3.437404957125827498e-01
3.437329808303660195e-01
3.437227954752306025e-01
3.437282461761893559e-01
3.437474217489446815e-01
3.437414113459923981e-01
3.438464094639509527e-01
3.437651811268929158e-01
3.438037263390916198e-01
3.437152848967268692e-01
3.437632101072027879e-01
3.437225981622277771e-01
3.436475898886712232e-01
3.436423596569729288e-01
3.436327975267476909e-01
3.436778896614972600e-01
3.436133801886988026e-01
3.436223988323390266e-01
3.436323759461214489e-01
3.435941059852138380e-01
3.436848018716124331e-01
3.435767326055286786e-01
3.436281539734422630e-01
3.435867736514642279e-01
3.436553000098821475e-01
3.435756114836873154e-01
3.436062473290351638e-01
3.435565737050851887e-01
3.435690001223779544e-01
3.436073895898619779e-01
3.436117062358869378e-01
3.435891436778669150e-01
3.435307027954064840e-01
3.435167800507423763e-01
3.435489145920773701e-01
3.435357586738693181e-01
3.434997756513675227e-01
3.435171329598193934e-01
3.435690143557740273e-01
3.435276619772930085e-01
3.435059784696528062e-01
3.434849740854554745e-01
3.435173958704201835e-01
3.435254943428093788e-01
3.434948624248760907e-01
3.435058967965821664e-01
3.434586766066837771e-01
3.434578826142529739e-01
3.434707130117254925e-01
3.434599995691041685e-01
3.434499764805031274e-01
3.434560144698768358e-01
3.434746954340099356e-01
3.434487682842112255e-01
3.434868461225346614e-01
3.434509152885339422e-01
3.435208292253024709e-01
3.434683264179522189e-01
3.434215636926462589e-01
3.434401145339235906e-01
3.433901769257218795e-01
3.433590563384377181e-01
3.433370460961316373e-01
3.433462586810658301e-01
3.433528619800015336e-01
3.433498327265971373e-01
3.433976602408254641e-01
3.433621930549928258e-01
3.434135386106838550e-01
3.433502928351463424e-01
3.434120668102941809e-01
3.433337278602953679e-01
3.433434710250561350e-01
3.433569237707382871e-01
3.434109543359004091e-01
3.433107388385506220e-01
3.433571270254640040e-01
3.432819556396872196e-01
3.433217232003266117e-01
3.432810583880296917e-01
3.434133834336459690e-01
3.432749538836278314e-01
3.433009595980885953e-01
3.433126132771442407e-01
3.433407341546127478e-01
3.432866851412090248e-01
3.433482259873813502e-01
3.432539501016720895e-01
3.432471725789486561e-01
3.432515483092329900e-01
3.433015863818604241e-01
3.432428682150534538e-01
3.432577117092615038e-01
3.432509097887366245e-01
3.432511030117041950e-01
3.432542512682515978e-01
3.432642528043642893e-01
3.432706089246794212e-01
3.432425090358006692e-01
3.432337718401049509e-01
3.432674394188698352e-01
3.432327838525099373e-01
3.433071125654609257e-01
3.432271666258802090e-01
3.432653920189139285e-01
3.432528399936946584e-01
3.432276855720304831e-01
3.432647709186979479e-01
3.432900517715141153e-01
3.432300988881911152e-01
3.432425493667775607e-01
3.432387345674308698e-01
3.432725223999784081e-01
3.432555856543219597e-01
3.432880415212422598e-01
3.432323018738042686e-01
3.433579776245270221e-01
3.432177386516258588e-01
3.433418831247570524e-01
3.432580790712700392e-01
3.432118935072356880e-01
3.432100397796404856e-01
3.432441759754903954e-01
3.432054219463620548e-01
3.432328983121819554e-01
3.432124464836054933e-01
3.432267368778450511e-01
3.432569889016077735e-01
3.432620102859657574e-01
3.432000805689852108e-01
3.432262211237427918e-01
3.431880996044285315e-01
3.432193454611380257e-01
3.431849263705865072e-01
3.431898474309036939e-01
3.431784282353933513e-01
3.432487788416123120e-01
3.431736538124167679e-01
3.432042428327775063e-01
3.431713501713263281e-01
3.432151945608057919e-01
3.431822656366613766e-01
3.432401345774945822e-01
3.431854468261631985e-01
3.432089598316542256e-01
3.431863789271389353e-01
3.433265239462185980e-01
3.431714096051163287e-01
3.432064627707232529e-01
3.431822016657957164e-01
3.431551761433120906e-01
3.431802523956448692e-01
3.431732423368941132e-01
3.431810870200727726e-01
3.432066433679447637e-01
3.431368501736911103e-01
3.431815504834768160e-01
3.431310857241525736e-01
3.431751282635587263e-01
3.431533243508556597e-01
3.432249788948378288e-01
3.431342733472909079e-01
3.431764005358196035e-01
3.431463006248987035e-01
3.432003183087535270e-01
3.431470179861572656e-01
3.431882160244579261e-01
3.431274668747623102e-01
3.431607671375792590e-01
3.431510949426859192e-01
3.431693906282191620e-01
3.431332803022282829e-01
3.431826411909675301e-01
3.431496088680719980e-01
3.431743235146366144e-01
3.431436704458971088e-01
3.431241867436243820e-01
3.431304075763801920e-01
3.432134146776513739e-01
3.431258366973484741e-01
3.431380681363225271e-01
3.431315700894052023e-01
3.432405743729975423e-01
3.431329415685092088e-01
3.430811035586137092e-01
3.431068760980967025e-01
3.430661995777786744e-01
3.430798800198632259e-01
3.430904529907797818e-01
3.430755224761886102e-01
3.431574814183985245e-01
3.430813934283055699e-01
3.430696060372193656e-01
3.430702905805708691e-01
3.430579617245968493e-01
3.430490189065856232e-01
3.430783279509827532e-01
3.430513699601056010e-01
3.430962510279170763e-01
3.430729076102862485e-01
3.430987572307495626e-01
3.430433439728702294e-01
3.431001966894927646e-01
3.430424071176287892e-01
3.430807717120082923e-01
3.430392442737187353e-01
3.430415128765974542e-01
3.430618287518155674e-01
3.430397315726214647e-01
3.430272013584132473e-01
3.430607083704620974e-01
3.430571897010375459e-01
3.430506146480519769e-01
3.430409741732354245e-01
3.431070095088178395e-01
3.430530211300946153e-01
3.430228570817566713e-01
3.430080552455584963e-01
3.430791844334071250e-01
3.429854583159478998e-01
3.430217265757525835e-01
3.430145911710761331e-01
3.429947062677697889e-01
3.429976974838672699e-01
3.430540896169753107e-01
3.429850943640467831e-01
3.430130367825316440e-01
3.429944912685204961e-01
3.430102390468733331e-01
3.429986333362319284e-01
3.430478443071975914e-01
3.429904745094362606e-01
3.429977773811599961e-01
3.429992175570597546e-01
3.429973528657490611e-01
3.429969216306772983e-01
3.430128196413811947e-01
3.429757846692062517e-01
3.430679791607269546e-01
3.429732589893766947e-01
3.430028650969060844e-01
3.429817165158781656e-01
3.430914541174365784e-01
3.429842216239234465e-01
3.430134751021019501e-01
3.429942792071931645e-01
3.429708013551124313e-01
3.429789990090410523e-01
3.429879316605506934e-01
3.430170616393492522e-01
3.430230523128752207e-01
3.429878943677779346e-01
3.429915923916591614e-01
3.429590003590429204e-01
3.429497564540747168e-01
3.429377209579306252e-01
3.429908674738973984e-01
3.429353156743061848e-01
3.429635948165017933e-01
3.429359758922052026e-01
3.429995083230815145e-01
3.429447578698085475e-01
3.429853933400479615e-01
3.429579510221502092e-01
3.429518776539630109e-01
3.429362901093289118e-01
3.429631483841750206e-01
3.429374740704522750e-01
3.429702093794726458e-01
3.429409746625802780e-01
3.429999068121483141e-01
3.429502071062480173e-01
3.429853884266423902e-01
3.429429698614227529e-01
3.429941584335917115e-01
3.429499975813022350e-01
3.429471277852885747e-01
3.429388499596596751e-01
3.429575441478744935e-01
3.429506416843032257e-01
3.429305685360010680e-01
3.429373119416115334e-01
3.429430021567761999e-01
3.429483319413210163e-01
3.430213680039888580e-01
3.429504277659432554e-01
3.429752111849599383e-01
3.429333218814200057e-01
3.429924595386512065e-01
3.429586087818948248e-01
3.429779028137311392e-01
3.429496366893601267e-01
3.429620514306580548e-01
3.429308164151426697e-01
3.429557623794273202e-01
3.429352613028287533e-01
3.429966146596862275e-01
3.429472345139421008e-01
3.429402593010304479e-01
3.429410581859299034e-01
3.429500227032791226e-01
3.429382713123848569e-01
3.429808974489684248e-01
3.429270873191788693e-01
3.429216666641880518e-01
3.429210370340477487e-01
3.429257319900666512e-01
3.429143679567754344e-01
3.429182059024897256e-01
3.429343578291321193e-01
3.429242022191949513e-01
3.429225778103785482e-01
3.429191861364951355e-01
3.429173941060901232e-01
3.429091901985255042e-01
3.429201218722259803e-01
3.429101047695108928e-01
3.429336238696741312e-01
3.429041225806357951e-01
3.429018959478080664e-01
3.429056377854954873e-01
3.428991247966600708e-01
3.429012969804415834e-01
3.429011296074808701e-01
3.428983503517938902e-01
3.429065343674619903e-01
3.429028592555006805e-01
3.429255738416928101e-01
3.429054041764131866e-01
3.429111382242682748e-01
3.428939749039016105e-01
3.429052566400928592e-01
3.429024503495092802e-01
3.428784865554618810e-01
3.428910437867243033e-01
3.428907820666734496e-01
3.428891877546250133e-01
3.428824720850380814e-01
3.428823617026173221e-01
3.428820013921611842e-01
3.428805985380831145e-01
3.428706064725342562e-01
3.428722260434657332e-01
3.428716349103547723e-01
3.428707904192713762e-01
3.428728803035999140e-01
3.428713418521235345e-01
3.428674678386253727e-01
3.428690827247991568e-01
3.428642053807774426e-01
3.428729329348010335e-01
3.428710273574976375e-01
3.428655386665290239e-01
3.428987916497788224e-01
3.428550515474307336e-01
3.428590658890174891e-01
3.428576486772494381e-01
3.428610038196509557e-01
3.428543757527008906e-01
3.428638680312772746e-01
3.428564046227415840e-01
3.428549099725038407e-01
3.428559964407852934e-01
3.428602592687832740e-01
3.428563771702173302e-01
3.428650753983061850e-01
3.428523258794800022e-01
3.428530137432169722e-01
3.428526682446803586e-01
3.428596063368031799e-01
3.428526333624546396e-01
3.428751552069055353e-01
3.428533929766539035e-01
3.428616398405261445e-01
3.428583875099596723e-01
3.428608776812045456e-01
3.428525914133954688e-01
3.428736411410338580e-01
3.428567956826669705e-01
3.428531289060203213e-01
3.428572483993049258e-01
3.428558602447853709e-01
3.428529861768730980e-01
3.428586017932199193e-01
3.428547786363633221e-01
3.428572578954114936e-01
3.428569274472833550e-01
3.428607932597870223e-01
3.428521118898030795e-01
3.428541563474052367e-01
3.428511431939951226e-01
3.428748132768032475e-01
3.428542306196480371e-01
3.428614646373804309e-01
3.428411918664815983e-01
3.428538836986682603e-01
3.428480966691547227e-01
3.428486603958066370e-01
3.428451219351343338e-01
3.428479201933604115e-01
3.428470049943161402e-01
3.428540631753793089e-01
3.428471369589564111e-01
3.428510638027175150e-01
3.428416069936983668e-01
3.428559058091387168e-01
3.428388051045177520e-01
3.428364341618521660e-01
3.428441159997079879e-01
3.428322112817390188e-01
3.428309370308167958e-01
3.428380617925815277e-01
3.428334492262447020e-01
3.428353551665827004e-01
3.428302792985178371e-01
3.428311443159972050e-01
3.428327909439460308e-01
3.428299177174705670e-01
3.428302243838068919e-01
3.428399533906634766e-01
3.428363831968961883e-01
3.428269194420964783e-01
3.428247855742340144e-01
3.428513376605780705e-01
3.428273817316249139e-01
3.428307285668967808e-01
3.428308681783664991e-01
3.428258874130715173e-01
3.428333354215197248e-01
3.428343129791449617e-01
3.428259268182737296e-01
3.428328267309623256e-01
3.428250431192425007e-01
3.428493185202927118e-01
3.428322537060495834e-01
3.428258283534248996e-01
3.428238267598511801e-01
3.428310211258865925e-01
3.428251565001279588e-01
3.428320886233037212e-01
3.428219550098777768e-01
3.428268511472066793e-01
3.428251170018724592e-01
3.428315784650365350e-01
3.428236310748379312e-01
3.428042822368632669e-01
3.428056820507165980e-01
3.427952584319712281e-01
3.427958280819433101e-01
3.427990190030008044e-01
3.427951452209417327e-01
3.428054305641870525e-01
3.428001266907076405e-01
3.427965162044194769e-01
3.427934902132318551e-01
3.428049960296979393e-01
3.427999069271222554e-01
3.427984853434122847e-01
3.427987921642733360e-01
3.428085842007973505e-01
3.427931856540599731e-01
3.427939412757619042e-01
3.428003600052890731e-01
3.428010763740941824e-01
3.427906017445894737e-01
3.428065595731171200e-01
3.427837466204244343e-01
3.427831595506806717e-01
3.427896801206958277e-01
3.427894427600272076e-01
3.427931732952637089e-01
3.427995131148531271e-01
3.427862517077275295e-01
3.427807734400192818e-01
3.427836479007493331e-01
3.427801239846204884e-01
3.427830197614885610e-01
3.427773278561864201e-01
3.427818617734761375e-01
3.427974178250982051e-01
3.427731252326359779e-01
3.427744457076182805e-01
3.427762382751206038e-01
3.427764119644798879e-01
3.427767300300145759e-01
3.427785607527873424e-01
3.427916005798928301e-01
3.427721043093686637e-01
3.427732026668492971e-01
3.427659876906695158e-01
3.427680771859831221e-01
3.427699547460618112e-01
3.427735517122299513e-01
3.427737201049804172e-01
3.427624078997684176e-01
3.427542670452194962e-01
3.427487498262270504e-01
3.427607292642677050e-01
3.427501229458345122e-01
3.427562478537608537e-01
3.427534819464070348e-01
3.427465881640538448e-01
3.427506353724596444e-01
3.427630393267045994e-01
3.427410220714885991e-01
3.427325776803963886e-01
3.427404565742674936e-01
3.427366658613231198e-01
3.427340162954044533e-01
3.427320741091542389e-01
3.427409434042467673e-01
3.427274051912588826e-01
3.427301654801254149e-01
3.427180325975070496e-01
3.427237012703941432e-01
3.427208347511770947e-01
3.427256478111215254e-01
3.427126434280492462e-01
3.427118716690740752e-01
3.427130884024106594e-01
3.427130856157655781e-01
3.427223892645439030e-01
3.427127011199322393e-01
3.427345580265652170e-01
3.427127570996364447e-01
3.427388948459832996e-01
3.427101747689483280e-01
3.427127667817125856e-01
3.427180091355352953e-01
3.427151737530260700e-01
3.427106706991172036e-01
3.427136492412086177e-01
3.427019136570467195e-01
3.427221773235379909e-01
3.427039715985881752e-01
3.427144323023264549e-01
3.426906657894848718e-01
3.426952596893741987e-01
3.426896860172958248e-01
3.426969362874131564e-01
3.427084950803357954e-01
3.426945854739097963e-01
3.426901386347291911e-01
3.426920779119648763e-01
3.426905038690931105e-01
3.426899792492499874e-01
3.426929352152971453e-01
3.426903287578353940e-01
3.426965794644469265e-01
3.426956266799343620e-01
3.427010115488385855e-01
3.427029268018917940e-01
3.426892929210744732e-01
3.426955478044486081e-01
3.426921738007354112e-01
3.426906466111717675e-01
3.426938913731814584e-01
3.426942622397504690e-01
3.426901194562239628e-01
3.426954874317547639e-01
3.426921560440810977e-01
3.426818999330170645e-01
3.426879490812480555e-01
3.426842629507588223e-01
3.426813449734814054e-01
3.426975259149516728e-01
3.426824034922044682e-01
3.426859257849043106e-01
3.426810880698736295e-01
3.426875029252225979e-01
3.426804353302302930e-01
3.426929708116098761e-01
3.426775612397048865e-01
3.426823788889440392e-01
3.426762981597118451e-01
3.426867083587484264e-01
3.426774066636806282e-01
3.426785993417232334e-01
3.426849827580559782e-01
3.426767375422419271e-01
3.426753813021953254e-01
3.426741394871576918e-01
3.426778106197136409e-01
3.426932327820543800e-01
3.426738053280147800e-01
3.426583273553272524e-01
3.426578807438638297e-01
3.426554898029016694e-01
3.426596086835811406e-01
3.426756442396243219e-01
3.426519306460094616e-01
3.426641902575601750e-01
3.426610243250863830e-01
3.426461863817473752e-01
3.426441945720408166e-01
3.426573067042290033e-01
3.426467790150287129e-01
3.426376482916853039e-01
3.426378905013506282e-01
3.426538758810633301e-01
3.426421733639103961e-01
3.426640558977453455e-01
3.426449648079121779e-01
3.426444316021872161e-01
3.426282951111129793e-01
3.426478092769472683e-01
3.426315546700693937e-01
3.426335687672232844e-01
3.426312193434106756e-01
3.426352983167543220e-01
3.426337178729567667e-01
3.426441764128429490e-01
3.426293003698855921e-01
3.426297543477539453e-01
3.426268682633011320e-01
3.426316092331739838e-01
3.426279515134988407e-01
3.426228580776775057e-01
3.426212523125706788e-01
3.426238708169246361e-01
3.426260968781286165e-01
3.426214078006782349e-01
3.426202038089209978e-01
3.426300650688120508e-01
3.426246075329483221e-01
3.426376549138250294e-01
3.426208402227037819e-01
3.426242718476614213e-01
3.426187875638601055e-01
3.426217444306950410e-01
3.426205203726819803e-01
3.426252908024226551e-01
3.426169737174539209e-01
3.426028365230390782e-01
3.426047212690903065e-01
3.426107419773031793e-01
3.426035316873317083e-01
3.425975941325778429e-01
3.425982268543836251e-01
3.425948108254482372e-01
3.425979331806012218e-01
3.426159803166007878e-01
3.425987481904463894e-01
3.426225526323888881e-01
3.425955281276428233e-01
3.425931659696835330e-01
3.425918136385284751e-01
3.425996039057176978e-01
3.425893650835604709e-01
3.425936319150347242e-01
3.425872772108948805e-01
3.425943141018599203e-01
3.425851938287292064e-01
3.425875451261788385e-01
3.425865077754924326e-01
3.425882989825539404e-01
3.425845350389628563e-01
3.425877254891084855e-01
3.425954629004216434e-01
3.425849382847245828e-01
3.425794912677797011e-01
3.425754048663608442e-01
3.425796513914423080e-01
3.425856274279155400e-01
3.425742464716983182e-01
3.425762009558120380e-01
3.425822810612594860e-01
3.425703740655625107e-01
3.425764983791532159e-01
3.425806457161859053e-01
3.425707843396543217e-01
3.425985391447373130e-01
3.425724672252802860e-01
3.425811128505000802e-01
3.425724596552501278e-01
3.425722048465019709e-01
3.425670799739853334e-01
3.425735935357720474e-01
3.425687954053129314e-01
3.425884361721806548e-01
3.425683846855560044e-01
3.425674007558376921e-01
3.425674654684833231e-01
3.425722833504002973e-01
3.425670331911464528e-01
3.425705271006850294e-01
3.425678805500867452e-01
3.425660596612017939e-01
3.425658010298308631e-01
3.425688514485133451e-01
3.425672346300570048e-01
3.425854323995683459e-01
3.425659722716153932e-01
3.425669239733880045e-01
3.425775197992714238e-01
3.425595324363289729e-01
3.425625855443664713e-01
3.425655823735140326e-01
3.425622016594592201e-01
3.425767810392707502e-01
3.425608869927452282e-01
3.425567199838123744e-01
3.425589728464490391e-01
3.425471225044430246e-01
3.425469272837153301e-01
3.425539993649966974e-01
3.425506818850344026e-01
3.425448346254937881e-01
3.425400236506536134e-01
3.425482918476995264e-01
3.425518025172032410e-01
3.425461449249674883e-01
3.425363718557991044e-01
3.425485149908223947e-01
3.425329224724052990e-01
3.425457139310901233e-01
3.425436208317366726e-01
3.425414373480409891e-01
3.425458667283999281e-01
3.425256293709709188e-01
3.425309112124403921e-01
3.425535564847560499e-01
3.425297134655680975e-01
3.425418640296183925e-01
3.425307277296493758e-01
3.425217866881961060e-01
3.425327981961152624e-01
3.425419350926337536e-01
3.425238784136985792e-01
3.425412841307023948e-01
3.425240793338694134e-01
3.425095993198356004e-01
3.425185780405304858e-01
3.425093283357312224e-01
3.425115361163769134e-01
3.425112582120076188e-01
3.425124706344291337e-01
3.425201070038776940e-01
3.425072530062167053e-01
3.425299409270087803e-01
3.425067640250454293e-01
3.425458919894127652e-01
3.425110665394887066e-01
3.425156218630769356e-01
3.425112506056526285e-01
3.425042844391822938e-01
3.425170069055086808e-01
3.425294262736863771e-01
3.425068592499004305e-01
3.424950831981627419e-01
3.425020751901788896e-01
3.425063235282390650e-01
3.424972946806938978e-01
3.424936115069413534e-01
3.425142025349074970e-01
3.425075162957278430e-01
3.424922773464172399e-01
3.425029387982704843e-01
3.424897296049912443e-01
3.424985798723009789e-01
3.424888069664749901e-01
3.425337945755878022e-01
3.424917809644884570e-01
3.424811402959916373e-01
3.424705824972655854e-01
3.424748488289560133e-01
3.424776385524186395e-01
3.424829032347505575e-01
3.424689900596948333e-01
3.424666663261078936e-01
3.424711850022744697e-01
3.424693479202918778e-01
3.424775927384405283e-01
3.424818206700833700e-01
3.424940321966849499e-01
3.424527779390097448e-01
3.424537304505006485e-01
3.424832784746042469e-01
3.424516420775313152e-01
3.424567721199819892e-01
3.424420431525741493e-01
3.424159257214737795e-01
3.424136863435749412e-01
3.424115762360467885e-01
3.424106528705401775e-01
3.424125897456326006e-01
3.424156777575261823e-01
3.424215108022121146e-01
3.424112190997556371e-01
3.424108280333878485e-01
3.424247079661893456e-01
3.424265109711373545e-01
3.424195414489337175e-01
3.424216341340802217e-01
3.424143871243126580e-01
3.424166257743513908e-01
3.424097826733720207e-01
3.424145254464906474e-01
3.424059178697888561e-01
3.424175397823620015e-01
3.424059525461441988e-01
3.424053058430933660e-01
3.424016066698165606e-01
3.424111569506395059e-01
3.424130033562370334e-01
3.424242317365306931e-01
3.424027311582713007e-01
3.424048851794220250e-01
3.423967386164906146e-01
3.424040696144475260e-01
3.424024345043380491e-01
3.424020759726128516e-01
3.423937934091058621e-01
3.423996068466644838e-01
3.423930223087656155e-01
3.423951297690938089e-01
3.423930550169380638e-01
3.423938529454044200e-01
3.423905481703657938e-01
3.424002877781134879e-01
3.423914254077423114e-01
3.424071026109093974e-01
3.424110858228305299e-01
3.423832977575664294e-01
3.423856315149724217e-01
3.423917750312500674e-01
3.423887880755104307e-01
3.423910581670811526e-01
3.423953569039059897e-01
3.423761541959971511e-01
3.423698459403052841e-01
3.423729982355516177e-01
3.423678834730690679e-01
3.423566268320943906e-01
3.423684494120964317e-01
3.423687381393680229e-01
3.423617472590559929e-01
3.423679176471305929e-01
3.423557641293656362e-01
3.423844612965049050e-01
3.423515052392970270e-01
3.423542551535689316e-01
3.423410707582443258e-01
3.423308493556880272e-01
3.423361140128881042e-01
3.423412669757321392e-01
3.423330822656969197e-01
3.423371412304205275e-01
3.423448529662774797e-01
3.423167119439621264e-01
3.423154510925862648e-01
3.423233433891498256e-01
3.423232828565274666e-01
3.423201274705683916e-01
3.423156484384219378e-01
3.423245563717273732e-01
3.423252958649579125e-01
3.423163555989782170e-01
3.423184633344587557e-01
3.423096078672479559e-01
3.423122396866023487e-01
3.423156469657769874e-01
3.423024605258816466e-01
3.423057185357200050e-01
3.423013498297808876e-01
3.423193105307955619e-01
3.422949303574429614e-01
3.422942332366956664e-01
3.422900759911825519e-01
3.423079744847544736e-01
3.422946853011567536e-01
3.423002017977955225e-01
3.422956690469960428e-01
3.422816196257669197e-01
3.422855017583114612e-01
3.423087902987113074e-01
3.422833964889121505e-01
3.423083172634664439e-01
3.422758876912527226e-01
3.422782907918017203e-01
3.422775005225202061e-01
3.422926741511583271e-01
3.422761130929954376e-01
3.422797915112399392e-01
3.422757507915529795e-01
3.422710714904602658e-01
3.422663796016594540e-01
3.422900535030686808e-01
3.422675628472404141e-01
3.422813151105356111e-01
3.422726658747722861e-01
3.422610348563624449e-01
3.422673214213228787e-01
3.422703492141557780e-01
3.422733528970974826e-01
3.422735743378065298e-01
3.422731304334471480e-01
3.422567213620021365e-01
3.422603880901523565e-01
3.422521477310888072e-01
3.422551848383462714e-01
3.422647990160203602e-01
3.422627415084741331e-01
3.422644262747928656e-01
3.422605725037901614e-01
3.422645889166618938e-01
3.422596392521364272e-01
3.422730259337583014e-01
3.422601091624158931e-01
3.422725679384644448e-01
3.422537261480713688e-01
3.422574244450263259e-01
3.422621310562218300e-01
3.422579523596521178e-01
3.422555201675962500e-01
3.422456922729675277e-01
3.422600902172253656e-01
3.422405304641287782e-01
3.422530908914903081e-01
3.422483232634311312e-01
3.422472078188412148e-01
3.422274324566901282e-01
3.422304131255485826e-01
3.422358272863897377e-01
3.422402081781027450e-01
3.422287262604240543e-01
3.422274702015658532e-01
3.422275275716027410e-01
3.422258831480376462e-01
3.422122702136550787e-01
3.422129791280359434e-01
3.422167753656948919e-01
3.422108145689825576e-01
3.422174938781453180e-01
3.422160096809966912e-01
3.422140918365489393e-01
3.422139271766586055e-01
3.422161907463977526e-01
3.422142434762051599e-01
