1.010549700098677617e+00
1.011077212097954536e+00
1.007952136420216638e+00
1.002606690511568255e+00
1.004377981292934097e+00
9.978870749669302986e-01
1.003185567107988785e+00
1.003099976911070224e+00
9.972114698975247382e-01
9.972114698975247382e-01
9.972114698975247382e-01
9.965007169249592289e-01
9.996859974621022937e-01
1.002578242397915043e+00
9.954298931048384258e-01
9.954298931048384258e-01
1.002046470764743846e+00
1.039541629715287518e+00
9.991878217650341787e-01
9.954298931048384258e-01
9.954298931048384258e-01
9.954298931048384258e-01
9.954334536024903590e-01
1.008834319822682568e+00
1.020768167044033392e+00
1.027961974841249182e+00
9.954298931048384258e-01
9.954298931048384258e-01
9.954298931048384258e-01
9.954298931048384258e-01
9.954298931048384258e-01
1.007165349412084243e+00
9.958619437842690658e-01
9.954298931048384258e-01
9.954298931048384258e-01
9.954298931048384258e-01
1.002952379739600719e+00
9.954298931048384258e-01
9.954298931048384258e-01
9.463147767865562887e-01
9.789272930681084395e-01
9.486620497321858192e-01
9.647144886672771591e-01
9.438519784745686980e-01
9.443577631890892610e-01
9.402283255807808438e-01
9.498745441010055801e-01
9.618090855256318239e-01
9.391549832236572026e-01
9.445479013803671497e-01
9.570494721443387753e-01
9.391549832236572026e-01
9.355624457183354670e-01
9.355624457183354670e-01
9.764050411406340890e-01
9.352776201809892553e-01
9.724183081736544887e-01
9.578750837127149032e-01
9.578510321705140385e-01
9.389570976707342087e-01
9.385723376115241434e-01
9.340169488832095190e-01
9.364193136508573989e-01
9.298833817348539643e-01
9.493320165414164125e-01
9.298833817348539643e-01
9.311659663143869725e-01
9.298833817348539643e-01
9.314461734147927441e-01
9.298833817348539643e-01
9.318676460008800122e-01
9.298833817348539643e-01
9.325608198223704903e-01
9.298833817348539643e-01
9.338677556657156709e-01
9.298833817348539643e-01
9.369876726030151870e-01
9.298833817348539643e-01
9.495771112078090770e-01
9.221764225571048579e-01
9.343848185629025638e-01
9.173563448238500895e-01
9.519429949208180197e-01
9.273293040976831048e-01
9.356173429791676543e-01
9.158696893203943645e-01
9.787096311083749445e-01
9.304962822367535136e-01
9.163265953734510694e-01
9.236938570366158840e-01
9.218483702029376392e-01
9.261017203511274776e-01
9.158696893203945866e-01
9.159305461769394752e-01
9.146328738898775734e-01
9.222899209253915265e-01
9.167828924904751764e-01
9.215550639852139181e-01
9.146029561386771478e-01
9.172409880471159571e-01
9.137760466677038451e-01
9.151164350166430816e-01
9.136233117160669215e-01
9.136771880466818541e-01
9.135712977590731976e-01
9.138670394724739410e-01
9.121743322561964851e-01
9.054274493537862734e-01
9.054274493537862734e-01
9.056263482916746543e-01
9.044880884804430421e-01
8.984175860945950998e-01
8.978125136348453772e-01
9.055458704821568450e-01
9.041554397603208670e-01
9.083972946528023895e-01
8.990056585214690754e-01
8.983502479103694371e-01
8.989911555680981659e-01
8.953545025790584644e-01
8.982674559879005871e-01
8.974746231152240794e-01
9.004783277598240598e-01
9.106530445929036377e-01
8.953545025790583534e-01
8.850189859739925335e-01
8.932372164637923939e-01
8.743633375256051332e-01
8.736733717327526128e-01
8.683270204826845085e-01
8.703995632340505439e-01
8.801064865808323479e-01
8.648541332615397037e-01
8.666857410765592684e-01
8.618545626666064274e-01
8.562997216865159134e-01
8.562997216865172456e-01
8.719997976754740865e-01
8.585632407431346147e-01
8.678225087345635691e-01
8.560802944465540909e-01
8.528400003892377956e-01
8.535545375894021403e-01
8.518163113389258800e-01
8.517001809003579282e-01
8.520135261133801041e-01
8.576537729247759589e-01
8.608008541826486226e-01
8.517001809003578172e-01
8.560043051716426099e-01
8.485668348445540854e-01
8.481873230391078211e-01
8.541866906760118283e-01
8.463040363280982525e-01
8.512461358383596188e-01
8.608146044605856639e-01
8.478107194470998476e-01
8.461276353763480529e-01
8.428592089105151341e-01
8.320034049603156623e-01
8.321771084154382381e-01
8.614249896287624608e-01
8.320034049603156623e-01
8.290366089180370990e-01
8.342198116947499020e-01
8.238601544060589754e-01
8.286408543935237514e-01
8.303047383244903656e-01
8.270062920160641262e-01
8.307476302086046482e-01
8.258218320843502269e-01
8.454272438100824960e-01
8.241676315561650146e-01
8.301380052962189504e-01
8.223773838179350149e-01
8.319575560552829874e-01
8.222671232192875213e-01
8.190530785124140456e-01
8.190530785124148228e-01
8.320662087070641588e-01
8.191166585157758639e-01
8.320561508632602354e-01
8.189831370498094065e-01
8.197217830877592259e-01
8.186925065105403743e-01
8.191978037878518970e-01
8.185295000458486792e-01
8.276057763457328464e-01
8.185295000458486792e-01
8.186355261020459295e-01
8.253523811886257500e-01
8.222050816238951620e-01
8.237446093289684246e-01
8.114105645255003108e-01
8.115622420739434517e-01
8.283067289173092762e-01
8.114648946104924265e-01
8.405835613461996036e-01
8.098674398209037006e-01
8.212724547783333273e-01
8.112404198349908446e-01
8.177245221957585297e-01
8.098674398209039227e-01
8.226919787115102300e-01
8.092420475258470525e-01
8.244214588115958975e-01
8.089953156987854666e-01
8.121074066701315930e-01
8.151924238815783097e-01
8.230137571801996454e-01
8.092624867674922395e-01
8.100568817237659980e-01
8.125077318471033427e-01
8.126700158190238721e-01
8.101474790001867987e-01
8.152405923973589097e-01
8.128074942159060345e-01
8.113865795656313162e-01
8.074342244893389919e-01
8.092534700261414526e-01
8.073744135038763980e-01
8.069693178173050763e-01
8.068047818477395161e-01
8.079058916069401519e-01
8.068096566873829145e-01
8.078849703409082261e-01
8.068373259122351149e-01
8.085005313223417867e-01
8.068047818477397382e-01
8.111273142654308321e-01
8.070245661283669270e-01
8.097347789246088778e-01
8.069558567677710403e-01
8.098513449371006478e-01
8.066998781788450312e-01
8.093964016222370272e-01
8.071772281631149903e-01
8.099727154316469502e-01
8.071763476498647893e-01
8.094273345855491630e-01
8.069158591116631918e-01
8.101921668256444331e-01
8.085929456921001623e-01
8.065679763916758782e-01
8.075084196316114626e-01
8.063968995737804679e-01
8.050695032322594535e-01
8.032530564384440241e-01
8.043460996064863977e-01
8.033269835786953639e-01
8.033060771786321164e-01
8.045086499674251046e-01
8.039256549445352729e-01
8.064850847424839264e-01
8.045651644976068440e-01
8.045748519987674374e-01
8.045759186428508292e-01
8.067694201098136730e-01
8.036626547527574438e-01
8.043774060767143741e-01
8.042006359880834454e-01
8.099226128041469019e-01
8.027147229255817695e-01
8.063474323644227448e-01
8.025458077033880144e-01
8.052134233542392883e-01
8.022125062702091247e-01
8.026842070457650413e-01
8.029221106248701778e-01
8.047483865880868947e-01
8.018253352472155537e-01
8.026655788269186909e-01
8.026407523396646981e-01
8.054934173544258114e-01
8.023678850042725852e-01
8.047647060565811250e-01
8.018578924121755325e-01
8.025029655493780556e-01
8.018542087455307055e-01
8.042760325205788874e-01
8.018253352472166640e-01
8.030482047273531654e-01
8.026307299048406341e-01
8.039093818743465736e-01
8.030414268879346729e-01
8.017492840365201268e-01
8.019960579816570734e-01
8.021874069810271957e-01
8.017678788325404149e-01
8.015326382976246666e-01
8.016740865088313184e-01
8.014939598475327998e-01
8.018151903698786942e-01
8.014813693613408452e-01
8.017202736817249376e-01
8.019462440411033732e-01
8.016151396647775984e-01
8.016123803710315521e-01
8.023516302160541569e-01
8.015259041410668361e-01
8.021973416851209127e-01
8.015182221380081629e-01
8.018944630428942455e-01
8.027660144463366620e-01
8.012656050473887515e-01
8.016344535403602256e-01
8.016526857920476257e-01
8.015384551595096108e-01
8.012988550530236731e-01
8.011101601310971487e-01
8.010656494826291496e-01
8.013957907239056544e-01
8.001759047706009653e-01
8.002427021351210534e-01
8.000207329400448319e-01
8.004669612489000441e-01
8.005578587850528116e-01
8.001693346097960013e-01
7.996986985172442886e-01
7.996221953774528268e-01
7.999389190077618172e-01
7.997913261805461582e-01
8.004755333820364749e-01
7.996322005611593564e-01
7.997144377677930516e-01
7.996221953774532709e-01
8.003274245479254922e-01
8.005844284340634109e-01
7.987612159694992275e-01
7.993963429341561788e-01
7.985371325404209131e-01
7.991769462966008541e-01
7.972212779310362540e-01
7.970662574867314332e-01
7.967836943236321634e-01
7.958211909505392700e-01
7.960306291572666337e-01
7.961299673663591037e-01
7.962992317033711354e-01
7.960460568864301534e-01
7.960150548878596188e-01
7.963944039514291307e-01
7.957395710050670923e-01
7.943157145498482841e-01
7.944001949575382193e-01
7.943919022542266228e-01
7.945452173444755850e-01
7.945366641687883202e-01
7.944206770680676266e-01
7.943789157597035411e-01
7.943231822123402175e-01
7.946224850577301435e-01
7.943742748935953557e-01
7.955101060799152357e-01
7.941300694576595154e-01
7.937911385253361152e-01
7.938758766655128474e-01
7.942441296435112097e-01
7.934864189921994049e-01
7.934138894175565282e-01
7.934417535501878671e-01
7.933556589318097041e-01
7.934876415794755999e-01
7.926911492208736920e-01
7.929454800936652781e-01
7.933625222800386734e-01
7.927976296169066961e-01
7.927181238353424586e-01
7.926911492208752463e-01
7.957466357262740209e-01
7.924562820228014948e-01
7.916461059645500953e-01
7.916015336814092862e-01
7.918608023539762675e-01
7.927737526716898131e-01
7.918690436880702066e-01
7.908745964808244766e-01
7.908972012378724381e-01
7.909963160625276268e-01
7.911567679952944410e-01
7.906111126640388287e-01
7.907932492727831608e-01
7.929626213280177582e-01
7.908457673473536786e-01
7.887985674974674621e-01
7.888750210624767556e-01
7.896160582399252004e-01
7.877417199238394563e-01
7.882846303939514687e-01
7.872541882015795522e-01
7.869213456377212035e-01
7.867258832478948305e-01
7.877828706168911177e-01
7.870166294304836718e-01
7.862514184345790191e-01
7.857375777816053564e-01
7.858111061279858811e-01
7.857774566640145508e-01
7.855876522453902888e-01
7.862668780418847758e-01
7.855708355232580153e-01
7.840753361804654320e-01
7.838378276428147329e-01
7.837085791528075607e-01
7.843448802958248312e-01
7.837927731076022031e-01
7.855288831475325528e-01
7.838427559019335300e-01
7.839272476689478353e-01
7.837085791528082268e-01
7.842900853821187512e-01
7.839683916553179532e-01
7.845564038827833597e-01
7.841290845677516552e-01
7.836648900572110721e-01
7.837609509651729534e-01
7.839323618813514027e-01
7.843369875348186193e-01
7.839924762973751182e-01
7.837091623205234558e-01
7.846177818395358994e-01
7.838105325840516446e-01
7.840420980374763760e-01
7.837115467041579908e-01
7.846875439409591868e-01
7.837708856082977738e-01
7.843818292994138019e-01
7.835512642826772955e-01
7.833741618455887235e-01
7.840997777926401735e-01
7.833756018197952642e-01
7.831974247632687014e-01
7.834214479096985873e-01
7.828998058849387931e-01
7.836945673635066223e-01
7.833362600448684487e-01
7.813775212665987624e-01
7.817210701982417742e-01
7.812247863472766563e-01
7.812620063600759224e-01
7.838926126409864192e-01
7.812491965163952390e-01
7.813785983131248392e-01
7.810061318437080402e-01
7.813339005635372425e-01
7.812490401272007556e-01
7.807994206248578539e-01
7.810713474494884734e-01
7.808903555291424325e-01
7.808253142762840993e-01
7.812076210171209345e-01
7.809264074463738714e-01
7.804020230231348831e-01
7.804701905590860633e-01
7.808035291296758773e-01
7.804020230231333288e-01
7.810602037943583653e-01
7.818629366651890233e-01
7.788987893555837649e-01
7.787662772849047732e-01
7.792402580000955536e-01
7.783591010529237186e-01
7.770871316861380773e-01
7.772828867647146867e-01
7.771094554443852553e-01
7.768932381280965194e-01
7.768927908799598825e-01
7.769927588671081686e-01
7.771891966533182039e-01
7.767982558355506217e-01
7.764445470738156052e-01
7.764335010034072448e-01
7.766585397706584626e-01
7.766380098258421905e-01
7.760120423698478875e-01
7.779171275856311407e-01
7.742775814628428677e-01
7.739408843827201290e-01
7.751618547130521009e-01
7.735193110720659515e-01
7.733704353851846847e-01
7.738297590657720049e-01
7.731707172907279491e-01
7.734536779031818687e-01
7.734332815823306007e-01
7.725081606637890230e-01
7.721568754025336379e-01
7.726119275507324913e-01
7.727550957562795420e-01
7.729675318778932436e-01
7.720736695617628209e-01
7.723996800955270636e-01
7.718857455707907045e-01
7.711609157608391163e-01
7.712380320708979164e-01
7.719753726820616224e-01
7.711609157608412257e-01
7.724176542586085326e-01
7.707883427688609901e-01
7.702833861745094213e-01
7.705574894053328627e-01
7.714782400463672252e-01
7.703679876930907833e-01
7.695744533428144907e-01
7.694827334816399800e-01
7.696338979219412568e-01
7.700513495052094814e-01
7.694199777190071643e-01
7.699759095754453719e-01
7.692202971814706691e-01
7.704681590883243336e-01
7.697551663805115574e-01
7.691669302177589485e-01
7.693750361686830797e-01
7.684576372366449526e-01
7.678054226379816827e-01
7.702535322249892680e-01
7.672998040597646119e-01
7.670952673790139009e-01
7.674998324118507131e-01
7.665817603927151946e-01
7.663222763448783725e-01
7.661680687539915713e-01
7.664941204240738326e-01
7.663854366895697101e-01
7.662613382396882278e-01
7.659259981533866890e-01
7.654283351730287732e-01
7.644521655808650396e-01
7.643801472280313813e-01
7.652615549352569380e-01
7.639717707019360038e-01
7.637976511804350777e-01
7.640207966385498262e-01
7.638915189202544198e-01
7.640214773353171118e-01
7.633508412265839205e-01
7.633508412265820331e-01
7.642371356047339415e-01
7.639393070571068867e-01
7.644758611044957242e-01
7.632792254442286595e-01
7.672516617732786370e-01
7.638624264411353337e-01
7.614883896127531138e-01
7.616103834051217714e-01
7.609403275886823526e-01
7.609960471687835515e-01
7.609758962569787011e-01
7.616100632296072259e-01
7.614106699119275179e-01
7.614414160073244009e-01
7.614335629814344975e-01
7.598452020513628558e-01
7.612705349428077195e-01
7.601421962156701406e-01
7.623602360574172065e-01
7.597967862724580579e-01
7.607137823363627760e-01
7.598009260549181132e-01
7.607096967566748802e-01
7.594338522710794015e-01
7.591211004514848426e-01
7.599125394623968965e-01
7.584406167321633419e-01
7.591085767497279813e-01
7.579801720553888122e-01
7.588340454919810796e-01
7.578843287730849809e-01
7.579761272587178800e-01
7.582658606349704788e-01
7.570894324071628656e-01
7.572241299584955287e-01
7.571932990871242941e-01
7.566766014256237627e-01
7.569010370549246192e-01
7.559044571541555513e-01
7.556725012150995457e-01
7.558930907046913505e-01
7.558239187330703102e-01
7.558125606453537371e-01
7.556725012150987686e-01
7.560916329751847798e-01
7.561793800785133746e-01
7.578783067730656686e-01
7.558134039524917469e-01
7.549721369197532894e-01
7.551112766546905775e-01
7.558495296502057981e-01
7.546264715334116691e-01
7.546889491739643407e-01
7.548345687017985473e-01
7.549180631585411527e-01
7.543071704059670646e-01
7.549037246146264035e-01
7.545568341750110708e-01
7.550447864865206249e-01
7.540568713244548693e-01
7.548067427898599302e-01
7.542314471990453351e-01
7.547598902907026730e-01
7.542319548895241033e-01
7.545552389425133066e-01
7.543752889960766428e-01
7.547085841616872903e-01
7.546059465310522851e-01
7.549540048341889520e-01
7.539088680765525519e-01
7.531219012229846133e-01
7.534048014981022945e-01
7.536584777531954993e-01
7.534593940216675056e-01
7.531066156860426464e-01
7.534917609266026384e-01
7.544244718872866740e-01
7.537410658198070434e-01
7.530599475067533133e-01
7.533873132032895548e-01
7.532930447575836297e-01
7.532292403886450272e-01
7.526002866846757122e-01
7.528497176936710389e-01
7.535068298309947066e-01
7.526002866846764894e-01
7.536628108633236511e-01
7.523354568085067751e-01
7.520800496679475033e-01
7.516385476912579300e-01
7.519825751457767105e-01
7.524781379100887735e-01
7.517440203600639359e-01
7.519155146505279719e-01
7.504310849568498476e-01
7.511169960949037883e-01
7.505161237791567741e-01
7.504610696118154678e-01
7.502464484452633364e-01
7.498917920260219638e-01
7.495249160179318082e-01
7.496632033772721027e-01
7.497638975064389033e-01
7.504666807049579225e-01
7.494721423746549815e-01
7.496227594960734875e-01
7.495376243176190556e-01
7.496003665986608056e-01
7.497192361923981085e-01
7.512364454888809107e-01
7.495526790638391557e-01
7.490499551879727935e-01
7.494310058840538691e-01
7.486049790756112987e-01
7.487832430548717610e-01
7.488568949748569681e-01
7.493161729374785418e-01
7.486443934623089325e-01
7.481095482863049373e-01
7.491644648676303309e-01
7.479340265298736190e-01
7.477164318185264280e-01
7.474178621245594067e-01
7.469094026111552376e-01
7.469094026111511297e-01
7.467585550494397761e-01
7.468472131946920500e-01
7.478267853289115585e-01
7.463834393680525148e-01
7.463850403111146337e-01
7.466688509264786111e-01
7.473697008276576348e-01
7.463923325037985501e-01
7.485837328773862209e-01
7.467253532110654790e-01
7.456410610993027266e-01
7.455035330325195941e-01
7.452277910398341643e-01
7.450508255808683256e-01
7.459980972187594261e-01
7.456054749806875215e-01
7.461432047861538130e-01
7.448744367236139752e-01
7.455465390348949839e-01
7.450989635350959706e-01
7.452166116023901665e-01
7.449453380692098170e-01
7.448698171251088018e-01
7.452478054267697161e-01
7.457228398876307729e-01
7.453668329034462969e-01
7.450910619770351184e-01
7.453353588852721368e-01
7.455857140421447982e-01
7.446629097558881138e-01
7.446893394593915305e-01
7.450000915105016164e-01
7.451347213387849999e-01
7.443735364496855134e-01
7.455607097227604507e-01
7.444662804983396276e-01
7.459414043974550435e-01
7.447374279312966028e-01
7.434800948891563399e-01
7.433694620087067939e-01
7.433694620087086813e-01
7.434365611681763575e-01
7.433340317189247592e-01
7.437078885343963996e-01
7.437481782234386385e-01
7.438236881829910496e-01
7.433195051438371559e-01
7.435581419759413890e-01
7.435935594782088209e-01
7.446373142006210699e-01
7.433351613169215666e-01
7.431067596295429789e-01
7.427009258099047662e-01
7.422806013049486618e-01
7.421964434406630451e-01
7.432866029479459069e-01
7.421920867276169398e-01
7.431284745158185379e-01
7.419096273112080198e-01
7.419763074398739722e-01
7.419154339691113043e-01
7.428616386606848865e-01
7.421598521270503790e-01
7.429621824571450706e-01
7.424486880742640071e-01
7.413717706767868343e-01
7.415016732132672095e-01
7.410192844470834261e-01
7.411171053883280901e-01
7.411657820314736522e-01
7.412377181462815878e-01
7.410639010265869242e-01
7.412092616137120338e-01
7.415714760175392550e-01
7.410913868030511997e-01
7.418890368880891595e-01
7.415545238163518960e-01
7.432952172585943762e-01
7.403659008515950379e-01
7.399816200480177075e-01
7.405782062796516518e-01
7.398666611853004227e-01
7.399024515047818440e-01
7.396282658375356034e-01
7.396282658375409325e-01
7.414194410506876887e-01
7.396508164562988208e-01
7.397606853428732032e-01
7.401026970111905801e-01
7.395840875142388748e-01
7.396660439103632800e-01
7.418256904325137846e-01
7.384346985328879009e-01
7.382120605732660490e-01
7.384987716138522451e-01
7.386280475666695544e-01
7.377540578562958862e-01
7.382839116454875672e-01
7.383060926646944910e-01
7.376374735734915200e-01
7.371007469973093196e-01
7.371737491870437031e-01
7.372410433813572084e-01
7.371460611020771436e-01
7.382323819333527215e-01
7.358678525536885839e-01
7.354906993688035133e-01
7.354840503715971423e-01
7.355899020544027778e-01
7.361953749052851936e-01
7.357284783216856416e-01
7.358516371358492236e-01
7.347784682481756091e-01
7.350558185120632526e-01
7.351249091696113735e-01
7.345467106687897374e-01
7.348571578685439976e-01
7.345798381894333984e-01
7.345966643248283967e-01
7.349903816993906824e-01
7.343632186494486458e-01
7.342851485781316523e-01
7.335343075394709089e-01
7.338890411879306352e-01
7.339313467751350517e-01
7.332212827233304253e-01
7.334641569711917164e-01
7.348056889025668115e-01
7.334684215821666298e-01
7.328147352548913807e-01
7.330672934032361754e-01
7.334558821680360330e-01
7.319482891206111619e-01
7.337977069585507328e-01
7.314325959590567416e-01
7.301860616415390970e-01
7.302867556516698944e-01
7.301485214122127587e-01
7.300424483104707152e-01
7.315583247785137910e-01
7.300678656618165840e-01
7.301576335157102804e-01
7.300927543750868054e-01
7.311432938103847867e-01
7.302462574066771461e-01
7.314390905920402641e-01
7.301424657348059011e-01
7.311527415983386513e-01
7.303128454290958027e-01
7.311819478636338854e-01
7.298555270971253117e-01
7.302107107473638781e-01
7.302348137903665881e-01
7.299879036333641880e-01
7.310969075949517171e-01
7.296235753645202715e-01
7.296719436042541362e-01
7.299236935806699966e-01
7.295037849889393078e-01
7.295659098719072810e-01
7.303017533105413683e-01
7.317465263116348373e-01
7.302041829535163009e-01
7.286485388114856132e-01
7.284042421441394577e-01
7.291566189810236853e-01
7.284472611042220880e-01
7.285386601741343782e-01
7.283121746164472610e-01
7.279305751074298669e-01
7.276440967533172044e-01
7.288092196153781455e-01
7.277861355268780974e-01
7.293787635355544197e-01
7.274037834211254383e-01
7.302344730110655879e-01
7.268386931657564443e-01
7.252838185220145117e-01
7.253658760204108047e-01
7.251762301400608290e-01
7.250655636246664537e-01
7.252083108032488790e-01
7.243198970274092874e-01
7.244049117363084989e-01
7.252158928584833131e-01
7.244336524824641632e-01
7.245670261738050844e-01
7.245230772650208539e-01
7.243334298618490097e-01
7.243091358889380826e-01
7.246455449373231383e-01
7.243850074571771547e-01
7.246151248935051026e-01
7.244311976318488222e-01
7.253904298825342156e-01
7.244557498959848241e-01
7.244141753297209663e-01
7.245375498501958056e-01
7.247819565965510913e-01
7.244663769736933157e-01
7.255119022254717942e-01
7.244716799047994371e-01
7.251259924975289595e-01
7.249602942184966148e-01
7.252244969185028811e-01
7.242416190014144828e-01
7.248407236095623096e-01
7.241663998009952863e-01
7.236583078529028601e-01
7.238573692853729202e-01
7.230991481441374491e-01
7.235373004488022675e-01
7.235756947034067688e-01
7.235331233149957519e-01
7.239683809183781182e-01
7.230662386783412998e-01
7.239151942433320608e-01
7.235795568985513571e-01
7.243648223424548060e-01
7.226232914248978956e-01
7.227449782242716392e-01
7.223431647504982012e-01
7.229142196453525182e-01
7.230093791054835739e-01
7.224782664536792964e-01
7.225283120667265191e-01
7.220509513337596275e-01
7.220267476875485979e-01
7.222606231678102562e-01
7.219113710786254634e-01
7.226018688435735804e-01
7.219866216626938948e-01
7.224680647577212955e-01
7.219835676945869363e-01
7.230520505721818036e-01
7.219390649642943858e-01
7.220474074843101775e-01
7.218006937882184282e-01
7.228020849553394855e-01
7.219180000363453198e-01
7.219324694356054062e-01
7.219077916677407725e-01
7.223761504752894691e-01
7.218120706458818203e-01
7.217430664396446982e-01
7.217145653809819983e-01
7.219340761308759014e-01
7.217916682549377905e-01
7.227295522231929059e-01
7.211141255490807200e-01
7.229228591993132058e-01
7.215870187907142963e-01
7.207087554315340094e-01
7.213542756158833891e-01
7.203564159170485759e-01
7.202252832182203246e-01
7.214038503573161343e-01
7.207559438560782183e-01
7.192949098249410422e-01
7.193810842684994489e-01
7.189482562651539066e-01
7.188785129225910842e-01
7.198637235403030354e-01
7.195918550480167042e-01
7.197065180797477257e-01
7.198452047954342348e-01
7.189469272279124246e-01
7.195344292537223518e-01
7.185069040222765713e-01
7.185038076681922181e-01
7.181441726620775290e-01
7.181769334463018462e-01
7.184837411583396838e-01
7.180453149297703064e-01
7.176647210516297060e-01
7.175451122894724865e-01
7.187304845447879398e-01
7.175308763120038513e-01
7.182206483741914171e-01
7.174678332838366757e-01
7.178131320220391132e-01
7.174940302850111307e-01
7.177123537931289210e-01
7.176186246991869133e-01
7.175733866177813614e-01
7.175242598354296675e-01
7.176448816953632237e-01
7.173281742687913631e-01
7.177087963408181892e-01
7.174484399912198773e-01
7.182707603742671809e-01
7.175568830787737440e-01
7.187469969608649700e-01
7.166767209875091194e-01
7.165724028620508168e-01
7.168723442265253487e-01
7.166249138683181696e-01
7.167407324151002790e-01
7.173414282355773386e-01
7.165884670966369274e-01
7.170431171375442059e-01
7.169225821701088464e-01
7.167969533703313356e-01
7.169683429821211984e-01
7.177327422523122058e-01
7.167370283862768421e-01
7.174855030082488705e-01
7.166578453102864232e-01
7.173694826213331543e-01
7.169236946533669164e-01
7.174684597567937416e-01
7.164670351907673762e-01
7.161861315596782518e-01
7.162936410714477731e-01
7.164785963879205521e-01
7.164188381607878853e-01
7.160666754045023064e-01
7.159612073437076063e-01
7.164414954016563586e-01
7.163891082994536808e-01
7.160679534527714107e-01
7.160415351690763153e-01
7.161764615232671938e-01
7.159999683424844719e-01
7.165461152064095396e-01
7.159628789413865491e-01
7.160719733304192758e-01
7.160369921202207610e-01
7.159945800128835192e-01
7.161759741535838053e-01
7.164785983377084388e-01
7.159952397790518841e-01
7.159665381542875684e-01
7.166755364956103325e-01
7.158619501907865779e-01
7.157250085794769623e-01
7.157909852281179042e-01
7.158095345105128793e-01
7.157209324691449215e-01
7.157698343213894088e-01
7.157979118340039859e-01
7.157776728576309422e-01
7.157712578185011498e-01
7.158138712532876591e-01
7.156222598619148556e-01
7.157851092720838304e-01
7.156410476987227209e-01
7.157457197454554221e-01
7.156079210593159212e-01
7.156583910918939972e-01
7.157195806226173129e-01
7.154384581065473814e-01
7.156699469226658339e-01
7.156856424695993146e-01
7.156227840433692089e-01
7.153972492421850626e-01
7.155008348986869882e-01
7.155739678081075583e-01
7.153528208210511163e-01
7.149152944459389314e-01
7.147645525012698009e-01
7.147559422728192446e-01
7.147488975223114105e-01
7.146786365735208202e-01
7.146850162926478012e-01
7.147137900678910416e-01
7.146532908617463375e-01
7.146171586728046199e-01
7.146394212818888425e-01
7.146001969192037340e-01
7.146028847662313499e-01
7.146258193534301695e-01
7.146564466563626317e-01
7.146277450943766540e-01
7.152027416979022112e-01
7.144740176213746352e-01
7.144423092667236963e-01
7.145234273618593646e-01
7.141694981260640063e-01
7.141402204214198912e-01
7.140920277773618041e-01
7.142264756042737694e-01
7.142503916322046065e-01
7.140926610529848562e-01
7.140476686944328133e-01
7.140772198421837524e-01
7.139961616404812972e-01
7.140613114255996985e-01
7.138714208864891386e-01
7.139223702224206658e-01
7.138851814210118718e-01
7.139973724403768651e-01
7.140325500353076338e-01
7.139276176677350483e-01
7.139384745930221765e-01
7.139083603768244801e-01
7.138818670380449039e-01
7.138893033565908430e-01
7.141123501595130207e-01
7.139807150964140314e-01
7.143949782182009711e-01
7.138778440030494332e-01
7.136606835942257421e-01
7.139627866292412861e-01
7.138608054289945493e-01
7.136283226003489188e-01
7.136817491494361620e-01
7.137487566930562632e-01
7.136128550040097274e-01
7.136287927180021695e-01
7.136127367634722551e-01
7.135962435730721642e-01
7.136370012909454275e-01
7.136148804760046316e-01
7.136022498408078896e-01
7.137336008626830042e-01
7.136484581362549928e-01
7.139581714598207673e-01
7.136117341158294547e-01
7.136261287181813184e-01
7.136784781031058067e-01
7.134942638494063960e-01
7.134729266930647240e-01
7.133802413818053356e-01
7.133019620999553334e-01
7.133549487630331809e-01
7.134766368927538682e-01
7.134377486813449076e-01
7.133545346001065601e-01
7.130068349267292271e-01
7.132270591774544366e-01
7.130744991388729970e-01
7.129608307793979805e-01
7.129759084996982743e-01
7.129254909372404470e-01
7.129674781560229047e-01
7.130259593051607725e-01
7.129764451393103553e-01
7.129884507852084496e-01
7.129055894848267405e-01
7.126163366545371636e-01
7.128147706431748887e-01
7.126720870098076643e-01
7.130942295332439729e-01
7.127090356915135594e-01
7.128288730483977043e-01
7.125961237816798022e-01
7.127535632411499122e-01
7.126207411550102844e-01
7.125180896296390287e-01
7.125395878575205844e-01
7.126204363273684894e-01
7.124852515473756309e-01
7.125112147749972369e-01
7.125185902723375486e-01
7.124420988917944397e-01
7.124588724670725126e-01
7.124686372765740572e-01
7.125758620633778628e-01
7.124483218632795545e-01
7.123855087847571488e-01
7.126898797059149082e-01
7.124237993777262634e-01
7.124628334528250173e-01
7.123915441222383738e-01
7.124572806754432275e-01
7.123702853495499365e-01
7.123860871866600775e-01
7.124197983297737569e-01
7.127389980891828403e-01
7.122918541236503698e-01
7.126288638887916527e-01
7.123379021513824849e-01
7.123004100778926873e-01
7.123009396223425327e-01
7.122207815790536634e-01
7.122566232077440773e-01
7.121747617351706916e-01
7.121929098418142701e-01
7.127148027446075229e-01
7.124441602816719010e-01
7.120323598715836422e-01
7.120564486635407864e-01
7.121790804939658326e-01
7.120499755074425341e-01
7.122763329026811085e-01
7.120426254840267477e-01
7.121671095803026041e-01
7.120348284013205964e-01
7.122434654605119819e-01
7.120162415466188000e-01
7.119893770242211595e-01
7.120649501195909226e-01
7.119736529498733590e-01
7.120011196322384439e-01
7.123759224163267456e-01
7.119759652877321043e-01
7.122431115576113303e-01
7.119979098918718385e-01
7.121132194646171421e-01
7.119043578051520438e-01
7.121356394758480146e-01
7.119372235723809839e-01
7.122434241972085411e-01
7.119022327173336606e-01
7.119577930825097267e-01
7.120230514748512318e-01
7.121711979088475308e-01
7.119344737072347273e-01
7.119615321301068223e-01
7.119719614561871301e-01
7.120700228539069698e-01
7.119314538990503261e-01
7.120423604388828043e-01
7.120308696007078275e-01
7.118143792522036994e-01
7.118233256097861172e-01
7.125858039637733565e-01
7.118739959088197233e-01
7.121767354722935428e-01
7.118798219414133044e-01
7.120583618481566290e-01
7.118284791340677709e-01
7.120074470345542084e-01
7.117731128876256808e-01
7.118861341759993300e-01
7.117723697606423983e-01
7.120209506985049064e-01
7.117764714321259678e-01
7.119365209448650367e-01
7.117976402400700842e-01
7.116114146965232257e-01
7.116355012546466963e-01
7.117467598022370057e-01
7.116635396336994379e-01
7.116843514656655545e-01
7.116405106980283612e-01
7.119927052839913895e-01
7.116753939259817807e-01
7.117357585828403277e-01
7.116821133752239126e-01
7.118704220349163503e-01
7.116604942513191645e-01
7.116794287858390078e-01
7.116745653898727264e-01
7.117774644670360473e-01
7.116109320272556715e-01
7.117540863289774089e-01
7.116476216789783260e-01
7.117302246289687329e-01
7.116078480794876260e-01
7.120598879126656122e-01
7.115632603762735986e-01
7.115540321512294764e-01
7.114872223633730286e-01
7.114948800653335681e-01
7.115428839998196864e-01
7.115156969464424552e-01
7.115209784125526848e-01
7.114909592947400441e-01
7.115595687098521527e-01
7.115139779376035145e-01
7.115192674700107078e-01
7.115169859442806999e-01
7.115200319814181107e-01
7.114759397275501884e-01
7.114436213203193526e-01
7.114601443074045628e-01
7.114733459212652100e-01
7.114775072763467323e-01
7.114366913613203725e-01
7.114122576678456600e-01
7.113988456145265982e-01
7.113774965081999246e-01
7.113658025324306466e-01
7.113683746947870867e-01
7.113710303402471791e-01
7.113388516884662227e-01
7.113680545040456105e-01
7.113882462738316814e-01
7.112963964314763521e-01
7.113131333900470921e-01
7.113363610658276492e-01
7.112782756321616162e-01
7.112754298316945611e-01
7.112711351752082356e-01
7.113006210252811323e-01
7.112574989445040741e-01
7.112645219485964621e-01
7.112696556073696552e-01
7.112397249215304251e-01
7.112498708335315278e-01
7.114477073800216100e-01
7.112172196838228988e-01
7.112286065821977754e-01
7.111872387772005810e-01
7.111458388061904223e-01
7.111891487040616910e-01
7.111554072966688178e-01
7.111573611116853710e-01
7.111801467124504450e-01
7.111486335543839576e-01
7.111837658358679537e-01
7.111486098802605182e-01
7.111179326805855405e-01
7.111330072736082863e-01
7.111551141996786951e-01
7.111256988067617968e-01
7.112266297728970788e-01
7.111078251555627006e-01
7.111420074754478682e-01
7.111255673181707815e-01
7.112883983807386512e-01
7.111504657408340702e-01
7.111603920142555157e-01
7.110923164045264144e-01
7.111368217554356885e-01
7.110908248405591880e-01
7.110614282403948661e-01
7.110617922752011655e-01
7.111073695712113452e-01
7.110707547934059791e-01
7.111154468077084401e-01
7.110507654424365054e-01
7.110825018174402601e-01
7.110721194407101375e-01
7.110246478795289038e-01
7.110254790540677661e-01
7.109929917624056017e-01
7.110113690070171133e-01
7.110240949295472124e-01
7.110332787000936960e-01
7.110845153130822549e-01
7.109964212099793013e-01
7.110533692356474367e-01
7.109822340876748026e-01
7.109839046913238869e-01
7.109830901315936647e-01
7.109749805838772030e-01
7.110215140788344046e-01
7.109262634013788773e-01
7.109005860279443700e-01
7.108962665722179386e-01
7.109035443932265608e-01
7.109014597744236497e-01
7.109359707159905728e-01
7.108827862227334871e-01
7.109006037773586417e-01
7.108733601706205274e-01
7.108548623355454010e-01
7.108831920086707834e-01
7.108759860523717888e-01
7.108541487260713332e-01
7.108835234113052293e-01
7.108604836384516679e-01
7.108951869910475896e-01
7.108631595498708933e-01
7.108586195636554805e-01
7.108492179929438715e-01
7.108502199077848527e-01
7.108620373490355249e-01
7.109526125650929007e-01
7.108663010283453598e-01
7.109018008599237159e-01
7.108225968477229761e-01
7.109638017896843243e-01
7.108638833981807403e-01
7.107493452586046701e-01
7.107668944373832787e-01
7.107707689578055543e-01
7.108414649318717249e-01
7.107717855563036036e-01
7.107358372266439073e-01
7.107506934708971436e-01
7.107893099036964868e-01
7.107519954039753785e-01
7.108037694834676845e-01
7.107410153835059807e-01
7.107375637364528043e-01
7.107693498798303144e-01
7.108133352993969423e-01
7.107522268068050542e-01
7.107168517749405945e-01
7.107043800431102065e-01
7.107321662246585126e-01
7.106913461120218933e-01
7.107428226693137674e-01
7.106972995302209828e-01
7.106552503745027227e-01
7.106766159661450644e-01
7.106624267994300359e-01
7.106514177057456916e-01
7.106706270873756059e-01
7.106605360366662349e-01
7.106717951422257817e-01
7.106737423666574793e-01
7.106662748438171695e-01
7.106670468621116843e-01
7.106671479517017165e-01
7.106692622997892173e-01
7.106860285078338002e-01
7.106497321888957108e-01
7.106710520948246179e-01
7.106435057711296688e-01
7.106912286179086768e-01
7.106621485367539126e-01
7.106340965788581210e-01
7.106800201392153848e-01
7.107861085145098512e-01
7.106600595078843563e-01
7.105883072046215165e-01
7.105894816294812122e-01
7.106244649776982669e-01
7.105790446031116092e-01
7.105986027231426805e-01
7.105888256398690261e-01
7.106659987167477377e-01
7.105793178430456214e-01
7.105806395001742493e-01
7.105757702422741406e-01
7.106235719022849784e-01
7.105902840755250471e-01
7.106236512517731807e-01
7.105765052545029992e-01
7.105929589809695246e-01
7.105892745828743529e-01
7.105914452974105844e-01
7.106183826012523186e-01
7.106320207575680392e-01
7.105679130937042620e-01
7.105927499278016368e-01
7.105837525597233917e-01
7.105669029423813399e-01
7.105657009645396371e-01
7.105829994343799694e-01
7.105618858458537801e-01
7.105426928237830175e-01
7.105416611466603971e-01
7.106105889969640543e-01
7.105327668991279211e-01
7.105567730657844638e-01
7.105285168518120642e-01
7.105963717331770235e-01
7.105234064148241435e-01
7.105367580209637213e-01
7.105274392919305182e-01
7.105576790052238190e-01
7.105512537060126865e-01
7.105625921889707763e-01
7.105744863852719861e-01
7.105303994684261104e-01
7.105532310365082482e-01
7.104887923520086801e-01
7.104745124827553937e-01
7.104816098717199324e-01
7.104869698978290016e-01
7.104774242292678510e-01
7.104688349685081006e-01
7.104893447749240920e-01
7.105032438451237553e-01
7.104930001069030832e-01
7.104794046359556026e-01
7.105096065851393972e-01
7.104780087653802534e-01
7.105513519608417372e-01
7.104938540786125412e-01
7.104664304305422506e-01
7.104736200690433545e-01
7.104751369064807864e-01
7.104728718588368963e-01
7.104682942975709681e-01
7.104603069785576652e-01
7.104625719634425352e-01
7.104583105301808255e-01
7.104980913742595661e-01
7.104688329127971658e-01
7.104920202910409710e-01
7.104775149327708927e-01
7.104148242021367521e-01
7.104184417230986481e-01
7.104170524727037028e-01
7.104134180042744884e-01
7.104060522473214512e-01
7.104043403372961585e-01
7.104189342818327813e-01
7.104153225237390679e-01
7.105045296073621008e-01
7.104206590722154102e-01
7.104522677994330460e-01
7.104125278250128517e-01
7.103567743804655166e-01
7.103698652210257425e-01
7.103524065179522839e-01
7.103185022087553646e-01
7.103422560563626975e-01
7.104105422871962450e-01
7.103193279357787882e-01
7.103686074478654522e-01
7.103238622421793602e-01
7.103200375993538040e-01
7.103293887899347903e-01
7.103483742938668799e-01
7.103279915819225021e-01
7.103311112015618933e-01
7.103153577073386682e-01
7.103468739257061682e-01
7.103146622806926214e-01
7.103333034998305928e-01
7.103191047713371953e-01
7.103086691252270546e-01
7.103297354321291834e-01
7.103202811842590503e-01
7.103080148593051701e-01
7.103464169803774819e-01
7.103358828805715897e-01
7.103521545637486723e-01
7.103267487773677891e-01
7.103996895787098032e-01
7.103187606954340927e-01
7.102688236725411830e-01
7.102575110819451254e-01
7.102398245363007456e-01
7.102473343679278628e-01
7.102328556334628340e-01
7.102642153208481579e-01
7.102494728045902761e-01
7.102220571385569059e-01
7.102156575643563396e-01
7.102167938084471555e-01
7.104054258757072082e-01
7.102228551162118597e-01
7.103020520344957012e-01
7.102023873667915321e-01
7.100897832272332622e-01
7.101065551006943144e-01
7.100898848461398849e-01
7.100872528207865519e-01
7.100893600041453535e-01
7.101008911396123890e-01
7.100949647002893217e-01
7.101320278429560373e-01
7.100900602461097666e-01
7.101144228887893428e-01
7.100918919035641430e-01
7.101854570514896103e-01
7.100831560082008220e-01
7.101961762751825002e-01
7.100856629537910525e-01
7.100963087834543108e-01
7.100761948533665935e-01
7.100725057566343867e-01
7.100782767958868646e-01
7.100947366390387705e-01
7.100641475924308610e-01
7.101079610147649213e-01
7.100588600831702069e-01
7.100785856812160679e-01
7.100589139487835100e-01
7.101775501009180980e-01
7.100305634794148446e-01
7.100380335417043609e-01
7.100407577140366300e-01
7.100250024608874000e-01
7.100516340495901524e-01
7.099981855774126771e-01
7.100018714542991605e-01
7.100568988966399209e-01
7.100009878662595364e-01
7.101032788690392339e-01
7.099955435795402003e-01
7.100246537815354531e-01
7.099962864624930203e-01
7.102334341622407177e-01
7.100021880376847783e-01
7.099397098656965444e-01
7.099384773529846537e-01
7.099517884742826412e-01
7.099442771201749380e-01
7.100170526499814949e-01
7.099561359542223560e-01
7.099386521439832176e-01
7.099245824758428913e-01
7.099527768657017956e-01
7.099206925987816552e-01
7.099245485982215165e-01
7.099296243707720055e-01
7.099787098611513025e-01
7.099230472508784029e-01
7.099674533191244752e-01
7.099218905000452828e-01
7.099646231642422478e-01
7.099118581441488107e-01
7.099313633921717770e-01
7.099188679251304812e-01
7.099222161379374896e-01
7.099334629473114111e-01
7.099213574532955429e-01
7.099097141547368039e-01
7.099548454611654957e-01
7.099118027028841205e-01
7.099535210393107532e-01
7.099219288864799804e-01
7.099522242387488191e-01
7.099146462057445151e-01
7.099037730008201930e-01
7.099168879431357881e-01
7.099149099038830624e-01
7.099192618858134463e-01
7.099354531418439196e-01
7.098889245263537706e-01
7.098979066230677315e-01
7.098949697237152412e-01
7.099214326386563689e-01
7.098827759812169624e-01
7.098713540866025129e-01
7.098575947499159433e-01
7.098661641103947151e-01
7.098483887136062265e-01
7.098954485161718120e-01
7.098951203074188587e-01
7.098083860623448649e-01
7.098195829901241538e-01
7.098331648844063979e-01
7.098392673282876153e-01
7.097787662377805784e-01
7.097829727791333809e-01
7.097772287033358163e-01
7.097656199831623436e-01
7.098075026986050418e-01
7.097665423878485313e-01
7.097630560209464701e-01
7.098024883849317623e-01
7.098183446869442692e-01
7.097437679756748441e-01
7.097997542589595810e-01
7.097660077225805830e-01
7.097254269708761498e-01
7.097276543118706815e-01
7.097749589160379236e-01
7.097322620870839538e-01
7.097607491095219157e-01
7.097155273461801528e-01
7.097688362275589302e-01
7.097056105746331056e-01
7.097223433958330663e-01
7.096724603844850598e-01
7.096578420519169539e-01
7.096673642217637967e-01
7.096741603332824555e-01
7.096798513071065351e-01
7.096975625860155734e-01
7.096622035619908342e-01
7.097162954592372008e-01
7.096772712909699132e-01
7.097653179322804817e-01
7.096889458792197125e-01
7.098180961658862032e-01
7.096757371170716588e-01
7.096950215940488471e-01
7.096840297205621040e-01
7.097419989823094966e-01
7.096540439407563738e-01
7.096411274227674149e-01
7.096278707561981536e-01
7.096309553626896083e-01
7.096272172690238911e-01
7.096525865532580246e-01
7.096109426654431118e-01
7.096169472841383774e-01
7.096073613780389255e-01
7.096194178106497441e-01
7.095995440182256697e-01
7.096783424058416001e-01
7.095774465604373082e-01
7.096055133858359953e-01
7.096001017962867419e-01
7.096344611112443967e-01
7.096040820396685156e-01
7.096007446936363205e-01
7.095820449440258804e-01
7.096046593605974673e-01
7.095784190437459671e-01
7.095926290281553417e-01
7.095916624398957984e-01
7.096214627725427881e-01
7.096308230040442311e-01
7.095867390110160988e-01
7.095308518598608671e-01
7.095348518810559169e-01
7.095369186931808070e-01
7.095204607269394170e-01
7.095226429958800818e-01
7.095229604414858837e-01
7.095226363297076899e-01
7.095254860757067572e-01
7.095238708845383879e-01
7.095349114736175800e-01
7.095200534486425514e-01
7.095408722172854565e-01
7.095214948343701034e-01
7.095226825342467736e-01
7.095261614011342255e-01
7.095708695902342988e-01
7.095267921842846048e-01
7.094854710488900373e-01
7.094851119963513364e-01
7.094716953739551579e-01
7.094835951080800118e-01
7.094459774154916465e-01
7.094276617979053956e-01
7.094301033615491026e-01
7.094329412929615275e-01
7.094280743101163411e-01
7.094244474426779634e-01
7.094213021352304693e-01
7.094073440533146258e-01
7.094090259013551281e-01
7.094039401634852915e-01
7.094069625753801622e-01
7.094018908227912590e-01
7.094087869646268363e-01
7.093944781951053713e-01
7.093915435503543865e-01
7.094020722790859157e-01
7.093946646978398496e-01
7.094069671936062971e-01
7.094429648407905020e-01
7.093533536303883169e-01
7.093491254081694120e-01
7.093709305633285611e-01
7.093376093030074880e-01
7.093375449829539825e-01
7.093511380978581027e-01
7.093532533660811268e-01
7.093398600158474787e-01
7.093411461684423491e-01
7.093374457684396006e-01
7.093363006396588011e-01
7.093399574373753236e-01
7.093465859744387814e-01
7.093279085719453869e-01
7.093254433930749059e-01
7.093251833590201727e-01
7.093251569990098870e-01
7.093765921302670474e-01
7.093224056917878384e-01
7.093430307559216441e-01
7.093148886545332932e-01
7.093650683054891770e-01
7.093146485627844777e-01
7.093134999321286660e-01
7.093221964693350312e-01
7.093212043946457435e-01
7.093247412983013644e-01
7.093119368447565742e-01
7.093261347248764892e-01
7.093315611834247747e-01
7.092935569101751492e-01
7.093394624791881098e-01
7.092965117375781281e-01
7.092275897060101864e-01
7.092177583269685393e-01
7.092189231546616179e-01
7.092198310993145238e-01
7.092181779505760675e-01
7.092128874144754125e-01
7.092196496008743578e-01
7.092267599671677747e-01
7.092027133656211291e-01
7.092095598859411432e-01
7.092026037237632030e-01
7.091826970796054619e-01
7.091811048286444930e-01
7.091667329535352726e-01
7.091677066084821623e-01
7.091646227275532066e-01
7.091707586414137676e-01
7.091358725384522277e-01
7.091243662704003192e-01
7.091264181879084472e-01
7.091140992143345478e-01
7.091131226624957096e-01
7.091137687135807832e-01
7.091090772378167983e-01
7.091072689718898037e-01
7.090946518214641392e-01
7.090991690008139336e-01
7.090947039911950078e-01
7.090923105971397300e-01
7.090987703921746155e-01
7.090799737140354164e-01
7.090760901699063590e-01
7.090717952489578035e-01
7.090632416997464382e-01
7.090400694731686659e-01
7.090427401098123861e-01
7.090184496801787972e-01
7.090184132363975822e-01
7.090138237655567721e-01
7.090189451496023976e-01
7.090132932959649636e-01
7.090254761546562756e-01
7.089929520055440193e-01
7.089464354210661678e-01
7.089320814698844009e-01
7.089300791964445736e-01
7.089220620770183556e-01
7.089267952586935095e-01
7.089225143599399148e-01
7.089152770294027128e-01
7.089272781007280866e-01
7.089255412325768946e-01
7.089378646083246416e-01
7.089194169853531013e-01
7.089039551609657153e-01
7.089064426820100850e-01
7.088831463858584758e-01
7.088807996983325088e-01
7.088833899741652234e-01
7.088801410801635061e-01
7.088617650928720204e-01
7.088679460880180638e-01
7.088732067748962917e-01
7.088629369347974052e-01
7.088536354028104336e-01
7.088530373374799520e-01
7.088353316886039091e-01
7.088442348234897938e-01
7.088437895090351493e-01
7.088416062867485268e-01
7.088495723685754868e-01
7.088364255063177577e-01
7.088379722824592610e-01
7.088368534979679891e-01
7.088281347549125755e-01
7.088244320321837044e-01
7.088251858108003400e-01
7.088187121573922278e-01
7.088220155181114146e-01
7.088119956118056342e-01
7.088135750221571385e-01
7.088079529420074909e-01
7.088307525029298173e-01
7.088009241803540084e-01
7.088187393261654590e-01
7.087808502236021546e-01
7.087685184564512797e-01
7.087809261984671094e-01
7.087763399219809690e-01
7.087720534773369607e-01
7.087708278043782784e-01
7.087690537409705449e-01
7.087734435718066051e-01
7.087714693610498440e-01
7.087617550349408768e-01
7.087676551084798326e-01
7.087825477082289050e-01
7.087589307744751599e-01
7.087527675337274014e-01
7.087558759464088753e-01
7.087614793036499661e-01
7.087582484308264652e-01
7.087537217640639264e-01
7.087531515455162134e-01
7.087562896792177769e-01
7.087634602519637950e-01
7.087759004240024030e-01
7.087618053730802004e-01
7.087466418382629696e-01
7.087422943516613616e-01
7.087480104910814926e-01
7.087387014213952785e-01
7.086935371260119076e-01
7.086778658668890785e-01
7.086791969078035658e-01
7.086771370951668869e-01
7.086842885761848176e-01
7.086894450324560113e-01
7.086741330349587420e-01
7.086843123180585069e-01
7.086824064601744411e-01
7.086726988302126662e-01
7.086748606019324104e-01
7.087014381078780012e-01
7.086692802444704009e-01
7.086914358152202054e-01
7.086799394693270582e-01
7.086631079086229690e-01
7.086714747054639885e-01
7.086430465945587898e-01
7.086557959251711392e-01
7.086249065740871655e-01
7.086245890887984400e-01
7.086326774700748565e-01
7.086297783600096212e-01
7.086475426247503817e-01
7.086174565501486278e-01
7.085877734538539308e-01
7.085701734676974617e-01
7.085770178502697192e-01
7.085754751096482451e-01
7.085727566839663538e-01
7.085734114891549806e-01
7.085709464691940518e-01
7.085680696639675702e-01
7.085705945631601832e-01
7.085668023769440271e-01
7.085782648101571768e-01
7.085692563831154089e-01
7.085668347162175085e-01
7.085709383327719602e-01
7.085752111061649483e-01
7.085942214511575798e-01
7.085677957272883409e-01
7.085643349498242927e-01
7.085574427362963945e-01
7.085516941519320877e-01
7.085498070479845367e-01
7.085778963949677101e-01
7.085717879651740603e-01
7.084916134481529237e-01
7.084979162486498838e-01
7.084888761505074850e-01
7.084992115448187633e-01
7.084924874825148100e-01
7.084922841529288640e-01
7.084992539261806277e-01
7.084872078189187183e-01
7.084980714255444401e-01
7.085082464426170068e-01
7.084920611395619794e-01
7.084805954936729266e-01
7.084774303188599021e-01
7.084812457185675205e-01
7.084824810358826275e-01
7.084714207246044504e-01
7.084697616183347479e-01
7.085183852250220848e-01
7.084751142321797923e-01
7.084674721952292087e-01
7.084822766369623936e-01
7.084555059030632762e-01
7.084563181401986043e-01
7.084102890684801368e-01
7.084182020725945383e-01
7.084045528050335605e-01
7.083936631105423043e-01
7.084028626702257858e-01
7.083842186122483175e-01
7.083784944456070765e-01
7.083692178408029783e-01
7.083775970612780082e-01
7.083865331247427566e-01
7.083762726906880358e-01
7.083547662357101427e-01
7.083534105304168937e-01
7.083696984829186416e-01
7.083612059696277052e-01
7.083600268632080921e-01
7.083736167347532975e-01
7.083764041441474868e-01
7.083468776173575954e-01
7.083013868288193793e-01
7.083167127959547615e-01
7.083013986887023439e-01
7.083084119762692588e-01
7.082986613140560550e-01
7.082993580628145214e-01
7.082978324437677609e-01
7.083032970878286871e-01
7.083121688294644613e-01
7.083082033368462982e-01
7.082959422842282082e-01
7.082720534572730653e-01
7.082949111791522201e-01
7.082723693002455079e-01
7.082804724735632940e-01
7.082732176700422544e-01
7.082782116276258311e-01
7.082781464857882403e-01
7.082873897802228758e-01
7.082779992420762394e-01
7.083287390485962787e-01
7.082741266016135961e-01
7.082683524629187488e-01
7.082673623924217177e-01
7.082940424116616063e-01
7.082761271597722841e-01
7.082729923016173323e-01
7.082621157511322929e-01
7.082639504517354023e-01
7.082580819516792747e-01
7.082660608885592568e-01
7.082899190976656989e-01
7.082227028873534502e-01
7.082095381148562074e-01
7.081972984690000361e-01
7.081777156038034926e-01
7.081728019401815066e-01
7.081701718850403893e-01
7.081652770289321719e-01
7.082048978247781346e-01
7.081624237947981015e-01
7.081665851595090322e-01
7.081742137449020813e-01
7.081684340037061043e-01
7.081622755368401911e-01
7.081497782549872611e-01
7.081479723924316572e-01
7.081743921421974619e-01
7.081433102329954821e-01
7.081230600509109685e-01
7.081076982539218356e-01
7.081067944598669062e-01
7.081421936185071653e-01
7.081096896430053578e-01
7.081104460048349702e-01
7.081096297106104220e-01
7.081146784613684408e-01
7.081104304665052362e-01
7.081240830410534537e-01
7.081077684075166578e-01
7.081071121575794880e-01
7.081089992047469028e-01
7.081176848377415123e-01
7.081128829660864321e-01
7.081304773068164415e-01
7.081138096096540879e-01
7.081118560905130810e-01
7.081200051514244809e-01
7.081058478200333850e-01
7.080999630354518626e-01
7.080974679250250370e-01
7.080990556409348935e-01
7.081488671619922126e-01
7.080886959211520892e-01
7.081210988604007550e-01
