9.622842239370101858e-01
9.624006626037503453e-01
9.625399461140284885e-01
9.744874336033416684e-01
1.013381870004315344e+00
9.559116766347447447e-01
1.193361208634265980e+00
9.479973988610554958e-01
9.446023167251076380e-01
9.446023167251078601e-01
9.446023167251076380e-01
9.444745906461806673e-01
9.232547730127365071e-01
9.176451851286664407e-01
9.505564941112218946e-01
9.176451851286664407e-01
9.175330084063553215e-01
9.507613960010056209e-01
9.430640296831105385e-01
9.175330084063553215e-01
9.175330084063553215e-01
9.175330084063553215e-01
9.172102260267278595e-01
9.863626999927106453e-01
9.160911853098693269e-01
8.840134815139374380e-01
8.840134815139374380e-01
8.840134815139376601e-01
8.840134815139374380e-01
8.840134815139376601e-01
8.840134815139376601e-01
8.943526292516562615e-01
9.044252511814884210e-01
8.840134815139374380e-01
8.840134815139376601e-01
8.840134815139374380e-01
1.052410214647212294e+00
8.840134815139374380e-01
8.840134815139374380e-01
7.412177445284443555e-01
7.752459760548824352e-01
7.489639411181892026e-01
7.506604572979684864e-01
7.423275966679129256e-01
7.906711510374386798e-01
7.412147009965351918e-01
7.418976783756741078e-01
7.408688599576447320e-01
7.782960867543418093e-01
7.783394239421342897e-01
1.011356267610384663e+00
7.408688599576446210e-01
7.356620821627435358e-01
7.922674744134816649e-01
7.263162543196497456e-01
7.263162543196496346e-01
7.420570249390360251e-01
7.264951078130242879e-01
8.148362240546787039e-01
7.263162543196495236e-01
8.120058270335270834e-01
7.263162543196495236e-01
7.580163918888569441e-01
7.263162543196497456e-01
7.593493879342071429e-01
7.260694835970257222e-01
7.595429075797619500e-01
7.367152004798003251e-01
8.001807095397085456e-01
7.260694835970257222e-01
7.292462258794799590e-01
7.260694835970257222e-01
7.234478174171845577e-01
7.234478174171845577e-01
7.314441071054661458e-01
7.234478174171844467e-01
7.373753011873900309e-01
7.234478174171845577e-01
7.557644838996672165e-01
7.643470086468043823e-01
7.547100507670576608e-01
7.372526329867938877e-01
7.923601741037626933e-01
7.233985905954322115e-01
7.621335067190845303e-01
7.234938811775679657e-01
7.857258305270278242e-01
7.240209889164800350e-01
7.465162442541177779e-01
7.234600850685869444e-01
8.126449529768089430e-01
7.234987096596687817e-01
7.928700404114951139e-01
7.233985905954322115e-01
7.627972106706799593e-01
7.255713186810646143e-01
7.679477620752990230e-01
7.307748125588955368e-01
7.396879754093317327e-01
7.376267204588499160e-01
7.225134718212672391e-01
7.287812205986778924e-01
7.216515616761136620e-01
7.155351478406312138e-01
7.155189709121272390e-01
7.250235402115793315e-01
7.155189709121270170e-01
7.129713511606512455e-01
7.129713511606512455e-01
7.251975804842891726e-01
7.129713511606512455e-01
7.115731180221348540e-01
7.115731180221347429e-01
7.156537707742549603e-01
7.120544417826719652e-01
7.509898797895540046e-01
7.120713207626543362e-01
7.216749376166979868e-01
7.134999275003410801e-01
7.212966101956828080e-01
7.117784707312796444e-01
7.271388528547542141e-01
7.159592791088806862e-01
7.085606160179036550e-01
7.020688937071642988e-01
7.179667558426202634e-01
7.020688937071642988e-01
7.284452294800688454e-01
7.023544129312750961e-01
7.170725361983776303e-01
7.025595839197718018e-01
7.021133723091710355e-01
7.068423217472024067e-01
7.016064674305526605e-01
7.049107635756944878e-01
7.184910888623596836e-01
7.016456983677958892e-01
7.000489207206486153e-01
7.032742715137091372e-01
7.003998911657733917e-01
7.000276032615514454e-01
7.008374854284575850e-01
7.016619887681573298e-01
6.991258410274918678e-01
6.991258410274918678e-01
7.099242215851052640e-01
6.982185321224816388e-01
6.992982598091805890e-01
6.982185321224816388e-01
7.265885324522594058e-01
6.982185321224816388e-01
7.064097982056647407e-01
6.989045605669742534e-01
6.982648047557875604e-01
7.008051028391082404e-01
7.101321483939543322e-01
6.981998703220123614e-01
7.204460383850954663e-01
6.979866865234438666e-01
7.092785721653831477e-01
6.971195665645291140e-01
7.036708308426636860e-01
6.979131219569847389e-01
7.027220904389011036e-01
6.971195665645294470e-01
7.265322461247740726e-01
7.067224356482010306e-01
7.041444315258080788e-01
6.971088884788289031e-01
7.019005466329024667e-01
6.971701770334369774e-01
7.101803973057000396e-01
6.971088884788289031e-01
7.015115310208891453e-01
6.983801429832211527e-01
6.991931265409412344e-01
6.974498302057563492e-01
6.887157932387959480e-01
6.887018420331265656e-01
6.943249670167757071e-01
6.903424123519059652e-01
7.224295930851394321e-01
6.885366551813206781e-01
6.976467350384437660e-01
6.884161065158231896e-01
6.870263243336682812e-01
6.869837484158496377e-01
6.933203868595028130e-01
6.892432500884239088e-01
6.980764695984316148e-01
7.009473679453291917e-01
7.078182074913023092e-01
6.811312729885022899e-01
6.943515918562802591e-01
6.811312729885026229e-01
6.796664605893132372e-01
6.682687627988280754e-01
6.830106481223531256e-01
6.616535845214720490e-01
6.709707253071232058e-01
6.709122876423376791e-01
6.570064573241369832e-01
6.575564169713672413e-01
6.570210308182976577e-01
6.580877735102443893e-01
6.549182849106749416e-01
6.561430719995630101e-01
6.750990849459781451e-01
6.552981270775504186e-01
6.563411495714835953e-01
6.592657648215479727e-01
6.446808438847028144e-01
6.446808438847038136e-01
6.570547390624318362e-01
6.443836688918115341e-01
6.424544330927941527e-01
6.426851391550678638e-01
6.380422693463321249e-01
6.373201281467668622e-01
6.367499211341506316e-01
6.369764217908364667e-01
6.252695958742205962e-01
6.239020077443592216e-01
6.274353974984970828e-01
6.244141830598940457e-01
6.318805627126637958e-01
6.248023150082141486e-01
6.326340662628039402e-01
6.210243981763244880e-01
6.493884428978999868e-01
6.217063635076668371e-01
6.162176045948559722e-01
6.162638410143832512e-01
6.556328972887358608e-01
6.116268659385285522e-01
6.140352449835356774e-01
6.077825200925206506e-01
6.199835901613038880e-01
6.082761443598003748e-01
6.137004146477625932e-01
6.111437365597174320e-01
6.252116411355930214e-01
6.069383049847688616e-01
6.114780660502747711e-01
6.068188495249099423e-01
6.070448142911504252e-01
6.043744451876057466e-01
6.150591131357867614e-01
6.006373697168088110e-01
6.069661791133966755e-01
6.102739379355816007e-01
6.090326211974064208e-01
6.006373697168082559e-01
6.024404722293353887e-01
6.006817323682611676e-01
6.048414541809966627e-01
6.008776629072011266e-01
6.027168279462409295e-01
6.027979483425035534e-01
6.034548921527094212e-01
6.034844347344594517e-01
6.087610424384763963e-01
6.000506320190850396e-01
6.094924859381174453e-01
5.978864305321789363e-01
6.047829217304558913e-01
5.957803007098564363e-01
6.008565449615762555e-01
6.161304470794097821e-01
5.996650854740048775e-01
5.957720767944414408e-01
6.029544523788623600e-01
5.978926858636073316e-01
5.988523482310131874e-01
5.956547832658489749e-01
5.998399835043205508e-01
5.978635851358005127e-01
5.971549567697590488e-01
5.956681151473988134e-01
5.990196218259156158e-01
5.957808610727695076e-01
5.983978746185996123e-01
5.956300188621950209e-01
6.025571477706492818e-01
5.959804654291702697e-01
5.977778288535759987e-01
5.977175980119165954e-01
5.975354043633145373e-01
6.016206559844414770e-01
5.955685433068885759e-01
5.961746017929392405e-01
5.961176017285969575e-01
5.961253348614521386e-01
5.995222466884563284e-01
5.957775421623955348e-01
5.928295001089596283e-01
5.931594686665397909e-01
5.956327187597939554e-01
5.918938530946986631e-01
5.919633668492034761e-01
5.906096218576145640e-01
5.900109566546052342e-01
5.897263491192108464e-01
5.858253081398908657e-01
5.854824534663289892e-01
5.891090748950775779e-01
5.878024504787485727e-01
5.865205115132738900e-01
5.852627287932437028e-01
5.797788184665628730e-01
5.816459591656000239e-01
5.794572906476032070e-01
5.794872587808916897e-01
5.789701546526151432e-01
5.809479708746311255e-01
5.838281389445085789e-01
5.841096619058120387e-01
5.804142292090203048e-01
5.771243384009958621e-01
5.778050910253975658e-01
5.789779494854709885e-01
5.781171661098821746e-01
5.775753490052656369e-01
5.768112517598223965e-01
5.765656000846598461e-01
5.771599672665080893e-01
5.771913527948442368e-01
5.795409169136038763e-01
5.766063356579964605e-01
5.776433283277868647e-01
5.777197309558755878e-01
5.757746969586973185e-01
5.752979095451886682e-01
5.753245967899456303e-01
5.733191306845735191e-01
5.770495050817588956e-01
5.747525673928651768e-01
5.726793026360433858e-01
5.727781217127804192e-01
5.750293784338730285e-01
5.730531539418896037e-01
5.814025412112069358e-01
5.723628857985468832e-01
5.738049406231114924e-01
5.719298178331959637e-01
5.733443107805937800e-01
5.717764571372389026e-01
5.756971008200254536e-01
5.733946526270290445e-01
5.748149392447106099e-01
5.713436528609182607e-01
5.712096882694586153e-01
5.706998950472017551e-01
5.715577969640637246e-01
5.699735733141222394e-01
5.754983139057158192e-01
5.705495873875350288e-01
5.735060225187661453e-01
5.734478001415711512e-01
5.694772943945997090e-01
5.691610507134277075e-01
5.742647015914718045e-01
5.680692084803961039e-01
5.689758501660298062e-01
5.681055544344092434e-01
5.678369836579493235e-01
5.677510248728749875e-01
5.726081923004381347e-01
5.674997993333487090e-01
5.709956808335954204e-01
5.674706133821243448e-01
5.767307195903258465e-01
5.675001652920401707e-01
5.702575522794527396e-01
5.684398676521835725e-01
5.720595191692700032e-01
5.670622156070704856e-01
5.689065045026607814e-01
5.674147205491590906e-01
5.682238199931403111e-01
5.678289814496331189e-01
5.715970467172094560e-01
5.667226866075965042e-01
5.700816442591980504e-01
5.668829220922377843e-01
5.739525975816748282e-01
5.669110002853778862e-01
5.662723361614518947e-01
5.667056745284818620e-01
5.713979770200910968e-01
5.662152904079783555e-01
5.670590339911317779e-01
5.663634572434252945e-01
5.672107626870580566e-01
5.657718197421618411e-01
5.719018600722338697e-01
5.658775674720055715e-01
5.694938407958330950e-01
5.656645883635889049e-01
5.669813321701613340e-01
5.658814709390047604e-01
5.666828903714378196e-01
5.666040986136331448e-01
5.660718517619953705e-01
5.668921112151440456e-01
5.697370790583285993e-01
5.671215163921944358e-01
5.688726882493486681e-01
5.654018293253274541e-01
5.673725880239303132e-01
5.656189950922411169e-01
5.729871882411354811e-01
5.665893313368010054e-01
5.674704871582070265e-01
5.666525507417391472e-01
5.649360495907486124e-01
5.651662565807461514e-01
5.649965077891352383e-01
5.656124602923802147e-01
5.648444762416706677e-01
5.635692857518039833e-01
5.635512959863940852e-01
5.640326777575489503e-01
5.638231749296555018e-01
5.639030370884542398e-01
5.633227591444229798e-01
5.635469383146896050e-01
5.633758896588623166e-01
5.633951459126327332e-01
5.649424262273987640e-01
5.630706374594036667e-01
5.629449018525193305e-01
5.631886942156740794e-01
5.625744484481518537e-01
5.624041218218097660e-01
5.623242953439201441e-01
5.631180990889432803e-01
5.626878262720316215e-01
5.633198538074773998e-01
5.623371868986468680e-01
5.618304389547601474e-01
5.620603080197366097e-01
5.622330953499530271e-01
5.618970559101452711e-01
5.615296254690235189e-01
5.620936056955539994e-01
5.634237505694326131e-01
5.615756936794892296e-01
5.612799468710513162e-01
5.613689352554416256e-01
5.626535277193442930e-01
5.611753631928217967e-01
5.615660533442008440e-01
5.613684638563425366e-01
5.608906231697405875e-01
5.609502436651129242e-01
5.615220692731999197e-01
5.608232811346774982e-01
5.607546549212978348e-01
5.607896343389459082e-01
5.611080084608021101e-01
5.606349033344417698e-01
5.631377300260530516e-01
5.608196028740092265e-01
5.610893478175357219e-01
5.608610830665428093e-01
5.607142147257087039e-01
5.606175471774714758e-01
5.612156299155194317e-01
5.605954180806597131e-01
5.616142351309142411e-01
5.604919378778738803e-01
5.615742254636465480e-01
5.607909213802153570e-01
5.611954224519960510e-01
5.600540781676527358e-01
5.592736032911650446e-01
5.594432310702680544e-01
5.595315021729488913e-01
5.593359279515434102e-01
5.597060717643496108e-01
5.594247794798227202e-01
5.617347991558963027e-01
5.593374301797739978e-01
5.598806720426172667e-01
5.594895266324209082e-01
5.602663594179123630e-01
5.595936182819987170e-01
5.592434490237115918e-01
5.594332681080413927e-01
5.592793146658361358e-01
5.595469568925837134e-01
5.592497972181365018e-01
5.589376920110590286e-01
5.596215894710464545e-01
5.594182104118100574e-01
5.607379158860922308e-01
5.590524243374385138e-01
5.593325712167744879e-01
5.590358820459523370e-01
5.593388438499568016e-01
5.592096295451286503e-01
5.593362038176653561e-01
5.591198962204901868e-01
5.607742927866072868e-01
5.589772764851137499e-01
5.602132607867280623e-01
5.587396778761091198e-01
5.587641596540079414e-01
5.589245186189382153e-01
5.587329424402660560e-01
5.588325352494217801e-01
5.587426563358763865e-01
5.590275786969948202e-01
5.587411674848798970e-01
5.592136222139627577e-01
5.586965993218421245e-01
5.588138112297103000e-01
5.587641742481078699e-01
5.595957704521004050e-01
5.587318610747833425e-01
5.586080859573758772e-01
5.585112743986030415e-01
5.585245132920325650e-01
5.583299334054570018e-01
5.581861133812543452e-01
5.582258140696938487e-01
5.587135730929255750e-01
5.581133917938798650e-01
5.578255423048672501e-01
5.578555907661313373e-01
5.580222590578299835e-01
5.578103172184840641e-01
5.578168918802326459e-01
5.578866984339894142e-01
5.575916865567577263e-01
5.577812808799860189e-01
5.574182537973555451e-01
5.573475013214187479e-01
5.574578648933199432e-01
5.573264513115654406e-01
5.571847034691704836e-01
5.570498504472530810e-01
5.570169107197989744e-01
5.570342971926942610e-01
5.570576858993518954e-01
5.571504489841077046e-01
5.579596906763907294e-01
5.569218990455189200e-01
5.567283157676273797e-01
5.566815200952170972e-01
5.566295440462367683e-01
5.568791020464615160e-01
5.567658563208799372e-01
5.567778691416335191e-01
5.565838868965025110e-01
5.569511650361035349e-01
5.572348161023269464e-01
5.566245745897508979e-01
5.566291462809027646e-01
5.564927961111441057e-01
5.566417642151396672e-01
5.564881944446644635e-01
5.561129197335585861e-01
5.559218416288342901e-01
5.559522613925733658e-01
5.560027561224786252e-01
5.557292314513497811e-01
5.572978564059272166e-01
5.557039646677709444e-01
5.556756569629740516e-01
5.557575493700266378e-01
5.558123891697543950e-01
5.557142383211014502e-01
5.557297702255179495e-01
5.556310108404318715e-01
5.558167944297064400e-01
5.556758953759542985e-01
5.557926848427721112e-01
5.556573419007762027e-01
5.560487913367977431e-01
5.555604694247007203e-01
5.552928660429273799e-01
5.553514526134986085e-01
5.552267492952839278e-01
5.551922328039362586e-01
5.552927207934389431e-01
5.552057429411441092e-01
5.553145186082512064e-01
5.551542196940132401e-01
5.552281968940325774e-01
5.551006615027859192e-01
5.550463756790448011e-01
5.549999444942854687e-01
5.551783025216913137e-01
5.550637527304905783e-01
5.551272415759124224e-01
5.549841769263578195e-01
5.560819217211129262e-01
5.550391138938649549e-01
5.553899113208625726e-01
5.549991729110793637e-01
5.550866119377461105e-01
5.550668851885670607e-01
5.556742320243834854e-01
5.550482254320792119e-01
5.550620839466244849e-01
5.549152378060967505e-01
5.552570215127986542e-01
5.551083920649674264e-01
5.548319717006415797e-01
5.547859735697577843e-01
5.545391501467759054e-01
5.546321462252975509e-01
5.550882056699385503e-01
5.545537456660735165e-01
5.545668468927866801e-01
5.546044668568846925e-01
5.545245882575486895e-01
5.545645747718203067e-01
5.549126738108755008e-01
5.545786877042544472e-01
5.548797104210004827e-01
5.547065718104146059e-01
5.547247809443958122e-01
5.545230138777668127e-01
5.549943510184248696e-01
5.545481644489500539e-01
5.549303605435060849e-01
5.543512270295367639e-01
5.548211885794874787e-01
5.543458011914873529e-01
5.540273085225989602e-01
5.543374828526845821e-01
5.539751837749283814e-01
5.542477959217970707e-01
5.539254148881789241e-01
5.540190143933125810e-01
5.539415324177615618e-01
5.539120440711029492e-01
5.539179387753736528e-01
5.539896011024022515e-01
5.539172834596440831e-01
5.539711395989977971e-01
5.539338669553804939e-01
5.540427790398114727e-01
5.539258450105238873e-01
5.544318598531662312e-01
5.539616003017724388e-01
5.541714325606704739e-01
5.538026688873703973e-01
5.534686490643484502e-01
5.536020285268454799e-01
5.554798588253014868e-01
5.533974745170909815e-01
5.533373408043004149e-01
5.534323134382933551e-01
5.535196028506176313e-01
5.533376842070192314e-01
5.533794235934872408e-01
5.533614215299157424e-01
5.533980317406008709e-01
5.534076021140050816e-01
5.538940739786545331e-01
5.534357330669765762e-01
5.531370775790492855e-01
5.532094201912967080e-01
5.532088755316915130e-01
5.531028658657139996e-01
5.533062666928069140e-01
5.530435865125479244e-01
5.543867931866206522e-01
5.534956607697094633e-01
5.526213417753813584e-01
5.529397743508392971e-01
5.522907091895854492e-01
5.522463861767542559e-01
5.521873169140845139e-01
5.521942721435886270e-01
5.534149736846266654e-01
5.521332807661869513e-01
5.518110815486020337e-01
5.518170508298262389e-01
5.518396207587885627e-01
5.517576105788427610e-01
5.517707064819580287e-01
5.516676411654531931e-01
5.516244990919887403e-01
5.516084893661036270e-01
5.516478082127839189e-01
5.516731186971364220e-01
5.516993245739154617e-01
5.516533973665668222e-01
5.521446196190451516e-01
5.518260436979655070e-01
5.514805663750628195e-01
5.515006620588022157e-01
5.515347702936782559e-01
5.514634420264014070e-01
5.519045609843044042e-01
5.515417378780849145e-01
5.520351797007256867e-01
5.515145838234146725e-01
5.515402575943383345e-01
5.515117022910726030e-01
5.515160433898639303e-01
5.514794537473649561e-01
5.515169645172909307e-01
5.514262829149129130e-01
5.514238457807305593e-01
5.514425637948294767e-01
5.514705899511938014e-01
5.513893812729966371e-01
5.521475753098938899e-01
5.518083923992728179e-01
5.510068652325058602e-01
5.515264337188201527e-01
5.510392173185714171e-01
5.510556903192002087e-01
5.511273802071816608e-01
5.509959516149298686e-01
5.509868204218990595e-01
5.514140338934676588e-01
5.509319678298921774e-01
5.513366343581024287e-01
5.509937853867935553e-01
5.509190855846598511e-01
5.509355592047480155e-01
5.509973584579773709e-01
5.509348993682089413e-01
5.515243070662959601e-01
5.509687832393677098e-01
5.509701713422423541e-01
5.509219716185451698e-01
5.507774876130399067e-01
5.506528800407632929e-01
5.506673641778535577e-01
5.507474297760185378e-01
5.508341122792619338e-01
5.507188991394527111e-01
5.508063515267033194e-01
5.506104846927861729e-01
5.505668750092272967e-01
5.506875954244346838e-01
5.507403633425305145e-01
5.505757162543337691e-01
5.505872059809290286e-01
5.506030683143137150e-01
5.505854528856498620e-01
5.505485223730529620e-01
5.506911782945979050e-01
5.505880363862176718e-01
5.509478836712554672e-01
5.506015596275395385e-01
5.505276884127878745e-01
5.505415633692715138e-01
5.527852633784098302e-01
5.505743119400000607e-01
5.505395334396278040e-01
5.504327979733041332e-01
5.501445848328687660e-01
5.501206095717897648e-01
5.508146324154826745e-01
5.500266857896951578e-01
5.499557659493651274e-01
5.498797012432264930e-01
5.499444612430827162e-01
5.499397135760500932e-01
5.498288122771619602e-01
5.498331135060932073e-01
5.500744371414578726e-01
5.498567212810691052e-01
5.498318962648222064e-01
5.498650571193040015e-01
5.500866478895953815e-01
5.500874266480845209e-01
5.498363496571611053e-01
5.501032453786361964e-01
5.501033989403215640e-01
5.498696887271575795e-01
5.503101719345603327e-01
5.498990320815603239e-01
5.495781786432430982e-01
5.495870093593167027e-01
5.504398740894036468e-01
5.496269144725476341e-01
5.493495782199845356e-01
5.493491824085822151e-01
5.499270525684827327e-01
5.493314902843637881e-01
5.496064007143478536e-01
5.494228209612994629e-01
5.495549447752429151e-01
5.492875707527486995e-01
5.493928059020192212e-01
5.490927094887686488e-01
5.492930246627240054e-01
5.492054500233769510e-01
5.491997969384720957e-01
5.491152097697388212e-01
5.499064017964305773e-01
5.490977512759102064e-01
5.489983469056758381e-01
5.490224559477783206e-01
5.491916331863074818e-01
5.491076778461041474e-01
5.492071865521224172e-01
5.490253987948454650e-01
5.492309155258937592e-01
5.490502235165062306e-01
5.491808893878112885e-01
5.490212821387041586e-01
5.492769351855537607e-01
5.490856927207596883e-01
5.493080235039226045e-01
5.489994207289733419e-01
5.487016971414077071e-01
5.487274501573832231e-01
5.485526567594825043e-01
5.485516945223744001e-01
5.485248634173951476e-01
5.486097265704605874e-01
5.486158664927797135e-01
5.485628014677569331e-01
5.486741446753846674e-01
5.485270859935302834e-01
5.489746682213680895e-01
5.486699447991447709e-01
5.492907596211682453e-01
5.485590238014865783e-01
5.484965866515696398e-01
5.485698733350922174e-01
5.485559780702330412e-01
5.484245127194162794e-01
5.484916859746492568e-01
5.483736085593903242e-01
5.484019304557057328e-01
5.485100984913942046e-01
5.489819843434873281e-01
5.483893618913779910e-01
5.485773904485885533e-01
5.483855487258990635e-01
5.484363305941359901e-01
5.483520772257266529e-01
5.484919479578481694e-01
5.483900419835036066e-01
5.483292490302634770e-01
5.482786240182735416e-01
5.484428009228518031e-01
5.483149282204069497e-01
5.483259194000258407e-01
5.482983320052415843e-01
5.483057021785161522e-01
5.483115057551577465e-01
5.483202644394452596e-01
5.483793677404052991e-01
5.495826919810289368e-01
5.482647944493910241e-01
5.488987618764487042e-01
5.484400690640567344e-01
5.485028821149633416e-01
5.482701286002183982e-01
5.483558122017618830e-01
5.482542431361916435e-01
5.484324019217550195e-01
5.482888424591907395e-01
5.483343908735709427e-01
5.482851101225927337e-01
5.483095163096497471e-01
5.482903690488084569e-01
5.482995866175154331e-01
5.483215774240862705e-01
5.482580102629619478e-01
5.482345078200387967e-01
5.482528032407044671e-01
5.482276966244278293e-01
5.482090857497533554e-01
5.481813549337337665e-01
5.481861316376084314e-01
5.481609872879937839e-01
5.481551487617315477e-01
5.481875743230055775e-01
5.481655021954358054e-01
5.482822468572623453e-01
5.481526003691288285e-01
5.482291572395725510e-01
5.481365423227304579e-01
5.484643256025361069e-01
5.481080932938633410e-01
5.479897225883365586e-01
5.480131902710582148e-01
5.480122499660611268e-01
5.478679933447866413e-01
5.478811817858846300e-01
5.478075312520476192e-01
5.478116701141555467e-01
5.479553934309066010e-01
5.477810152171324054e-01
5.477573694011882433e-01
5.477733576334882226e-01
5.477419705916489745e-01
5.477812521162562787e-01
5.477760305413399422e-01
5.477125742227875183e-01
5.477054999035557703e-01
5.477667619620736339e-01
5.477453076495799600e-01
5.477250180717178063e-01
5.477192496734426541e-01
5.477521537896210546e-01
5.477031731230672662e-01
5.476872895929876250e-01
5.475883882096975741e-01
5.476289556364769551e-01
5.478203544234138134e-01
5.476447993158627403e-01
5.474419709582806215e-01
5.473467198477595108e-01
5.473341368556476905e-01
5.473617566841151305e-01
5.473412879639679707e-01
5.473835471781358653e-01
5.473383533383052724e-01
5.474056745346451702e-01
5.473227222192909025e-01
5.473818123768312560e-01
5.473457739536194966e-01
5.472688893465234017e-01
5.473358405550664552e-01
5.479454584178348187e-01
5.472778866685045207e-01
5.471805186766399709e-01
5.471779817401246637e-01
5.472799356297076701e-01
5.471916720430750614e-01
5.471904224603990619e-01
5.471739348138241477e-01
5.472175042622391405e-01
5.471890966690019509e-01
5.471304684711306709e-01
5.471486027846390598e-01
5.472165362409554534e-01
5.471644943414299966e-01
5.471263663690800749e-01
5.471374703147604546e-01
5.472345515674268412e-01
5.471276908411690787e-01
5.471553902315546836e-01
5.471237471154969390e-01
5.471779830515943743e-01
5.471295659464706640e-01
5.472517078270489055e-01
5.471178032133534597e-01
5.472107832260413307e-01
5.470834523453211862e-01
5.473790786645519324e-01
5.471953209209265978e-01
5.472289301247976745e-01
5.470425886995586851e-01
5.469891810749494265e-01
5.469507135676578979e-01
5.470360602299704222e-01
5.469388266964624323e-01
5.470057830925504350e-01
5.469163786770256941e-01
5.469234124976389833e-01
5.469110485308846803e-01
5.469342615508315797e-01
5.469073534367864253e-01
5.469793414211041593e-01
5.469952926833033802e-01
5.469056107613587958e-01
5.469335814545789320e-01
5.469507510481628199e-01
5.469222834932853106e-01
5.469512402780438709e-01
5.469118545535631704e-01
5.469050452621846414e-01
5.469173959566181464e-01
5.468842227770343012e-01
5.469059070569176617e-01
5.469916913238082046e-01
5.468683090430455085e-01
5.468409651480844458e-01
5.468557489459235921e-01
5.469838990164694881e-01
5.468557690273421201e-01
5.468664989176218461e-01
5.468380446352857360e-01
5.469200238544684733e-01
5.468472734373943656e-01
5.469257723446351305e-01
5.468438582048031904e-01
5.468802168129476282e-01
5.468501770446889676e-01
5.468838048125131968e-01
5.468384246568265272e-01
5.469127522524444007e-01
5.470421191614128764e-01
5.466550721232785737e-01
5.467476579364405342e-01
5.466682955046389125e-01
5.466411779508758562e-01
5.466634751934089653e-01
5.466547655465768818e-01
5.466318848625104643e-01
5.466864315942712160e-01
5.466340159773386276e-01
5.469407561786207017e-01
5.466413803299206009e-01
5.466105323295535889e-01
5.466226778600935532e-01
5.465961830446707248e-01
5.465976305529816059e-01
5.466205369130980873e-01
5.465986497893187135e-01
5.466633332579150517e-01
5.466071389043000162e-01
5.466374061556881214e-01
5.466055193007404167e-01
5.466095407783863047e-01
5.465796770811921501e-01
5.465358979567612741e-01
5.465667890787804239e-01
5.465408311815794784e-01
5.465458586990963319e-01
5.465881261276104297e-01
5.465262847533969293e-01
5.467799312443305526e-01
5.464903718369642505e-01
5.464304768835084314e-01
5.464543588447294820e-01
5.463925979788604170e-01
5.463888753922701014e-01
5.464023726537791115e-01
5.463858507082856031e-01
5.463909180902372098e-01
5.463957182435630333e-01
5.464119125475999095e-01
5.466185021169920333e-01
5.463546726814894061e-01
5.463828476797029099e-01
5.463794188902131310e-01
5.463520932099272809e-01
5.465360182341774120e-01
5.463360845282850820e-01
5.463714311196109508e-01
5.463391889078158536e-01
5.463741177392495985e-01
5.463189028814683379e-01
5.463870040021594487e-01
5.463429610082093379e-01
5.463390543083092021e-01
5.462995487920662141e-01
5.463183658939907428e-01
5.463519796656158833e-01
5.463391755235464942e-01
5.463294714934106011e-01
5.462885331793732036e-01
5.463081246765354448e-01
5.462838963378044976e-01
5.463213900962001768e-01
5.462559529995074659e-01
5.463108859598757583e-01
5.465063658494717647e-01
5.462207602109268034e-01
5.461073481048999145e-01
5.461228394921533447e-01
5.461225414594520489e-01
5.461120922472627592e-01
5.461721428592793970e-01
5.461348209462816294e-01
5.461305589329999988e-01
5.461202646543446004e-01
5.460769815180140929e-01
5.460662198042873783e-01
5.460914752809543637e-01
5.460657434912045138e-01
5.461073782448843117e-01
5.460627338530774644e-01
5.460906305558964613e-01
5.461843731721063300e-01
5.462698730767028277e-01
5.461005978927179205e-01
5.460866993820386872e-01
5.460609663318425344e-01
5.460648542555064378e-01
5.460597559939692758e-01
5.460064108267498328e-01
5.459989296780587420e-01
5.460335596453030904e-01
5.459993535211319360e-01
5.460139295862699305e-01
5.459922000973053136e-01
5.459951403573934936e-01
5.459966888217780978e-01
5.460125212516230286e-01
5.459966142327664640e-01
5.459863755537570640e-01
5.460025437674078663e-01
5.461554442942583298e-01
5.459883069130494482e-01
5.460413178913861021e-01
5.459855266226957271e-01
5.460339206892672603e-01
5.460388517395953212e-01
5.460349771795142138e-01
5.461138933807514473e-01
5.459180881078099512e-01
5.459360208259742553e-01
5.459262934028311642e-01
5.459424036229572064e-01
5.459431348898762248e-01
5.459474937906024783e-01
5.459304094186324674e-01
5.459090255178437046e-01
5.459723748084490680e-01
5.459110401160262027e-01
5.461213527916252142e-01
5.459152077656165281e-01
5.459119585680478615e-01
5.459371407978137469e-01
5.459336395669537323e-01
5.459085510635519611e-01
5.459287912743878701e-01
5.459147715695784608e-01
5.459437072238868538e-01
5.459053055944964594e-01
5.460187982036968091e-01
5.458853752406722659e-01
5.458260007594003538e-01
5.458482967297810795e-01
5.458801328945375175e-01
5.458261621901437932e-01
5.458899743492885426e-01
5.458285673256226822e-01
5.458573939783973872e-01
5.458294075342855489e-01
5.458080159098988027e-01
5.458158369137146027e-01
5.458192435306431500e-01
5.458059477213043076e-01
5.458239250473460036e-01
5.458093574517034474e-01
5.459801957261111172e-01
5.458203775773523558e-01
5.458554630547614028e-01
5.458199951775118963e-01
5.457321131617464127e-01
5.457750404535891553e-01
5.457421451171302618e-01
5.459163382347866911e-01
5.457159128414760252e-01
5.457428925245106921e-01
5.457283229555595083e-01
5.457461229861851892e-01
5.457024344997991605e-01
5.457339993821567203e-01
5.457088160173239055e-01
5.457490012800105816e-01
5.457049113035479238e-01
5.457226446823170152e-01
5.457287309520677532e-01
5.457477847586827968e-01
5.456992915583863679e-01
5.457216439600036662e-01
5.456962406195787763e-01
5.459098686484514795e-01
5.457534314426208955e-01
5.456718923253220943e-01
5.457317936996615160e-01
5.457190271403138393e-01
5.456764249904864084e-01
5.457532182143705057e-01
5.456742552760770470e-01
5.456839559898281067e-01
5.456844284160875524e-01
5.457033567820015474e-01
5.456835106222521770e-01
5.457721200579058740e-01
5.456719469827305824e-01
5.456772836900327661e-01
5.456713853239444356e-01
5.456784560182652566e-01
5.456631372661103763e-01
5.457108810525289622e-01
5.456703899641938138e-01
5.456996951402034446e-01
5.455648867430754612e-01
5.455680670049462000e-01
5.455521980565347651e-01
5.456548640753231538e-01
5.456487928433599865e-01
5.455364565222108331e-01
5.455922045919053831e-01
5.454595346878855500e-01
5.454477124822911804e-01
5.453956752916353512e-01
5.454315424489147857e-01
5.454089422900731954e-01
5.454545277672442349e-01
5.454329766448301475e-01
5.453868570030253604e-01
5.454225976591905445e-01
5.454023220527970395e-01
5.454310803214350578e-01
5.453862157821381951e-01
5.454022420321810172e-01
5.453999719708086946e-01
5.453124363763619531e-01
5.453142453252860511e-01
5.453089160459840823e-01
5.452848707215063317e-01
5.452418196445190102e-01
5.452398037751111648e-01
5.452980054639053886e-01
5.452493392333925826e-01
5.452398824416710976e-01
5.452480945816662317e-01
5.452418466677017017e-01
5.452517098041439469e-01
5.452377398930559060e-01
5.452526322764835731e-01
5.452620958954250696e-01
5.452380675156506262e-01
5.452745338766751271e-01
5.452275989790758004e-01
5.453158523291128379e-01
5.452483979957667426e-01
5.452004858409009724e-01
5.452307301138071827e-01
5.453203726518975891e-01
5.451447024773720118e-01
5.451724286530635899e-01
5.451851670917878812e-01
5.451712327092703703e-01
5.451565948298198183e-01
5.451879851736156635e-01
5.451590081383926867e-01
5.451150860231935846e-01
5.451219342582234173e-01
5.452633758573327549e-01
5.451168289162646730e-01
5.451760842607332735e-01
5.451048864762897406e-01
5.451399139507777658e-01
5.450905196216532245e-01
5.451053093263261706e-01
5.451072041737521356e-01
5.452620639191548824e-01
5.450654849114306977e-01
5.450718495297042221e-01
5.450969648405356027e-01
5.450775878096392191e-01
5.450760008502149034e-01
5.450437025567297367e-01
5.450565220403716937e-01
5.450563096193882240e-01
5.450578907775165405e-01
5.450719661884372291e-01
5.450454327444064218e-01
5.450282223621745192e-01
5.450395425184659803e-01
5.450976155172908566e-01
5.450343459736765039e-01
5.450770614779104628e-01
5.450188244245668390e-01
5.450505199787910593e-01
5.449998926042398661e-01
5.449658448993824900e-01
5.449753758385909030e-01
5.449966377116832739e-01
5.449459911911537224e-01
5.449680112415029587e-01
5.450864485260700221e-01
5.448746550161842617e-01
5.448491247960518535e-01
5.448655493784094750e-01
5.448132170493407145e-01
5.448068843738411715e-01
5.448240008006290935e-01
5.448315278972890585e-01
5.447965612883893805e-01
5.447895018696898850e-01
5.448082897714265904e-01
5.447777771226284260e-01
5.447958645949291245e-01
5.447757618354068798e-01
5.447960838965379970e-01
5.448029353900115668e-01
5.448306899097683509e-01
5.447616625312183825e-01
5.448030225365949608e-01
5.447580963613137817e-01
5.447535426284544346e-01
5.447834336143358991e-01
5.447439624105039346e-01
5.447401160216316374e-01
5.447119108249146580e-01
5.447098783278174761e-01
5.447241138603770017e-01
5.447059456646765607e-01
5.447180761037684338e-01
5.447137324285747928e-01
5.447222020260011899e-01
5.447061372822480374e-01
5.447426392894629821e-01
5.447471295277458436e-01
5.446947496661590504e-01
5.447067755669401379e-01
5.447625506882104451e-01
5.446947363894564242e-01
5.446624035643161665e-01
5.446751006620129676e-01
5.446651887907729694e-01
5.446601993515763906e-01
5.447472778806552451e-01
5.446229188287740053e-01
5.447396877780278368e-01
5.445897926338042483e-01
5.445670593541039883e-01
5.446070048161670840e-01
5.445699329163919966e-01
5.445829108001468688e-01
5.446098178802183387e-01
5.445940262700862400e-01
5.445454009887316094e-01
5.445270958755313861e-01
5.445534788055980124e-01
5.445295570943246011e-01
5.446143005375609913e-01
5.445197107115993251e-01
5.446181429643148775e-01
5.445268480622694751e-01
5.445346593883306774e-01
5.445202564679965107e-01
5.445181632863018706e-01
5.445133325489139864e-01
5.445788996628364576e-01
5.445310264992372362e-01
5.445262841978857349e-01
5.445134663498468752e-01
5.445820317803752308e-01
5.445257856093833615e-01
5.446108080969860321e-01
5.444741589757133848e-01
5.444985214931238326e-01
5.444807176959468586e-01
5.444920464218819811e-01
5.444856759933425217e-01
5.445212604073028650e-01
5.444705869195026748e-01
5.444981288778648620e-01
5.444920616995716500e-01
5.444936599626856166e-01
5.444765895298439018e-01
5.445143295985899190e-01
5.444696267430758629e-01
5.445386081877197082e-01
5.444483702277124193e-01
5.444140496596336920e-01
5.444328353597099879e-01
5.444643041396711736e-01
5.444094340676647326e-01
5.444354510188903484e-01
5.444641852766947121e-01
5.443703456586620471e-01
5.443928018561250415e-01
5.443228467947944793e-01
5.443374529800427686e-01
5.443327330963853017e-01
5.443350071131605183e-01
5.443352517321308204e-01
5.443208844771265653e-01
5.443832971182909208e-01
5.443194990177973036e-01
5.443974196764257423e-01
5.443239868564661021e-01
5.443877557651012333e-01
5.443178723224334492e-01
5.443684765866805275e-01
5.443189770779605086e-01
5.442690117866136879e-01
5.442778833213512968e-01
5.444161867988922543e-01
5.442847539400711421e-01
5.443215573201749535e-01
5.442668479531079795e-01
5.443417497384069881e-01
5.442860987681064078e-01
5.443254396637448034e-01
5.442778859926710178e-01
5.442616397858858202e-01
5.442668753730460773e-01
5.442886417146945988e-01
5.442799922173193750e-01
5.442883229337599493e-01
5.442684525484257074e-01
5.444776378266465988e-01
5.442377236131966667e-01
5.442311516767548429e-01
5.442141933253906716e-01
5.442958060522375963e-01
5.442069683822327031e-01
5.442639189646354403e-01
5.442540997343697784e-01
5.443308229154656397e-01
5.442158502808485121e-01
5.442380486334684742e-01
5.442286722830088630e-01
5.442750590446433501e-01
5.442053417859534781e-01
5.442728727199968031e-01
5.441912038674547869e-01
5.442356350244503815e-01
5.441834052492351415e-01
5.442068507014491408e-01
5.441918711930054942e-01
5.441980988429750976e-01
5.441949740043654504e-01
5.441510028354740180e-01
5.441561196741798723e-01
5.441689057163857646e-01
5.442267018341446772e-01
5.441976050434663703e-01
5.441845872175145038e-01
5.444130236899796804e-01
5.441427057835748204e-01
5.441033482474785243e-01
5.441292500987894298e-01
5.441273018280359253e-01
5.441497758149891339e-01
5.440882165212117538e-01
5.441255021299664651e-01
5.440945498349448739e-01
5.440941124086821068e-01
5.440452755981309840e-01
5.440534890094469445e-01
5.440484558370271007e-01
5.440294646427086267e-01
5.441056378532005411e-01
5.440710874768635019e-01
5.439658538139893196e-01
5.440110533776201240e-01
5.439460655011563173e-01
5.439378372847734067e-01
5.439279783126418355e-01
5.439162036196895089e-01
5.438990871041050612e-01
5.438300816363796919e-01
5.437324559408858171e-01
5.436767816703709233e-01
5.436774704770618305e-01
5.437287965619718166e-01
5.436856384442199097e-01
5.437449667439272494e-01
5.436609961159023507e-01
5.436701730499904350e-01
5.436808026403077143e-01
5.436625116807691782e-01
5.436586032487427111e-01
5.437225663779273743e-01
5.436602689079620410e-01
5.436366220748537481e-01
5.436258228020642846e-01
5.436069889600755323e-01
5.436330750186039173e-01
5.436382904897827384e-01
5.436089641466673728e-01
5.435644712061405981e-01
5.435637192844229304e-01
5.435827929227734501e-01
5.435728930803330750e-01
5.435634432256011284e-01
5.435638021697877242e-01
5.435090228152581471e-01
5.435063442454050042e-01
5.435913283127886686e-01
5.435024219369037901e-01
5.435338781513300299e-01
5.434863283137003620e-01
5.436197104496344190e-01
5.434518082810951833e-01
5.434960845740417490e-01
5.434760974328598504e-01
5.433730394144036246e-01
5.433603689176690343e-01
5.433959078735324244e-01
5.434348828335434645e-01
5.433649811716945166e-01
5.433985707855405467e-01
5.433825834891188311e-01
5.433482966478672127e-01
5.433384788055211079e-01
5.433472559513673472e-01
5.433512444737588210e-01
5.433457611763744532e-01
5.433357579418929273e-01
5.433506419400281340e-01
5.433342492325121675e-01
5.433586458929706708e-01
5.433373425739779217e-01
5.433274437973170112e-01
5.433376884965349651e-01
5.433620104927273653e-01
5.433638245047754944e-01
5.433114851531332112e-01
5.433244466990935218e-01
5.433316337580874622e-01
5.433117934451965336e-01
5.433341084453805481e-01
5.433062419620842132e-01
5.434208034594503189e-01
5.433130003815639375e-01
5.433574192976866613e-01
5.433540945658228427e-01
5.433008502495281222e-01
5.433177405866488341e-01
5.433669899937714209e-01
5.432988705853819544e-01
5.433196338686477889e-01
5.432913581481964016e-01
5.433173041409596893e-01
5.433054573961610956e-01
5.433504117315330895e-01
5.433376909640986741e-01
5.432898421608054473e-01
5.432984815597208250e-01
5.433870962173937835e-01
5.433017972517349969e-01
5.433439277339711104e-01
5.433817889396520551e-01
5.432939692081456551e-01
5.432794506555326253e-01
5.432922230404213515e-01
5.432657743310405074e-01
5.433012621717528967e-01
5.432679057220655139e-01
5.432793914723690332e-01
5.432590737911825451e-01
5.432728976998065784e-01
5.432567682927480490e-01
5.433496706218028383e-01
5.432542479551430992e-01
5.432853273413466022e-01
5.432527074979057735e-01
5.432756348709432137e-01
5.432556980255630608e-01
5.432524845801747215e-01
5.432634622318865958e-01
5.433401195179277110e-01
5.432642948219894574e-01
5.432764364662536760e-01
5.432582570080283224e-01
5.432656563194957489e-01
5.432377699359937084e-01
5.432008306035179812e-01
5.431979268327959964e-01
5.432493814432201029e-01
5.432009957428733937e-01
5.432444204496807982e-01
5.431925762342183495e-01
5.432474859881596396e-01
5.431937538037105995e-01
5.432281366774701636e-01
5.431915358957803974e-01
5.432038256836830836e-01
5.432563173417942481e-01
5.432014189641682922e-01
5.431784133298324102e-01
5.431975091332362782e-01
5.431984969032802590e-01
5.432931343998783635e-01
5.431753672471218986e-01
5.432075321381464317e-01
5.431481539841618300e-01
5.431222876811055977e-01
5.431076667629135546e-01
5.431119857797156447e-01
5.431028678092379991e-01
5.431149639486380076e-01
5.431276824203608022e-01
5.431059343836019959e-01
5.431061331232514000e-01
5.431838410645832838e-01
5.431144309486689581e-01
5.431462275696726794e-01
5.430976904254182225e-01
5.430984206955263849e-01
5.431081168397805525e-01
5.431252040685892180e-01
5.431026244172409978e-01
5.431398021809714649e-01
5.430842761398231300e-01
5.432031915346037243e-01
5.431178931286088085e-01
5.431543825790980939e-01
5.431079922127446391e-01
5.431178934926170765e-01
5.430897116645813094e-01
5.431241120029797198e-01
5.430814057740542822e-01
5.430737562697112164e-01
5.430738921734867830e-01
5.432051422624372128e-01
5.430498752337751256e-01
5.430695331790491576e-01
5.430836455706360422e-01
5.431984822331988871e-01
5.430445639454843931e-01
5.430541567273221570e-01
5.430551393995831644e-01
5.431066335066405681e-01
5.430491965443354774e-01
5.430579193838112051e-01
5.430520223759279785e-01
5.430696504510762468e-01
5.431264637908765902e-01
5.430627818309172739e-01
5.430108442779439937e-01
5.430169182309454445e-01
5.429863820260569796e-01
5.430347275471326673e-01
5.430116626509430278e-01
5.429848974657334182e-01
5.430013066469866478e-01
5.429894635642967815e-01
5.429974479712387225e-01
5.429972173991989282e-01
5.429987784819977348e-01
5.429988083701254853e-01
5.429953188442274703e-01
5.429833355454976029e-01
5.429928805892961785e-01
5.429915654332276853e-01
5.429920586350471812e-01
5.429868891382806373e-01
5.429996123794345042e-01
5.429823684276455786e-01
5.429802782271435646e-01
5.429849390240181206e-01
5.430145050386373518e-01
5.429813679931706494e-01
5.429542343535209703e-01
5.429379218751216873e-01
5.429278343553608499e-01
5.429239706955213407e-01
5.429316190026519662e-01
5.429155116447065277e-01
5.429280734253326690e-01
5.429089417904626735e-01
5.428884332467950324e-01
5.428848715458718388e-01
5.429043351172309073e-01
5.428832023690601805e-01
5.428910931516744975e-01
5.428964907755753355e-01
5.428654501847722802e-01
5.428616743619519847e-01
5.428651814514930951e-01
5.428602578496981579e-01
5.428631208091989624e-01
5.428596794296565164e-01
5.428674427493639376e-01
5.428513500253332458e-01
5.428624505788237631e-01
5.428544200912386319e-01
5.428629822952523165e-01
5.428514895738845158e-01
5.428627040381511781e-01
5.428531822988654776e-01
5.428589404491347414e-01
5.428504076315576743e-01
5.428569703043270023e-01
5.428506353379380922e-01
5.428470613034317438e-01
5.428484741191509366e-01
5.428458741250917763e-01
5.428465038496836925e-01
5.428481236476871974e-01
5.428449218540205568e-01
5.428436113781158756e-01
5.428471983413456492e-01
5.428675767091833970e-01
5.428585784698247707e-01
5.428435963918419871e-01
5.428583847698679188e-01
5.428322980803819142e-01
5.428345929898211741e-01
5.428523493534495037e-01
5.428307725777216097e-01
5.428456104667757076e-01
5.428085670130375906e-01
5.428087095578160159e-01
5.428143186266840559e-01
5.428159785754249622e-01
5.428137389916325439e-01
5.428140290303812288e-01
5.428162787969381675e-01
5.427989826786581151e-01
5.428107655142948573e-01
5.427800800058137920e-01
5.427864946677415370e-01
5.427493450598172009e-01
5.427385946031959563e-01
5.427398654056168059e-01
5.427371072966933330e-01
5.427466841766704908e-01
5.427621275692183778e-01
5.427386253691425244e-01
5.427369133976058801e-01
5.427379624347034026e-01
5.427317444481929432e-01
5.427430161925393959e-01
5.427257417914729265e-01
5.427444137412845704e-01
5.427532099974288204e-01
5.427292177584698285e-01
5.427041850933758127e-01
5.426939711459325411e-01
5.426960523900061784e-01
5.426873157532319247e-01
5.426774247858848765e-01
5.426733367226939109e-01
5.426712797014874301e-01
5.426705755401898257e-01
5.426760129928290821e-01
5.426825867640155954e-01
5.426720536410272189e-01
5.426709631419074364e-01
5.426691496456877983e-01
5.427025638711658884e-01
5.426741736147790984e-01
5.427098397204404012e-01
5.427106435863446876e-01
5.426509132051465789e-01
5.426538315524632727e-01
5.426648183843035822e-01
5.426621713759796073e-01
5.426639462621348775e-01
5.426525555053862693e-01
5.426396551724104178e-01
5.426639908539566681e-01
5.426722226174135466e-01
5.426416527563802106e-01
5.426370601349916889e-01
5.426421149606361904e-01
5.426397964965052889e-01
5.426397883368377917e-01
5.426507859767232267e-01
5.426337854634237789e-01
5.426588763419042394e-01
5.426363986478865975e-01
5.426198475001731136e-01
5.426195815896733832e-01
5.426262337488571008e-01
5.426225445024190908e-01
5.426291684867974308e-01
5.426221841319476269e-01
5.426603972236357931e-01
5.426668744863277771e-01
5.426054685863590521e-01
5.425938416368156769e-01
5.425618357969297367e-01
5.425670093542653838e-01
5.425491881476052214e-01
5.425437694219071849e-01
5.426281437453265299e-01
5.425448101640485410e-01
5.425843610778049442e-01
5.425558075551728532e-01
5.425539021043336296e-01
5.425438633590544679e-01
5.425516254122084714e-01
5.425439149944207839e-01
5.425784088716992803e-01
5.425431755309146897e-01
5.425357408177302609e-01
5.425346330617040191e-01
5.425233929948622968e-01
5.425254730784798696e-01
5.425464747104167262e-01
5.425219226160582497e-01
5.424987562572965993e-01
5.425003354863877636e-01
5.425021077392534474e-01
5.425008756627598405e-01
5.425023217821061117e-01
5.424949566026558978e-01
5.425020996880206559e-01
5.424988654557472145e-01
5.425019427337378630e-01
5.424888589573084730e-01
5.424926397990164073e-01
5.424933907548400436e-01
5.425417566336182551e-01
5.424872518215949624e-01
5.424552039311991702e-01
5.424688541735808167e-01
5.424591097255548888e-01
5.424779903325623875e-01
5.424530539228263892e-01
5.424507594428864543e-01
5.424516178433551605e-01
5.424540083760540643e-01
5.424539634155964851e-01
5.424539566005085467e-01
5.424599973297433708e-01
5.424661599171253235e-01
5.424498177812253630e-01
5.424617153185414820e-01
5.424526496246850904e-01
5.424600498996005049e-01
5.424507727212581898e-01
5.424344595961094750e-01
5.424352717533670321e-01
5.424477935505093162e-01
5.424351967521864326e-01
5.424633555033379073e-01
5.424347999633847284e-01
5.424308204577784620e-01
5.424303441641376011e-01
5.424404116959431477e-01
5.424329170936509348e-01
5.424098743112091281e-01
5.424204779335216609e-01
5.424035701057966508e-01
5.423942042413377740e-01
5.423955979212925493e-01
5.423889925402689549e-01
5.423960518097858952e-01
5.423782898368681993e-01
5.423749944801482537e-01
5.423910767915687270e-01
5.423760996963282732e-01
5.423714482731605280e-01
5.423773928490811524e-01
5.423618515149338792e-01
5.423235664870336148e-01
5.423134328819925187e-01
5.423133903362342689e-01
5.423047542042670477e-01
5.423043229068689186e-01
5.422914882278501159e-01
5.422954912866918553e-01
5.422936485386746774e-01
5.423014397559670075e-01
5.423077540475006453e-01
5.422885944613261566e-01
5.422606485162931866e-01
5.422639593827964788e-01
5.422598585999983678e-01
5.422631455464473893e-01
5.422547886885457080e-01
5.422665762493114050e-01
5.422629718042909497e-01
5.422730062230544101e-01
5.422575171256239779e-01
5.422510768104578105e-01
5.422530856253680032e-01
5.422561557060783244e-01
5.422513180049451931e-01
5.422594137745549991e-01
5.422564264925666677e-01
5.422545946863199795e-01
5.422510599091238115e-01
5.422497688837540908e-01
5.422509952929480681e-01
5.422389292793143856e-01
5.422367062213000466e-01
5.422296927941631095e-01
5.422273188932877908e-01
5.422353703585517382e-01
5.422268010166527707e-01
5.422325174173489026e-01
5.422297083418217145e-01
5.422403959495364356e-01
5.422280605998006653e-01
5.422479204669427011e-01
5.422276558559507853e-01
5.422060795586406412e-01
5.422017846510270855e-01
5.422059109606810479e-01
5.422054373268556660e-01
5.422135098360326699e-01
5.422079840219846680e-01
5.422008109940067433e-01
5.422027436694156766e-01
5.422098137862911837e-01
5.422322235129739543e-01
5.422037221489958148e-01
5.422193384459307319e-01
5.422028691675870871e-01
5.421976029240862527e-01
5.422053038243984657e-01
5.421999323061497122e-01
5.421974377390009758e-01
5.422025228627902482e-01
5.421956515908640251e-01
5.422019454775571790e-01
5.421986383673341736e-01
5.421910887485067443e-01
5.421909964316123931e-01
5.421968226846499705e-01
5.421906783463901203e-01
5.421947181243164104e-01
5.421909822260774225e-01
5.422030211203155980e-01
5.421858204833133188e-01
5.422077942815057838e-01
5.422048055310909609e-01
5.421756227309020293e-01
5.421723528904117684e-01
5.421585310388542522e-01
5.421576695183836225e-01
5.421590222092049771e-01
5.421565766942036957e-01
5.421616564812202776e-01
5.421592950747962103e-01
5.422037684717345707e-01
5.421705119925379623e-01
5.421605392899896403e-01
5.421592352145527816e-01
5.421606177570088558e-01
5.421646747297809155e-01
5.421551588175210767e-01
5.421614977916423550e-01
5.421569490502885502e-01
5.421601597704795994e-01
5.421602158605373090e-01
5.421571607737443177e-01
5.421603428922293633e-01
5.421563661177208893e-01
5.421583138978973704e-01
5.421548751095836005e-01
5.421585648799390755e-01
5.421536557797379530e-01
5.421563466773677842e-01
5.421547209147334900e-01
5.421528404512718780e-01
5.421635358615832789e-01
5.421731644420320073e-01
5.421506903144958089e-01
5.421508345093221104e-01
5.421506144172788533e-01
5.421467383754769997e-01
5.421465330150885276e-01
5.421634383766933407e-01
5.421466153615369654e-01
5.421145225169462512e-01
5.421270582034479757e-01
5.421006579309276541e-01
5.421213114404974664e-01
5.420898998424122928e-01
5.420828929254730699e-01
5.420815607375294443e-01
5.420948072465365808e-01
5.420728667731492534e-01
5.420687738899060415e-01
5.420654361891182882e-01
5.420695901959464713e-01
5.420737413553209372e-01
5.420547673927116339e-01
5.420626186171223493e-01
5.420516821759076009e-01
5.420552391551478610e-01
5.420609762464515535e-01
5.420519781854031827e-01
5.420577659482067601e-01
5.420565031127112521e-01
5.420476204383282148e-01
5.420485096762686084e-01
5.420520321708850453e-01
5.420530796224586334e-01
5.420639134691855876e-01
5.420518887403665831e-01
5.420553145479287682e-01
5.420489859168101665e-01
5.420458710731097529e-01
5.420476160015533784e-01
5.420465361680741889e-01
5.420479526377510737e-01
5.420530390024712597e-01
5.420497994463521207e-01
5.420521156217488201e-01
5.420470828872040459e-01
5.420615141116433833e-01
5.420467653672481623e-01
5.421309257436942586e-01
5.420431238866812995e-01
5.420270513317838601e-01
5.420282798198217122e-01
5.420514183543022613e-01
5.420241908587698498e-01
5.420225013671702285e-01
5.420199927639755000e-01
5.420369008220522478e-01
5.420185240137304072e-01
5.420303489667557262e-01
5.420188405160341061e-01
