1.289278981207894859e+00
1.291015159879455032e+00
1.288679859550365014e+00
1.254286283274310021e+00
1.243471239767387937e+00
1.124247856231485487e+00
8.827789449561477264e-01
9.504964299616677215e-01
9.171820635317787795e-01
8.879384026791879991e-01
8.775029462650942857e-01
8.812146081665065411e-01
8.705278943327147134e-01
8.731108234665527768e-01
9.375397700188489170e-01
8.812994408833968452e-01
8.542782580709442630e-01
9.454187495721407819e-01
1.225578072724112566e+00
8.743490907743666218e-01
8.554411607333216594e-01
8.523021739650014084e-01
8.723485050797812335e-01
8.529321459840731867e-01
8.822355965084043294e-01
7.173549510064676227e-01
7.656289792637019920e-01
8.742266176542414780e-01
7.173549510064677337e-01
7.173549510064677337e-01
7.179160051349198213e-01
6.807003685044323849e-01
6.737519198892886196e-01
6.795286173382724115e-01
6.737519198892885086e-01
6.742861026130069213e-01
7.311091843552770531e-01
7.418324067423190948e-01
6.737519198892885086e-01
6.737519198892885086e-01
6.737519198892885086e-01
6.890355351968838749e-01
6.963940597298725610e-01
7.376892921274900150e-01
8.331662588804303882e-01
6.737519198892885086e-01
6.737519198892886196e-01
6.737519198892887307e-01
6.737519198892885086e-01
6.737519198892887307e-01
6.608541506722648284e-01
7.416747923346650451e-01
6.608541506722647174e-01
6.608541506722647174e-01
6.608541506722647174e-01
7.394471426257595015e-01
6.608541506722647174e-01
6.608541506722647174e-01
6.358084981458866913e-01
6.360081623342570545e-01
7.167822571589068659e-01
6.358554874821318315e-01
7.277866307492564246e-01
6.248129643615009110e-01
7.208982063638236237e-01
5.963518679244804721e-01
5.782239195490229688e-01
5.982279996423832680e-01
6.062229153894220790e-01
5.811707381324912047e-01
7.596137215489645600e-01
5.777635692919014243e-01
5.796254833378551297e-01
5.753015885935420792e-01
5.836034040969269032e-01
5.533077717995963374e-01
5.852393498389767412e-01
5.532235532640891185e-01
5.618158772524115552e-01
5.606406392349470025e-01
6.314111799899059241e-01
5.532563502599148197e-01
5.895343804412951361e-01
5.482588112445009321e-01
9.483759147618742169e-01
5.479548577721320424e-01
5.519014704786819880e-01
5.479548577721322644e-01
5.575031800611101040e-01
5.890101002971638300e-01
5.534967036075736369e-01
5.548687590271851322e-01
6.158786836307765800e-01
5.936861946347344876e-01
5.919840995501804981e-01
5.381584017495386618e-01
6.039363695297629286e-01
5.272885431269911383e-01
6.923166383878397445e-01
5.269924849362581654e-01
6.037172951562380652e-01
5.269924849362582764e-01
5.502241944893805359e-01
5.269924849362581654e-01
6.046044536556026694e-01
5.269924849362581654e-01
5.519590968834804379e-01
5.269924849362581654e-01
5.786776601215758431e-01
5.269924849362579433e-01
5.388355778139054530e-01
5.269924849362579433e-01
5.310842780476866531e-01
5.269924849362579433e-01
5.317748472252912251e-01
5.269924849362579433e-01
5.364877456149901302e-01
5.269924849362579433e-01
5.655411814997634012e-01
5.269924849362579433e-01
6.002380354548743080e-01
5.224563198341479753e-01
5.573830388776120914e-01
5.313825956161229991e-01
6.596393434973878422e-01
5.266335428305968236e-01
5.507006824960885005e-01
5.141946753441881679e-01
5.339907502123784067e-01
5.260338245199615015e-01
5.477324226246059746e-01
5.239979514309497377e-01
5.585558902317216967e-01
5.180322774858405754e-01
5.298153953838846686e-01
5.373967237379833062e-01
7.759672950496491195e-01
5.284020719810784694e-01
5.199313202948393497e-01
5.187876707116503283e-01
5.137858835786687228e-01
5.175333414291477530e-01
5.134415015416786687e-01
5.145727796206197580e-01
5.134090349218193294e-01
5.360809516461342294e-01
5.176881338619355732e-01
5.287985482405560544e-01
5.129364671492411265e-01
5.277522795957538815e-01
5.130822234030358864e-01
5.334538199969690586e-01
5.134392017463385027e-01
5.758814641632405973e-01
5.128463720865256148e-01
5.294494480112166279e-01
5.098035755717682527e-01
5.178950411146590049e-01
5.102479673438123919e-01
5.276806050387035096e-01
5.151106876744115937e-01
5.263977434114693876e-01
5.079621414151995751e-01
5.183636308627311839e-01
5.086713751955067586e-01
5.203577277648643307e-01
5.069823236000255973e-01
5.457708819194606598e-01
5.056013323420076588e-01
5.053118083339411815e-01
5.052468545527810662e-01
5.086393720279788200e-01
5.082587110979822631e-01
5.139766322840458868e-01
5.122545420471867894e-01
5.480072760191806447e-01
5.055953526172262125e-01
5.277603167253115402e-01
5.089937537138793378e-01
5.033209502276962954e-01
5.032949970947964147e-01
5.090798998513739182e-01
5.032337414814307408e-01
5.136210525941229399e-01
5.030884071978645178e-01
5.125303644998743247e-01
5.031827445998041659e-01
5.166058452561730352e-01
5.029032482194857323e-01
5.148431098539103523e-01
4.997271641210897508e-01
5.028113804088727434e-01
4.997271641210897508e-01
5.010528347921691106e-01
4.997271641210897508e-01
5.086748754535660444e-01
5.017806370146729034e-01
5.047962939926582404e-01
5.003856247708724503e-01
5.254461757706531122e-01
5.013357775133300276e-01
5.205745941427950552e-01
5.020469639556702779e-01
5.400811481817924253e-01
4.991782729523912554e-01
5.164289286184636785e-01
4.989517366828944422e-01
5.210652671031374972e-01
5.021127905677810199e-01
5.136633525673104383e-01
4.955771164114549099e-01
5.068854367604346267e-01
4.961447956667120462e-01
5.121173582338959251e-01
4.944407092475648358e-01
5.106550058168837225e-01
4.940612947949207800e-01
5.214223283425341027e-01
4.935953542674351713e-01
5.024186689362830638e-01
4.945292053116590592e-01
4.997221063740164282e-01
5.032929001521462276e-01
4.930342797733323068e-01
4.931481315805229526e-01
4.941923685469125083e-01
4.942417566960710662e-01
4.947147772123719478e-01
5.006237824620999310e-01
5.214891828327435919e-01
4.972890621928255928e-01
5.077918448186489186e-01
4.928538499315512356e-01
5.015244157022268334e-01
4.979386136657580342e-01
4.968469971681928610e-01
4.928306226372695109e-01
4.981513371403946122e-01
4.943568394115369080e-01
4.990277054220524922e-01
5.000802522355703994e-01
5.083733230817770732e-01
4.942864639959780315e-01
4.992662700114466334e-01
4.989893217419992255e-01
5.205963464689989939e-01
4.958312352036895465e-01
5.234470620514861672e-01
5.029556576717308936e-01
4.984948315882049008e-01
4.952714726650763732e-01
4.958178125148099413e-01
4.949624791464182216e-01
5.111966359844316576e-01
4.970390704516866043e-01
4.928133856664570489e-01
4.942269880498462165e-01
4.927539300519884757e-01
4.928423985349277281e-01
4.924807878551185070e-01
4.889505504373312106e-01
4.890070628330479008e-01
4.925359768984315378e-01
4.888084157235849658e-01
4.884962115737407351e-01
4.885064088749577205e-01
4.892620211678340714e-01
4.915879495935876475e-01
4.944522821349414676e-01
4.875933926960800413e-01
4.872181626863872350e-01
4.870432190337183886e-01
4.849484581008577377e-01
4.847776211326581541e-01
4.877374845904678402e-01
4.830630456622395097e-01
4.848602950433826275e-01
4.821280968676976419e-01
4.808040526509035351e-01
4.825736348880724780e-01
4.813873132197085125e-01
4.808631760275579592e-01
4.811064355265087800e-01
4.804301536750054114e-01
4.788208717418347971e-01
4.797228712731670952e-01
4.839108448711016974e-01
4.795212702882775124e-01
4.930529979495952841e-01
4.770767479535107936e-01
4.774893136083541156e-01
4.800730134723966147e-01
4.745960911143820016e-01
4.758280437583836675e-01
4.751860831964444531e-01
4.726683867500597325e-01
4.721780291021533960e-01
4.720775439047151245e-01
4.702460998640961565e-01
4.695558164081296559e-01
4.709585491479088004e-01
4.676338255687714218e-01
4.679135808169551103e-01
4.674651074604108669e-01
4.734441027168812544e-01
4.702022144014109672e-01
4.720249809228816429e-01
4.660998897237544902e-01
4.733051614437651655e-01
4.662234191738016120e-01
4.692916005144729952e-01
4.678818452777579462e-01
4.631179402904408438e-01
4.632521001464177668e-01
4.672646067174705542e-01
4.630889219471392981e-01
4.640485676612349231e-01
4.631341920048243077e-01
4.645297833804025167e-01
4.662037846866199375e-01
4.645758271433816367e-01
4.631492457031314292e-01
4.613299499702743778e-01
4.613085838226886892e-01
4.640721601750895098e-01
4.609496757436611913e-01
4.614644823045505051e-01
4.610690736499096221e-01
4.614502186204748058e-01
4.611564251129464109e-01
4.651563289950491065e-01
4.618876235559248311e-01
4.620791320955082715e-01
4.612644119472883442e-01
4.629615357569857315e-01
4.605763991276776714e-01
4.651367813190315781e-01
4.613320249169164389e-01
4.589047320033201038e-01
4.591528026182846167e-01
4.599036898494774372e-01
4.584387296797088895e-01
4.586455596017858793e-01
4.583430616573191396e-01
4.577457822422520417e-01
4.634381182369982088e-01
4.733777844987588912e-01
4.587683326775908732e-01
4.571876666190263228e-01
4.576182520154406519e-01
4.619509004291091903e-01
4.574003940521497169e-01
4.605760014491229737e-01
4.573590973683470673e-01
4.635683834617006505e-01
4.577542974752444871e-01
4.622276015132237292e-01
4.566867633474358534e-01
4.609278672632877716e-01
4.574127822674342592e-01
4.582822346729874541e-01
4.556239372089576078e-01
4.524938592970530471e-01
4.522924807106413203e-01
4.534713006481748687e-01
4.521833558937128350e-01
4.559291073078297063e-01
4.548726323147941342e-01
4.552576475700989000e-01
4.526327171707141828e-01
4.518359137131995884e-01
4.534035479477367403e-01
4.543101645307197067e-01
4.572863378663637457e-01
4.484136759816681472e-01
4.496618524665015326e-01
4.519028828351225324e-01
4.482919134845970710e-01
4.467661783364514916e-01
4.465931320830530127e-01
4.498409349747550801e-01
4.465639780182333318e-01
4.482338983702707225e-01
4.487177003540431253e-01
4.469862835350291164e-01
4.483769409388355109e-01
4.495857681657021709e-01
4.465874433412223010e-01
4.467431923951560857e-01
4.467736184760780493e-01
4.478053913603369796e-01
4.468011019179451426e-01
4.473848711271397605e-01
4.467081137943605951e-01
4.483531823234595537e-01
4.461506809644013583e-01
4.459461211487134591e-01
4.443630184676453654e-01
4.471375173301202488e-01
4.468726583328684332e-01
4.553696015648303064e-01
4.449389002191369569e-01
4.453466492944577193e-01
4.438952200162162853e-01
4.453107914053807126e-01
4.441090047481279224e-01
4.402812617431954845e-01
4.397162033268435244e-01
4.419100550835305397e-01
4.401419466817894088e-01
4.424732391981098800e-01
4.413378708994076249e-01
4.372820140581852866e-01
4.375155540784743113e-01
4.366820675106496408e-01
4.364616596567220119e-01
4.387818241356121751e-01
4.392247173059565246e-01
4.392945890902855699e-01
4.394871502147991715e-01
4.424563438879725585e-01
4.387280082440491724e-01
4.334579430778194853e-01
4.338108037816253981e-01
4.334457099570708238e-01
4.316727629836982771e-01
4.346137270820404352e-01
4.315563894497768116e-01
4.363859215861575769e-01
4.345733071736316289e-01
4.365539414819921138e-01
4.319054804290521354e-01
4.325279853523710250e-01
4.318660140678691750e-01
4.340261357914689255e-01
4.313315206631739285e-01
4.300234671359429162e-01
4.328000692804391814e-01
4.308497126291457868e-01
4.313659102942912216e-01
4.324571747115442122e-01
4.303842167904053384e-01
4.323310407196507277e-01
4.298201641183595489e-01
4.311238368703929069e-01
4.297088012056501372e-01
4.365520008532002283e-01
4.293252993001662743e-01
4.305389462469659811e-01
4.293966542248456308e-01
4.376389931115847731e-01
4.319492348914731328e-01
4.306289275618636059e-01
4.293285878660631494e-01
4.304687452645435952e-01
4.292870354738529404e-01
4.330594252968745228e-01
4.297703507904566123e-01
4.283653806670603137e-01
4.281910736660816674e-01
4.324553682785836628e-01
4.279851257334479908e-01
4.289476021842504871e-01
4.283254015179496776e-01
4.306230031095960031e-01
4.306605020534676198e-01
4.318055111931857204e-01
4.282531120054647311e-01
4.313521302726662787e-01
4.288875025389787266e-01
4.325201265791914773e-01
4.283081841175106486e-01
4.416678588623881296e-01
4.271126369262677192e-01
4.293758915984789981e-01
4.272676379274186753e-01
4.275088524959016478e-01
4.268036209220526511e-01
4.286763614807774792e-01
4.272903327837783150e-01
4.302706599895245176e-01
4.270718891882622215e-01
4.307709375028597742e-01
4.265059120462675879e-01
4.271637428801353109e-01
4.271660133076867760e-01
4.301687719527405585e-01
4.257036718941527020e-01
4.268932856640626494e-01
4.243559788494951635e-01
4.263028924219090521e-01
4.262445742867083665e-01
4.231845135831092120e-01
4.233116278685019607e-01
4.239658893663870720e-01
4.227746243956548300e-01
4.235669298330167476e-01
4.236697738224857734e-01
4.233045645674669566e-01
4.248580021459292255e-01
4.251108601263647868e-01
4.235726244223098069e-01
4.288460486466912913e-01
4.277682807566368650e-01
4.240603112098793037e-01
4.238082213478070459e-01
4.201326346643309284e-01
4.198893603436334443e-01
4.206774221724420282e-01
4.199701854581429639e-01
4.218485604435808223e-01
4.204013422321305482e-01
4.231350263978638226e-01
4.199773622762904557e-01
4.243384488966502888e-01
4.198229261718235961e-01
4.222458708338701627e-01
4.207625652775372482e-01
4.248067877102006396e-01
4.198787568051339791e-01
4.178376480002108373e-01
4.190282903945188320e-01
4.183071439985216466e-01
4.176837357338262779e-01
4.197786490731792997e-01
4.174614967579325930e-01
4.177971952394565203e-01
4.188981864861861526e-01
4.158536675137814997e-01
4.153157720100269512e-01
4.265120986597135122e-01
4.161493122245412679e-01
4.195919876083259448e-01
4.159757051371234526e-01
4.170513100384373173e-01
4.142366297057046842e-01
4.149895878141919292e-01
4.165111573618441865e-01
4.190082114645445888e-01
4.160380230511603883e-01
4.135734008558048513e-01
4.152085164742209122e-01
4.149208098106275666e-01
4.146498479559891370e-01
4.141748718467053170e-01
4.146049779138021307e-01
4.169114945301805597e-01
4.162038822677688876e-01
4.202212300682321988e-01
4.147284989917843223e-01
4.143441475180483780e-01
4.115800339487171722e-01
4.112947055622819259e-01
4.100111937515308336e-01
4.070403477769317102e-01
4.084024663773780928e-01
4.065606104265280796e-01
4.067687505663192815e-01
4.153771501511434594e-01
4.082927383159957735e-01
4.062947425038995197e-01
4.058726068743269133e-01
4.070106333512348296e-01
4.054706113942245782e-01
4.084643634740043883e-01
4.039400159142784719e-01
4.082337903522795797e-01
4.044751790183626627e-01
4.060010531492199704e-01
4.041574118153399842e-01
4.060609904455372288e-01
4.042189002057444691e-01
4.048289908839770579e-01
4.038722118602170452e-01
4.042392122978319957e-01
4.038829786449676384e-01
4.045837624819080269e-01
4.036475749096541943e-01
4.080016542658195244e-01
4.030193803861694124e-01
4.040788299106664594e-01
4.048301148132051885e-01
4.046199499204635730e-01
4.015402665868181287e-01
4.051759674241021680e-01
4.012656377910748251e-01
4.083184006475191752e-01
4.020769847285309284e-01
4.044136449601803407e-01
4.013763417238560560e-01
4.048124878770618107e-01
4.025595021270715335e-01
4.017465808373297809e-01
4.005787670940754719e-01
4.020905482071808756e-01
4.015703746870369906e-01
4.050154944849792549e-01
4.002883356854994856e-01
4.051937573113883473e-01
4.001782429219167825e-01
4.021913685256465198e-01
4.006962190331655460e-01
4.020488841336161134e-01
4.000080297383680206e-01
4.029407761483804751e-01
4.008760489344052047e-01
4.013727065782826675e-01
4.012939196174690748e-01
4.019171960708814995e-01
4.008670394863321773e-01
4.014274760368737316e-01
3.995615128380546333e-01
4.009743059650036634e-01
4.001577029781266948e-01
4.036784126752006041e-01
3.995602532241943061e-01
4.102693643515219479e-01
3.992752481226827799e-01
3.999938639532332751e-01
3.998487215073595058e-01
4.021534122979414372e-01
3.991449698325280626e-01
4.014015874381924864e-01
3.994894720085827577e-01
3.985850696415235705e-01
3.980255083992877974e-01
4.018356722974000261e-01
3.995951316733948322e-01
4.016959873708560447e-01
3.979566845169016376e-01
3.994259962205382597e-01
3.983248408294740028e-01
4.000459827666461576e-01
3.978323172099616500e-01
3.988346259257992132e-01
3.982076476848167568e-01
3.984453091841405059e-01
3.981872455628583940e-01
4.003997392891261997e-01
3.978650935305246827e-01
4.022604080056436660e-01
3.978283445424597442e-01
3.995306323321879960e-01
3.977293836037315566e-01
4.016360256833101938e-01
4.001786033916762686e-01
4.018595277737787019e-01
3.975820275225760980e-01
4.027867354358415919e-01
3.968496154136768039e-01
3.994403970845514795e-01
3.971171974875619126e-01
4.003796518263535442e-01
3.989950492248283132e-01
3.997521703336929799e-01
3.978896770277638439e-01
3.990051917036531171e-01
3.979842648662526017e-01
3.980835033022027125e-01
3.976122742707693947e-01
3.996076099137438331e-01
3.960909850819579470e-01
3.986575407626150591e-01
3.963157221782383499e-01
4.026894295755245601e-01
3.963799968746842262e-01
4.029440423837736263e-01
3.962954879351183735e-01
3.996746944097321341e-01
3.966255006123332594e-01
3.991167248930630462e-01
3.976758369910398661e-01
3.993121900659562518e-01
3.966553772150054891e-01
3.961377125605257676e-01
3.964587226091869088e-01
3.982207239015811417e-01
3.963545042998352641e-01
3.963479535630441974e-01
3.970869649651020961e-01
3.988849007887118603e-01
3.961953058656859095e-01
3.999109168591320485e-01
3.957818512061726524e-01
3.959666060792484399e-01
3.960340925453390559e-01
3.959468775474779267e-01
3.956337288714323330e-01
3.966362966568992010e-01
3.960513833356224533e-01
3.955902911230513297e-01
3.965588128688127267e-01
3.956879125990189761e-01
3.964197177312659970e-01
3.959002145865442857e-01
3.967157504663420542e-01
3.953460171710920235e-01
3.951481827186415496e-01
3.951164476149044424e-01
3.968272801363311730e-01
3.953937575887027100e-01
3.955210431909276791e-01
3.950049975265803037e-01
3.957268907223966403e-01
3.950563955113991499e-01
3.962523453878124546e-01
3.951193251591367250e-01
3.957391586774328118e-01
3.950213980165219185e-01
3.961671436285227332e-01
3.951629011863915242e-01
3.952706107951245995e-01
3.950354457200536684e-01
3.946502745207864926e-01
3.946487884434081717e-01
3.955604179008992416e-01
3.942116832315266106e-01
3.952789334094518603e-01
3.943946323320177139e-01
3.950586120616271235e-01
3.944223674997232587e-01
3.952339369767683963e-01
3.941676361580571109e-01
3.936443880740984058e-01
3.938235466609770752e-01
3.950280469950794848e-01
3.938773337361733407e-01
3.943261206426879051e-01
3.939057506793987029e-01
3.947453953315435693e-01
3.939964841877970914e-01
3.944301286615082280e-01
3.941211581428618604e-01
3.943796458287004980e-01
3.937529696567085846e-01
3.941478754674676566e-01
3.938608167015753003e-01
3.939232940094953284e-01
3.936903551439648874e-01
3.939570413245907510e-01
3.935490992822736622e-01
3.957517762925034099e-01
3.934988955310796399e-01
3.932473164726125181e-01
3.932011271392117369e-01
3.934383342464095601e-01
3.932530723153848107e-01
3.940077253138946634e-01
3.936375334406005955e-01
3.941173415730765406e-01
3.930801812204735013e-01
3.944396997081708878e-01
3.931741199833946876e-01
3.938247015130232342e-01
3.932932519638430158e-01
3.934108110248974999e-01
3.932325168591843112e-01
3.934505887519457734e-01
3.930543164299713510e-01
3.936996878742772266e-01
3.933127233986099536e-01
3.930548897712374812e-01
3.929995328831060175e-01
3.931053878325768691e-01
3.930204722114115645e-01
3.942904363027803782e-01
3.929901968129031475e-01
3.931289150680346012e-01
3.929380618958933091e-01
3.932263267540227480e-01
3.928970717217368236e-01
3.957230884486535594e-01
3.935342875358452397e-01
3.928523950167122081e-01
3.934503983485455048e-01
3.924206909627590556e-01
3.926169988348502948e-01
3.939528154479435273e-01
3.926827341710255603e-01
3.925496630386721142e-01
3.922812036592283613e-01
3.929676422702441663e-01
3.924388318943938248e-01
3.953065744284319227e-01
3.925065500384436468e-01
3.921656949216335564e-01
3.922259409946005637e-01
3.928149759615144898e-01
3.922215182252711263e-01
3.926133708529705446e-01
3.918815313322948635e-01
3.929016321863914585e-01
3.918863283797737740e-01
3.928645230151617818e-01
3.918222930822419237e-01
3.925201796308305791e-01
3.920311298899218366e-01
3.924301661474713376e-01
3.918938766020610420e-01
3.927779762712099720e-01
3.920382479495624350e-01
3.919533619377059130e-01
3.919004336381993192e-01
3.922710516776129475e-01
3.915992209963672366e-01
3.928583639369604419e-01
3.917022584888233405e-01
3.919941642786429759e-01
3.914719367579825859e-01
3.915322725287018746e-01
3.918881258874671869e-01
3.918719840797179610e-01
3.918689151460050812e-01
3.927296500313244287e-01
3.915416165262819437e-01
3.930484252601075257e-01
3.914974145278429796e-01
3.921494333347710914e-01
3.916597006969466110e-01
3.917309626766184993e-01
3.915974447011047466e-01
3.922354368867262964e-01
3.914265429109825556e-01
3.922090404288730570e-01
3.914351945248216724e-01
3.915221839016084782e-01
3.917147632637504318e-01
3.919955474732810807e-01
3.914085360144078374e-01
3.918674817669651200e-01
3.914731098106151164e-01
3.915420887714075038e-01
3.914864350182784558e-01
3.922155837445863158e-01
3.915739861153241241e-01
3.925763789804396775e-01
3.917370473658767782e-01
3.923018098437377477e-01
3.914149986180426311e-01
3.931501400135565261e-01
3.914351800275997495e-01
3.913765879644397483e-01
3.918237375194286165e-01
3.915129319855039647e-01
3.916428130483240455e-01
3.913570607862682516e-01
3.915186540562259343e-01
3.912306554889400378e-01
3.911241975224931111e-01
3.911098746326557851e-01
3.914331001670879884e-01
3.911418821695636372e-01
3.914137071132498535e-01
3.914524196584278637e-01
3.909379029871827838e-01
3.908885664676157723e-01
3.908658624364414469e-01
3.909495522092831798e-01
3.908555820525208002e-01
3.908648030013086583e-01
3.905883619902657533e-01
3.906269426707695835e-01
3.908902220290285112e-01
3.905526818488888052e-01
3.907036281716274595e-01
3.905820108289468351e-01
3.905769680937215549e-01
3.904258717542556378e-01
3.903647678982343217e-01
3.904769639374313095e-01
3.900931856235470008e-01
3.902110186068409869e-01
3.900989506530675444e-01
3.901199741939356813e-01
3.904965766917197767e-01
3.900887563635337396e-01
3.902187678529595583e-01
3.901402004972081561e-01
3.905016655610116794e-01
3.900374439077060607e-01
3.899138423290779976e-01
3.899738721193402591e-01
3.898405525117472070e-01
3.898212109164712058e-01
3.900773126776819755e-01
3.898288706908247248e-01
3.901595652436777306e-01
3.898684583883988419e-01
3.899128418575149579e-01
3.898333421293710965e-01
3.899110829017821134e-01
3.898309459714079384e-01
3.899328578652247468e-01
3.898210217941243672e-01
3.901376212266784438e-01
3.899071899979529299e-01
3.900002431898531574e-01
3.898431934080995864e-01
3.897690100570454508e-01
3.898279013911499224e-01
3.896028759583838319e-01
3.896106071632988721e-01
3.898518640700414095e-01
3.896626018930838820e-01
3.899778285879866302e-01
3.896885972865363756e-01
3.896386068624335119e-01
3.895550407531614967e-01
3.894667039741516179e-01
3.895489110317341686e-01
3.897445776650264038e-01
3.895221866976187330e-01
3.895868358649117180e-01
3.896452247821677872e-01
3.898410770066363940e-01
3.896255442926618850e-01
3.892811865020105455e-01
3.893028550922645326e-01
3.895361664647306044e-01
3.892711707527934384e-01
3.899111447037111322e-01
3.895633736236754352e-01
3.892247254560901593e-01
3.892318488228761475e-01
3.892326677654334155e-01
3.892514160561088010e-01
3.893325611511175288e-01
3.893244309882928911e-01
3.890657526949630740e-01
3.889634238844979497e-01
3.894602560968251082e-01
3.892086246505382929e-01
3.889010847613509902e-01
3.889118904483935824e-01
3.889414980283156797e-01
3.888473168704726368e-01
3.889358163959614756e-01
3.888315975873153918e-01
3.888715890987392010e-01
3.888888054148341156e-01
3.890996491104670163e-01
3.888021558707641656e-01
3.888670875063978682e-01
3.888370181018031557e-01
3.891848427673248456e-01
3.888541016733563227e-01
3.888911460956971933e-01
3.887638551191405223e-01
3.890435486554356670e-01
3.887938995944998366e-01
3.890207932653989564e-01
3.888314600782815655e-01
3.888449971433721175e-01
3.888192804373363232e-01
3.888921817158375593e-01
3.887971894621036761e-01
3.888511819900515865e-01
3.888834884993274676e-01
3.887401717544049506e-01
3.886310777878108080e-01
3.887835041115501600e-01
3.886604825036235611e-01
3.889494384011690231e-01
3.886195188874858597e-01
3.887813495769389949e-01
3.885911099087168141e-01
3.886481370180817629e-01
3.886600181832815526e-01
3.886841313888854121e-01
3.887267616310691176e-01
3.887979391220180436e-01
3.885204061525210362e-01
3.886107622237792714e-01
3.885239769772066420e-01
3.889071678295330514e-01
3.885353065401939698e-01
3.891107988236677806e-01
3.886658835974973192e-01
3.888874809685861633e-01
3.885578364382628602e-01
3.886082732975408294e-01
3.884814271613207803e-01
3.883621804779004982e-01
3.883610204280826816e-01
3.884453992080473261e-01
3.883697980238289271e-01
3.885127555348092399e-01
3.883921440516435730e-01
3.886448166491349165e-01
3.884366207828066075e-01
3.890975645973280272e-01
3.884742741710349168e-01
3.883889118423924924e-01
3.884754588772515449e-01
3.884783745384342568e-01
3.884086346894782826e-01
3.885747433235282045e-01
3.884103052944199441e-01
3.884420872544478431e-01
3.883958303815344681e-01
3.884839203638351113e-01
3.883884051697539253e-01
3.883865895892264497e-01
3.883967712757216417e-01
3.885378322158016817e-01
3.884311471229483503e-01
3.883027941814333195e-01
3.883240211619639060e-01
3.884940485796062881e-01
3.884142245249250225e-01
3.884626491119823055e-01
3.883737743633257078e-01
3.884668356639094378e-01
3.883156543511055991e-01
3.884043322622316441e-01
3.883231138970513752e-01
3.885045220923671327e-01
3.883467645378704258e-01
3.883431258822949705e-01
3.883459078672303888e-01
3.884339764339768686e-01
3.882838812533724870e-01
3.882493994083486832e-01
3.882714368661436821e-01
3.885241798576813399e-01
3.883571895976390964e-01
3.884753027401993131e-01
3.883229244150073756e-01
3.882048547644307290e-01
3.882738662923705952e-01
3.883902325260945032e-01
3.883424627981915678e-01
3.883002931333249808e-01
3.882092438950098257e-01
3.882214443424522043e-01
3.882571385110406004e-01
3.884311048797278731e-01
3.883326573204508025e-01
3.884955072122945330e-01
3.881867624330960775e-01
3.881911138573741482e-01
3.881160089920478451e-01
3.880624603454800314e-01
3.879347312035341666e-01
3.880751580351786134e-01
3.879356461596243366e-01
3.882206480723669473e-01
3.878977953047860194e-01
3.878779934372834082e-01
3.878822401396990749e-01
3.879902967422026450e-01
3.879633531446149419e-01
3.881321513943125079e-01
3.879566558370829421e-01
3.881614219746521433e-01
3.878759719023880392e-01
3.880110504496495638e-01
3.878513298377093133e-01
3.879955210619505657e-01
3.878027037683341449e-01
3.880577599814746259e-01
3.877343675285275792e-01
3.878204172719707521e-01
3.878240332755675257e-01
3.879287101513574920e-01
3.877750025903903275e-01
3.876946753316102279e-01
3.877107532792188893e-01
3.876800996863710713e-01
3.877519607980978167e-01
3.877774649600324586e-01
3.876989496887093822e-01
3.877423920048513883e-01
3.877262616376051518e-01
3.878225776569099725e-01
3.876202221057956088e-01
3.877209948661584082e-01
3.876159491320157469e-01
3.877002929336387238e-01
3.877091982993648434e-01
3.878104352060456894e-01
3.876642154090426118e-01
3.878037508168007408e-01
3.875314332133248940e-01
3.877893789089081333e-01
3.875634376021965255e-01
3.878625872320120571e-01
3.875542737939617899e-01
3.876108796140880774e-01
3.875137232996606618e-01
3.876425441404905969e-01
3.875775366034683866e-01
3.876371692702904603e-01
3.876438269735401065e-01
3.876857797679974516e-01
3.876047236389237316e-01
3.876925735337352075e-01
3.875199736197526557e-01
3.877054627960677124e-01
3.874757241856085499e-01
3.879140678275480036e-01
3.875268421485632553e-01
3.874848046428622239e-01
3.875496433635243210e-01
3.878217820181997233e-01
3.874839875507899989e-01
3.874830732187946603e-01
3.875776765060968687e-01
3.875601194222730306e-01
3.874446377881155534e-01
3.874476299370787080e-01
3.874483549104740798e-01
3.875010263653667630e-01
3.874557692083129279e-01
3.875203728909211720e-01
3.874489211636159003e-01
3.875595072318390732e-01
3.874377674904497804e-01
3.875022777173250388e-01
3.874367962388859388e-01
3.875287072519185694e-01
3.874480737341012282e-01
3.876776206553905757e-01
3.873841804181153425e-01
3.875682751530183379e-01
3.873978038253046430e-01
3.875686447817355829e-01
3.873926020908232681e-01
3.873284846191327735e-01
3.873017990440531522e-01
3.873497308355919877e-01
3.873684257703415845e-01
3.873450317202577486e-01
3.873266743725850558e-01
3.873914646828180985e-01
3.872534749101631535e-01
3.874188036657978951e-01
3.873407958026667819e-01
3.874130173031641311e-01
3.872221906191550267e-01
3.874284781970940839e-01
3.872393122948379895e-01
3.872790114029658337e-01
3.873392504593728414e-01
3.870108932096215648e-01
3.870903269966677884e-01
3.871941836091796763e-01
3.869510223220963274e-01
3.871373583260784845e-01
3.870178850401503889e-01
3.873963605289452716e-01
3.869390838584899628e-01
3.869616163815925991e-01
3.870714383888541055e-01
3.870437763908093354e-01
3.869601285876181351e-01
3.870606104422967264e-01
3.869869967039023528e-01
3.869910509201457405e-01
3.869397826176095845e-01
3.870462040021644401e-01
3.869577633831101093e-01
3.870031160968688266e-01
3.869471291884060138e-01
3.870809537013514268e-01
3.869622298282737183e-01
3.871024151729830498e-01
3.869719415455216138e-01
3.871563145721527155e-01
3.870818851089018464e-01
3.868275356216391292e-01
3.868510733789863876e-01
3.870861154133392601e-01
3.869326205508061833e-01
3.869821214914802021e-01
3.868044337278149225e-01
3.869870941246292273e-01
3.868449884249465232e-01
3.867828236937549957e-01
3.868217086075521616e-01
3.867863890243614100e-01
3.867986472177593060e-01
3.868220695071938331e-01
3.868305096896343942e-01
3.867521910612236047e-01
3.867837655221076920e-01
3.868603940450099365e-01
3.868849896851240810e-01
3.867279475003252975e-01
3.867387404414093788e-01
3.865221489286859158e-01
3.866263550817067851e-01
3.866421326029190197e-01
3.865158801753384443e-01
3.866745022843247614e-01
3.865457220745531219e-01
3.865275614324081288e-01
3.865221211517977928e-01
3.867095466239751089e-01
3.864610306297296405e-01
3.867317041149256340e-01
3.865119266896971384e-01
3.867407480483119331e-01
3.864843890293070960e-01
3.865012533657139482e-01
3.863723384001079286e-01
3.863761102758889177e-01
3.864234651600946258e-01
3.863136604890263226e-01
3.863942731367694394e-01
3.864674344887096824e-01
3.862679083718286721e-01
3.863279205625069768e-01
3.863354133300784810e-01
3.864376375710887324e-01
3.862271044849763801e-01
3.864882934583555585e-01
3.863081007790481469e-01
3.865137215709119611e-01
3.863386114740791077e-01
3.864540643555145483e-01
3.862138426824913706e-01
3.862059994928099815e-01
3.862537797753791136e-01
3.862672170638308256e-01
3.862029656599350602e-01
3.863031096623888994e-01
3.861653458906782466e-01
3.861788141635122962e-01
3.861774229194305241e-01
3.863716477928474946e-01
3.862060686277510313e-01
3.861343466536836244e-01
3.862412645524695431e-01
3.864015359714355613e-01
3.861371677443881656e-01
3.861457071362103255e-01
3.863095351498039287e-01
3.861258514712292422e-01
3.862199309221893140e-01
3.861265077927802936e-01
3.861509294599537179e-01
3.862126292332201949e-01
3.860995388745199763e-01
3.862612483448993328e-01
3.861374975188759384e-01
3.862051493848004946e-01
3.861684040556850328e-01
3.862796156986116336e-01
3.861738181077635779e-01
3.864175686254812114e-01
3.860842871280623645e-01
3.861216921288673776e-01
3.861701305214949587e-01
3.862573787527776581e-01
3.859376741804748656e-01
3.858300161557187691e-01
3.859016241954011939e-01
3.860018845092567097e-01
3.857978168896416538e-01
3.861781639803172350e-01
3.857585870591653809e-01
3.859428522928898264e-01
3.857901192607109397e-01
3.859914071459835117e-01
3.857867286763286274e-01
3.859374222195096626e-01
3.859344949988725015e-01
3.856541197255464182e-01
3.857009741123317847e-01
3.856685987205606403e-01
3.855896956008458831e-01
3.854878455170628881e-01
3.854768087996410242e-01
3.855570153033492375e-01
3.855273636960052652e-01
3.857884703074275778e-01
3.854460905729853448e-01
3.856421188031782243e-01
3.853483774048571120e-01
3.853666070845230274e-01
3.852936033874851951e-01
3.853670082187652945e-01
3.853390517976031937e-01
3.853697556120809775e-01
3.853085568632699243e-01
3.853623760054404879e-01
3.852798971902381409e-01
3.852184462150540223e-01
3.852342892067487368e-01
3.854262588081710517e-01
3.852553734065630175e-01
3.852320698988105363e-01
3.852633036149480938e-01
3.854060317077025455e-01
3.852399460366487949e-01
3.853952795104224616e-01
3.851561844090977127e-01
3.853092314684009589e-01
3.851861609732757374e-01
3.853706403027499228e-01
3.852172005852050329e-01
3.850421062841856701e-01
3.850720450975226861e-01
3.852502883822935265e-01
3.850502069804145888e-01
3.851636043053487390e-01
3.851201681313294323e-01
3.851681016320652184e-01
3.850325289996421874e-01
3.851405562194688548e-01
3.850122384966112588e-01
3.851315878889880473e-01
3.851487822518493420e-01
3.854348711761279578e-01
3.849250085851743108e-01
3.850472588167688781e-01
3.850609090213604757e-01
3.850425195869328632e-01
3.849180690172135932e-01
3.852032575177916640e-01
3.850810272522871003e-01
3.850421669354241461e-01
3.849131059328870230e-01
3.851598107126343318e-01
3.849865026840039728e-01
3.848397788563532873e-01
3.849391208552938592e-01
3.851070356153318830e-01
3.848046303250550748e-01
3.850186666292925719e-01
3.848006318857830621e-01
3.850138951621882022e-01
3.848763500978540919e-01
3.847208444187727450e-01
3.847743317373119032e-01
3.847673200560500772e-01
3.847419686779018355e-01
3.845424060733345639e-01
3.846495447298912684e-01
3.845443636677658428e-01
3.846057186710525322e-01
3.848649592596144475e-01
3.845529384124641847e-01
3.845948322726049917e-01
3.845660185049991076e-01
3.847166343984563808e-01
3.845691239056382993e-01
3.845770490213408777e-01
3.845686459061049556e-01
3.847445676060823883e-01
3.846101121443450399e-01
3.846800700817546437e-01
3.845764284914037767e-01
3.846423936298760116e-01
3.845262708377182315e-01
3.845552276335739150e-01
3.845757923014677671e-01
3.846057995857702916e-01
3.846068939174434598e-01
3.846979949064004423e-01
3.845587482613702646e-01
3.845743591265919359e-01
3.846090162585277250e-01
3.846164123836458004e-01
3.845536623206181615e-01
3.846819749193234883e-01
3.845759856568554125e-01
3.848352939130268435e-01
3.845680975530207935e-01
3.846204196301615252e-01
3.845424471259629717e-01
3.846327638970969964e-01
3.845530015061652818e-01
3.848210171448026573e-01
3.845199331452407443e-01
3.847922138626759248e-01
3.844954427968362842e-01
3.848452831881823966e-01
3.845672665948582924e-01
3.847948743785058467e-01
3.844693479950449522e-01
3.843963705151665078e-01
3.845667752336161538e-01
3.845741967658332094e-01
3.844052275067021962e-01
3.846633993640260485e-01
3.843972261596541595e-01
3.845390144124394283e-01
3.843706008298489740e-01
3.844829067755848873e-01
3.843906163443295276e-01
3.844776921832926964e-01
3.845389706936393481e-01
3.844785002374193073e-01
3.843459571452531587e-01
3.842989125369474790e-01
3.843327315724796023e-01
3.846248972339580963e-01
3.842941875405149754e-01
3.843587689953587017e-01
3.843984200503810511e-01
3.843737761991805058e-01
3.842588061132302668e-01
3.844777652784546196e-01
3.842782263159683076e-01
3.843408344729309367e-01
3.842481119549812085e-01
3.840839967291296841e-01
3.841475791501556825e-01
3.841360825451086147e-01
3.840490260307564130e-01
3.838727474364367898e-01
3.839205639245124035e-01
3.838022481908189842e-01
3.838461141482717442e-01
3.840230452008837614e-01
3.838160922120111285e-01
3.841560517910675987e-01
3.838299040050652811e-01
3.841385603220889289e-01
3.838967214565221497e-01
3.837551005862224196e-01
3.837496064528175266e-01
3.837306915279661279e-01
3.837705095439548630e-01
3.838568587721788994e-01
3.837983858544958826e-01
3.838909859981795569e-01
3.837356799556443376e-01
3.838640682334360510e-01
3.837769541419518982e-01
3.838125348811177728e-01
3.837679994588886201e-01
3.839238720194608767e-01
3.838279836363873709e-01
3.838181289281950570e-01
3.837477325390565852e-01
3.838991212859508839e-01
3.837378177357638198e-01
3.838348660667855738e-01
3.838786497514448115e-01
3.836702939825508696e-01
3.837397442462253117e-01
3.840872374250963173e-01
3.836739873472284068e-01
3.836877008571792369e-01
3.836358463716757483e-01
3.837776216005766572e-01
3.836438864487729528e-01
3.839412510266458356e-01
3.837338417203791097e-01
3.835267213796501040e-01
3.834760608918710290e-01
3.836742298813309304e-01
3.834494437157346391e-01
3.834816981235887878e-01
3.834384951292984511e-01
3.835454249474404276e-01
3.834568992081179295e-01
3.833559149613391948e-01
3.834655265807246360e-01
3.835611287533450819e-01
3.833626431348192143e-01
3.838086793722580436e-01
3.834146115566067214e-01
3.839342037624661197e-01
3.833737961797430982e-01
3.833408549395614928e-01
3.834028434170083655e-01
3.836198208049796943e-01
3.833377435931518140e-01
3.832297499202360069e-01
3.832549838563233946e-01
3.831651169273073698e-01
3.831734196939392545e-01
3.833382510767978646e-01
3.831481565584815008e-01
3.833486629664482059e-01
3.831765647979777922e-01
3.832161615946746425e-01
3.831693472848971549e-01
3.832116402492545815e-01
3.831928613537042283e-01
3.834953056421453454e-01
3.831661634688885432e-01
3.831167788110910744e-01
3.831767539779370457e-01
3.831428270104110800e-01
3.831074739030981835e-01
3.832692359549420558e-01
3.832709547758430535e-01
3.831051803525117871e-01
3.830920934672916722e-01
3.832811480967741602e-01
3.831079017536162534e-01
3.832975411759858009e-01
3.831076565740040296e-01
3.830991225032884251e-01
3.831857838530248195e-01
3.830484771079600836e-01
3.831365924169562454e-01
3.830525781608274394e-01
3.831051896274731972e-01
3.830942148839725503e-01
3.831536711432918518e-01
3.834480929778529834e-01
3.830060186560204083e-01
3.831197838285280710e-01
3.830310819937958189e-01
3.831770900639513422e-01
3.828940904543321477e-01
3.828871727336783382e-01
3.829464871561520378e-01
3.831362497525126476e-01
3.829157913623051912e-01
3.832156571059586736e-01
3.828361576598280913e-01
3.829823914222854064e-01
3.828162639149180757e-01
3.828812493153148644e-01
3.828162579938514942e-01
3.829504906072668247e-01
3.829277795830425823e-01
3.830453698258061701e-01
3.830488111892567105e-01
3.829184595313782635e-01
3.828137623939782963e-01
3.829486282855760204e-01
3.828633750362567811e-01
3.831234026246842506e-01
3.829036025624958928e-01
3.827612804767510091e-01
3.828306135551673428e-01
3.830397664980340067e-01
3.828184869492275988e-01
3.829604683751866578e-01
3.827393370452718546e-01
3.829184400001524602e-01
3.828193602051190858e-01
3.827641773042857465e-01
3.827254551741411381e-01
3.827202468739286934e-01
3.827715994985493864e-01
3.827635088724147261e-01
3.827294892215438726e-01
3.829240942794566172e-01
3.827775944365324756e-01
3.831223708172891707e-01
3.827521926635928384e-01
3.828667362778528371e-01
3.827519895627395918e-01
3.828554505599990887e-01
3.828662277208910725e-01
3.829651361813873889e-01
3.827513560781199420e-01
3.828665016690959710e-01
3.827322934902677720e-01
3.829225205445824787e-01
3.827675921837692119e-01
3.828142020769592091e-01
3.827975510541382631e-01
3.831973800713409095e-01
3.827430421688683970e-01
3.829271973594655099e-01
3.827453204343400084e-01
3.828422712048273335e-01
3.827342147536765826e-01
3.828207791745383282e-01
3.828006588886438966e-01
3.827442537031202074e-01
3.828002303190140010e-01
3.830040599836702642e-01
3.826950670846326341e-01
3.828036807532115837e-01
3.827758155311850596e-01
3.829676110054802685e-01
3.827274010911655977e-01
3.826959177646838128e-01
3.828125103427598153e-01
3.830141563446215480e-01
3.828166083379713758e-01
3.828110576412476207e-01
3.827139183787279797e-01
3.827224902230222936e-01
3.826646161051169837e-01
3.826661310294676155e-01
3.826302626476063007e-01
3.826282770220818530e-01
3.826938727590888378e-01
3.826898439886293746e-01
3.827050401752195574e-01
3.825992967387864541e-01
3.826395030976052491e-01
3.825533087427437362e-01
3.826522275325686673e-01
3.825420853266813803e-01
3.824920531320676331e-01
3.825574386851616770e-01
3.825664602013174043e-01
3.825576398239408649e-01
3.825652213178318273e-01
3.824908466278634789e-01
3.824196596695673134e-01
3.823352977490844795e-01
3.823066910111899142e-01
3.823030671907771683e-01
3.823091465240224807e-01
3.822780229963188003e-01
3.822728857012316905e-01
3.823110210872338599e-01
3.824156445581575747e-01
3.822841905780812732e-01
3.822824607020021137e-01
3.822397587371076377e-01
3.823050565739746220e-01
3.822510997394538146e-01
3.821659766115272361e-01
3.822679298275118431e-01
3.821256893736698079e-01
3.821529476324733166e-01
3.821323326432485845e-01
3.821277659463312437e-01
3.821705449069024985e-01
3.821152519328574471e-01
3.821093606999321213e-01
3.821149324425586746e-01
3.821690102852334792e-01
3.820792790869655953e-01
3.821400733346689838e-01
3.820692999971253556e-01
3.821235377365875818e-01
3.820843212355850005e-01
3.821019073778741393e-01
3.820784211183892443e-01
3.821492170602495686e-01
3.820806963576074411e-01
3.820858865735214938e-01
3.821058441115809945e-01
3.821617121178950138e-01
3.820846676078055726e-01
3.821002022498048989e-01
3.820453268115364676e-01
3.822472233473853676e-01
3.820558041886067957e-01
3.819771805102983309e-01
3.820154789779974247e-01
3.820013616104016019e-01
3.819749543040590334e-01
3.819706644034137621e-01
3.819724149243536315e-01
3.820199514033544852e-01
3.819820907375279795e-01
3.820617337108743738e-01
3.819745090530216602e-01
3.820713280224771746e-01
3.819610481013328562e-01
3.819652839990947957e-01
3.819344168819408525e-01
3.820498857345427934e-01
3.819366191368840924e-01
3.819271308450082891e-01
3.819312959533662233e-01
3.820504927494474678e-01
3.819867350410485751e-01
3.819822413756875368e-01
3.819328331712020241e-01
3.819469817000852863e-01
3.819842896572853697e-01
3.819957526304026407e-01
3.819124539107717764e-01
3.818811972397996302e-01
3.819193088598765717e-01
3.818976042702322826e-01
3.818816526333793093e-01
3.819829625745673751e-01
3.818880430286908934e-01
3.819936415384572181e-01
3.818623587239122763e-01
3.819051326978326055e-01
3.818823135810288649e-01
3.818898049675060746e-01
3.818416411712889369e-01
3.818490126641420068e-01
3.818646632495911741e-01
3.818765975167894844e-01
3.818769246240864557e-01
3.819890730293978298e-01
3.818628835134340038e-01
3.818633570965681012e-01
3.818446322041305074e-01
3.818874034605691525e-01
3.818171644031075895e-01
3.817768683625527570e-01
3.817648971736203323e-01
3.817851085738548922e-01
3.817673836088272821e-01
3.817948921722817412e-01
3.817853516217700194e-01
3.818158370034280269e-01
3.817621692678473955e-01
3.818063277646968068e-01
3.817631340224978409e-01
3.818005723768462256e-01
3.817613408597820834e-01
3.818182642371198421e-01
3.817642004184808036e-01
3.817486068544266864e-01
3.817590223335830535e-01
3.817889057902754679e-01
3.817740107783721970e-01
3.818226445235331501e-01
3.817695987314396744e-01
3.820804730997672816e-01
3.817772054086827627e-01
3.818356378587192124e-01
3.817488249125056687e-01
3.817626743790978883e-01
3.818064125595806990e-01
3.818240912350790994e-01
3.817480282413224235e-01
3.816499408874022281e-01
3.816447804515848974e-01
3.816606902796670919e-01
3.816472294037631663e-01
3.817218139250642683e-01
3.816685787654932049e-01
3.817102757594318940e-01
3.816707400703435171e-01
3.816582806843743514e-01
3.816452775089446692e-01
3.817257998883550330e-01
3.816596252121649546e-01
3.816468087765527706e-01
3.816565171722755001e-01
3.818022638364050869e-01
3.816461452607426974e-01
3.817167806234842975e-01
3.816499136027792782e-01
3.816349568737225639e-01
3.816296539274935395e-01
3.816855308430735505e-01
3.816350072479545719e-01
3.816375989100573851e-01
3.816315546284537730e-01
3.816920773001163947e-01
3.816163647499294376e-01
3.816729565354425313e-01
3.816166602536682495e-01
3.816469140439904817e-01
3.816227077026826953e-01
3.816878327553436812e-01
3.816652828169150302e-01
3.816237193994178045e-01
3.816269292660788848e-01
3.816740892405765528e-01
3.816190262195898741e-01
3.816735195477118925e-01
3.816161207073852091e-01
3.817190986228758409e-01
3.816404936132212766e-01
3.817267502717279770e-01
3.816237673046024015e-01
3.816802382157317153e-01
3.816344985917274890e-01
3.816369231618746416e-01
3.816101794827114757e-01
3.815581645268685262e-01
3.815791994631333450e-01
3.816249696151809423e-01
3.815788714578317031e-01
3.815594217920790232e-01
3.815542706699953657e-01
3.816405633535416841e-01
3.815675874601374140e-01
3.816708442646271071e-01
3.815632022163655268e-01
3.816204924276447308e-01
3.815621874095083688e-01
3.817955787328121131e-01
3.815117904285037498e-01
3.814156162982148546e-01
3.814737030519688155e-01
3.814336635826992561e-01
3.814109687085364131e-01
3.814358097654738100e-01
3.814720415077888505e-01
3.814451942134043372e-01
3.814825466854611657e-01
3.814149123299129251e-01
3.814894466028907472e-01
3.814067634062320855e-01
3.814616817446028763e-01
3.814495877198190721e-01
3.814341348642051321e-01
3.814054536220272684e-01
3.814271013768183449e-01
3.814260592914435755e-01
3.814364624897058631e-01
3.814131941707278317e-01
3.814658104696790342e-01
3.814151366903689166e-01
3.814964704573704513e-01
3.814076518992653986e-01
3.813934148589681605e-01
3.814005422801481915e-01
3.814265244797588883e-01
3.813797841641964892e-01
3.813716034097489604e-01
3.813711204790818932e-01
3.814188360540273770e-01
3.814021846828103413e-01
3.813368673801856290e-01
3.813666843924821137e-01
3.813975324569915393e-01
3.813525592169921263e-01
3.813904283298351072e-01
3.813608438592304140e-01
3.813395191263598827e-01
3.813297647647155286e-01
3.813628611661682988e-01
3.813350876572756398e-01
3.813785235755561276e-01
3.813395083155164400e-01
3.813478794307294528e-01
3.813337435349649640e-01
3.814122303481812248e-01
3.813015107072313947e-01
3.812885913065240384e-01
3.812888068196944591e-01
3.813263725152171157e-01
3.813052791615653137e-01
3.813068870485953887e-01
3.812773793101504327e-01
3.812820113444931325e-01
3.812580659001523764e-01
3.812812360117813215e-01
3.812522382713147140e-01
3.813476619981351901e-01
3.812924570051546835e-01
3.815468063218795391e-01
3.812713663979044321e-01
3.812620249298991348e-01
3.812822027875673592e-01
3.811756047094240762e-01
3.811917281369835986e-01
3.812390074089839764e-01
3.811733541898736366e-01
3.812275778765126244e-01
3.811806290961149979e-01
3.812298860110333032e-01
3.811718520132906241e-01
3.811923724398765256e-01
3.811714693432832757e-01
3.812095274615552865e-01
3.811891656993237065e-01
3.812666473736036066e-01
3.811893437070461021e-01
3.811674504364097049e-01
3.811922077340436088e-01
3.811812025197285903e-01
3.811670243843234829e-01
3.811960909369108141e-01
3.812376879377599725e-01
3.813561796765717049e-01
3.811797428251793018e-01
3.812456229794505269e-01
3.811651748767570513e-01
3.811541010568261778e-01
3.811745166112383565e-01
3.811472385917328842e-01
3.811479447372635998e-01
3.811841528098048326e-01
3.812146330090646074e-01
3.811528042822528994e-01
3.811603744800383664e-01
3.811723849876920145e-01
3.811581949786861934e-01
3.811409932128347888e-01
3.811494136562226798e-01
3.811970769758583066e-01
3.811487339916395656e-01
3.812087069366807413e-01
3.811522266066748044e-01
3.811395230049386407e-01
3.811278622102305946e-01
3.813422824521054411e-01
3.811175168096256338e-01
3.812033027925076367e-01
3.811421708640497785e-01
3.812179333713190954e-01
3.811367166843896426e-01
3.811216214835860261e-01
3.811262951929959564e-01
3.811310836043813044e-01
3.811040965585110740e-01
3.811281765621801765e-01
3.811109284891194271e-01
3.811994983050797647e-01
3.811309185985414238e-01
3.811479199136530438e-01
3.811231133164141305e-01
3.813836417661310985e-01
3.811253133074790633e-01
3.809975302394286167e-01
3.810299034064874024e-01
3.809430983395216130e-01
3.809644185137137651e-01
3.809808320488898836e-01
3.809650634908291478e-01
3.809715115560999288e-01
3.809638819166887846e-01
3.810043762835642611e-01
3.809451118455504104e-01
3.810206404151669779e-01
3.809531461683210996e-01
3.810675299723259024e-01
3.809438261405804771e-01
3.809219626769788647e-01
3.809360601032680815e-01
3.809837716475510394e-01
3.809057438129728745e-01
3.810750684340267758e-01
3.809216878116249982e-01
3.809172605448436499e-01
3.809023755540659750e-01
3.808772213874644375e-01
3.808903614675133720e-01
3.808714880082547660e-01
3.808624478866731722e-01
3.809100508789103889e-01
3.808335301014028063e-01
3.809761421462499742e-01
3.808340433396827929e-01
3.808580280566213339e-01
3.808436703122832223e-01
3.808755765197747722e-01
3.808338484461219475e-01
3.808236358543272138e-01
3.808300447979131587e-01
3.808819906665145694e-01
3.808330349796539283e-01
3.808585158450266683e-01
3.808259248990145118e-01
3.808016496560259756e-01
3.808079907370417461e-01
3.808465012845448361e-01
3.808079886781213785e-01
3.808659521340122533e-01
3.808181636512300017e-01
3.808357106087134070e-01
3.808217387042751589e-01
3.808902157730709170e-01
3.807914828135119945e-01
3.808907480185892425e-01
3.808313860341721035e-01
3.808375139844423218e-01
3.808043589471106771e-01
3.808338386189557001e-01
3.807968620244491231e-01
3.808070328624633683e-01
3.807962177905538925e-01
3.809514631090233916e-01
3.808115020473448742e-01
3.808597309005417042e-01
3.808908283894285041e-01
3.807423701369658797e-01
3.808272989136079478e-01
3.808841068113414940e-01
3.807554346465887862e-01
3.806393643862431286e-01
3.806611856825607432e-01
3.806556106586820309e-01
3.806312092660912860e-01
3.806165757571410846e-01
3.806301130971415092e-01
3.806532858573007938e-01
3.806208654566022309e-01
3.806200753075891230e-01
3.806178007978648914e-01
3.806482026053805701e-01
3.806370312481456852e-01
3.806367070124332397e-01
3.806133358313070203e-01
3.806498850675207324e-01
3.806663897607771574e-01
3.807428102031177874e-01
3.806301279349402766e-01
3.806563685764412508e-01
3.806208890287490765e-01
3.806343634058599323e-01
3.806121167654138993e-01
3.806368314256012297e-01
3.806384698754042284e-01
3.806367272706654425e-01
3.806171762875933950e-01
3.805936613219398357e-01
3.806188753221069199e-01
3.806024264041217853e-01
3.806003727720953522e-01
