9.811897804500576692e-01
9.807677002585767356e-01
9.827181959253570298e-01
9.878989848251491512e-01
1.018886723480810330e+00
9.933817620672267257e-01
1.094657242804623287e+00
9.957131792435210960e-01
9.810547264506214171e-01
9.807677002585767356e-01
9.807677002585767356e-01
9.808531516326963740e-01
9.738348823635347706e-01
9.955363349989890809e-01
9.785059383815392087e-01
9.738348823635346596e-01
9.784374083562455970e-01
9.655850423086694834e-01
9.559740147272357547e-01
9.559740147272359767e-01
9.559740147272359767e-01
9.559740147272359767e-01
9.605164744897966012e-01
1.030047984222714375e+00
9.914843753624021927e-01
9.576722981516846422e-01
9.559740147272359767e-01
9.559740147272359767e-01
9.559740147272359767e-01
9.559740147272359767e-01
9.559740147272359767e-01
9.535616398421159490e-01
1.087112214799557552e+00
9.535616398421159490e-01
9.535616398421159490e-01
9.535616398421159490e-01
9.532890608939788013e-01
9.532890608939785793e-01
9.532890608939785793e-01
8.615395991954015731e-01
9.336436365662847958e-01
8.343519191111234967e-01
8.886371568355364570e-01
8.214409938775629749e-01
8.783710905746744402e-01
8.246671359085182562e-01
8.422825971281084900e-01
8.219263204322706518e-01
8.416727329398606683e-01
8.194951223184203659e-01
8.191943649724016119e-01
8.192442957195107400e-01
8.263253424859151597e-01
8.191943649724016119e-01
8.376269685403515686e-01
8.195362909257655204e-01
8.474009631223905492e-01
8.378925726369407245e-01
9.927937202617204138e-01
8.048429270010217795e-01
7.691896563978488643e-01
7.743740032547967722e-01
9.075867375418411598e-01
7.784069323803221030e-01
8.559791621622252489e-01
7.691896563978488643e-01
7.625474989664117187e-01
7.625474989664118297e-01
7.658710570210703894e-01
7.625474989664120518e-01
7.694690871269871391e-01
7.625474989664117187e-01
7.672175653602176792e-01
7.625474989664117187e-01
7.728887089682743294e-01
7.666457888830899847e-01
7.815479444778845597e-01
7.554665293580115071e-01
9.463654115161160840e-01
7.837571815409841713e-01
7.364148047731887692e-01
7.262807466854752647e-01
8.933123439158866530e-01
7.124045143332581320e-01
8.973322601209068328e-01
7.220026726353868662e-01
7.881635023076691837e-01
7.137068427253201452e-01
7.632242678111792467e-01
7.124344085814198202e-01
6.853358884126130590e-01
6.821575583661252384e-01
6.775076925278332718e-01
6.783524189767172752e-01
8.456584712106349766e-01
6.870706123432391843e-01
6.924543751087234300e-01
6.774093820314719405e-01
7.020516842004532743e-01
6.747855244804877861e-01
7.414393248601174324e-01
7.019522170342660239e-01
7.335878634234443973e-01
7.048510967896061130e-01
6.820059995675982201e-01
6.768721676937290432e-01
6.874520999417826905e-01
6.747855244804876751e-01
6.858564888738610810e-01
6.748157432004594503e-01
6.931050757896438652e-01
6.784796643059710641e-01
6.759737553849053393e-01
6.747855244804880082e-01
6.927389777929280346e-01
6.747855244804876751e-01
6.741348405246871955e-01
6.741348405246870845e-01
6.821724182974375772e-01
6.926906705739689363e-01
7.893530751222264108e-01
7.310656495564580304e-01
7.601900587619454530e-01
6.701603656743506665e-01
6.914709320976827334e-01
6.721036013148873334e-01
7.095782534664519803e-01
6.702464596276664910e-01
8.120354078373713813e-01
6.697146087596758113e-01
7.399372210722562349e-01
6.767641941592269506e-01
7.203159724475085568e-01
6.731219511840127456e-01
7.135984150485479294e-01
6.701516560931788380e-01
6.813470720817845772e-01
6.716234358414179262e-01
7.193628756779100186e-01
6.729896219689800452e-01
6.700047084457769753e-01
6.724303731051948230e-01
6.624556720192366077e-01
6.612858418026570373e-01
6.613038182262263032e-01
6.707903855210949340e-01
6.618110494976006120e-01
6.697137688481490381e-01
6.621924185469588719e-01
6.858462348995061353e-01
6.617479096672709282e-01
6.933505950214271518e-01
6.612241075580026495e-01
6.650373169991785627e-01
6.602880034664098119e-01
6.903983269808906531e-01
6.607376615092311889e-01
6.816351674896660162e-01
6.585096892883280928e-01
6.581625829079308376e-01
6.581053233436771066e-01
6.564489673385818236e-01
6.567965199158940504e-01
6.770631111671291391e-01
6.575360537147970641e-01
6.576670733296280380e-01
6.575458473454810493e-01
6.692915028990668036e-01
6.561997265967359771e-01
6.836038218960167612e-01
6.546067311909111730e-01
6.809272943780464438e-01
6.621197007626319353e-01
6.569599775812705600e-01
6.537322175524733492e-01
6.495461099254935533e-01
6.497143235234589254e-01
6.509306588206512645e-01
6.541153407150446242e-01
6.607769547841213509e-01
6.501707693702809543e-01
6.808461046410536621e-01
6.595872257256020221e-01
6.671730034498410955e-01
6.489307343306786047e-01
6.539471988320155749e-01
6.476131007116047167e-01
6.572838881058726823e-01
6.450783905741970248e-01
6.596409524961736048e-01
6.439484149097123300e-01
6.557727224206506556e-01
6.457934815488037827e-01
6.657030229281515332e-01
6.435211175155882701e-01
6.728440704682281392e-01
6.436713082341473102e-01
6.621755508642018784e-01
6.435433870657730759e-01
6.588856807938404669e-01
6.447272096606392333e-01
6.545793485345546836e-01
6.438359930182586677e-01
6.468300083241423915e-01
6.446517460961952439e-01
6.556150362685612132e-01
6.437324940651508731e-01
6.791136824641620384e-01
6.402624764583789707e-01
6.405966761057196868e-01
6.415353160087092776e-01
6.401773436143958218e-01
6.403870577637634787e-01
6.450876776935990931e-01
6.411675183534611966e-01
6.396494147671965003e-01
6.425249251618025959e-01
6.399932552086663451e-01
6.431112367961150378e-01
6.403268231278013145e-01
6.427309036454810220e-01
6.371554472624760823e-01
6.348957944053199576e-01
6.331017023689792245e-01
6.389402714699908836e-01
6.320083408192814778e-01
6.310405700459069678e-01
6.316376008409323450e-01
6.396079507437215650e-01
6.330477988149623148e-01
6.145443729114403730e-01
6.009395256046211609e-01
5.971133353301725233e-01
6.022838742623672914e-01
5.966730834861035948e-01
5.913868960847555867e-01
5.911563916680189212e-01
5.930646653839166671e-01
5.915995122977604215e-01
5.923409232848542150e-01
5.904341359745115536e-01
5.908401458358357727e-01
5.903146326442062497e-01
5.908405940524028566e-01
5.906023991569121501e-01
5.901652231413699878e-01
5.901466676009183843e-01
5.933122729947056806e-01
5.895459686680493139e-01
5.952580143373266131e-01
5.928175655695061552e-01
5.917950765633406274e-01
5.911091752603037097e-01
5.886812215097799728e-01
5.884805775602981459e-01
5.865274436910277167e-01
5.872424598740801915e-01
5.876609206319964862e-01
5.863464941743214975e-01
5.884920438468931314e-01
5.865387012473751716e-01
5.864898360513862707e-01
5.913638364756985677e-01
5.880086717740978797e-01
5.867610423700808653e-01
5.924355411317637765e-01
5.864872868376056481e-01
6.068963161143046126e-01
5.878210477755753116e-01
5.909797365397974067e-01
5.854819983418488860e-01
5.870136615972330052e-01
5.850150667888439626e-01
5.851694781189848982e-01
5.842381390608025749e-01
5.869043662121070648e-01
5.844028154089953020e-01
5.880012938653168542e-01
5.845164652205174782e-01
5.823375880461106879e-01
5.821952653122109966e-01
5.839443660972446493e-01
5.814498254756922391e-01
5.833021765283774585e-01
5.817856596129326041e-01
5.821251796034787596e-01
5.814345053939335983e-01
5.830934133118913509e-01
5.814084928637045513e-01
5.845890504393873588e-01
5.815600780712595341e-01
5.836643778834567087e-01
5.827217763166802067e-01
5.850537503422467145e-01
5.825414118691105703e-01
5.809863976734794822e-01
5.810434147502683278e-01
5.809561123391744353e-01
5.814118494784343838e-01
5.807985943793146921e-01
5.805921550585383395e-01
5.798933030128972099e-01
5.788640301668438459e-01
5.793543620909729075e-01
5.772547535742102998e-01
5.773770831891026356e-01
5.790578980088854077e-01
5.772085200954312212e-01
5.774077946358602276e-01
5.785137137026279408e-01
5.763513920512598476e-01
5.760789368220308182e-01
5.757885830098030677e-01
5.761910006122230588e-01
5.747919806899639550e-01
5.748660543326166161e-01
5.749738462241723580e-01
5.747701609449171745e-01
5.761727257588040718e-01
5.744443160767291889e-01
5.742625704573033341e-01
5.743911914460834156e-01
5.741693252456431251e-01
5.739487832705271186e-01
5.727856490420022428e-01
5.728762159947043964e-01
5.731090258893456468e-01
5.726959954986048373e-01
5.724881657605752627e-01
5.745740468194168171e-01
5.703754010054374879e-01
5.708783525328041675e-01
5.706512814644296716e-01
5.703919280382608870e-01
5.703271956657035568e-01
5.708712074454918017e-01
5.707039633531214573e-01
5.710219511643196411e-01
5.696294054150048414e-01
5.716354295074276282e-01
5.701567813909796945e-01
5.701454343846362738e-01
5.697243922680120809e-01
5.687906588164134414e-01
5.696870770778199589e-01
5.677599703213471738e-01
5.656442045939515939e-01
5.667391257683044303e-01
5.657546448155286178e-01
5.668086549007846919e-01
5.661226697626540183e-01
5.662245928450407861e-01
5.656839609009765013e-01
5.655447806037789960e-01
5.659614347791065425e-01
5.644707251592420150e-01
5.646701236159427095e-01
5.641969013300391911e-01
5.641120936105801231e-01
5.641059172027043100e-01
5.639027380211517615e-01
5.638045996979412777e-01
5.639275275898621986e-01
5.638268303411935189e-01
5.637717773958007550e-01
5.644459731912470080e-01
5.637853271338313377e-01
5.653923029501909392e-01
5.640023942305921745e-01
5.666196716065283745e-01
5.642113110830409006e-01
5.621739213064631535e-01
5.632082120019278326e-01
5.623728523202271568e-01
5.624473966689458315e-01
5.624390259900170497e-01
5.617481348057610235e-01
5.614546027455440402e-01
5.616577784457246203e-01
5.618880684465900055e-01
5.636770445914178751e-01
5.617261690666215390e-01
5.626042892638696280e-01
5.613495351155056712e-01
5.637381584023147818e-01
5.616786962936278771e-01
5.611754622060802777e-01
5.608771953569233748e-01
5.615864059928273866e-01
5.611951263908278031e-01
5.610742848276355499e-01
5.616070010900525711e-01
5.609008776315413947e-01
5.605273486728999943e-01
5.615965352113266862e-01
5.605042136259411611e-01
5.614185475097586142e-01
5.602314336841519582e-01
5.602174822325018955e-01
5.601219872802044586e-01
5.591987160505216270e-01
5.597247608726994006e-01
5.599688363962059823e-01
5.591674952689020817e-01
5.592252871575391637e-01
5.591162937516377385e-01
5.591302016102436268e-01
5.595794750735398893e-01
5.593414510566360187e-01
5.617692091372828989e-01
5.616830955265390557e-01
5.582163388155340078e-01
5.591624862293758103e-01
5.553689932074099556e-01
5.559722474574139151e-01
5.554378123912824261e-01
5.558344009826560184e-01
5.553045486020796728e-01
5.561034369388510035e-01
5.555818812626541758e-01
5.557022935184507961e-01
5.554302077142823091e-01
5.552604353098041789e-01
5.551091072018512484e-01
5.553142749606847506e-01
5.547971994827655129e-01
5.548804612789245416e-01
5.551302831749976852e-01
5.546620201173750875e-01
5.549844442621679752e-01
5.549129902518804558e-01
5.548140723033152533e-01
5.559781424880315681e-01
5.545036586609276563e-01
5.553956050874179207e-01
5.545875590505369157e-01
5.550485839778558361e-01
5.545002321822186664e-01
5.548586746310893991e-01
5.551777151769988761e-01
5.572045009472726962e-01
5.561022395500849758e-01
5.542920960821571263e-01
5.536971643429232648e-01
5.525880383187058431e-01
5.531739025589067493e-01
5.527712214003536184e-01
5.546966249927416381e-01
5.528171887722337363e-01
5.523440903779700539e-01
5.520214643759200346e-01
5.524996429873730852e-01
5.520422583258695060e-01
5.540802913673557040e-01
5.528709755163702111e-01
5.519046169284804737e-01
5.518536167549664695e-01
5.522546332120221724e-01
5.519513526903802036e-01
5.523475701201963073e-01
5.517010578245409302e-01
5.526553646343150827e-01
5.513254497432763523e-01
5.513558984417434861e-01
5.514142816796450131e-01
5.512610990892093943e-01
5.510156559588788028e-01
5.511974255686071800e-01
5.511871844513259733e-01
5.521664096226771568e-01
5.514444118670608352e-01
5.510039527268146831e-01
5.517353251141208226e-01
5.534585471225459408e-01
5.510614465049139543e-01
5.520226654367291763e-01
5.513084679233595242e-01
5.514339749056386131e-01
5.509829809644805065e-01
5.511737115777510798e-01
5.511793623428585809e-01
5.525070813456465224e-01
5.517471624133264418e-01
5.496166739129864087e-01
5.511800438916458766e-01
5.494957122185433196e-01
5.512730198903780243e-01
5.496526256077431949e-01
5.502529767651045400e-01
5.495370359459167409e-01
5.496948418933025327e-01
5.499048971729794122e-01
5.499511410958485280e-01
5.496066064794444816e-01
5.496147355365400555e-01
5.498575105733217727e-01
5.498787648914309489e-01
5.494088256390272651e-01
5.501704427634939165e-01
5.496208967450596505e-01
5.498702554660004349e-01
5.493153006025293106e-01
5.500428464506924575e-01
5.494839252613582525e-01
5.496157926452318598e-01
5.494054454982594260e-01
5.492211094267918092e-01
5.493657048950835176e-01
5.502901805403719315e-01
5.498800893854928207e-01
5.491234175519202898e-01
5.490417880814325580e-01
5.490958775119222368e-01
5.491862153988261719e-01
5.487136739472037172e-01
5.485463462390771650e-01
5.490096970390172526e-01
5.485209957138676984e-01
5.489563665332534148e-01
5.484981338937651163e-01
5.488478026357972439e-01
5.485778692127515344e-01
5.485523803237972729e-01
5.484905096103901423e-01
5.529055661321122805e-01
5.489056068458030291e-01
5.491451653561510993e-01
5.482959342669956326e-01
5.480878923525951407e-01
5.484045304529774345e-01
5.482241812896273547e-01
5.478847831488744546e-01
5.483352618917968213e-01
5.485405203462593304e-01
5.481312228469032988e-01
5.481690861351541377e-01
5.490482669283942574e-01
5.478710617711156639e-01
5.488716300679514770e-01
5.481616521742083137e-01
5.482023690360486867e-01
5.479503255363346037e-01
5.485490883069441548e-01
5.483574735451341997e-01
5.479687676558677722e-01
5.477881196121964225e-01
5.479910795218292385e-01
5.483219427396827106e-01
5.487991887819374526e-01
5.477560745275571463e-01
5.478321045984462234e-01
5.480065390977002515e-01
5.475585735433101675e-01
5.475619221653256208e-01
5.488298507584833397e-01
5.477047523112151817e-01
5.483570377054499678e-01
5.474705624630816780e-01
5.497371998406929139e-01
5.475435789596131420e-01
5.475615213892611743e-01
5.474659702565525254e-01
5.475523506945838559e-01
5.472203791630178005e-01
5.475650608858301238e-01
5.472991269742605303e-01
5.476138510945828264e-01
5.474506011380166903e-01
5.482880814307928841e-01
5.473184641106310089e-01
5.475961765338903664e-01
5.475213149554233327e-01
5.473180843171729926e-01
5.473412937070721851e-01
5.475788058411812376e-01
5.473131300912795760e-01
5.475573254245830190e-01
5.472957037452353957e-01
5.474011110361735044e-01
5.468909846291987176e-01
5.468034127530808641e-01
5.468084000526489685e-01
5.468581020944388582e-01
5.468981171951493581e-01
5.468376525573349634e-01
5.470073016482519535e-01
5.468275122351856643e-01
5.469772285821343782e-01
5.468644280696467463e-01
5.468714469980681114e-01
5.467842928364311517e-01
5.468800391297443664e-01
5.468069291135885246e-01
5.469793373565978722e-01
5.470881448897904065e-01
5.470950480596266097e-01
5.468411237817004666e-01
5.464810158662045669e-01
5.464138079703394490e-01
5.465350377545772353e-01
5.463908595921497247e-01
5.465245884956333455e-01
5.463459764819026399e-01
5.465402346927984434e-01
5.464161219784232637e-01
5.463821600355618369e-01
5.465641745200147117e-01
5.463238783288006939e-01
5.464996830679637041e-01
5.462798067425296278e-01
5.461314479469326910e-01
5.462897834731764712e-01
5.462054942969339910e-01
5.461532891641546206e-01
5.460105796325684935e-01
5.459552543013759252e-01
5.462623934550580040e-01
5.461429258326360170e-01
5.459634732044493788e-01
5.459199395274714206e-01
5.460429122515508826e-01
5.458385237868019768e-01
5.457035269258483368e-01
5.456654027893284020e-01
5.456670353962478348e-01
5.457010961469207500e-01
5.460499088730049744e-01
5.457603018924708227e-01
5.457717092267763137e-01
5.456624600402568692e-01
5.457261665899663106e-01
5.456839214972135643e-01
5.457935862703161556e-01
5.456468229344965115e-01
5.456752071202549681e-01
5.456692664310229812e-01
5.464156899602843342e-01
5.456938115239511333e-01
5.457279893968844942e-01
5.456871996586726281e-01
5.456434159518646076e-01
5.457683940086619501e-01
5.454622611485488992e-01
5.454404707025860555e-01
5.455007185648667045e-01
5.454722853994370402e-01
5.455925721553183116e-01
5.454216043553445914e-01
5.454776250883692779e-01
5.454314185081903243e-01
5.456134321042289681e-01
5.454336553254608422e-01
5.455795198842466887e-01
5.455033657407154513e-01
5.456191606694691387e-01
5.455945102160653093e-01
5.452017182203030554e-01
5.451172064681920615e-01
5.453260675822034775e-01
5.451080085515256357e-01
5.446943048773599250e-01
5.449841385811305949e-01
5.447862029987062815e-01
5.447089862916819625e-01
5.448251324824351371e-01
5.447228956456329207e-01
5.446861118837262872e-01
5.447485302401084972e-01
5.446727301129521415e-01
5.448859265646818217e-01
5.446561524925508380e-01
5.447680384911957052e-01
5.446524445129469205e-01
5.448001241844687703e-01
5.446760693498285955e-01
5.445994876117782324e-01
5.446148794930709691e-01
5.446543619469563779e-01
5.445907819037758557e-01
5.448080556677012964e-01
5.446037122429091548e-01
5.447914044301044312e-01
5.446151260079750145e-01
5.447242394571484292e-01
5.446170138142599759e-01
5.445974928237883317e-01
5.445810800240197258e-01
5.445575135748873530e-01
5.445400989684410220e-01
5.445689410884292370e-01
5.445158371251629381e-01
5.445045978365123940e-01
5.444852622807395681e-01
5.443268928661608719e-01
5.443378932564776340e-01
5.443284750589029164e-01
5.443877735873592361e-01
5.445057649858054960e-01
5.442600129233573503e-01
5.458685166342229778e-01
5.442556123628562448e-01
5.441701676312828972e-01
5.444308429145202632e-01
5.440952408906238880e-01
5.440212280862652960e-01
5.443641154214899913e-01
5.440210565804518561e-01
5.443734854066279993e-01
5.439754085521985028e-01
5.441293363013515183e-01
5.439981451566507920e-01
5.440362699296229509e-01
5.439766603395510547e-01
5.440426519144351269e-01
5.439386564774069122e-01
5.441820326515406370e-01
5.438984886726103696e-01
5.440967363566947546e-01
5.439569668829731253e-01
5.441137817368204566e-01
5.438939093259612667e-01
5.437631527928425967e-01
5.438171187586436917e-01
5.437563455817501223e-01
5.438076383323630081e-01
5.438746756553128892e-01
5.438030208398778598e-01
5.439831488677970839e-01
5.438195554247201580e-01
5.438785318935102087e-01
5.438207300360434759e-01
5.442021895913423668e-01
5.437453409837863516e-01
5.441073840305924447e-01
5.437554491868000772e-01
5.441582350828851888e-01
5.438104714763450920e-01
5.437946499197473527e-01
5.437822152389495400e-01
5.438163888994406170e-01
5.437946325984017726e-01
5.437294638265632862e-01
5.437946583217500018e-01
5.439887327414458795e-01
5.437508669636169634e-01
5.438132110459372726e-01
5.437362858497143403e-01
5.439045721385710186e-01
5.437612689932299626e-01
5.440112190030002015e-01
5.438011728289219304e-01
5.439177782317640153e-01
5.437289551012403077e-01
5.438253453122471326e-01
5.437513673735651087e-01
5.437831418677168127e-01
5.437140251795069545e-01
5.439559422720917636e-01
5.437457794419243706e-01
5.436658626576715836e-01
5.437276460293143376e-01
5.440656145670687005e-01
5.436852257593978166e-01
5.438633750116712573e-01
5.437331466834797178e-01
5.439315802956211643e-01
5.437704123516861054e-01
5.436938599918339499e-01
5.437076442598427484e-01
5.437012561888089346e-01
5.436720071390183096e-01
5.436721626293200549e-01
5.436672459925955270e-01
5.437048746522427090e-01
5.436447464250484529e-01
5.436589972726176834e-01
5.436774324921691548e-01
5.436216996834241089e-01
5.436313458004297106e-01
5.436302950775248055e-01
5.436456347874367712e-01
5.435806092887551788e-01
5.435655734337085931e-01
5.436586503012592608e-01
5.435857767076959224e-01
5.436239109058791374e-01
5.434777468871226924e-01
5.434989461323768145e-01
5.434890956951464736e-01
5.434964737941262447e-01
5.434800664336626452e-01
5.434745172875879993e-01
5.435723265431756657e-01
5.434865933485520939e-01
5.434900532529818307e-01
5.434747026412183324e-01
5.435051251978093578e-01
5.434958407165091376e-01
5.432587867495100031e-01
5.432732840662479745e-01
5.432431845042428042e-01
5.432928094462591284e-01
5.432263629149868267e-01
5.432129504684763965e-01
5.432140926272903680e-01
5.432116627688718946e-01
5.431884640030727462e-01
5.431443991490064738e-01
5.431474594179203086e-01
5.431195435107030178e-01
5.431337599591430365e-01
5.430825245432460147e-01
5.430676334301972608e-01
5.430595807208326020e-01
5.430754298599839158e-01
5.431166991229811059e-01
5.430623509586497422e-01
5.430836319601497486e-01
5.430532020846854380e-01
5.430377118853113583e-01
5.430356901136157433e-01
5.432329990608630865e-01
5.430526188011286504e-01
5.429880649821781091e-01
5.430025142561082374e-01
5.432070408939291273e-01
5.430563131685334222e-01
5.429755448936013362e-01
5.430530180183869016e-01
5.429051174979759864e-01
5.428911009978292235e-01
5.428983658200819962e-01
5.429289783515971468e-01
5.429407488253163994e-01
5.428764162775366886e-01
5.428980386249244727e-01
5.428916840475347394e-01
5.429843794530612167e-01
5.429377259535433931e-01
5.428442321250405156e-01
5.428659374057416276e-01
5.429287862251702679e-01
5.428654785708668662e-01
5.428738760317782797e-01
5.428685554085534992e-01
5.428799322956828766e-01
5.428588202105958382e-01
5.428612323623536184e-01
5.428679600941376249e-01
5.428982980644292411e-01
5.429072461095822977e-01
5.429060603580080357e-01
5.428932733314981718e-01
5.428285237758893045e-01
5.428140298004803244e-01
5.426653362784629175e-01
5.427379807883834228e-01
5.426530332566272818e-01
5.426693066704160184e-01
5.426485610991421682e-01
5.426375358304463825e-01
5.426441626931076678e-01
5.426871498500660529e-01
5.426379355493153867e-01
5.426234179522188006e-01
5.426314730761221394e-01
5.427066170613725760e-01
5.426120954923510098e-01
5.426009839271166424e-01
5.425888157623973695e-01
5.425633086737130517e-01
5.425881962236944744e-01
5.425721370864836635e-01
5.425468611962749321e-01
5.425605782216365025e-01
5.425541137510369039e-01
5.424917857479465422e-01
5.424965255520496354e-01
5.424749167541585981e-01
5.424929487952695473e-01
5.424801834570867065e-01
5.425259373122480744e-01
5.424261838595949570e-01
5.424414678722019323e-01
5.424539996121799934e-01
5.424227046295221344e-01
5.424327168316821490e-01
5.424193202218996479e-01
5.425038855745465405e-01
5.424662111714076973e-01
5.424550755263544133e-01
5.424084218483327113e-01
5.424004298524992551e-01
5.423914005705307018e-01
5.425097155768695556e-01
5.424254878242280586e-01
5.422990473847809634e-01
5.422702396548088055e-01
5.422684439488626440e-01
5.422796899950030891e-01
5.422695650769204789e-01
5.423318670126309193e-01
5.423069993997973182e-01
5.423622010727241483e-01
5.422705296102577899e-01
5.423113866209335887e-01
5.422556330005565695e-01
5.422741160084211254e-01
5.422594530761595255e-01
5.423078157888251427e-01
5.422763643270244183e-01
5.424195119701048506e-01
5.422530579647866222e-01
5.422368413610081372e-01
5.422599345613141608e-01
5.422593725152767830e-01
5.422584461349370111e-01
5.422993248533237720e-01
5.422667474902131968e-01
5.421828073828299788e-01
5.421684495257659275e-01
5.422921688705353294e-01
5.421736263351265572e-01
5.421742642013910318e-01
5.421996030450262349e-01
5.421231263880879059e-01
5.421349088443325748e-01
5.421275267761791472e-01
5.421232952952023121e-01
5.421874812233390406e-01
5.421201342751644781e-01
5.421293264994484495e-01
5.421133481108851848e-01
5.421564246708785451e-01
5.421040719488081638e-01
5.423657290757146754e-01
5.421267434637070393e-01
5.421046010513370650e-01
5.420902111705924176e-01
5.420516815958454915e-01
5.420534479855113608e-01
5.420631164706937177e-01
5.420574341431970700e-01
5.421045360791565404e-01
5.420556809898595674e-01
5.421111974264060107e-01
5.420496498103115623e-01
5.420672474603154267e-01
5.420526894298186571e-01
5.420697580861417730e-01
5.420506390920691864e-01
5.420821998566252020e-01
5.420412288587144189e-01
5.420769284972495328e-01
5.420315365576258149e-01
5.420513025975544075e-01
5.420158822898036854e-01
5.420420316539921179e-01
5.421196581778754409e-01
5.419818447950637275e-01
5.419984725036577355e-01
5.421231992214530226e-01
5.419777752936111304e-01
5.419377833183983695e-01
5.419796363020615848e-01
5.419920101558002301e-01
5.419200058696858058e-01
5.418957691401492527e-01
5.419026058234310828e-01
5.418946655402534507e-01
5.419157110966468238e-01
5.419065183365324723e-01
5.419250602689832386e-01
5.418868095460515066e-01
5.419556356635927274e-01
5.418691843451782786e-01
5.418806684920607353e-01
5.418716879221816551e-01
5.418895666772699515e-01
5.418679905882980430e-01
5.418727236483016352e-01
5.419268092780750168e-01
5.419002190415854736e-01
5.418249904364372815e-01
5.418322861175249860e-01
5.417978894209093399e-01
5.417968019669299196e-01
5.418128999648458288e-01
5.418211240493061576e-01
5.418152945941443477e-01
5.417980867613376716e-01
5.418467458422785432e-01
5.417902642302585559e-01
5.419386570819673121e-01
5.418106242659459504e-01
5.417792063265385316e-01
5.417626981361310934e-01
5.417230979798863810e-01
5.417440894560272557e-01
5.417874580655743788e-01
5.417408267388610366e-01
5.417615769131172154e-01
5.417171923298566005e-01
5.417811700106961448e-01
5.416982724269944205e-01
5.417312929223987439e-01
5.416817310058961166e-01
5.417135232499166175e-01
5.416929071818155084e-01
5.417178896748433559e-01
5.416824954508585588e-01
5.417439979001995587e-01
5.416848362587943777e-01
5.418781873402047644e-01
5.416837634936966239e-01
5.416952986251436508e-01
5.416564190433534876e-01
5.417088721917260319e-01
5.416658206227503713e-01
5.416810154462259330e-01
5.416919314998827062e-01
5.416667870087695791e-01
5.416558093363402770e-01
5.417267925097570824e-01
5.416235467843744100e-01
5.416753080600275050e-01
5.416423957856755234e-01
5.416189743545339885e-01
5.416179517877433014e-01
5.416741588092580661e-01
5.416233740418198161e-01
5.416552684427171638e-01
5.416228300418601815e-01
5.416487167615364751e-01
5.416211143938380879e-01
5.416579884530799971e-01
5.416503772190869315e-01
5.416865173501264064e-01
5.417242489704862107e-01
5.416386880515082769e-01
5.416301273742473166e-01
5.416437395786953823e-01
5.416390794498721073e-01
5.416221068009998696e-01
5.415769562062577869e-01
5.415936222853061643e-01
5.415790636247740375e-01
5.415761464790354029e-01
5.415723891142036894e-01
5.415734431661911596e-01
5.415736008041464045e-01
5.415726289193201204e-01
5.415710326990357260e-01
5.415446967755718211e-01
5.415397563741792819e-01
5.415308599527302036e-01
5.415167537758637240e-01
5.415333472206328436e-01
5.415108532852412893e-01
5.415363510202274577e-01
5.415071989665111163e-01
5.415021116456771866e-01
5.414598385449721496e-01
5.414284820078192340e-01
5.414261104641117095e-01
5.414105185122617403e-01
5.414113062853948000e-01
5.414298052808977912e-01
5.414092460000361484e-01
5.414122377382634133e-01
5.414193320264819587e-01
5.413970604269401354e-01
5.414003761318729735e-01
5.413496294137316589e-01
5.413352455072180103e-01
5.413378470784384611e-01
5.413286706474428334e-01
5.413375551825184706e-01
5.413451066056560457e-01
5.413310246682850879e-01
5.413105441253220906e-01
5.413069759901710798e-01
5.413075796419863916e-01
5.413411800427656573e-01
5.413823750813966384e-01
5.412934649076438509e-01
5.412561328856544396e-01
5.412454316560616485e-01
5.412508040084648142e-01
5.412653229238630903e-01
5.412309907710388668e-01
5.412308567117397606e-01
5.412273677989654086e-01
5.412533064300774077e-01
5.412338728479512140e-01
5.412513633883133668e-01
5.412067285107300396e-01
5.412161947497239334e-01
5.411956040084983099e-01
5.411895098185359743e-01
5.411997122529017545e-01
5.411836068772204467e-01
5.411942597152821222e-01
5.411887073185657204e-01
5.411853831235167167e-01
5.411954742610458613e-01
5.412002524053883823e-01
5.411873664591979605e-01
5.412011468096687983e-01
5.411818943618116329e-01
5.411764879136042872e-01
5.411743894961597023e-01
5.412285598147962284e-01
5.411750245745073906e-01
5.411929730269154915e-01
5.411623891891226279e-01
5.411686606271748357e-01
5.411642870029280683e-01
5.411283503736927791e-01
5.411245674503196712e-01
5.411303366847141083e-01
5.411423929545747802e-01
5.411284112422085624e-01
5.411389119413052562e-01
5.411248125598615566e-01
5.411340054946464084e-01
5.411278470227519621e-01
5.411589564618404236e-01
5.411219760573253712e-01
5.411495998535373886e-01
5.411230632552078701e-01
5.411087535099560197e-01
5.411107938653293425e-01
5.411304323987267129e-01
5.411061208500265174e-01
5.411587086956567427e-01
5.411037256472599477e-01
5.411391534074119214e-01
5.410735042884831092e-01
5.410380651302050259e-01
5.410472509336385905e-01
5.410471265186379553e-01
5.410506978776375986e-01
5.410635140289140610e-01
5.410465743772998604e-01
5.410571050678432137e-01
5.410392656045898141e-01
5.410345042711133257e-01
5.410341047822221361e-01
5.410401979961135810e-01
5.410357500111921958e-01
5.410328912306903160e-01
5.410322432379313096e-01
5.410366733642736348e-01
5.410334283025145519e-01
5.410516703609877798e-01
5.410305408481059786e-01
5.410932347964674261e-01
5.410359721642630237e-01
5.409888141684003893e-01
5.410073891148470260e-01
5.409849229969817541e-01
5.409707622964202711e-01
5.409599874688583165e-01
5.409597147387150695e-01
5.409621090732883442e-01
5.409596190080654399e-01
5.409611605040831606e-01
5.409417266282604553e-01
5.409442236020725048e-01
5.409216961003358026e-01
5.409227844330974921e-01
5.409257915238742109e-01
5.409214474808899942e-01
5.409496954586818784e-01
5.409189071331749199e-01
5.409314505017080998e-01
5.409043075103296960e-01
5.409713966496600968e-01
5.409371919855060495e-01
5.408422358826548981e-01
5.408363885643555635e-01
5.408321607892675464e-01
5.408297278493743310e-01
5.408349494229018894e-01
5.408215151213988658e-01
5.408178464930243345e-01
5.408356694599925074e-01
5.408195327115818962e-01
5.408154108430703877e-01
5.408159874629666630e-01
5.408275785139431413e-01
5.408145826848886895e-01
5.408240105976548362e-01
5.408196659611306245e-01
5.408227176342430553e-01
5.408159981351333689e-01
5.408293557730873280e-01
5.408160555759087273e-01
5.408598329163127882e-01
5.408138859652698027e-01
5.408635506008035998e-01
5.408126652191989070e-01
5.408403044034549856e-01
5.408084924790961256e-01
5.407441920206281782e-01
5.407654890718655016e-01
5.407473156745502552e-01
5.407206979290549720e-01
5.407235857002282708e-01
5.407512542344686812e-01
5.407160815815458266e-01
5.407490858372785425e-01
5.407255671846019629e-01
5.406955841931230244e-01
5.406965432188267640e-01
5.407488458785419949e-01
5.407024216003583073e-01
5.407038246569423334e-01
5.406974876920089823e-01
5.407224635955935055e-01
5.406890883995527641e-01
5.406596673109000939e-01
5.406550572223013384e-01
5.406554051559071539e-01
5.406844585080378129e-01
5.406147045735054668e-01
5.406014709713039545e-01
5.405995954983078278e-01
5.405974441943235398e-01
5.406039894013801028e-01
5.405940772702031438e-01
5.405956928641575399e-01
5.405877314366769326e-01
5.405900692679586061e-01
5.406085168447692935e-01
5.405912264873290463e-01
5.405929471211967652e-01
5.405814536388923175e-01
5.405785498639469333e-01
5.405826005424803071e-01
5.405765433000299103e-01
5.405763472987983320e-01
5.405866079343005781e-01
5.405847291772528651e-01
5.406329717320927930e-01
5.405769805194783340e-01
5.405916136080104462e-01
5.405784480206912157e-01
5.406344688495093864e-01
5.405707727547156560e-01
5.405095952879159782e-01
5.405196750331133781e-01
5.405166427689469533e-01
5.404956159418007333e-01
5.405022103143174439e-01
5.405175223890810177e-01
5.404961909726261338e-01
5.405110758413431693e-01
5.404977913387087884e-01
5.405126210236556039e-01
5.405006211131714311e-01
5.405418650715784201e-01
5.405020952446316640e-01
5.404968225388706582e-01
5.404920048384967979e-01
5.405699406238330118e-01
5.404939874875679395e-01
5.404915534150597223e-01
5.404765944853284765e-01
5.404499012266071878e-01
5.404483750919385487e-01
5.404511563871771118e-01
5.404466638567831938e-01
5.404590583775649160e-01
5.404501993590905551e-01
5.404544198060838855e-01
5.404520368629641691e-01
5.404421489135540213e-01
5.404421630144584654e-01
5.403969425805015270e-01
5.404132204148426322e-01
5.403987252690224397e-01
5.404026462251179108e-01
5.403954925420797473e-01
5.404001407819146729e-01
5.404009530984100751e-01
5.403889548102147611e-01
5.403907015087144883e-01
5.404098734586716413e-01
5.403849185207222350e-01
5.404446618466075547e-01
5.404076788744323068e-01
5.403334195539335472e-01
5.403336125325053363e-01
5.403387491278582866e-01
5.403278136365246009e-01
5.403256241517496727e-01
5.403157742678023068e-01
5.403192297358264673e-01
5.403181503711407263e-01
5.403145727620481953e-01
5.403050742736003054e-01
5.403090500055459655e-01
5.403091585032866462e-01
5.403042218579725553e-01
5.403159567430662058e-01
5.403051421087912143e-01
5.403219414223597861e-01
5.403127392290757447e-01
5.403275407563171706e-01
5.403051839731968231e-01
5.402944972464311935e-01
5.403011730128290946e-01
5.403068090197145068e-01
5.402933852119391478e-01
5.403023059707968700e-01
5.402840842877365546e-01
5.403165741016487944e-01
5.402998782550508805e-01
5.403237301917319657e-01
5.402974579013049006e-01
5.402225510472531411e-01
5.402065925337646846e-01
5.402103556357991110e-01
5.402106503984706043e-01
5.402048595888028215e-01
5.402068290429358211e-01
5.402114743332943059e-01
5.402118895185742398e-01
5.402075855316171848e-01
5.402375575492578408e-01
5.402014236942078718e-01
5.402562251386875403e-01
5.401925306690321671e-01
5.401718148074189374e-01
5.401669736243095432e-01
5.401621533732813285e-01
5.401607548788680546e-01
5.401705834028799336e-01
5.401625639247465971e-01
5.401697384687326187e-01
5.401654177764770859e-01
5.401652742530990148e-01
5.401641409171593633e-01
5.401817235832166997e-01
5.401661060964659811e-01
5.401513409609857153e-01
5.401486253179079711e-01
5.401446684895579997e-01
5.401446531408217178e-01
5.401556236864797356e-01
5.401461272000865899e-01
5.401574936124904358e-01
5.401553938083440976e-01
5.401352207942450301e-01
5.401326013287898187e-01
5.401356843867665125e-01
5.401348158589361903e-01
5.401454501647660056e-01
5.401313492892254597e-01
5.402331526377077697e-01
5.401053364887763442e-01
5.400769180543578685e-01
5.400869693831488183e-01
5.400787480456172851e-01
5.400528335399243929e-01
5.400575147266488685e-01
5.400521164390463813e-01
5.400531941442869854e-01
5.400575609876784311e-01
5.400521964542459585e-01
5.400760440265458540e-01
5.400524698093424059e-01
5.401522861844320067e-01
5.400898688392781199e-01
5.400107648407797001e-01
5.400002752931313266e-01
5.400262749318939237e-01
5.400046062832950522e-01
5.399979301142993071e-01
5.399927966969465531e-01
5.399737923011150853e-01
5.399790305183296280e-01
5.399552841767234490e-01
5.399601454794709099e-01
5.399675944671242789e-01
5.399559056619882558e-01
5.399463622155731279e-01
5.399564003777381771e-01
5.399593870606600454e-01
5.399440224805863719e-01
5.399675168229872702e-01
5.399427205330498136e-01
5.399347451026559330e-01
5.399313918125384637e-01
5.399395961984492232e-01
5.399374030355265086e-01
5.399347062832711153e-01
5.399348781964632416e-01
5.399435035806053884e-01
5.399181293409147653e-01
5.399764836421188097e-01
5.399363191104283866e-01
5.398910068630776715e-01
5.398818544281274168e-01
5.398872624801490661e-01
5.399048550561721393e-01
5.398812831809484125e-01
5.399177694258591176e-01
5.398823531933514275e-01
5.399061691164549481e-01
5.398774078601489279e-01
5.398924019328280588e-01
5.398845655722852577e-01
5.398909309617780927e-01
5.398764497989569922e-01
5.399128935452502942e-01
5.398788917766320639e-01
5.398881123487717648e-01
5.398773894198851675e-01
5.398942646167962378e-01
5.398741045718740139e-01
5.399155665670901660e-01
5.398626214658763800e-01
5.398657748855945071e-01
5.398703910672960626e-01
5.398324274319146188e-01
5.398733365699283082e-01
5.397900079329855938e-01
5.397848118383760108e-01
5.397879853780680470e-01
5.397841171985385822e-01
5.397938010527947306e-01
5.397942343843686874e-01
5.397909490399737109e-01
5.397878010988229613e-01
5.397798348973756877e-01
5.397792945867094794e-01
5.397846889149960914e-01
5.397826203917726051e-01
5.397799279319182020e-01
5.397724616652058716e-01
5.398283434709751916e-01
5.397616649173027081e-01
5.397736709238927233e-01
5.397607232595541538e-01
5.397241295919739112e-01
5.397211932133811896e-01
5.397230241427546371e-01
5.397096332763952065e-01
5.397109446133653288e-01
5.397013456273013210e-01
5.397042191381524745e-01
5.396884771300539674e-01
5.396868612182453839e-01
5.396864455971428498e-01
5.396887421690901299e-01
5.396966459025238638e-01
5.396836560215755307e-01
5.396827824238753513e-01
5.396895441299319751e-01
5.396836904911745947e-01
5.396837980639067611e-01
5.396900671803280813e-01
5.396822265719206646e-01
5.397067893156036744e-01
5.396798293771740695e-01
5.397539605571890498e-01
5.396825796303947875e-01
5.396367237835073549e-01
5.396445872180435366e-01
5.396348591792995419e-01
5.396280315672115080e-01
5.396285516535149762e-01
5.396097004977801204e-01
5.396116348695756404e-01
5.396084062748940369e-01
5.396110338019556307e-01
5.396010367160655186e-01
5.396032901788571090e-01
5.395964999976626819e-01
5.395862943580610471e-01
5.395914576366486193e-01
5.395839262270977210e-01
5.396069482449333821e-01
5.395791099017851478e-01
5.396398004230545942e-01
5.395806918531298457e-01
5.396150209416684662e-01
5.395824766560142205e-01
5.395938954851976499e-01
5.395936919098917040e-01
5.395943260060822588e-01
5.395852161742760167e-01
5.395853317165718588e-01
5.395910859111192615e-01
5.395315763303097922e-01
5.395276982193308868e-01
5.395296362822923353e-01
5.395208477691338933e-01
5.395223596734741722e-01
5.395343775189656021e-01
5.395202449548495149e-01
5.395133796249156344e-01
5.395146484939283837e-01
5.395082971409719264e-01
5.395078694792813101e-01
5.395174530256547918e-01
5.395121189751753699e-01
5.395868551040370331e-01
5.395050450548949383e-01
5.394781912424787551e-01
5.394766581212644407e-01
5.394634742284903917e-01
5.394660213505597657e-01
5.394621928093732421e-01
5.394664186857421884e-01
5.394543527870867550e-01
5.394581619505455228e-01
5.394546160973262561e-01
5.394441347273455367e-01
5.394466680918479362e-01
5.394499849776495104e-01
5.394633836718044639e-01
5.394444299022861378e-01
5.394395833287392028e-01
5.394465305235570662e-01
5.394375501193624523e-01
5.394491471926526893e-01
5.394364984973586408e-01
5.394569954084077468e-01
5.394396541576691462e-01
5.394394132558805177e-01
5.394389157019394698e-01
5.394420138377965523e-01
5.394287536821037454e-01
5.395445648280412509e-01
5.394441561931211382e-01
5.394182384152192977e-01
5.394202303992943204e-01
5.394515305575557917e-01
5.394184604370622083e-01
5.393455925658098282e-01
5.393484172345787142e-01
5.393490155881318637e-01
5.393522205383567414e-01
5.393535320443832992e-01
5.393400977909591498e-01
5.393433428540058694e-01
5.393498685396478365e-01
5.393397176556090633e-01
5.393556019347270913e-01
5.393299717809719729e-01
5.393286818932191418e-01
5.393348089196912110e-01
5.394093549727441150e-01
5.393269342515163434e-01
5.392801740338273309e-01
5.392764860640449909e-01
5.392810138457599933e-01
5.392700771189055109e-01
5.392868285416897445e-01
5.392652750123131389e-01
5.392722707674911797e-01
5.392645714995032424e-01
5.392642885151250898e-01
5.392496394980568208e-01
5.392500754522571160e-01
5.392507805476107752e-01
5.392586949229226656e-01
5.392546948346202962e-01
5.392525744505302088e-01
5.392688750800685993e-01
5.392560399614735323e-01
5.392318936839151089e-01
5.392357111839397588e-01
5.392478989494089436e-01
5.392355537116284570e-01
5.392430434174544374e-01
5.392363614580929498e-01
5.392886051189292873e-01
5.392387365945390254e-01
5.393169484109040512e-01
5.392432103613612471e-01
5.391504626003709166e-01
5.392138030259795434e-01
5.391487429441264023e-01
5.391472618107786552e-01
5.391538650183032022e-01
5.391434367071255007e-01
5.391540690333019858e-01
5.391420641930738666e-01
5.391441526190232647e-01
5.391695771677232907e-01
5.391434676197452980e-01
5.391266913175692954e-01
5.391281797109237495e-01
5.391601979456175364e-01
5.391221053174999334e-01
5.391352188145389634e-01
5.391247178670793838e-01
5.391453483319813555e-01
5.391277864101756689e-01
5.391453429014522181e-01
5.391230815800271969e-01
5.391138815969334086e-01
5.391498037402743249e-01
5.390319647929843194e-01
5.389871690121261771e-01
5.389798875860629668e-01
5.389881282740545121e-01
5.389781742228106909e-01
5.389776527445496734e-01
5.389810384750004513e-01
5.389807001147846055e-01
5.389963478932449092e-01
5.389753699089185890e-01
5.389893260167285538e-01
5.389804156269463187e-01
5.389689610511135820e-01
5.389703519389017483e-01
5.389694721536301136e-01
5.389695968304882845e-01
5.390696260161103037e-01
5.389669925047828603e-01
5.389271931171195629e-01
5.389117115805139857e-01
5.389130860900269715e-01
5.389070751583717733e-01
5.389177382484897638e-01
5.389018967217178435e-01
5.388991036046527627e-01
5.388958755415088620e-01
5.388947719769581202e-01
5.389107159639673350e-01
5.388925046484102088e-01
5.388933823726084205e-01
5.388894228624886429e-01
5.388896818866359961e-01
5.388870032393587861e-01
5.388878439567392764e-01
5.388894496696440273e-01
5.388929812477034620e-01
5.388874549418707360e-01
5.389070917404368277e-01
5.388855263535932139e-01
5.389712463835882872e-01
5.388942331416581855e-01
5.389722907395749774e-01
5.388897192509153333e-01
5.389022518137986939e-01
5.388774101014994766e-01
5.388073267345828699e-01
5.388543266745451366e-01
5.388101003974504755e-01
5.387983368266259232e-01
5.387989843459939365e-01
5.388052962475423646e-01
5.387950389121035633e-01
5.388012677267590700e-01
5.388065700235129540e-01
5.387990886441454963e-01
5.387971804722080371e-01
5.387978395933513687e-01
5.387974141297511288e-01
5.388799174082985477e-01
5.388030570988037171e-01
5.388375759279618871e-01
5.387864647978060084e-01
5.387781921429055654e-01
5.387749642752180934e-01
5.387783097068739036e-01
5.387656409863047502e-01
5.387473620003118135e-01
5.387523145424945037e-01
5.387320038779568332e-01
5.387403262612308064e-01
5.387795746448412748e-01
5.387359373627932380e-01
5.387454925027840291e-01
5.387335969958865212e-01
5.387322261929534672e-01
5.387420838599472628e-01
5.387324778360772504e-01
5.387345725970988930e-01
5.387332255535122183e-01
5.387334274262274292e-01
5.387349056822509086e-01
5.387320796425097980e-01
5.387358665387719237e-01
5.387305773810309173e-01
5.389117159721920070e-01
5.387261849304102457e-01
5.386437125554197625e-01
5.386436929874536261e-01
5.386365112769962993e-01
5.386419112192962766e-01
5.386444555167371195e-01
5.386417500246408752e-01
5.386438037945637802e-01
5.386351272958281866e-01
5.386369692146459887e-01
5.386402707289661418e-01
5.386319904949737891e-01
5.386569661344994264e-01
5.386320150267919216e-01
5.386406847445505131e-01
5.386357460005642972e-01
5.386527615667049407e-01
5.386383875990927717e-01
5.386585782258965782e-01
5.386288405666650458e-01
5.386115554561515806e-01
5.385896937241765325e-01
5.385925630326304780e-01
5.386852993685804503e-01
5.386301673498581355e-01
5.386360163432969417e-01
5.385988295324412034e-01
5.385958892800344344e-01
5.385899052429311551e-01
5.385909709455705130e-01
5.385903735234860434e-01
5.385834135096813080e-01
5.385909522391552073e-01
5.385783976895046621e-01
5.385823663150911544e-01
5.385672258673555035e-01
5.385820598564750039e-01
5.385681129260179167e-01
5.385892011163057047e-01
5.385573477001037723e-01
5.385665854779845274e-01
5.385074064807698901e-01
5.384886479660275782e-01
5.384934129538029302e-01
5.384437836349198481e-01
5.384405419404658666e-01
5.384304675118622985e-01
5.384401419286697354e-01
5.384465070373404272e-01
5.384453622554616903e-01
5.383957448848930571e-01
5.383970857460191883e-01
5.383865653689332564e-01
5.383897349759365625e-01
5.383842942654410990e-01
5.383832202423108892e-01
5.383835062976783936e-01
5.383841850713532162e-01
5.383956248437213876e-01
5.383729658858388278e-01
5.383245300854440085e-01
5.382895193734698047e-01
5.382421315662619943e-01
5.382060930433854029e-01
5.382198457620068766e-01
5.382005303576935518e-01
5.381936278651738848e-01
5.382004460634296494e-01
5.381848862220582896e-01
5.381835494827287292e-01
5.381689259158476402e-01
5.381653703753612739e-01
5.381706294432673232e-01
5.381679484377476230e-01
5.381360456107012746e-01
5.381361969405331624e-01
5.381072587340406388e-01
5.380623627277005827e-01
5.380623059284135312e-01
5.380580621660053797e-01
5.380775016431413871e-01
5.380631074653180468e-01
5.380829601934052908e-01
5.380700840911560867e-01
5.380291013937625877e-01
5.380319619557558664e-01
5.380311539846849289e-01
5.380684699883377942e-01
5.380355251214127277e-01
5.380655959113922471e-01
5.380311817580372136e-01
5.380213914189923008e-01
5.380282003486416276e-01
5.380454148438202910e-01
5.380297951201444828e-01
5.380568267608074606e-01
5.380210378599131760e-01
5.380534332104356388e-01
5.380350420085504570e-01
5.380115490593435634e-01
5.380259283106679780e-01
5.380055869280754299e-01
5.380244928398308923e-01
5.380094751384231211e-01
5.380107016810308229e-01
5.379809884849553470e-01
5.379809325971391942e-01
5.380091106673883239e-01
5.379833657065837826e-01
5.379782731682286601e-01
5.379689321569292026e-01
5.379516384951604779e-01
5.379470707711635491e-01
5.379235485651044923e-01
5.379274995621899924e-01
5.379336855965934916e-01
5.379428275218891553e-01
5.379047943634107654e-01
5.379028273800313675e-01
5.378752650645908240e-01
5.378756218223782470e-01
5.379082948481931359e-01
5.378899605786933158e-01
5.378204477403567552e-01
5.377743544006218235e-01
5.378280492991938111e-01
5.377917894816969246e-01
5.377472899050756983e-01
5.377451958616290550e-01
5.377452857730967706e-01
5.377540919368144490e-01
5.377501864303800838e-01
5.377686424814445143e-01
5.377503775260726870e-01
5.377481081002066787e-01
5.377481660321210555e-01
5.377501010060280473e-01
5.377462339300402849e-01
5.377516945394764658e-01
5.377354190800135436e-01
5.377753346758609165e-01
5.377492968212089774e-01
5.377057856406617375e-01
5.377106328866089191e-01
5.377057828411538898e-01
5.377080727329015541e-01
5.377200292389214820e-01
5.377080337988425773e-01
5.377090387333685051e-01
5.377059600545742724e-01
5.377183793037788595e-01
5.377016871151827360e-01
5.377407758866828980e-01
5.376912811285103899e-01
5.376823550383550421e-01
5.376826422720345500e-01
5.376740341067133278e-01
5.376762086779651728e-01
5.376788636682561240e-01
5.377106319421398606e-01
5.377180516600100768e-01
5.376799976926625035e-01
5.376651929699549637e-01
5.376496778163163404e-01
5.377137377173090149e-01
5.376401621659215868e-01
5.376833537334485547e-01
5.376268136998215708e-01
5.375971895540130330e-01
5.376166808855327162e-01
5.376006761551445079e-01
5.376157058525785626e-01
5.375657717208699449e-01
5.375711639338468517e-01
5.375579418750878746e-01
5.375669643901629380e-01
5.375622323978033190e-01
5.375658519561992144e-01
5.375760996786458357e-01
5.375590285309175265e-01
5.375577006557858972e-01
5.375645326111979649e-01
5.375629226228811897e-01
5.375557924438363333e-01
5.375537702137538343e-01
5.375613286343322583e-01
5.375488654586939585e-01
5.375462438548117561e-01
5.375507704007217447e-01
5.375492068584086791e-01
5.375424958715380175e-01
5.375416229691524217e-01
5.375608379380766300e-01
5.375525637910174570e-01
5.376088527345552759e-01
5.375473425220607115e-01
5.376275759342228344e-01
5.375255933936197161e-01
5.374303710129160194e-01
5.374165898835737698e-01
5.374054585799993289e-01
5.374212606808643766e-01
5.374053540203794777e-01
5.374061780897646523e-01
5.373982757993511772e-01
5.373998505001038595e-01
5.373999333681839241e-01
5.374519214582577087e-01
5.374086708785038580e-01
5.374193268562201808e-01
5.373967607707493821e-01
5.374139360181133807e-01
5.373888284985867125e-01
5.373747681194425141e-01
5.373776171923814182e-01
5.373881227061515498e-01
5.373880266775847847e-01
5.374045764251491608e-01
5.373711247554646686e-01
5.373793203583839828e-01
5.373608170300576692e-01
5.373406585290436688e-01
5.373438677609430059e-01
5.373561016284125191e-01
5.373377097618349252e-01
5.373394549749026528e-01
5.373397361559348884e-01
5.373073683978351056e-01
5.372790836779001156e-01
5.372806581942731752e-01
5.372746526874822015e-01
5.372736365132514402e-01
5.372761971872529463e-01
5.372724256069688620e-01
5.372844835712506928e-01
5.372765446326039918e-01
5.372999100909113812e-01
5.372284177332925514e-01
5.372705819338515765e-01
5.372391579489670388e-01
5.371635158846649327e-01
5.371514926287144220e-01
5.371587639125932068e-01
5.371648947785719885e-01
5.371552664935747012e-01
5.371527689186511578e-01
5.371455299566674224e-01
5.371722236952161111e-01
5.371558334134950430e-01
5.371600507991255435e-01
5.371450377985393931e-01
5.371591075791846137e-01
5.371448105391196659e-01
5.371529301058912687e-01
5.371515237253143837e-01
5.371506027968084851e-01
5.371465263699500836e-01
5.371690244248961132e-01
5.371454374196259485e-01
5.371669008868703576e-01
5.371483137619955661e-01
5.371687799394403440e-01
5.371500578260312020e-01
5.371445049782087588e-01
5.371411653830513444e-01
5.371442160515664810e-01
5.371391922220964954e-01
5.371937562291438928e-01
5.371399165031370826e-01
5.372099277881279278e-01
5.371368683791446497e-01
5.371446734412292923e-01
5.371380617916402533e-01
5.370676583891026423e-01
5.370666658743257216e-01
5.370690204043477856e-01
5.370801963611848695e-01
5.370670205421431698e-01
5.370773756320750270e-01
5.370942680407326808e-01
5.371234719798236856e-01
5.370431239574477988e-01
5.370357679292313557e-01
5.370569177005949379e-01
5.369870905211646672e-01
5.369896774609306256e-01
5.369846182881883312e-01
5.369861650460860947e-01
5.369950635123420524e-01
5.369890746250480795e-01
5.369898272596655975e-01
5.369879561674355539e-01
5.369872359343232926e-01
5.369846765503815122e-01
5.370035881033686787e-01
5.369827072486976771e-01
5.370076910885224208e-01
5.369818397353670614e-01
5.369280902554565138e-01
5.369008392129024365e-01
5.368986666217347992e-01
5.368957456614358303e-01
5.368960842115964027e-01
5.368920423638807726e-01
5.368901253936526619e-01
5.368880562267462908e-01
5.368852487703739129e-01
