1.121937391595079214e+00
1.120436971222142475e+00
1.119236336353348404e+00
1.114928264037207128e+00
1.114906491751880724e+00
1.129549621340202092e+00
1.208027934243215862e+00
1.305776152545511826e+00
1.021773913363031028e+00
1.053268678818986670e+00
1.018236386170155994e+00
1.019853671412235929e+00
1.024916338618381939e+00
1.022734099829047283e+00
1.007068004777985637e+00
1.027086930628065886e+00
1.007628963248214271e+00
1.010165060890864996e+00
1.054993436039430854e+00
1.000843144851640609e+00
9.985126228647871471e-01
9.987531694899975943e-01
9.852609044912450376e-01
9.954591016356840738e-01
1.042566829537356465e+00
9.765805461610108651e-01
9.214112503419471523e-01
9.512985028445332114e-01
9.736182037335601169e-01
9.246670443075819534e-01
9.213265176684435342e-01
9.217781769984974005e-01
9.530205081177759441e-01
1.012918464817439412e+00
9.130831204421314684e-01
9.129375088838939112e-01
9.080125823685160080e-01
8.576187919674382876e-01
9.002228132790852655e-01
8.575906715334815633e-01
8.577750396085603857e-01
8.568293529076979054e-01
8.592722974760776955e-01
8.794976906971998520e-01
1.033587513457707274e+00
8.693945393420977608e-01
9.528009304879224706e-01
8.568293529076979054e-01
8.568293529076979054e-01
8.566680775676192017e-01
8.603695612190245257e-01
7.860890602765906454e-01
7.966642472688632015e-01
7.860890602765904234e-01
7.865529278575125183e-01
7.615588357360041361e-01
7.802672439964010165e-01
7.615588357360041361e-01
7.615588357360041361e-01
7.615588357360041361e-01
7.621795356760459050e-01
7.605724624298823011e-01
7.602380726401358757e-01
8.060199585593297300e-01
7.602380726401357647e-01
7.602380726401359867e-01
7.602380726401359867e-01
7.602380726401357647e-01
7.602380726401358757e-01
7.600247130468871237e-01
8.976431891542372421e-01
7.600247130468873458e-01
7.600247130468871237e-01
7.600247130468871237e-01
7.956440511687221662e-01
7.600247130468871237e-01
7.600247130468871237e-01
6.544231343831931058e-01
6.920391721898535575e-01
6.537640723647351049e-01
7.393337747752857236e-01
6.544782822053178961e-01
7.707953739913144808e-01
6.517196063908544668e-01
6.703900996699810877e-01
6.831423956855136037e-01
7.202247716761112084e-01
6.506137602366154349e-01
6.363878161865583749e-01
6.204792257522062648e-01
6.327860847090421847e-01
6.189575370827955503e-01
6.645114420820059653e-01
6.194543971988684117e-01
6.682723073410432590e-01
6.271252741179923484e-01
6.043533630341991758e-01
6.031863463829147953e-01
5.918666573551160104e-01
5.917423358231145292e-01
5.916991018386744683e-01
5.961738051884903911e-01
5.875090112282091992e-01
5.804294290278225743e-01
6.611769199387925733e-01
5.784859247362295065e-01
6.950550531316028735e-01
6.252311520664097788e-01
5.897562519844620210e-01
5.776598128071070981e-01
6.190178099691878710e-01
5.776571345079319908e-01
6.101185352894200609e-01
5.769710916693385760e-01
6.227990801301933610e-01
5.724951732017744543e-01
6.839962266272996416e-01
5.725175366242444275e-01
6.500572617593048941e-01
5.724859729503084527e-01
5.511453097889371655e-01
5.655505057320787676e-01
6.636343318818330728e-01
5.512167127357630036e-01
5.817618637473416232e-01
5.509410833476178215e-01
5.722317100968383752e-01
5.509410833476178215e-01
6.136611908601192766e-01
5.622191407885007708e-01
5.582734520529034628e-01
5.509147848754955001e-01
5.529648083417756377e-01
5.510613641397291707e-01
5.974324960606819390e-01
5.509147848754956112e-01
6.628085219137129780e-01
5.509147848754955001e-01
6.613364054034425177e-01
5.509147848754955001e-01
5.427630737298374530e-01
5.438654698859308745e-01
5.765003659688963111e-01
5.389585101113673060e-01
5.462824862742599041e-01
5.389585101113673060e-01
5.400020817628772285e-01
5.389585101113675281e-01
5.397100781174799522e-01
5.389585101113671950e-01
5.430282249394422500e-01
5.389585101113671950e-01
5.630367090298731281e-01
5.389585101113671950e-01
6.384027981277935471e-01
5.791352540506229385e-01
6.143009970670303410e-01
5.706796816025514474e-01
6.087704867527178321e-01
5.847007500573766503e-01
5.678226024385812920e-01
5.386165730408324359e-01
5.864990587037075542e-01
5.392782355434366792e-01
5.541407795731112529e-01
5.369297591676103210e-01
5.413610523753364934e-01
5.740644068496474350e-01
5.606763810111454749e-01
5.386276192717256439e-01
6.091942432895108839e-01
5.344587962961986349e-01
5.791991043832459551e-01
5.346747823513389175e-01
6.675204391226196021e-01
5.309490987125281558e-01
5.813095201865658979e-01
5.300489076566892166e-01
5.736170123647410524e-01
5.302646823404447707e-01
5.465382374478062744e-01
5.296427941722443578e-01
5.377552435765913241e-01
5.327518738073548921e-01
5.473123038854618150e-01
5.523716630014706697e-01
6.208550336412387294e-01
5.308213512306553250e-01
5.670016475583542492e-01
6.010195988395142797e-01
5.733502298387723739e-01
5.333303982803175858e-01
5.711411559536083704e-01
5.298347299767376395e-01
5.485652360275919959e-01
5.351764750326510889e-01
5.362829071148487170e-01
5.303294513681521272e-01
5.458516193910114556e-01
5.371372322047707204e-01
5.738167014420849643e-01
5.364327233622765423e-01
5.380856043087087759e-01
5.309367650877868661e-01
5.493241832730731966e-01
5.258496657609741387e-01
6.291648584735974881e-01
5.300050739994692783e-01
6.004881079185266923e-01
5.267728196982899291e-01
5.397498128957805008e-01
5.314377034175051806e-01
5.396523749008805826e-01
5.286570075116413525e-01
5.276387021556679935e-01
5.247534090817662644e-01
5.658911462573347206e-01
5.245981770504162256e-01
5.262283584418836480e-01
5.249547838463993754e-01
5.243132883669638922e-01
5.259238686631296789e-01
5.251837133281985759e-01
5.243132883669638922e-01
6.043721865765482315e-01
5.248262663503334702e-01
5.877518180854529595e-01
5.241951818199636071e-01
6.009566387632545581e-01
5.239282285542714579e-01
5.724619122360529166e-01
5.284958705777762500e-01
5.340180891618774295e-01
5.237557623058404221e-01
5.396044059520389569e-01
5.241276456336926293e-01
5.927194508506732351e-01
5.236130381437872350e-01
5.877704480212423421e-01
5.873225020046267675e-01
6.110959638988955334e-01
5.293487460305399406e-01
6.045429210556418909e-01
5.206614822936819209e-01
5.930888597158286979e-01
5.206614822936816989e-01
5.289488513815885362e-01
5.428501086339346804e-01
6.340479656537815201e-01
5.202476385804329917e-01
5.729169611413998942e-01
5.199550322221588861e-01
5.729451799917906207e-01
5.185040225747665765e-01
5.577999061452894036e-01
5.212118719285981916e-01
5.250945409807480369e-01
5.420908339543527577e-01
5.555756035199840293e-01
5.308183832898105692e-01
5.577049913815292914e-01
5.295415326314005799e-01
5.650397794294131915e-01
5.257336733530169059e-01
5.394843174611014813e-01
5.271819719139297922e-01
5.322865859365111252e-01
5.214317837684493417e-01
5.218553209094792811e-01
5.223333035203951979e-01
5.913286957335333049e-01
5.187978895875166030e-01
5.843427561746149523e-01
5.230498602407936959e-01
5.333860447397305027e-01
5.178593600542715780e-01
5.557050347472884955e-01
5.169885214001355145e-01
6.976096857662342776e-01
5.298251372223385935e-01
5.520569301239048876e-01
5.205779709989156734e-01
5.362007367840372352e-01
5.179306678288345678e-01
5.258204924168214944e-01
5.174256216260728625e-01
5.297607675661452076e-01
5.169007803438454562e-01
5.256272710971063855e-01
5.180643177446514480e-01
5.278888223528712675e-01
5.217696604387478398e-01
5.386764286764420540e-01
5.363312662265631303e-01
5.924715667271224229e-01
5.275131439681686185e-01
5.780305927650519759e-01
5.241011559948570708e-01
5.447601308623215566e-01
5.193890195488868322e-01
5.628699521048591281e-01
5.327257971400939374e-01
5.500869132033067155e-01
5.162994659237222228e-01
6.229149780677382120e-01
5.178906361856652207e-01
5.883960538367704052e-01
5.178814835243932269e-01
5.715660247160465612e-01
5.244450990600139084e-01
5.507615253669732036e-01
5.162513776584938263e-01
5.849621291891643482e-01
5.158534860167621749e-01
6.052012002710321914e-01
5.158922756281125732e-01
5.890773760574261608e-01
5.434461869084735719e-01
6.093328285078578599e-01
5.311156484860074523e-01
5.184265913268039094e-01
5.268716538358564350e-01
5.155271225546760316e-01
5.195584579827512428e-01
5.152882072616533637e-01
5.142477031534044007e-01
5.141491076392822324e-01
5.168755253313367382e-01
5.136708082306657985e-01
5.112619497941397473e-01
5.160846227078588200e-01
5.076667709658748695e-01
5.097172817319985949e-01
5.059465395589404224e-01
5.051880614554631332e-01
5.187175496456577495e-01
5.061434689819640509e-01
5.216609810682463211e-01
5.100521233523517273e-01
5.091287570384211980e-01
5.044406385949452565e-01
5.068289106693952828e-01
5.046631265958840817e-01
5.098551655019086803e-01
5.067645077123907882e-01
5.329009525043453266e-01
5.166449703693154483e-01
5.296769960977896208e-01
5.066124789595500832e-01
5.177943381833147729e-01
5.058385347738164617e-01
5.263346084985173201e-01
5.037200144946548663e-01
5.178443729436649212e-01
5.035668519942051446e-01
5.104333758765369211e-01
5.148530055754610979e-01
5.356139143733610331e-01
5.046784243578105178e-01
5.188088991418606799e-01
5.049303355208358823e-01
5.165112010005653564e-01
5.038360845405155386e-01
5.035066358256959917e-01
5.027869746095853243e-01
5.053879749926110110e-01
5.038766082194646723e-01
5.076080237639656323e-01
5.043330143117094044e-01
5.046732953788627407e-01
4.922000130925813788e-01
5.076989933737330318e-01
4.997057199267067595e-01
4.964885277039846612e-01
4.966955913699858116e-01
5.033177895433166293e-01
4.911141720578090508e-01
5.067614009423777599e-01
4.910035831928287742e-01
5.111272745002797269e-01
4.921199139269152312e-01
4.828197053238520442e-01
4.847147441846293980e-01
4.987645122865194680e-01
4.895838940263060324e-01
4.912309253723615154e-01
4.806306260291832166e-01
4.963123296176136234e-01
4.830690161349743272e-01
4.846684507497961425e-01
4.821138699535714722e-01
4.906228940331308075e-01
4.798880783751444112e-01
4.908279877145657055e-01
4.803486525582073563e-01
4.936419342510566799e-01
4.796441403091558642e-01
4.799812513922055435e-01
4.796362645336480490e-01
4.842557188046639483e-01
4.772828411404891336e-01
4.873989326782702802e-01
4.778255255256732004e-01
4.825821455758591561e-01
4.775022177598600148e-01
4.825540952789621474e-01
4.766939933923031170e-01
4.922606778618869305e-01
4.731630424536908408e-01
5.037472097119750636e-01
4.704402091142128040e-01
4.778969231279157071e-01
4.698927833862115433e-01
4.787380106000374003e-01
4.767290618320889628e-01
4.906073879160401940e-01
4.776818539792204166e-01
4.780622273293783087e-01
4.688871212984895287e-01
4.742735285544269486e-01
4.710673309099635553e-01
4.817518977556914939e-01
4.683108421254094655e-01
4.827058684839235503e-01
4.675320033200657810e-01
4.825265525099663444e-01
4.679005956386816933e-01
4.861902703931706982e-01
4.676544953889983924e-01
4.660472685852634078e-01
4.704417333797169531e-01
4.755698967811813338e-01
4.670091055422287973e-01
4.664249031292861947e-01
4.662670132892400288e-01
4.851189112649785806e-01
4.629739067461675073e-01
4.666348873004817488e-01
4.646823699975730637e-01
4.753318732918798695e-01
4.640492868055773323e-01
4.630038632018851352e-01
4.629698934414610556e-01
4.642835476902557046e-01
4.641145438383627031e-01
4.722325443938413803e-01
4.687147258440420017e-01
4.761630750000525047e-01
4.616889481996814260e-01
4.780354483411903277e-01
4.642504995519757260e-01
4.889459015748417459e-01
4.703548006975372675e-01
4.776248144061851497e-01
4.649044439327278400e-01
4.729395557640166392e-01
4.624508238271128335e-01
4.751992779098224151e-01
4.621124585191241363e-01
4.653893183114456433e-01
4.657465768267777806e-01
4.693653693358903478e-01
4.637340269015853278e-01
4.703992735327225394e-01
4.614517615134397510e-01
4.745259227759249798e-01
4.627103655959804995e-01
4.743354394228222470e-01
4.647263413276158661e-01
4.617906557127878786e-01
4.595770685841938930e-01
4.769663374444428894e-01
4.639715984322864695e-01
4.658753445809974414e-01
4.595194970230452869e-01
4.631119347478009907e-01
4.591902725950192665e-01
4.730855966185206762e-01
4.592508739105851112e-01
4.870549186863739055e-01
4.592469623272453783e-01
4.622734093961368695e-01
4.589091113000816624e-01
4.611374159134108974e-01
4.582491631405475885e-01
4.629052298632719276e-01
4.579767071253734723e-01
4.647064300494497258e-01
4.576071242722857813e-01
4.671804527368882964e-01
4.552268184236816229e-01
4.607591348266370512e-01
4.556002537477866765e-01
4.637719777874648175e-01
4.582551470603699606e-01
4.703676921415773649e-01
4.557385626741553564e-01
4.687788325123997679e-01
4.565720153960934891e-01
4.756591844892015808e-01
4.540886768577409582e-01
4.630722618312774763e-01
4.554555943836414156e-01
4.631534817069339338e-01
4.562374761256918765e-01
4.590075143359949594e-01
4.540599266774086318e-01
4.654751724023654669e-01
4.545114176802803052e-01
4.623597699853352339e-01
4.553316078221237295e-01
4.619140692674377213e-01
4.552480402937769122e-01
4.625627988431756932e-01
4.538275624710009781e-01
4.605970278408674790e-01
4.531904800083766394e-01
4.584083547077226206e-01
4.526530875984276503e-01
4.573091759157200120e-01
4.526024685445236839e-01
4.580592014111836141e-01
4.530814663099309580e-01
4.734934333512206273e-01
4.544242647141107927e-01
4.759267352802886153e-01
4.541996420451445693e-01
4.612258462201764830e-01
4.521188552062209709e-01
4.549960944342223423e-01
4.517368949755306007e-01
4.539180235806278274e-01
4.524972137557015106e-01
4.581903613534342723e-01
4.531359784446805095e-01
4.589768384746654162e-01
4.542037150521818778e-01
4.654656383945177112e-01
4.519637593292773481e-01
4.530959788031638236e-01
4.545944960786788558e-01
4.684319986491725096e-01
4.503415172225083696e-01
4.683080270010088753e-01
4.534933687322524332e-01
4.650752371708453126e-01
4.541697703693665100e-01
4.631893287017967431e-01
4.510453122485366673e-01
4.585166300080665280e-01
4.533447343820654618e-01
4.623525224945696510e-01
4.483665016389201674e-01
4.530653036298257774e-01
4.486188108660815743e-01
4.545648599628518416e-01
4.487690111892683187e-01
4.585591925439635452e-01
4.469020289927738143e-01
4.496929341399576452e-01
4.466512665010074490e-01
4.586274125325665585e-01
4.466807606056060753e-01
4.538934269383456122e-01
4.463606028474844112e-01
4.581409268157181636e-01
4.460542122829484479e-01
4.529420408778894180e-01
4.461431687362297782e-01
4.534773025794547330e-01
4.459123391567015871e-01
4.539494228558832445e-01
4.465043767690033416e-01
4.661529940553000295e-01
4.465090031516549818e-01
4.476305032613777657e-01
4.494801501807885735e-01
4.526246365668910032e-01
4.470953091594488948e-01
4.550391267031483333e-01
4.479887148162406407e-01
4.527688765042523489e-01
4.488025247935409356e-01
4.578599921723781607e-01
4.469175950820450938e-01
4.563212109478124723e-01
4.461308909833202052e-01
4.463519576927940102e-01
4.503018665362614747e-01
4.481078465209357153e-01
4.464591150020715271e-01
4.458623857835286031e-01
4.451351478719101640e-01
4.462251656651960996e-01
4.501475001589829161e-01
4.452573140112741634e-01
4.468488151352732474e-01
4.457129487363048481e-01
4.507172723634070843e-01
4.483758037948820108e-01
4.481530690149478358e-01
4.472153769160024939e-01
4.459288165622347644e-01
4.452024325158445150e-01
4.520810740028219921e-01
4.466744354049045351e-01
4.474549139931250918e-01
4.458015340465349419e-01
4.450560285325825816e-01
4.456538391653036002e-01
4.463325242592021680e-01
4.448515345710810642e-01
4.464121338520137816e-01
4.455220730360637815e-01
4.466029804921801682e-01
4.429973253395035893e-01
4.449769389050285961e-01
4.444657329170263460e-01
4.446120272371001936e-01
4.443162299775324509e-01
4.431504223640311824e-01
4.427111382914588056e-01
4.429514594736269073e-01
4.448250594234601785e-01
4.413247152752119984e-01
4.408051931784865984e-01
4.423087825946919738e-01
4.399818496693553294e-01
4.409411685632770861e-01
4.401434173514903181e-01
4.384415693401383929e-01
4.386111820536823802e-01
4.396051656762334225e-01
4.394359220958506951e-01
4.383778157140809095e-01
4.386670177265329373e-01
4.434195841712185171e-01
4.391909176476617160e-01
4.400433275706352454e-01
4.378139681223802704e-01
4.383980728747540745e-01
4.395400768785261425e-01
4.373465316547784920e-01
4.369122872551707837e-01
4.370860074922283123e-01
4.383365483321507439e-01
4.372207504385082211e-01
4.380160737598083331e-01
4.353565633801089740e-01
4.364936311614420750e-01
4.352867035636684978e-01
4.349063039562420796e-01
4.399838103071790907e-01
4.349820667394303508e-01
4.356924570915575168e-01
4.345345485950340425e-01
4.335543363224290681e-01
4.336599132742131046e-01
4.385956955970266580e-01
4.341400020955750172e-01
4.348174211019732449e-01
4.335780000291172276e-01
4.353424839486593756e-01
4.348551484084919871e-01
4.370649612357710434e-01
4.335283774451930139e-01
4.316034136461452397e-01
4.333897030150556384e-01
4.333735027313522226e-01
4.317964427425951546e-01
4.341500889599221868e-01
4.323729348172852816e-01
4.327047803195064324e-01
4.323887423147940723e-01
4.363268039539912047e-01
4.317438796049449246e-01
4.332710913425333876e-01
4.334521629452995906e-01
4.334405390778546252e-01
4.316581357300672828e-01
4.321365511851640862e-01
4.319279339548377505e-01
4.329810784508907329e-01
4.317911305850615777e-01
4.325820978999778132e-01
4.329273623042525498e-01
4.351926009242860771e-01
4.327059504654261479e-01
4.340873381414682153e-01
4.307589351635387476e-01
4.320090706510660294e-01
4.305690327456680455e-01
4.313084396435766799e-01
4.307167925960340704e-01
4.309811076887689052e-01
4.311289419379893406e-01
4.334757378921685889e-01
4.297154537617809966e-01
4.315048671815533976e-01
4.298592265372029875e-01
4.326487580714701853e-01
4.304222451098719260e-01
4.312930698633956617e-01
4.296002653373444669e-01
4.329098908050279526e-01
4.301479648824452773e-01
4.299995022379234921e-01
4.303779259751701614e-01
4.304828510138529185e-01
4.295829943824991393e-01
4.325678990854642803e-01
4.297976032019916737e-01
4.342419166943612963e-01
4.298548691132698663e-01
4.308501862084290757e-01
4.302715091557887672e-01
4.299699422071724397e-01
4.300293410338259514e-01
4.344703692551791785e-01
4.297845590640744229e-01
4.320578213019260483e-01
4.308585530314161804e-01
4.313300931512656922e-01
4.315025241950150581e-01
4.334820624408523004e-01
4.294116452054443367e-01
4.373285107698172691e-01
4.289947032589371823e-01
4.288277579842199594e-01
4.293205511661197238e-01
4.307369306858895852e-01
4.289001981325101798e-01
4.299904226834511678e-01
4.287082783229855254e-01
4.291890403207624938e-01
4.291597099390035419e-01
4.282552891352701674e-01
4.285622801352889089e-01
4.283732756706233880e-01
4.284091858277941922e-01
4.303778727955064887e-01
4.282238859445479107e-01
4.306846426836860031e-01
4.282514553848278949e-01
4.329529390016408352e-01
4.284672273838022183e-01
4.317583877886775889e-01
4.299380288024258756e-01
4.276947540585086527e-01
4.289833549837917537e-01
4.295609043820314832e-01
4.309221613331626344e-01
4.250106067997949100e-01
4.254332094284830612e-01
4.254796652362922704e-01
4.248978758531171684e-01
4.258764373334945619e-01
4.258384129692918130e-01
4.294854759770565522e-01
4.249257430587983775e-01
4.297955497794906932e-01
4.266758733616207167e-01
4.296171904251930851e-01
4.251660860517708640e-01
4.272577555383027526e-01
4.250209764855287231e-01
4.262573504699322946e-01
4.250379024394250194e-01
4.250192480097499947e-01
4.247849793171363797e-01
4.262408759080392739e-01
4.248906083301935421e-01
4.264482438834998335e-01
4.256794573650486968e-01
4.272858281111251433e-01
4.243945155501388511e-01
4.276641578305871438e-01
4.266522642282538635e-01
4.295321827036608364e-01
4.247303376912993644e-01
4.249738198393541166e-01
4.253297645153845674e-01
4.272487091376555024e-01
4.249553124371117652e-01
4.262258739530550566e-01
4.240528041359980516e-01
4.239328345335796611e-01
4.239095385132418126e-01
4.258473261019882772e-01
4.235224884832299863e-01
4.285310034743177732e-01
4.238026053445984598e-01
4.242783731477411946e-01
4.248731094031609201e-01
4.236794267181508422e-01
4.238902180052260826e-01
4.277274821677092831e-01
4.243593852962582735e-01
4.236574744120448766e-01
4.235287201843479510e-01
4.229523015173552447e-01
4.229096955466219998e-01
4.242492925649837821e-01
4.230242391618430076e-01
4.262411284045353743e-01
4.251515274672313938e-01
4.211341484497910237e-01
4.217537173410701445e-01
4.227914443761757735e-01
4.207265685966594115e-01
4.217646010318968353e-01
4.208230160559553457e-01
4.218051111660118813e-01
4.208663548943551991e-01
4.191758783643735886e-01
4.187790894772850936e-01
4.195605452771510313e-01
4.185356488839092060e-01
4.207246217611447237e-01
4.187345956954350856e-01
4.269570869012830894e-01
4.178631994469651501e-01
4.160664312093725892e-01
4.157644624321721882e-01
4.190485675996200587e-01
4.160570243337573526e-01
4.156010487445754853e-01
4.157013102707671770e-01
4.169616183092276218e-01
4.156394986069564812e-01
4.263807432657496510e-01
4.175941650286284501e-01
4.161819962533448991e-01
4.157915670315200929e-01
4.148922912259888074e-01
4.136996988175091206e-01
4.167822819290011860e-01
4.154212269403064761e-01
4.178918338945910027e-01
4.146086869526532381e-01
4.157046797970563312e-01
4.149039163967351840e-01
4.153524724771286980e-01
4.156733912511462181e-01
4.157765862279205749e-01
4.128699151846061399e-01
4.114221296529356198e-01
4.118858809345429250e-01
4.143434290570464640e-01
4.114698308194885135e-01
4.110914900108840198e-01
4.114337045630228062e-01
4.151713678402633723e-01
4.110974998172466921e-01
4.124463466765084241e-01
4.109930767631350124e-01
4.114275597939589524e-01
4.110443357359737648e-01
4.132678689206424893e-01
4.116582866044847799e-01
4.127477810082353926e-01
4.114476230383074529e-01
4.144117322227309774e-01
4.112694993406018074e-01
4.153418556895079883e-01
4.105528273742559686e-01
4.131205084982352282e-01
4.118070736014209920e-01
4.132258354222649865e-01
4.103346033924719638e-01
4.128481431248692268e-01
4.112783247527993513e-01
4.117382477637662741e-01
4.109633490860405414e-01
4.117368400685172958e-01
4.117176273048860913e-01
4.107207186634071472e-01
4.087212019685807496e-01
4.112840445499083564e-01
4.081123456598090837e-01
4.134789450770690600e-01
4.092250511334324381e-01
4.082003257575823052e-01
4.073497920431219388e-01
4.083324068365493109e-01
4.079894271546807283e-01
4.083839217810603661e-01
4.075158993584421796e-01
4.096444445097031650e-01
4.099891910792173855e-01
4.052465519759645418e-01
4.052696677056443764e-01
4.092975846832685449e-01
4.077948829843305867e-01
4.144543571950546346e-01
4.057701983198456763e-01
4.100447316584486801e-01
4.060195773583777368e-01
4.058865198387716644e-01
4.077303832807028794e-01
4.086538791915118596e-01
4.044681727210517330e-01
4.038758023137212216e-01
4.044526014731263386e-01
4.108989620820158173e-01
4.055832109988259937e-01
4.034055964912232617e-01
4.038527348970806230e-01
4.050102845241590477e-01
4.024267380015632001e-01
4.020448222607542754e-01
4.019316729165200996e-01
4.019647480794059646e-01
4.001452763954350678e-01
4.008952834477703675e-01
4.019046231087555765e-01
4.006638670359190524e-01
4.009251591417307692e-01
4.031805252802487805e-01
4.004287619822835542e-01
4.008604471525229473e-01
3.996403983140072169e-01
4.040729692541469298e-01
3.971362051916941249e-01
3.997435552274322124e-01
3.983874756610940038e-01
4.003373397908570608e-01
3.984493319066316208e-01
3.980326459016224616e-01
3.963270105173000712e-01
3.966040411519425879e-01
3.989830939725284575e-01
3.960653003169049002e-01
3.963189127031718773e-01
3.958473167791973224e-01
3.960963608328821328e-01
3.999088706801775528e-01
3.960442563200217148e-01
3.971622100477877892e-01
3.958245401061184499e-01
3.977172782006986318e-01
3.958512639602583261e-01
3.957756295014163150e-01
3.954212761933072473e-01
3.967714924518702668e-01
3.953197935909655847e-01
3.948447662638417954e-01
3.951873774653433258e-01
3.979161037014916080e-01
3.941509490016986139e-01
3.952206918483760489e-01
3.940119017840660876e-01
3.969158400466570868e-01
3.945869706333494098e-01
3.987603678503208737e-01
3.952707634290463234e-01
3.938646075496009535e-01
3.938376174559041765e-01
3.966931122029936363e-01
3.951257551649529631e-01
3.925583751313846403e-01
3.940282459642440727e-01
3.976998997585503015e-01
3.937761963120090525e-01
3.953801700777910821e-01
3.928284260305263120e-01
3.930409751694104448e-01
3.929635279046490570e-01
3.952831092057059736e-01
3.906668108596462741e-01
3.905906018049391526e-01
3.910803414207080220e-01
3.921089788665715337e-01
3.915265274450155375e-01
3.933385952857277323e-01
3.901172731151841822e-01
3.873853977466532039e-01
3.878579988137645929e-01
3.894172614657360754e-01
3.873341984842699759e-01
3.892364825364199588e-01
3.878009181972157382e-01
3.894768341086407570e-01
3.867272130109314365e-01
3.888169536342825916e-01
3.857298883365307129e-01
3.865090245015639359e-01
3.862714458078739255e-01
3.852966035926118082e-01
3.855795286629670748e-01
3.851342725137619771e-01
3.844322743282635457e-01
3.841122863764815376e-01
3.852339920374602822e-01
3.849219371642858545e-01
3.871961029064888704e-01
3.852508606829251891e-01
3.857618781741668501e-01
3.841173662475544370e-01
3.850484983728227895e-01
3.837396369667323559e-01
3.835415327426742182e-01
3.858704629673568864e-01
3.840816748822846738e-01
3.934489797266792488e-01
3.850153793231989585e-01
3.837378951101347302e-01
3.831850437967765366e-01
3.850926495595682342e-01
3.835910272359750461e-01
3.818041358018580689e-01
3.826626666461906412e-01
3.822616813204249286e-01
3.809922701163916958e-01
3.836763208723852903e-01
3.829385942096300566e-01
3.817471220967568746e-01
3.813475929509079765e-01
3.795178032876237451e-01
3.796502746507607329e-01
3.830357318149597567e-01
3.804044508826423532e-01
3.802939461008334465e-01
3.803799951812507074e-01
3.894198521523157819e-01
3.785198506601747392e-01
3.796614876483127565e-01
3.772913164734928437e-01
3.789565207421001780e-01
3.781019666156750780e-01
3.788459913576822102e-01
3.768726522637477760e-01
3.787577607285131931e-01
3.758268935668843680e-01
3.760717274215496508e-01
3.774906629775773292e-01
3.796293078545295852e-01
3.752151994604955298e-01
3.772008792200385874e-01
3.752819333759526144e-01
3.782499352296866957e-01
3.760753606521936021e-01
3.759327382491172154e-01
3.745543211416141882e-01
3.781815198729007732e-01
3.758883915514410479e-01
3.788958098255471585e-01
3.746087937908990084e-01
3.754477183715858590e-01
3.747953160730119193e-01
3.741763526718748234e-01
3.751794039430122463e-01
3.768036933673128419e-01
3.749962427915093932e-01
3.745444904628272842e-01
3.739143389923832994e-01
3.753942223373381015e-01
3.734628103361861684e-01
3.721399569861708612e-01
3.722953470515759644e-01
3.725583199907368526e-01
3.722266640180961206e-01
3.788942251979565690e-01
3.719098288066633451e-01
3.775352981306499545e-01
3.733786911255914664e-01
3.736946950309511517e-01
3.717652207291519684e-01
3.754063892228854948e-01
3.717879381486654533e-01
3.746180306838333696e-01
3.723696063390690147e-01
3.741015891600397159e-01
3.718366073463379995e-01
3.778274853434774316e-01
3.748386613566766501e-01
3.722621964078698942e-01
3.721067437373995479e-01
3.729186987982488488e-01
3.717034183647783818e-01
3.747362879598330476e-01
3.725939394349851441e-01
3.729525332355252409e-01
3.710853356046225904e-01
3.733533555832351247e-01
3.712532944107956867e-01
3.740765793889557211e-01
3.739384973955403035e-01
3.753212834192480307e-01
3.715125662721873723e-01
3.723048629806506304e-01
3.709547026099046518e-01
3.757752724936161415e-01
3.716189967536739358e-01
3.720244158829458803e-01
3.701280910576491001e-01
3.696888696075490977e-01
3.699325502943661692e-01
3.705830010777778627e-01
3.717317903265423551e-01
3.693728318956163714e-01
3.701539917688413950e-01
3.705880083956233917e-01
3.696715392115286214e-01
3.708723735597440618e-01
3.693511865076615219e-01
3.716658486630994851e-01
3.707440791150439230e-01
3.723748198201454751e-01
3.699908529796061551e-01
3.740011836059125572e-01
3.718772427390594215e-01
3.713369046908326920e-01
3.699471523374482373e-01
3.693870397991893539e-01
3.694001513893441224e-01
3.690476711145846411e-01
3.693601667416477885e-01
3.708208445427410571e-01
3.691700066965629690e-01
3.717625352405065642e-01
3.687872978636161925e-01
3.704937421970048161e-01
3.695772447370749281e-01
3.719886417124247946e-01
3.687334276507646669e-01
3.710766180190543384e-01
3.702670750809968769e-01
3.708764158517165455e-01
3.689532737077331204e-01
3.742498577480216637e-01
3.687776477250678253e-01
3.706001500157663497e-01
3.691453709958723017e-01
3.704751707878685130e-01
3.690481018726219919e-01
3.688135269803718974e-01
3.683633855468904095e-01
3.723163020379607890e-01
3.681770071416677892e-01
3.692487981675244835e-01
3.684948378246162282e-01
3.710808267322298071e-01
3.691574585944463749e-01
3.682805912293704020e-01
3.698790939190604865e-01
3.702507597527284200e-01
3.689412113334165078e-01
3.702712420469351229e-01
3.682344317004846435e-01
3.706050498479361299e-01
3.690935774548426695e-01
3.736039321897749454e-01
3.682209413824275579e-01
3.705113153702661033e-01
3.678723921384299822e-01
3.684461380385929408e-01
3.694486224344205039e-01
3.736078887379498115e-01
3.687278300120149233e-01
3.695972061580068413e-01
3.684952537914921722e-01
3.682997801500621504e-01
3.699697137825922466e-01
3.710142416768637541e-01
3.679147282947268782e-01
3.707717388215195919e-01
3.681072604046428109e-01
3.694404636872032355e-01
3.689019240275051015e-01
3.725536138704741429e-01
3.675846721925571936e-01
3.707042645222019539e-01
3.716073072738159122e-01
3.659487220804893415e-01
3.704238672343370120e-01
3.649408735896359501e-01
3.654721724382768988e-01
3.670508674208895483e-01
3.653798930716080084e-01
3.632953147557610452e-01
3.641704973055100991e-01
3.630137076575982724e-01
3.643647660177601888e-01
3.628831940714006832e-01
3.630824245169638753e-01
3.658729967093541369e-01
3.637870400035269070e-01
3.628574738622690199e-01
3.619255579148942248e-01
3.665012742395157286e-01
3.620872043080703429e-01
3.622958604971573959e-01
3.623120440464359659e-01
3.662722510901476602e-01
3.615299441096634370e-01
3.678658091191929769e-01
3.620268003201270735e-01
3.619410386384633305e-01
3.617850540403311221e-01
3.636957031134371854e-01
3.631305603745865196e-01
3.614498214835279444e-01
3.632155500858378350e-01
3.615576399086491977e-01
3.628551508498022993e-01
3.623135767141758556e-01
3.615610944378199743e-01
3.640185766632909048e-01
3.608478150868823509e-01
3.631770879736627156e-01
3.622676447623001672e-01
3.608751014935365209e-01
3.610582816142010598e-01
3.625848009124392202e-01
3.625013870135127547e-01
3.605469796866230814e-01
3.614145385586886583e-01
3.622383680102001513e-01
3.596302733061110812e-01
3.643517123166666871e-01
3.600740750725470174e-01
3.594628508262433519e-01
3.601564026123677542e-01
3.601888006353590188e-01
3.606381931089741033e-01
3.622963796060732489e-01
3.605183260068012818e-01
3.598301223940506555e-01
3.599076206218860263e-01
3.660492127336063550e-01
3.602409899038163110e-01
3.603407074163409995e-01
3.596324417640834326e-01
3.610943370867324420e-01
3.593732599294369168e-01
3.613668312154272311e-01
3.595339908618958025e-01
3.636794922146350251e-01
3.592464762061151617e-01
3.622452360104997937e-01
3.599054866943405817e-01
3.632697830649045945e-01
3.598886668110519715e-01
3.630236829599436943e-01
3.596417216523554727e-01
3.616171919474318597e-01
3.598594916570729274e-01
3.622065394094769464e-01
3.590619500982215051e-01
3.597898335140177761e-01
3.596099266868724165e-01
3.681770331338550806e-01
3.594257206427939333e-01
3.625817988494678401e-01
3.591382560448310723e-01
3.593777065832813311e-01
3.594281055905335087e-01
3.610502714328269747e-01
3.596139565133270044e-01
3.609082529730652800e-01
3.605050141608298619e-01
3.610594608101410641e-01
3.594521520921223900e-01
3.608227640774507305e-01
3.588188742555296074e-01
3.607864755784276345e-01
3.592196503146750652e-01
3.604613240936706542e-01
3.586660246596505841e-01
3.602488339327408196e-01
3.594026022336465620e-01
3.600428418773697903e-01
3.594077181487827510e-01
3.588731200403696420e-01
3.590085184227009840e-01
3.625014525861159909e-01
3.588905472755403725e-01
3.591988126908908230e-01
3.589762229247999703e-01
3.599166449657478783e-01
3.597295644445089313e-01
3.615561204025096731e-01
3.586204553906792158e-01
3.594411980966004672e-01
3.597168969462258836e-01
3.648335402078193290e-01
3.595646261825365952e-01
3.603843285579878541e-01
3.594256731815096972e-01
3.624213061354933929e-01
3.592315270485857970e-01
3.623181622356825282e-01
3.593129496626752406e-01
3.594089276247090514e-01
3.590023038951286050e-01
3.593858957402835674e-01
3.598289542057735990e-01
3.596314515249576793e-01
3.593428495094216357e-01
3.589470094767402975e-01
3.592730112463349279e-01
3.584300696650500329e-01
3.591777287677154207e-01
3.587008585484751100e-01
3.586237095287526655e-01
3.583530785816586572e-01
3.580502114568589467e-01
3.584024113812735446e-01
3.602890287128139302e-01
3.582916788543365483e-01
3.598513984835785551e-01
3.579744711929447876e-01
3.585226618004650478e-01
3.579314340051300003e-01
3.575963947832073164e-01
3.583182260413376174e-01
3.588031565128821931e-01
3.575153624226541926e-01
3.598906716336326972e-01
3.576540960203877795e-01
3.581815518772645812e-01
3.575199734905711857e-01
3.578693743925637771e-01
3.576740968920309460e-01
3.581694640246380068e-01
3.578225110906511075e-01
3.587811459124186086e-01
3.575159384621729441e-01
3.576599091017327869e-01
3.573548686762406112e-01
3.580784788070205948e-01
3.572053446016299483e-01
3.568489254524885301e-01
3.567408506408896729e-01
3.569091565703213509e-01
3.569056704619733567e-01
3.580600114677987555e-01
3.562953757531807097e-01
3.561057529574322977e-01
3.563433536273916680e-01
3.564621260562371718e-01
3.561206794728878355e-01
3.560975920651054394e-01
3.560082635290261477e-01
3.562000382678126575e-01
3.560460898600507074e-01
3.572310625971266695e-01
3.560612733276496411e-01
3.566291064242236852e-01
3.560477742678295199e-01
3.568133395384712192e-01
3.563518281098534413e-01
3.562720865148866212e-01
3.561089501349152253e-01
3.566652923180489987e-01
3.558955030340903436e-01
3.559460848387173693e-01
3.560868936555990349e-01
3.559862343429308074e-01
3.556968592987053701e-01
3.557423473191945185e-01
3.557429791609568737e-01
3.570189910915171905e-01
3.558872090654364162e-01
3.567335138218166724e-01
3.564414934192876583e-01
3.565634228490766056e-01
3.557392746792662486e-01
3.565480395366450450e-01
3.558437784926580805e-01
3.563308216813489970e-01
3.556742675755917293e-01
3.556843376683038183e-01
3.557267597048109908e-01
3.549963822156383397e-01
3.550044238468895164e-01
3.555885123893411381e-01
3.551639859467861093e-01
3.546740631314826420e-01
3.544540445073968149e-01
3.547181077430209273e-01
3.544473909239056475e-01
3.552917665904778421e-01
3.546745413573522687e-01
3.550015323037098436e-01
3.544757887842746036e-01
3.543526132514727145e-01
3.546646887468880016e-01
3.553447355052313239e-01
3.546561789915084195e-01
3.548588119299923571e-01
3.541784384204617608e-01
3.553644360400162183e-01
3.543803883551024936e-01
3.554603353993371906e-01
3.543231318064136715e-01
3.545449348339096973e-01
3.544589056094023527e-01
3.543631098998972773e-01
3.544045030031635068e-01
3.546476183893241263e-01
3.542224649893402910e-01
3.550962897099720350e-01
3.543628596543099696e-01
3.549883228311592198e-01
3.543067021559941909e-01
3.551994443347692987e-01
3.541078968288657869e-01
3.543876138766232087e-01
3.544943297002202676e-01
3.540516253238619737e-01
3.543697078214909091e-01
3.535954265136290742e-01
3.538098283490531126e-01
3.545164523498543496e-01
3.535881819365289114e-01
3.545991678188366025e-01
3.539835534025985719e-01
3.543138187285265750e-01
3.535008371209280020e-01
3.555971646517586682e-01
3.535324633529921545e-01
3.530924497839494913e-01
3.531803072770418050e-01
3.530004512859996613e-01
3.529179375837942501e-01
3.536719251098911498e-01
3.529870495100674854e-01
3.534597018493370602e-01
3.529887798717893932e-01
3.529306680227218274e-01
3.528692005900095352e-01
3.527931565491130850e-01
3.527480056146087284e-01
3.532211824353887475e-01
3.528201328966170114e-01
3.529461569978191160e-01
3.529047182292027740e-01
3.527305169838084731e-01
3.526165810089798014e-01
3.524991958741623965e-01
3.524579109734274907e-01
3.532767231758425774e-01
3.526378655828354414e-01
3.538532959246679654e-01
3.526311495608225322e-01
3.526613910142463171e-01
3.525987081783124588e-01
3.533066633202035511e-01
3.526159262812362805e-01
3.533096581408208259e-01
3.527764211664398131e-01
3.534417102512198428e-01
3.523903161884696655e-01
3.524975376296244356e-01
3.526468655402488217e-01
3.529423124581971827e-01
3.523752675203454809e-01
3.526315158441089004e-01
3.527044751366877340e-01
3.523796266766180407e-01
3.527238904776815454e-01
3.526315979472804951e-01
3.527109076805641785e-01
3.523403968887601767e-01
3.530721582424517502e-01
3.526224677546347941e-01
3.523231278020276802e-01
3.528040769388439135e-01
3.524095902799396218e-01
3.531952872881719552e-01
3.526090472416507637e-01
3.530134491973450084e-01
3.524211845919213437e-01
3.527169338024729317e-01
3.523094509567944455e-01
3.528478507343786319e-01
3.523282814876540492e-01
3.530771715364993124e-01
3.524460154001604617e-01
3.525714633305751522e-01
3.526327724697825849e-01
3.530234217081593684e-01
3.523092402437102977e-01
3.523422166956857171e-01
3.524363122612223509e-01
3.528829963630754629e-01
3.522190930889624316e-01
3.533476108853770281e-01
3.518255646779936963e-01
3.526307598220742578e-01
3.519399473315688032e-01
3.528455043813328307e-01
3.519832218790180933e-01
3.519156279567348666e-01
3.519703234283540483e-01
3.524124973577277276e-01
3.518753948112349761e-01
3.518965116851514585e-01
3.519829706115926160e-01
3.523546582110575476e-01
3.517154705481373433e-01
3.528202472467226736e-01
3.518236170278484787e-01
3.526497581866543385e-01
3.519754895427809616e-01
3.520828786414037515e-01
3.519805706820784974e-01
3.520497252286532985e-01
3.517831500635410502e-01
3.522932154824727213e-01
3.518419047864423943e-01
3.519596351885437291e-01
3.517534729887820122e-01
3.517788928702034745e-01
3.516339395446280713e-01
3.520645033625178222e-01
3.517603502403963134e-01
3.523023342830282623e-01
3.520094520950886596e-01
3.521146883345060985e-01
3.516990780842268460e-01
3.522759910533064809e-01
3.516578534268661738e-01
3.516882913770669195e-01
3.516978246964626020e-01
3.513863449396607552e-01
3.514729421243024676e-01
3.518031834257142054e-01
3.514953514610292817e-01
3.510238471086355450e-01
3.512543887375685348e-01
3.515804790979815686e-01
3.518929892432645090e-01
3.517244830446586423e-01
3.512505097404473031e-01
3.514250577085379912e-01
3.511663662381523388e-01
3.512682471835133491e-01
3.509740260567650316e-01
3.514109174133824287e-01
3.509559837816546013e-01
3.518036311918544268e-01
3.509692376647162715e-01
3.512055519519444169e-01
3.508264780106954417e-01
3.511639279623576804e-01
3.507042014602085311e-01
3.510431182239044934e-01
3.507914134607212353e-01
3.511305650214761598e-01
3.507735640975664926e-01
3.508021129699542273e-01
3.508581620750490515e-01
3.531066780629394386e-01
3.509382753694437751e-01
3.512950367403629981e-01
3.512664223669555441e-01
3.517843751337987879e-01
3.506487436792991574e-01
3.512608475279025422e-01
3.509058166570835913e-01
3.509870910660796706e-01
3.505745599953784541e-01
3.510089322082614038e-01
3.507418788130792220e-01
3.509357018692987329e-01
3.508229688795009293e-01
3.504030424864876814e-01
3.501301620232072365e-01
3.513435948297100597e-01
3.501042051869401872e-01
3.501804789841015397e-01
3.502962112190471378e-01
3.505962650964680738e-01
3.501096962834818749e-01
3.507739096421332858e-01
3.502727580274703212e-01
3.502954865602377343e-01
3.501398238813797636e-01
3.515915403240779114e-01
3.501074307300403587e-01
3.506334201924692362e-01
3.502213854990762765e-01
3.506275624265308144e-01
3.505890966967394884e-01
3.511642823800680824e-01
3.501593262183005373e-01
3.506910011840160268e-01
3.504950795417122733e-01
3.507123249367880002e-01
3.500974206140057277e-01
3.509537608181010349e-01
3.501032221491027774e-01
3.509876426009787553e-01
3.502595739189350299e-01
3.502179213653602297e-01
3.503146387281108609e-01
3.504608267542617672e-01
3.501940106290672428e-01
3.508312652503488560e-01
3.505507377875144437e-01
3.508807113679234813e-01
3.500069704572417173e-01
3.504654651317108405e-01
3.499584056033205881e-01
3.499888834658522185e-01
3.503953337262725176e-01
3.501018535554472622e-01
3.498085659068734254e-01
3.506147898707875354e-01
3.498493000520846441e-01
3.506316268118641055e-01
3.499569183739475453e-01
3.497181640004976555e-01
3.497688612578998546e-01
3.515228948649023466e-01
3.498136666827365016e-01
3.518563702253492131e-01
3.498262708316228764e-01
3.508222966079543315e-01
3.496618228471861656e-01
3.498345058309975109e-01
3.499883811245679266e-01
3.497648174043183622e-01
3.496619869230685462e-01
3.507847342204056251e-01
3.499164736355624972e-01
3.499142001020942860e-01
3.497330817316342544e-01
3.499687718297017636e-01
3.499095263311040038e-01
3.502982410957791171e-01
3.496805885832975358e-01
3.505873571408867351e-01
3.501899130334912846e-01
3.503439439607026751e-01
3.500227813990831049e-01
3.500085603755704877e-01
3.498906627803790026e-01
3.502298719173949637e-01
3.500806928619387692e-01
3.498460206668821404e-01
3.499052711001937044e-01
3.499952884783248397e-01
3.499013128658527982e-01
3.497814476472246858e-01
3.497829601297997582e-01
3.499997771257125634e-01
3.499476840473694783e-01
3.496640760646052004e-01
3.500676963443855594e-01
3.497222563608798351e-01
3.500590369773737276e-01
3.497427732997093197e-01
3.498775032774133487e-01
3.497680731860812187e-01
3.497092796258584046e-01
3.497354461586321128e-01
3.497999480235820524e-01
3.496883600581504048e-01
3.497161769866757308e-01
3.496494225537206124e-01
3.494454726445415105e-01
3.493511892815067132e-01
3.493509146753556172e-01
3.493423522806066717e-01
3.495424179252792918e-01
3.493240655307415787e-01
3.494791487295331178e-01
3.494233296159287017e-01
3.496456338631865335e-01
3.493411359070502931e-01
3.495637653776838549e-01
3.492947305418704906e-01
3.495538896880964752e-01
3.493462717125736527e-01
3.492252839765572214e-01
3.491845386949198327e-01
3.492314774060635840e-01
3.490984714178694825e-01
3.492918567764627946e-01
3.491326800459634283e-01
3.494373011916502292e-01
3.491305941519676770e-01
3.493251899063141708e-01
3.491983215185425760e-01
3.492629263164400144e-01
3.490750910200241530e-01
3.493569770591894996e-01
3.491247993977927289e-01
3.491871146998318243e-01
3.490663921547939030e-01
3.498901981333369382e-01
3.490798436469065291e-01
3.492220940854561806e-01
3.490856751549988868e-01
3.486647563090598534e-01
3.485606362193668928e-01
3.486535522997380454e-01
3.486207927763051995e-01
3.487101866818697049e-01
3.485898066270610718e-01
3.486726173284340757e-01
3.486796711072746024e-01
3.484116982120473716e-01
3.485658708194508404e-01
3.483530841887867435e-01
3.484491777958173553e-01
3.482422947206361696e-01
3.483043004322673997e-01
3.482099643858461158e-01
3.483829154584143772e-01
3.482365304482857860e-01
3.480734596912607448e-01
3.485965776711929531e-01
3.480874546170103501e-01
3.481268770061567430e-01
3.481425757552220057e-01
3.481937941559554162e-01
3.480977221143624623e-01
3.484388085005909463e-01
3.481060863421152063e-01
3.482071244208883032e-01
3.480224323702304501e-01
3.481225239887070222e-01
3.480708716637413436e-01
3.482766877124404137e-01
3.480701102929254498e-01
3.480114575403579491e-01
3.481459043308364754e-01
3.480061096274498222e-01
3.480542178118716801e-01
3.481079805329902466e-01
3.480754983797962332e-01
3.481023389632255660e-01
3.479971961168739081e-01
3.480249354308480036e-01
3.480401411570190895e-01
3.481554562075126480e-01
3.480027545509198350e-01
3.479897109076540151e-01
3.479335351055707348e-01
3.481833014355885103e-01
3.480110141383808697e-01
3.481349628623245374e-01
3.479201946230280340e-01
3.482381087169640899e-01
3.479813332848591956e-01
3.479567292527115385e-01
3.478958128253455406e-01
3.480857344347071392e-01
3.478190200585074554e-01
3.479619573448100023e-01
3.479636552761377066e-01
3.479720574362770158e-01
3.478795165834479564e-01
3.478484493433590119e-01
3.478929153526307272e-01
3.480233218524184657e-01
3.478622361091770476e-01
3.479107423086668094e-01
3.478319035092402034e-01
3.478791578022191744e-01
3.477843907568917148e-01
3.480571250404346784e-01
3.477918730829238636e-01
3.478019442041392906e-01
3.478006110703931175e-01
3.480537937967024265e-01
3.479151687211006205e-01
3.477389595821698265e-01
3.478088779754617277e-01
3.477681165757673387e-01
3.478148577946207909e-01
3.482708062299421092e-01
3.477805665954524228e-01
3.476046612222813970e-01
3.475750058777715701e-01
3.479021556240707858e-01
3.475896327894766880e-01
3.478448015989974995e-01
3.476950188203253855e-01
3.480152442593026363e-01
3.475658531037680299e-01
3.477039388673197062e-01
3.477713549442453256e-01
3.477379090804793571e-01
3.476392901177717820e-01
3.478163631780339382e-01
3.475784140235896325e-01
3.478320110268758869e-01
3.477402724893655095e-01
3.474845403253783993e-01
3.475130915677172583e-01
3.474844594331664704e-01
3.474848874175889279e-01
3.474012115441122428e-01
3.476547107944244486e-01
3.475863432257548236e-01
3.476223327169219446e-01
3.472813864620455937e-01
3.472751439378852778e-01
3.473726885882839066e-01
3.473299578936649978e-01
3.475446644604446855e-01
3.472751523280139252e-01
3.471556149983631157e-01
3.471630422841337493e-01
3.471293499446957975e-01
3.472061804547397768e-01
3.471576342146197591e-01
3.470901845120745177e-01
3.470037686912816888e-01
3.470385334358869200e-01
3.468799124785253429e-01
3.469307500702029090e-01
3.469824427550414758e-01
3.469188142453191182e-01
3.468822109333637438e-01
3.468948752654128498e-01
3.468733996018093513e-01
3.470811300645712527e-01
3.467767679719817586e-01
3.467666780282412931e-01
3.470395391457614664e-01
3.468676900453775414e-01
3.468260313130143713e-01
3.468476615089046144e-01
3.467824970557241149e-01
3.467737770452574142e-01
3.468518552551559386e-01
3.467562741183649044e-01
3.468027106588408293e-01
3.466782212700710852e-01
3.466656649510206911e-01
3.467685268127597698e-01
3.473816729812784776e-01
3.466695255777206275e-01
3.464329289511625665e-01
3.464243622028000957e-01
3.466222206940208217e-01
3.464175375198396134e-01
3.463627897738640882e-01
3.463965231442329706e-01
3.465503378583345007e-01
3.464145810957267591e-01
3.468960917743904027e-01
3.463340288932370004e-01
3.463418869309403125e-01
3.464138623122585692e-01
3.466870976701158513e-01
3.464302577704878594e-01
3.466865434404037272e-01
3.463533106204841894e-01
3.465052906027135116e-01
3.462265386209307794e-01
3.464370890600417252e-01
3.461017920237006162e-01
3.462616551239757201e-01
3.461523233162345226e-01
3.465304569504533694e-01
3.460407082393282541e-01
3.463750567036173456e-01
3.460775686029208265e-01
3.463119206180619858e-01
3.461120471342031824e-01
3.461793154070009204e-01
3.462509364947370383e-01
3.460722999768602870e-01
3.460477359701963906e-01
3.464015577608134944e-01
3.460011358874704457e-01
3.460215311723708886e-01
3.460511413713511786e-01
3.462029429764768018e-01
3.459527237970420610e-01
3.462279228917840568e-01
3.459676900469943472e-01
3.460367244201515424e-01
3.459327537618961390e-01
3.458756398784501584e-01
3.458845635246142747e-01
3.459529242680018934e-01
3.459909074334566181e-01
3.463153986773445103e-01
3.459992105523079231e-01
3.459711113469029486e-01
3.459444801944566716e-01
3.459368132259453832e-01
3.458742429097591553e-01
3.459757702218975717e-01
3.459006757717421054e-01
3.459884216426106218e-01
3.458311489379122250e-01
3.458862718874889386e-01
3.458222916331221697e-01
3.458681060791010675e-01
3.457944104946876207e-01
3.464417933529049809e-01
3.457159169741553795e-01
3.457192870101236659e-01
3.457541213269588742e-01
3.456730559590142082e-01
3.457028168392149436e-01
3.456853942657148737e-01
3.458233728932134654e-01
3.458840512983673010e-01
3.455871919496494860e-01
3.455172757535585615e-01
3.455758567957981087e-01
3.455399404911848604e-01
3.455274981029413106e-01
3.458074482695596141e-01
3.453975987296845629e-01
3.455992584987999106e-01
3.454428782508249807e-01
3.454570767554840938e-01
3.454346717708520753e-01
3.457309551552379956e-01
3.454533295915589441e-01
3.453989020686831779e-01
3.454399530804581064e-01
3.456636344232032476e-01
3.454709690223787266e-01
3.454417876969352874e-01
3.455254062119489378e-01
3.455239118495122552e-01
3.453644421410854148e-01
3.456945503217730975e-01
3.452937391617375007e-01
3.450588908244195396e-01
3.451236252424471074e-01
3.449920879792242046e-01
3.450947715794051018e-01
3.453504715716159135e-01
3.449936035220809716e-01
3.451819748067648796e-01
3.451238702615504472e-01
3.450291518126911705e-01
3.450308683825680789e-01
3.453648907426778436e-01
3.450746939920191214e-01
3.451562081358078848e-01
3.449033931144591669e-01
3.449243220097962248e-01
3.449166783103662648e-01
3.449853049301060959e-01
3.449764035739567025e-01
3.450654979107589670e-01
3.449409310654316663e-01
3.449464672867088022e-01
3.449563374112865621e-01
3.450377383679900656e-01
3.449327971895027045e-01
3.451853553479913295e-01
3.449037428270220196e-01
3.449913102141539123e-01
3.449433198421050228e-01
3.449873461207942360e-01
3.449480804991937322e-01
3.449994081802689738e-01
3.449131437067714523e-01
3.449960055082204047e-01
3.448742015790883797e-01
3.451806026761820023e-01
3.448975888724030159e-01
3.450766923387799112e-01
3.449224914756541249e-01
3.449425381578691274e-01
3.448784608258713691e-01
3.450775132478557383e-01
3.449175007953413918e-01
3.449628377941865720e-01
3.449198635313158734e-01
3.451001024808521556e-01
3.450604373043838491e-01
3.449938956591371286e-01
3.448925378907620187e-01
3.450608092608642430e-01
3.448911682669097978e-01
3.449562011840263120e-01
3.449547594280859553e-01
3.451767213944845203e-01
3.449068938915414440e-01
3.450711348089716690e-01
3.448743964610495039e-01
3.451044221457935102e-01
3.448025470607334331e-01
3.447356842431829049e-01
3.447681337313657779e-01
3.449317780863065952e-01
3.447177925142714261e-01
3.448689885471273864e-01
3.447503016930276165e-01
3.447620838837965329e-01
3.448684745437198829e-01
3.449292449243913095e-01
3.447331190160900505e-01
