1.103992206613213956e+00
1.105921917188694037e+00
1.102933933591935700e+00
1.044129571818367186e+00
1.037466930449449931e+00
1.102115833476907003e+00
9.573846280046903745e-01
1.039624830586734161e+00
1.057472865345226998e+00
9.688176975407278846e-01
9.562908242287074811e-01
9.559610903994697484e-01
9.867218182941931426e-01
1.004125453942802171e+00
9.916070010831513626e-01
9.448114713687270072e-01
9.471256256222249093e-01
8.845620405339631454e-01
9.499357717845562377e-01
8.670142571693495448e-01
8.672779165651254285e-01
8.670533520228173030e-01
8.754909624451843175e-01
8.528342531559347517e-01
9.220560347512616328e-01
7.507474940246308126e-01
7.538308445565020666e-01
8.036985937552343362e-01
7.507474940246309236e-01
7.507474940246309236e-01
7.507717220627060373e-01
7.541282326782516865e-01
7.906723329877953788e-01
8.008009082741015527e-01
7.507474940246309236e-01
7.514743948134251506e-01
7.614480181285572247e-01
7.528435712631248444e-01
7.507474940246309236e-01
7.507474940246309236e-01
7.507474940246309236e-01
7.564671067244445046e-01
7.621021486990061655e-01
8.887767522062233194e-01
7.759666131008292611e-01
7.507474940246308126e-01
7.507474940246309236e-01
7.507474940246309236e-01
7.507474940246309236e-01
7.507474940246309236e-01
7.634072352003512529e-01
8.816280963058653608e-01
7.507474940246309236e-01
7.507474940246309236e-01
7.507474940246309236e-01
7.440675828585252560e-01
7.440675828585252560e-01
7.440675828585252560e-01
7.109932365297194634e-01
7.864069772860238228e-01
7.106068416254321951e-01
7.307459241772874536e-01
7.327445545440310903e-01
7.100074173271140321e-01
7.066423785294526638e-01
7.852599960695653136e-01
6.978556696050117747e-01
8.147938551938341822e-01
6.982588155231077565e-01
7.467896669133858856e-01
7.167396340690265211e-01
7.573623512885971909e-01
6.977123315936468728e-01
7.300539939658590161e-01
6.949780451242082435e-01
7.014703653991609666e-01
6.899541436465783661e-01
7.016248180648210209e-01
6.877207589535871968e-01
7.056435563859801974e-01
6.877253863718786331e-01
7.616855235027316651e-01
6.877321536956414461e-01
8.447034228929988231e-01
6.879969417446324398e-01
7.275431068086773978e-01
7.006665708103982926e-01
7.174386552121125860e-01
7.178143557073558556e-01
8.160553134161590005e-01
6.878168652132489180e-01
6.876983582095244074e-01
6.858144329426765218e-01
6.803590652650807202e-01
7.317815609063866855e-01
6.570938582442564790e-01
6.523648492084723749e-01
6.865326707343415436e-01
6.522975211543682317e-01
6.492778415090872945e-01
6.492778415090872945e-01
6.505840394961155404e-01
6.492778415090872945e-01
6.509433002771045640e-01
6.492778415090872945e-01
6.515163570638830004e-01
6.492778415090872945e-01
6.525327033661533216e-01
6.492778415090872945e-01
6.546620851980458067e-01
6.492778415090872945e-01
6.607142883015062473e-01
6.492778415090872945e-01
6.995344100526411646e-01
6.492778415090872945e-01
7.006659448573613336e-01
6.492778415090872945e-01
6.915920567793147899e-01
6.568170793063874413e-01
6.482592973483424226e-01
6.483805388949600568e-01
8.073418459340826470e-01
6.517128370560989481e-01
7.512031425460998779e-01
6.304898523064368376e-01
6.859452242637865682e-01
6.369373137046792088e-01
6.708662805023472009e-01
6.386158998276583176e-01
8.578353451254007167e-01
6.256679556574278323e-01
6.419529856105670174e-01
6.349594615208166148e-01
7.236411174605253960e-01
6.251574430883826139e-01
6.395130067593380874e-01
6.000833432706420556e-01
6.341675359085320318e-01
6.002605725768566103e-01
7.038759216597858526e-01
6.038796689216807678e-01
6.138016350768762397e-01
6.238560125667935718e-01
6.802942329390752052e-01
6.011032141689425234e-01
6.696602413176563351e-01
6.033996884744692313e-01
6.337407021647498695e-01
5.997159947117408629e-01
6.328464169861640620e-01
5.996882695044378764e-01
5.995261616956094608e-01
5.995751518725876972e-01
6.131640150026778091e-01
5.929937565699278101e-01
6.240838585816046447e-01
5.930766474969156876e-01
6.677245485202100150e-01
6.689685499287980619e-01
6.169048748108579838e-01
5.887954619333896078e-01
7.220137198629346109e-01
5.895317168104531325e-01
7.587377884114940851e-01
5.902136183460731100e-01
8.088159881611619584e-01
5.907430995233658999e-01
6.227583506636849009e-01
5.899484294848441612e-01
5.962478069453626128e-01
5.891616865102838885e-01
6.469205339145597256e-01
5.891487108090165403e-01
6.585660756050546460e-01
6.004880753402338511e-01
6.208428504969246697e-01
5.999939192482790506e-01
6.335333713673085843e-01
5.890980499304356854e-01
6.601053177234079694e-01
5.845969627771986366e-01
7.050229213295245989e-01
5.844357199072383047e-01
6.202440210679326382e-01
5.842934672799622309e-01
6.196124356449767001e-01
5.842727438679163887e-01
6.535722657088085530e-01
5.842664369147426706e-01
6.057790307864495682e-01
5.843644140626327310e-01
6.032236247339254342e-01
5.843031146176099755e-01
6.044913521341157558e-01
5.839646334957502294e-01
5.961666156748566259e-01
5.839646334957507845e-01
6.168904440020361868e-01
6.020728034341759072e-01
6.007632019528553746e-01
5.870002297816998560e-01
6.091372071455517512e-01
5.888911731903515578e-01
5.941473980973746016e-01
5.879893541571183935e-01
6.272411196668559175e-01
6.005610402754956167e-01
8.470341695814543881e-01
5.860501095135590699e-01
6.609603385994381464e-01
6.064854194083943995e-01
5.835190568753352292e-01
5.883786614667864123e-01
5.843610994106624990e-01
5.869123013769134145e-01
5.835346479186696023e-01
5.945240098585368171e-01
5.834883163524340333e-01
5.761125350137294987e-01
5.761536087156720054e-01
6.074549814874270481e-01
5.912683568998839956e-01
5.977864505309229415e-01
5.823360188501958135e-01
5.764041952186600426e-01
5.768154167872071580e-01
5.983824911334456598e-01
5.772653946455600371e-01
5.887082843736750615e-01
5.761250095965646523e-01
6.001174297155605908e-01
5.745512574844275910e-01
5.840609625181544251e-01
5.739872326842239136e-01
5.873516897117267987e-01
5.718748642588652453e-01
5.861596149399045386e-01
5.716253199454217615e-01
5.883543284277807928e-01
5.720049434850860148e-01
5.801325174248618266e-01
5.719119342380510895e-01
5.793037763292840925e-01
5.723545678920600732e-01
5.799528796418590426e-01
5.723033110370863152e-01
6.166760880138763001e-01
5.726328730222182140e-01
5.976675628971021004e-01
5.736525942082522089e-01
5.713298231348402645e-01
5.735860778605058607e-01
5.839363155806627237e-01
5.698253971929843065e-01
5.814083162424106277e-01
5.697401557515476833e-01
5.704846138309898063e-01
5.696849273012511983e-01
5.712385159637752841e-01
5.693969273981195345e-01
5.907431342676866537e-01
5.691225301268008074e-01
5.676630926526126109e-01
5.676541970458003350e-01
5.718884405015349781e-01
5.703306790721303088e-01
5.810852790083291808e-01
5.676541970458003350e-01
5.717905828768884424e-01
5.672503841094120869e-01
5.779140270354742315e-01
5.673424160047516596e-01
5.696065387339286357e-01
5.672489266350811965e-01
5.970394505954713660e-01
5.671274434891669936e-01
6.097177567214804306e-01
5.671403262251333288e-01
5.856249444424783679e-01
5.662735436350545548e-01
5.852626098589416292e-01
5.773815479967113751e-01
5.955348787422425350e-01
5.663690850016210865e-01
5.851677279369051909e-01
5.762421024450526952e-01
5.987728350377258257e-01
5.644118691477770788e-01
6.021092168897658192e-01
5.668446194330886145e-01
5.967883183122845159e-01
5.689503461217324531e-01
5.766747750016953944e-01
5.640393122100132439e-01
5.677499049576308909e-01
5.640419321863564539e-01
5.674558922706833819e-01
5.645207238738052524e-01
5.680761012562858259e-01
5.647311118297565491e-01
5.807789955883313482e-01
5.637108658745473289e-01
5.668150268287339699e-01
5.642764604341381496e-01
5.662230003001694767e-01
5.639409701146694820e-01
5.641638033154493526e-01
5.652814300983682871e-01
5.716560901633647163e-01
5.659605762666236606e-01
5.570015387503066684e-01
5.593270828062982813e-01
5.705411811450434856e-01
5.612823508402977613e-01
5.719115063181547942e-01
5.619502548637603789e-01
5.719495039233769562e-01
5.565708318577132774e-01
5.552213200780510283e-01
5.549602651424334621e-01
5.608534263905248229e-01
5.548593916989071895e-01
5.567277224098086119e-01
5.550087373804795110e-01
5.998375440037078121e-01
5.568365489897134646e-01
5.684662867932993580e-01
5.583583925769153300e-01
5.653777371390289463e-01
5.540236311266348856e-01
5.724014318079029273e-01
5.540236311266345526e-01
5.903013593310884044e-01
5.594335112876362981e-01
5.519752677313415345e-01
5.604961924145430707e-01
5.874362075620942480e-01
5.526771972535052813e-01
5.858451311336745349e-01
5.532569127443507373e-01
5.673547399952885151e-01
5.521985281449151017e-01
5.593066898904963669e-01
5.534987698543394341e-01
5.528714269890370181e-01
5.517570603966015508e-01
5.499725275107544276e-01
5.499960255437068568e-01
5.883475764915945261e-01
5.549598944019816793e-01
5.810647017115686541e-01
5.642097186017741572e-01
5.668104514611483902e-01
5.548519317488788127e-01
5.517663204819778233e-01
5.504311501894294523e-01
5.496887965868753056e-01
5.485080320020856437e-01
5.627987340718400011e-01
5.494013818502202495e-01
5.544797311551393770e-01
5.498446440060138496e-01
5.480636390360330568e-01
5.482137533940436569e-01
5.492027599401603233e-01
5.480745824574955183e-01
5.494325375171525971e-01
5.479153725171936884e-01
5.597944131091826536e-01
5.504088546331600273e-01
5.482753869214742615e-01
5.681238334747414909e-01
5.453597590741109391e-01
5.445621905423931874e-01
5.744743299616250631e-01
5.441862159384837083e-01
5.750039908307238434e-01
5.460261600060744014e-01
5.721483417811878969e-01
5.440542963869954285e-01
5.510451051948106471e-01
5.463143828658684198e-01
5.525941076586529110e-01
5.440815368399798402e-01
5.598010898508742894e-01
5.521784707702800388e-01
5.695395738325825796e-01
5.449196195614275373e-01
5.623544656108174777e-01
5.441438096196424823e-01
5.439363713792209065e-01
5.439363713792205735e-01
5.810720577489493222e-01
5.495999087753828949e-01
5.607521773101831197e-01
5.520581538759308238e-01
5.485556276514121921e-01
5.472232554550643391e-01
5.852310326441545474e-01
5.462057616765779722e-01
5.554543402953500131e-01
5.440123058884074325e-01
5.566078922493142844e-01
5.436459795291690433e-01
5.617303512248483788e-01
5.439559703715283190e-01
5.515905778560561412e-01
5.436232935225064899e-01
5.488062037838785656e-01
5.435901388275719004e-01
5.572059714238766226e-01
5.428241278340348863e-01
5.503805751820931569e-01
5.429060217281319600e-01
5.453880340363495005e-01
5.428194847477908480e-01
5.474096553203429139e-01
5.436157735600639640e-01
5.570662332472521294e-01
5.440944655596073876e-01
5.487437047088462583e-01
5.434750551125266949e-01
5.430688688420244326e-01
5.577225023274644533e-01
5.567415798022304907e-01
5.428517704789875831e-01
5.721304870901411377e-01
5.428202122241398975e-01
5.583476093299837295e-01
5.507279185737932181e-01
5.705278870333820862e-01
5.427380290650588579e-01
5.554560964624652986e-01
5.443003471066143462e-01
5.657944369139012997e-01
5.462819377318368641e-01
5.562575633241033657e-01
5.428209971769950570e-01
5.508039887842413052e-01
5.434394979471772746e-01
5.496717444503689265e-01
5.442674467127218696e-01
5.475057069959581302e-01
5.447479392336659343e-01
5.586165304154532274e-01
5.500743108867885978e-01
5.421573685733677150e-01
5.547187987738124715e-01
5.420433502963408756e-01
5.472223782905717426e-01
5.420176743884328463e-01
5.460722965017934527e-01
5.423591318503676595e-01
5.426648252339791867e-01
5.417130532609656379e-01
5.392621840622372487e-01
5.393763857495355030e-01
5.421322635024390379e-01
5.391412956208592178e-01
5.475601951239840171e-01
5.395846611576550211e-01
5.391764151212139478e-01
5.388304893565013520e-01
5.445496070938309341e-01
5.413340816806341271e-01
5.441520427596090448e-01
5.400063361681827212e-01
5.400862824734823375e-01
5.387820083002163862e-01
5.393127479528664336e-01
5.385812223959436373e-01
5.482764672334426992e-01
5.389157014963273928e-01
5.419019197726021586e-01
5.406546004708270292e-01
5.399325314283777155e-01
5.391074719688416783e-01
5.434269326825196256e-01
5.387207092624507476e-01
5.382371122191882407e-01
5.384646049224827147e-01
5.462269396584852332e-01
5.384518283706503095e-01
5.415630138118864290e-01
5.367904115891996009e-01
5.353130910869581260e-01
5.353043358262610241e-01
5.353496087047694418e-01
5.349654465715354412e-01
5.353716304291581407e-01
5.374410552870408919e-01
5.432297345268033428e-01
5.342516915349880824e-01
5.340056200661080776e-01
5.340352354182507089e-01
5.448110137748196635e-01
5.338039337108789750e-01
5.384365729248982158e-01
5.338763409020258477e-01
5.361049089910159271e-01
5.336823029536215124e-01
5.343739706103997067e-01
5.361497346015896559e-01
5.344974795387364974e-01
5.368316546114395571e-01
5.339130887035007378e-01
5.336332084997472691e-01
5.363948607059207951e-01
5.328515199881478370e-01
5.337397886867562002e-01
5.327409270674348107e-01
5.326672257105614650e-01
5.332747025838726618e-01
5.346391835827066785e-01
5.312110339074129772e-01
5.392745826002098841e-01
5.332207807997606519e-01
5.294365767969201331e-01
5.303116397629376033e-01
5.351344280407366316e-01
5.297939720257199836e-01
5.299435639896598049e-01
5.288429279879450773e-01
5.358559387618379022e-01
5.305140989433160259e-01
5.273361835194557701e-01
5.284744314427857192e-01
5.261365802519945012e-01
5.255602851854955793e-01
5.327035226839450521e-01
5.265846437461243479e-01
5.274401178784768884e-01
5.255378048503158706e-01
5.256787046423193610e-01
5.248835013807274796e-01
5.250144901318389845e-01
5.254898735307566016e-01
5.256893510682130177e-01
5.245442301037155364e-01
5.300719082327398635e-01
5.250745314523737051e-01
5.284205264294440374e-01
5.235577242671743958e-01
5.291327189473713499e-01
5.235441306293336927e-01
5.303095992291069205e-01
5.240439014378219795e-01
5.315472859993715105e-01
5.235729615985331709e-01
5.254605888028809346e-01
5.239014497991781871e-01
5.250387868535417724e-01
5.244048447049400874e-01
5.255322333384202516e-01
5.237253398872609989e-01
5.230253169313686668e-01
5.235181930157545294e-01
5.230766570345048994e-01
5.238423829385447927e-01
5.238037431588518089e-01
5.231607650313601088e-01
5.261298287609483815e-01
5.232551308700394976e-01
5.366953930744028378e-01
5.229692563782907255e-01
5.258459839041472739e-01
5.226438208048539424e-01
5.269905755169714823e-01
5.225968010043601231e-01
5.242137604578511745e-01
5.226495431449519335e-01
5.298587264848768630e-01
5.223730593564953617e-01
5.273018994373905866e-01
5.234773074301649620e-01
5.315852425669186365e-01
5.245794249780142415e-01
5.220412529845421812e-01
5.182674257686288311e-01
5.175526356856812171e-01
5.191488613333515856e-01
5.200856625849231696e-01
5.142896534921389540e-01
5.211186393828833863e-01
5.118882837860128099e-01
5.075891437702513276e-01
5.090218130850689970e-01
5.101568242819634058e-01
5.097738472810799948e-01
5.034035325660120019e-01
5.044177908621833017e-01
5.079725464545967739e-01
5.046472183860790661e-01
5.020118824312620465e-01
5.036915440764526686e-01
5.021189028168324686e-01
5.052002292325117327e-01
5.026722843112442218e-01
5.018193970256755732e-01
5.129870557282590893e-01
5.015031503462232809e-01
5.019030019783323748e-01
5.017857124229072596e-01
5.067431082180866575e-01
4.986839584075345999e-01
5.013559735236424730e-01
4.994385285874441416e-01
5.030629271541027236e-01
5.058303899690618222e-01
4.925122863755254654e-01
4.925510017125657725e-01
4.947336844524236055e-01
4.924609588418754624e-01
4.920921537534560519e-01
4.920234615509350151e-01
4.904547826084511564e-01
4.918860517324590842e-01
4.913648371961756300e-01
4.925890259947272587e-01
4.935053290574618057e-01
4.917153727073525493e-01
4.917792795688709639e-01
4.920088089876862303e-01
4.950956135789778556e-01
4.897592837307089830e-01
4.905824678534969063e-01
4.898181916465878527e-01
4.956304948815629108e-01
4.894572746980130340e-01
4.895678603664844752e-01
4.894785002394007045e-01
4.948231191279338081e-01
4.897910486437874744e-01
4.902966636574399018e-01
4.898561677898480293e-01
4.910289815440117001e-01
4.894477865144413187e-01
4.902870386800319835e-01
4.904042906949649949e-01
4.932226204477221376e-01
4.901435912929540950e-01
4.900505885122426464e-01
4.907201237065061394e-01
4.908577385378154467e-01
4.896835636808517522e-01
4.942575569545031300e-01
4.895967555467465315e-01
4.909529735955608931e-01
4.919320854038906066e-01
4.960667512145575664e-01
4.897672701730584333e-01
4.906482717822179263e-01
4.917787174726536703e-01
4.893104153133546186e-01
4.884981941379755721e-01
4.864470058696211963e-01
4.864777725257959928e-01
4.862739607344386816e-01
4.881890929702469295e-01
4.886419209877310710e-01
4.858543025570686846e-01
4.835671905091109557e-01
4.834840556804708145e-01
4.874793326330827403e-01
4.841482846236767057e-01
4.870898504853151678e-01
4.837043803304879042e-01
4.900192876484132931e-01
4.832368292586398661e-01
4.847920714945481713e-01
4.829556482479915314e-01
4.830357461835874666e-01
4.820296417659842292e-01
4.829723135287355973e-01
4.823094666368172301e-01
4.839268215531379314e-01
4.841537036186238652e-01
4.829102844321212507e-01
4.832254473578057041e-01
4.874864362098151882e-01
4.807537420147179885e-01
4.835811267421764592e-01
4.803383516244349449e-01
4.850296674392975405e-01
4.814427512444209856e-01
4.811068121885981874e-01
4.813696708423386150e-01
4.830132639066371247e-01
4.790706380053317837e-01
4.827175826719920515e-01
4.788928836628332242e-01
4.818568938749678843e-01
4.794684578121155560e-01
4.776449876090156921e-01
4.781275830847894759e-01
4.786643235649820083e-01
4.781428029685927394e-01
4.816427911436713116e-01
4.776091297511119160e-01
4.779873352387156160e-01
4.777493427100077406e-01
4.789256542351639223e-01
4.787511648093860650e-01
4.795792997703329785e-01
4.851015288502077971e-01
4.825959793177478918e-01
4.792565159641116179e-01
4.778035767161818437e-01
4.777383972495787834e-01
4.744858115878838878e-01
4.745137579911957171e-01
4.767164817854119274e-01
4.749100677482088195e-01
4.796799011495164744e-01
4.750780022502502642e-01
4.771293203191165899e-01
4.754617247856836593e-01
4.740945306883527222e-01
4.739908866783316133e-01
4.767709034308020288e-01
4.764489940016299885e-01
4.797050483823632749e-01
4.740343166165500999e-01
4.776687202200536886e-01
4.751625680582430289e-01
4.742713972987597781e-01
4.732959375702327498e-01
4.778950303466092397e-01
4.730807785547279098e-01
4.746154605026487450e-01
4.729004967647817415e-01
4.712312551902976265e-01
4.714363933678618612e-01
4.740515113002051750e-01
4.708975583337206006e-01
4.698252071630119042e-01
4.694675235263351953e-01
4.684356058977851012e-01
4.675163923039037939e-01
4.718555709970730372e-01
4.681816868500973117e-01
4.700218807451262415e-01
4.672401996266528079e-01
4.710264779285219250e-01
4.666835738803320477e-01
4.683425216892307397e-01
4.665859166590708429e-01
4.726372203595197163e-01
4.677811172988504684e-01
4.721732198000914149e-01
4.672001892834106718e-01
4.708385761197132480e-01
4.672791811562866382e-01
4.717176850742405003e-01
4.671483753579077636e-01
4.671358204259304370e-01
4.660263823736786049e-01
4.657844011916421612e-01
4.657775142661085277e-01
4.814657716858187775e-01
4.655020325028204065e-01
4.687886012115358159e-01
4.656152962003760609e-01
4.658803671215441256e-01
4.655161122878063162e-01
4.683877202283986407e-01
4.658802361772495515e-01
4.641562850055337419e-01
4.644524726968403683e-01
4.707120018354396529e-01
4.639591145749181744e-01
4.660847145712930240e-01
4.643414616204833978e-01
4.640388697012010066e-01
4.639228306286324321e-01
4.655945878129818527e-01
4.639177035712736541e-01
4.652344988950675719e-01
4.670272719067493084e-01
4.635909908518849876e-01
4.647904291778862107e-01
4.616487672972907075e-01
4.623982131383029270e-01
4.656933651431757748e-01
4.617546014505741203e-01
4.598044208400057231e-01
4.605818246697307994e-01
4.603572622397012482e-01
4.611438018879335798e-01
4.649497809412115323e-01
4.606616712916094536e-01
4.687208023826988090e-01
4.592306991495310742e-01
4.641179065366239365e-01
4.591122891051155896e-01
4.629463974424969375e-01
4.583075462117722765e-01
4.686748456044509958e-01
4.577279510655402062e-01
4.601336429436597153e-01
4.590393642670353991e-01
4.603244274763730881e-01
4.574086343798832166e-01
4.680729637226908602e-01
4.587942802282651833e-01
4.567117869828831722e-01
4.570512390670056213e-01
4.585703249244904578e-01
4.583497720074686810e-01
4.702191493256235311e-01
4.580246806830997053e-01
4.564791646235273892e-01
4.571192853607056183e-01
4.602120252014799684e-01
4.565790575606114010e-01
4.591349354711981023e-01
4.568129349398231120e-01
4.557633711037635815e-01
4.563616933814060861e-01
4.588037117896884287e-01
4.563472845109793896e-01
4.596933811926026681e-01
4.565204667040562714e-01
4.570339311921489123e-01
4.556270736089225726e-01
4.546730067741417969e-01
4.550093675001082305e-01
4.572405686668438163e-01
4.552245140446229965e-01
4.593994763513875590e-01
4.535639699429137583e-01
4.535782857883611241e-01
4.549452048787560043e-01
4.538356459245296293e-01
4.534127398286854072e-01
4.666280398819560582e-01
4.541031938356202557e-01
4.563473107320522582e-01
4.542849016495614789e-01
4.567093732560542629e-01
4.553605326696259503e-01
4.611782318238479839e-01
4.534289554314914761e-01
4.584947682557889426e-01
4.519782128568300972e-01
4.577001074890921783e-01
4.510508258365210632e-01
4.519788296231769253e-01
4.514073527099272121e-01
4.554201609745291979e-01
4.509966879395307382e-01
4.549590223368501496e-01
4.516659195716650754e-01
4.536022498309585926e-01
4.507332080190674106e-01
4.514902266955782006e-01
4.514313772389072499e-01
4.519056332328250103e-01
4.511609035404611223e-01
4.528930782126370236e-01
4.506534800204841651e-01
4.620465525220107672e-01
4.506125208556467920e-01
4.534792502681900261e-01
4.508032135120046968e-01
4.524199564317191169e-01
4.513230554950349860e-01
4.557169963823555769e-01
4.507725064257847025e-01
4.534309636330421944e-01
4.525839410282265218e-01
4.519511091106768741e-01
4.505256440950154984e-01
4.520409465061042131e-01
4.516024970541240857e-01
4.523327051704182367e-01
4.501024520994386102e-01
4.511833371908795520e-01
4.498857155452214984e-01
4.516338424497214343e-01
4.499028446273350967e-01
4.527563662754104934e-01
4.499617835618525130e-01
4.519942988908025039e-01
4.489695262325100744e-01
4.484113936286527324e-01
4.479745926822590318e-01
4.599187594538450274e-01
4.480157444805336064e-01
4.515494112716223474e-01
4.478776867712782606e-01
4.515198371875761563e-01
4.479831978114746649e-01
4.505644562095548200e-01
4.508553748714556053e-01
4.521921512145005151e-01
4.483133517757851849e-01
4.555024549583021054e-01
4.487522494438242471e-01
4.496724471113171528e-01
4.490397872624893871e-01
4.531105928789435633e-01
4.514449388830498178e-01
4.483416380872176643e-01
4.477672195569263880e-01
4.513806116802042134e-01
4.467618338294476188e-01
4.526253247574484884e-01
4.464889274205601777e-01
4.478473081133255151e-01
4.474974154554717809e-01
4.480266400180344943e-01
4.475897769456937958e-01
4.551998992606956507e-01
4.461911996023238403e-01
4.492814615111347387e-01
4.482210493932040629e-01
4.491534869707453081e-01
4.470940747588503239e-01
4.468751435787780002e-01
4.458400474774938949e-01
4.467334943186306306e-01
4.461932222631997957e-01
4.462697092580750757e-01
4.460865840333171350e-01
4.458624678539269137e-01
4.459140268527280182e-01
4.483420243712264441e-01
4.462310554640331328e-01
4.479567867897976674e-01
4.474095404347683824e-01
4.461713418386216712e-01
4.471617844852946444e-01
4.490269916640632353e-01
4.451193104750960083e-01
4.481135343721779907e-01
4.465910594122132204e-01
4.462234196435377886e-01
4.464577653457123541e-01
4.476883215146654771e-01
4.464427324546528797e-01
4.465351982096482653e-01
4.454939561343723708e-01
4.542489419962564834e-01
4.458911611682914167e-01
4.454969739342019563e-01
4.459845518888795879e-01
4.451393246578217999e-01
4.459545632817351613e-01
4.451532849688894511e-01
4.456421571265691273e-01
4.450126122333603051e-01
4.460440572310407914e-01
4.454287789150359611e-01
4.457090179773289806e-01
4.453871214913632248e-01
4.468768573723939652e-01
4.454988558756661776e-01
4.456376367059728949e-01
4.447381973348055739e-01
4.460189487024028843e-01
4.453958021212991447e-01
4.467259528646063682e-01
4.439820914519322370e-01
4.460250690493818837e-01
4.446945848529592626e-01
4.412710829703296866e-01
4.430597539112484107e-01
4.413112917338611330e-01
4.415143330368010988e-01
4.406596650548990080e-01
4.420699256305621327e-01
4.407623034792680916e-01
4.433174655207611226e-01
4.404503862714816420e-01
4.402934347164982332e-01
4.406605562588292724e-01
4.409234567549558670e-01
4.404136760836312448e-01
4.379921853710664892e-01
4.366511030307665409e-01
4.369992865124297521e-01
4.360539255429029537e-01
4.352856536507230811e-01
4.335790755586576006e-01
4.329526142912755171e-01
4.325764310954320346e-01
4.315560754986489944e-01
4.299081942670975320e-01
4.304933882750622276e-01
4.292183663741913069e-01
4.288393628789718970e-01
4.286280284260507445e-01
4.287805511490469512e-01
4.290354660789743035e-01
4.286034682445882815e-01
4.290169546446430116e-01
4.289044440063116137e-01
4.280716112166386700e-01
4.280056732568057187e-01
4.266879017066235180e-01
4.272176778662101215e-01
4.271802922995042717e-01
4.267166989627528828e-01
4.266880584164323698e-01
4.269525835210705167e-01
4.267690038257221374e-01
4.268545819986249712e-01
4.266635541745766314e-01
4.275199845948606803e-01
4.261214636987639692e-01
4.258704966817846160e-01
4.240587909611294726e-01
4.236179585663102376e-01
4.232818292237260915e-01
4.222747492720738127e-01
4.222705258551889829e-01
4.231583959481954316e-01
4.223783535397916955e-01
4.221602112839269449e-01
4.218700505451010718e-01
4.236394257676591724e-01
4.221504383182428377e-01
4.218415977694876529e-01
4.236289179678121575e-01
4.224179238381632895e-01
4.217989592403861288e-01
4.208808244022903544e-01
4.210710385833254521e-01
4.225562482292817834e-01
4.209296797745710750e-01
4.210910142781146281e-01
4.207595786551417971e-01
4.216515787940026128e-01
4.206942377224314744e-01
4.212096979970079702e-01
4.208833603874030937e-01
4.222972391433801875e-01
4.215186134315890287e-01
4.216290992818212402e-01
4.216716505660764169e-01
4.204227484582659935e-01
4.204070868197850586e-01
4.209007212245059470e-01
4.204665639838642277e-01
4.206227197371640303e-01
4.205441250794471619e-01
4.218311483061697453e-01
4.202867591981243600e-01
4.204550665601249904e-01
4.200333585838079697e-01
4.201336692235832504e-01
4.202702767607935375e-01
4.210529087579595320e-01
4.199166565355097469e-01
4.214844787220735634e-01
4.199424528929129319e-01
4.202915567026967447e-01
4.208355569140153629e-01
4.211464119169523457e-01
4.201129343038027542e-01
4.207888759394813882e-01
4.201588309297442647e-01
4.206818322474341620e-01
4.200651659166163010e-01
4.212313548679443853e-01
4.198781824568046939e-01
4.194778531547267431e-01
4.194260504709492188e-01
4.208384176544177069e-01
4.194379856129745177e-01
4.208653237995448881e-01
4.190334962985159395e-01
4.202525319553634398e-01
4.188754473060104511e-01
4.193048324469128563e-01
4.186198799427517936e-01
4.187093736143975287e-01
4.186056875986159942e-01
4.194416114463874190e-01
4.192625117046924754e-01
4.194153373268555418e-01
4.183946279094367116e-01
4.215896872623475788e-01
4.183609409323954531e-01
4.185792251501296302e-01
4.188009712359325176e-01
4.210106783000759911e-01
4.191262109778528533e-01
4.178575423712909687e-01
4.177725494571248310e-01
4.178362508113876994e-01
4.178409291949444770e-01
4.185185129259657577e-01
4.179890234174611363e-01
4.191036819243784128e-01
4.180680642577847550e-01
4.177395694763926803e-01
4.179861768737449523e-01
4.193761836856689240e-01
4.178284936991745746e-01
4.177784862062797755e-01
4.180526503102546809e-01
4.177559684765955184e-01
4.177877428989519859e-01
4.191779496366963564e-01
4.179335328877538114e-01
4.186804798179851184e-01
4.180102827115558251e-01
4.187890253209342051e-01
4.182685594669570683e-01
4.184097199710906101e-01
4.182664796118196193e-01
4.179562617601105257e-01
4.176108115077698524e-01
4.180397888278711283e-01
4.179078910103950495e-01
4.184237942726456994e-01
4.177300447656263627e-01
4.194678383671970323e-01
4.179930359725951838e-01
4.173437015674401063e-01
4.174210890986005951e-01
4.177862691833481579e-01
4.171826154869811565e-01
4.200694078026386280e-01
4.171350791333463537e-01
4.173996629722026563e-01
4.174446108297089619e-01
4.178233854852713147e-01
4.169945842313647622e-01
4.186507420115561651e-01
4.172720899613318046e-01
4.168353679282836288e-01
4.171454672050878276e-01
4.175339754578747398e-01
4.162217304000730422e-01
4.186566555462297168e-01
4.162847813994731694e-01
4.166828417720346844e-01
4.167164268918923109e-01
4.168557013054501881e-01
4.162262362880013722e-01
4.164809200847094939e-01
4.160965391316718831e-01
4.174656185116628615e-01
4.161516197963885388e-01
4.170860518005645723e-01
4.165137882461111274e-01
4.174824372019561025e-01
4.170066819130995306e-01
4.167967504758232633e-01
4.164605604511193993e-01
4.162728732378315755e-01
4.162515406511427263e-01
4.151194130805078153e-01
4.154422533615049207e-01
4.168523741261014881e-01
4.151045027417137878e-01
4.160376335046309104e-01
4.153392252048416777e-01
4.164837827155891681e-01
4.153672639014444057e-01
4.154941339603072659e-01
4.153291584066277631e-01
4.154194661139587463e-01
4.154393809441806473e-01
4.156982925378807647e-01
4.150791372145937741e-01
4.161152856303721448e-01
4.149824648279576422e-01
4.157028207387079566e-01
4.151004142888608528e-01
4.155284937705169823e-01
4.149880456243552063e-01
4.155830688036848408e-01
4.150388713532998652e-01
4.159916341508984594e-01
4.150365781592733616e-01
4.175399519330775244e-01
4.150360946351485114e-01
4.154836062830803978e-01
4.153814423761405528e-01
4.154388928841011297e-01
4.138941753569429505e-01
4.144420356153197815e-01
4.139697631664863708e-01
4.143165974489468328e-01
4.141567768395192917e-01
4.149356878425071726e-01
4.138357871514615205e-01
4.154340715948422469e-01
4.144121988072270169e-01
4.142367661236860954e-01
4.133949989640789413e-01
4.149059935648022890e-01
4.135467633054272785e-01
4.139934507427359689e-01
4.132454702530792834e-01
4.142305314831343788e-01
4.134075405044581042e-01
4.144842639311185906e-01
4.134222562898821063e-01
4.143661197164445475e-01
4.136865838650389815e-01
4.132844561044674014e-01
4.134375863285081887e-01
4.132497471869857053e-01
4.131212584152889611e-01
4.131691045545342611e-01
4.132059143828842873e-01
4.134523210618827882e-01
4.135675602227769088e-01
4.130786078052703370e-01
4.135005312412234901e-01
4.131371096713114532e-01
4.133493842336582458e-01
4.131852424907567212e-01
4.134350355027002211e-01
4.135555036743895907e-01
4.125778933697822337e-01
4.125535268237524589e-01
4.122739982459994734e-01
4.123089452268360877e-01
4.122824389935056399e-01
4.124757244615841478e-01
4.121462179571065976e-01
4.120053362583940282e-01
4.117820295959307986e-01
4.118215494920902664e-01
4.119050720510865626e-01
4.118031490099436365e-01
4.116339685028972406e-01
4.116830968749276565e-01
4.117000378682316164e-01
4.115880669249314394e-01
4.115454120037995711e-01
4.115913069768104560e-01
4.116429102382077043e-01
4.119265400244285780e-01
4.114042221752939321e-01
4.123356178356692991e-01
4.106234138987333582e-01
4.108873363284371583e-01
4.104709285388631890e-01
4.105353995080382457e-01
4.106343407263526313e-01
4.105531777255149728e-01
4.104364988061731667e-01
4.112743182168024925e-01
4.093888202770942786e-01
4.086739383965901085e-01
4.080262852662163153e-01
4.081425915213137690e-01
4.080617079417233617e-01
4.079993484489964350e-01
4.077159915679457458e-01
4.078138821843892425e-01
4.080641492303806461e-01
4.075878952929203325e-01
4.076182373446940455e-01
4.076277916028863690e-01
4.077541999397368278e-01
4.074211965424335835e-01
4.075280705990788066e-01
4.073616909336845726e-01
4.078781616573702307e-01
4.073694788137950940e-01
4.075765111079591718e-01
4.073992229018642552e-01
4.087109114693805445e-01
4.072640752678844955e-01
4.069377941789030229e-01
4.069347194818452307e-01
4.064616776193301639e-01
4.064028774941650379e-01
4.062641586802215876e-01
4.063551770802511509e-01
4.065624899947791193e-01
4.063492606060856160e-01
4.067074598984393718e-01
4.063717650444748641e-01
4.069902070018734941e-01
4.062308110584474941e-01
4.062403489212476626e-01
4.060825794121104559e-01
4.066593530878008789e-01
4.060544800498323004e-01
4.057693164912518635e-01
4.059120780837302545e-01
4.061032766715935161e-01
4.058130041119838438e-01
4.056956555687821764e-01
4.057024545751946043e-01
4.059088438529973586e-01
4.058146514658241277e-01
4.056911167491092374e-01
4.057268814048302086e-01
4.062733038316306278e-01
4.055784434874578626e-01
4.059594653720148272e-01
4.055085224425407642e-01
4.055751141997925857e-01
4.058906788442535607e-01
4.057403109265398378e-01
4.056290586392308217e-01
4.065039891175973308e-01
4.055457567848752554e-01
4.057475017664738393e-01
4.055538161090139204e-01
4.070407659954656809e-01
4.059867646390270535e-01
4.061810202425768512e-01
4.053504281936239351e-01
4.051057248047996717e-01
4.057222490547853777e-01
4.039332997383970336e-01
4.033357108942349778e-01
4.035386625219514189e-01
4.032956115700348509e-01
4.035014593420010454e-01
4.031121876053211373e-01
4.031532246870072611e-01
4.033402628904187992e-01
4.030526362511983041e-01
4.033590917664653386e-01
4.032836716927882259e-01
4.033217977392031806e-01
4.031479168464227048e-01
4.034672919459053042e-01
4.030996121705379687e-01
4.041033056109544219e-01
4.030085966318151525e-01
4.036767960149512113e-01
4.028794823883784515e-01
4.035623023756098604e-01
4.030550554233050531e-01
4.032338185465470515e-01
4.026557494086733802e-01
4.029067859239343630e-01
4.028229203476993980e-01
4.027844584005525475e-01
4.026883641714306128e-01
4.030230981049963690e-01
4.026668999419230066e-01
4.033991091094085157e-01
4.027979590742801208e-01
4.029203551312081077e-01
4.026171986613387155e-01
4.029959363464415412e-01
4.025258723340736089e-01
4.023912741902990753e-01
4.029848810445025298e-01
4.013139079810801313e-01
4.010701159299312479e-01
4.012308595499235464e-01
4.012035360560731734e-01
4.010887767956881067e-01
4.012136407048648157e-01
4.011174968557416065e-01
4.008667769206959441e-01
4.008961867816432378e-01
4.007658724912769310e-01
4.007643482141231561e-01
4.011777284496705898e-01
4.009033576691605760e-01
4.011539300786003959e-01
4.007602391232096273e-01
4.008412619955107892e-01
4.007109572483255056e-01
4.006852364897983687e-01
4.006011805202425724e-01
4.010549246952084257e-01
4.003109925551017745e-01
4.016886730828980734e-01
4.004883682589016058e-01
4.022621912263849020e-01
4.000063678161187575e-01
3.999487043731583258e-01
4.000158045670904050e-01
3.990463537173778996e-01
3.986670054482259196e-01
3.987898434953476290e-01
3.982894708139866902e-01
3.982720021178082215e-01
3.984284936125529475e-01
3.983431542735020314e-01
3.984266733451208298e-01
3.984928947121500475e-01
3.985460743132712702e-01
3.982946191746369879e-01
3.984307821187450527e-01
3.983900507106716837e-01
3.984323455384053414e-01
3.983583391812007823e-01
3.984335144268468243e-01
3.982631598537640372e-01
3.982704514815125219e-01
3.984615918750618602e-01
3.983185824190772495e-01
3.981800175733433700e-01
3.981972546302967042e-01
3.982964639329956702e-01
3.982473712018318457e-01
3.983274093990816778e-01
3.983461286909792953e-01
3.983489863956409804e-01
3.982742743623254311e-01
3.982147279737716095e-01
3.983629613206688402e-01
3.979784321844557771e-01
3.998813078830365519e-01
3.974646474357596548e-01
3.974229696798743383e-01
3.976106437127664428e-01
3.972343885383877171e-01
3.976158662793951026e-01
3.966630710593546660e-01
3.967271779869710469e-01
3.963860456688461653e-01
3.963076943748882752e-01
3.969060425777216072e-01
3.963883919354903584e-01
3.958388124351429060e-01
3.958620188331258838e-01
3.961184110256198987e-01
3.959471314185550317e-01
3.960507968358015773e-01
3.958144306661548484e-01
3.956425289959747404e-01
3.956774176517214858e-01
3.957795275644838684e-01
3.956316802497059082e-01
3.960810210579430723e-01
3.954552337088691472e-01
3.957320957426118668e-01
3.954684923000583718e-01
3.958636308391628722e-01
3.951819258922779632e-01
3.966427659838980269e-01
3.951851284577254653e-01
3.963135784101264880e-01
3.952802065372135187e-01
3.943456552667544690e-01
3.945438517579357152e-01
3.936973304302257559e-01
3.939706407300329061e-01
3.938225237057719208e-01
3.934090275220915589e-01
3.934871406487515100e-01
3.930659520647864502e-01
3.931062043468526723e-01
3.932126838150575288e-01
3.930549680944682156e-01
3.931616317591510312e-01
3.931022361031553669e-01
3.931810995405811138e-01
3.930978804722620179e-01
3.931787941371276962e-01
3.930808643919604384e-01
3.931346246342916073e-01
3.930709047439424064e-01
3.931604105253408421e-01
3.931472398315889460e-01
3.933026535920352007e-01
3.930815717953577426e-01
3.931228010476613410e-01
3.930816931494229283e-01
3.931244248356904336e-01
3.930850933855857265e-01
3.943893509737613767e-01
3.931042157546961180e-01
3.933017542228972041e-01
3.931251494140903247e-01
3.936669356900929784e-01
3.930480569393209334e-01
3.940097877719448416e-01
3.931945704051664769e-01
3.938798055187404668e-01
3.927057708849740481e-01
3.916296340256462116e-01
3.918368167902286370e-01
3.924352012338679363e-01
3.911069874227602328e-01
3.904035751109348751e-01
3.903975438487787830e-01
3.902470211781917664e-01
3.903194435756599523e-01
3.906431061105574143e-01
3.902895180307138223e-01
3.904225444759267249e-01
3.903083664541496800e-01
3.900380950315318063e-01
3.901149081866018831e-01
3.903619389027048747e-01
3.901596136771547374e-01
3.901838341652833497e-01
3.901683943962184209e-01
3.902477339249127430e-01
3.901512966522892589e-01
3.903402807227778770e-01
3.900741226553680052e-01
3.906892302665160299e-01
3.900644783347831379e-01
3.918603647769066667e-01
3.900410187691192299e-01
3.910027233389579693e-01
3.901003602092698030e-01
3.887970903216347307e-01
3.898553685931540058e-01
3.889917141028851888e-01
3.879090609607136475e-01
3.877261139209188245e-01
3.877779001446156615e-01
3.877806523889041346e-01
3.878806871869698858e-01
3.876053366031265712e-01
3.877021518149504908e-01
3.875094307566621099e-01
3.874918871695151590e-01
3.874307397852736479e-01
3.875497307368021005e-01
3.872993088573853937e-01
3.874150777845180027e-01
3.874575529638240590e-01
3.873904308737701752e-01
3.872797924129276481e-01
3.873352357965044179e-01
3.873081200537685787e-01
3.873204911140173401e-01
3.874169537621997006e-01
3.873076916720889495e-01
3.875472664562559788e-01
3.872516917746767762e-01
3.873515173826138636e-01
3.872095687525032304e-01
3.872446940767625967e-01
3.871530099307852191e-01
3.883210170368759373e-01
3.871412465899990996e-01
3.878243178923219125e-01
3.870267763872538014e-01
3.887765767171642017e-01
3.867185667308823405e-01
3.858478197884921412e-01
3.855526286688996662e-01
3.855625485814899167e-01
3.850784045848587578e-01
3.845428643984130646e-01
3.844666591032967484e-01
3.844376405046175948e-01
3.842800454012147982e-01
3.842353395476383326e-01
3.842081642504600048e-01
3.842384409298303383e-01
3.842707316426709485e-01
3.841918940763059953e-01
3.845356442658480756e-01
3.842157182545337668e-01
3.842092880329858740e-01
3.841503859389169828e-01
3.845350318637847931e-01
3.842162663467271200e-01
3.842870302155305673e-01
3.842144504841435992e-01
3.842222861114374943e-01
3.842320333164361279e-01
3.859253741600576215e-01
3.842841235088990670e-01
3.846495733100354641e-01
3.844463636327352662e-01
3.857759648879522940e-01
3.841764330959872575e-01
3.848338763523272421e-01
3.843538627332483970e-01
3.850225493426746026e-01
3.840354752824319262e-01
3.842241559828169506e-01
3.841299530249293048e-01
3.844224956688322425e-01
3.840374110400676666e-01
3.841777100753047125e-01
3.840811020394722108e-01
3.846088498943475709e-01
3.841898683162957018e-01
3.839544979691326687e-01
3.836085517499059905e-01
3.818673029851145651e-01
3.815225211994393573e-01
3.814900569277715481e-01
3.815751416548784358e-01
3.814961296617163100e-01
3.815132903033814915e-01
3.812639657635231716e-01
3.811435817169620544e-01
3.812096994809565098e-01
3.812160327129311410e-01
3.812164920537584045e-01
3.815169660161527032e-01
3.811291398098725636e-01
3.811428753177126261e-01
3.811139497374190221e-01
3.814308705888531104e-01
3.811460579078349564e-01
3.813867511903658025e-01
3.812050145881160090e-01
3.824690295182670008e-01
3.808187455315573677e-01
3.799277913340764479e-01
3.792511342678781538e-01
3.790808205951983756e-01
3.791276799083129201e-01
3.792331092340723853e-01
3.790692188803224671e-01
3.790743320307160547e-01
3.791195298132650771e-01
3.790342772798528381e-01
3.791308864963610081e-01
3.787983794594796949e-01
3.789092207096712017e-01
3.788761176731168523e-01
3.788865271288587300e-01
3.789178115674663450e-01
3.787082919964977479e-01
3.786497787341838728e-01
3.786923165603414132e-01
3.788369889575169402e-01
3.785820740153755803e-01
3.784663923084877202e-01
3.783670764833814704e-01
3.781396380888076281e-01
3.782112613975306958e-01
3.782636203001474295e-01
3.781974867619917746e-01
3.781721098633473166e-01
3.781526802866754799e-01
3.782290409076788928e-01
3.781141437788678727e-01
3.781794077827636547e-01
3.781701418537560255e-01
3.781457605012039092e-01
3.782282399731177192e-01
3.780714145638133794e-01
3.780962479607753446e-01
3.780727131211379932e-01
3.778627814928303685e-01
3.797089442682922700e-01
3.780720641347982136e-01
3.767623222657059401e-01
3.766641750956094548e-01
3.767691801973633847e-01
3.768395168557963082e-01
3.768333074797975413e-01
3.768696561382692822e-01
3.767166155255008975e-01
3.769426855855431135e-01
3.765730140632605472e-01
3.764561009544578063e-01
3.765720225745714522e-01
3.762891787849831360e-01
3.762883183373946783e-01
3.766587958035257366e-01
3.762605961514413622e-01
3.764659005968849503e-01
3.763558279297020692e-01
3.771721457842986958e-01
3.760875591277022534e-01
3.777142455751524297e-01
3.757695140131471212e-01
3.745891996650224653e-01
3.750147122127617805e-01
3.748385324539465491e-01
3.748696211645415888e-01
3.747387050695238919e-01
3.746336484485679463e-01
3.746955630074196852e-01
3.746609364516327867e-01
3.749270156031836443e-01
3.747001142517183969e-01
3.745342577037995002e-01
3.742556455201301868e-01
3.741751919063446286e-01
3.741020154160486499e-01
3.742049070524187115e-01
3.739676804751210226e-01
3.739898166039740124e-01
3.740966601569074568e-01
3.740948426014660821e-01
3.741542272856185347e-01
3.739939760989089423e-01
3.743478880172350087e-01
3.739798702644894779e-01
3.738551888322690919e-01
3.739148473406882500e-01
3.737277880117370610e-01
3.736504532649202459e-01
3.738215059811166863e-01
3.738149154304060140e-01
3.735975250982118689e-01
3.736647863020327587e-01
3.738858432416504729e-01
3.736039685525304743e-01
3.734548632110203936e-01
3.734367839949567780e-01
3.737287987465253702e-01
3.734189984590925993e-01
3.735325296150995844e-01
3.736927270472374385e-01
3.744487113666718492e-01
3.733736999183938643e-01
3.733837149787883614e-01
3.733645529346845682e-01
3.735223972605699050e-01
3.733429861708334463e-01
3.735975899800677014e-01
3.742043671970146090e-01
3.720956897359942728e-01
3.713111272106810468e-01
3.712759897289740763e-01
3.713228083527950196e-01
3.714501570332849334e-01
3.712935424030597287e-01
3.712130003301656322e-01
3.712833041925432953e-01
3.712217663768305753e-01
3.712503961945494146e-01
3.715497238500106714e-01
3.717053839064871634e-01
3.717798363645514748e-01
3.713298747742447836e-01
3.717920989663399678e-01
3.712892108437003680e-01
3.712517129956175999e-01
3.711383789950576384e-01
3.709259993990429716e-01
3.710427724160351715e-01
3.710846357135939577e-01
3.709893465575790916e-01
3.712117965158365784e-01
3.708585102219496554e-01
3.711071003568878202e-01
3.708612899062518897e-01
3.706690050253776958e-01
3.706902037444913534e-01
3.708655516233448912e-01
3.706292262519693681e-01
3.706466326056867544e-01
3.706476096691239674e-01
3.706817647700810237e-01
3.707607315347379862e-01
3.707473572921661242e-01
3.706400650079926806e-01
3.709405298577793109e-01
3.707172737390990180e-01
3.708885694118896348e-01
3.707157941416276969e-01
3.706309018203771122e-01
3.706498833658030123e-01
3.701263339595789459e-01
3.701542881205299729e-01
3.701801712415348500e-01
3.701452490062167588e-01
3.703662390063077181e-01
3.702370266635380824e-01
3.702843809725019919e-01
3.701076498473212517e-01
3.702116542616087358e-01
3.700741556264209864e-01
3.700558646230867610e-01
3.701113365168398617e-01
3.705398667076938990e-01
3.699919554822887480e-01
3.702992213815384237e-01
3.700029598104665474e-01
3.711472363544934816e-01
3.701538038668929498e-01
3.719834247935311922e-01
3.700161622911415926e-01
3.694567212299476600e-01
3.694623554618792771e-01
3.687241820198396969e-01
3.688821138121509691e-01
3.687316373787085100e-01
3.688204626909440398e-01
3.688442752832936655e-01
3.687882839268717960e-01
3.687767710983207436e-01
3.688649140270882087e-01
3.688406567116407908e-01
3.687679440065912972e-01
3.688254407475827223e-01
3.689494526611202252e-01
3.688235323521634190e-01
3.688539890556454259e-01
3.688841983072729813e-01
3.687948090795928335e-01
3.688038933474602210e-01
3.687437706913333502e-01
3.687334612797367184e-01
3.687562196843525153e-01
3.687389267193986186e-01
3.689832927159153453e-01
3.688839239455766195e-01
3.687697370480932935e-01
3.687053923590959403e-01
3.687432584128068069e-01
3.688328159856185118e-01
3.686907803977400588e-01
3.688294138651492249e-01
3.687574440530979603e-01
3.687378003882040289e-01
3.688262260099272050e-01
3.686787439141234191e-01
3.687385534523809905e-01
3.687173155679326908e-01
3.688145907326416673e-01
3.689802912992158346e-01
3.692997609419197969e-01
3.688045160229689312e-01
3.686764824568511401e-01
3.684799686154433540e-01
3.682048034639938128e-01
3.679448934872245336e-01
3.679049754911187797e-01
3.679856949712970726e-01
3.679765276574349930e-01
3.679627792738987546e-01
3.678545967946948991e-01
3.679204486351023706e-01
3.678825145504149297e-01
3.679337256393421240e-01
3.678523495257569609e-01
3.679074664960819696e-01
3.678929431842267728e-01
3.681608623800401991e-01
3.679788662811703803e-01
3.686096592059182053e-01
3.678520768019729603e-01
3.688748316145832873e-01
3.678100679248831328e-01
3.677119121885799591e-01
3.673103901507095426e-01
3.668690300805340643e-01
3.668348259775446873e-01
3.668125026535980493e-01
3.668175381112934175e-01
3.671269103377933218e-01
3.668802213722034966e-01
3.670672061647158313e-01
3.668389260712963673e-01
3.669926361032168627e-01
3.667624818347827165e-01
3.675095789650506539e-01
3.667764556714362412e-01
3.667600757764213348e-01
3.668538156411528250e-01
3.670531362028691125e-01
3.668371633997930537e-01
3.667765150490098769e-01
3.667147995905693514e-01
3.669598608002438977e-01
3.667065483937883563e-01
3.668455185256500606e-01
3.667863172299526964e-01
3.668981190440351314e-01
3.667208573177583308e-01
3.668556962720497805e-01
3.667911772812701976e-01
3.667105979309684960e-01
3.667392671066747600e-01
3.667990339893876794e-01
3.668053858288007896e-01
3.672337062732209390e-01
3.667790874786175381e-01
3.670557723410802775e-01
3.667968759796866318e-01
3.667654106711556450e-01
3.667017431146533668e-01
3.671095978080290978e-01
3.666825649268832255e-01
3.675452623782798911e-01
3.667500142057343315e-01
3.662643357555826484e-01
3.664202484980987884e-01
3.659499797811047728e-01
3.660914398678019599e-01
3.662710644687101058e-01
3.659440243258479386e-01
3.660197832870425994e-01
3.659013807355276926e-01
3.659603531728369274e-01
3.659253472434190191e-01
3.660612644055791787e-01
3.659342347849219301e-01
3.661719407472069920e-01
3.659125099465371789e-01
3.666479579165793368e-01
3.659329366698277353e-01
3.653281646324434973e-01
3.652302993332166570e-01
3.653327221732232677e-01
3.654312063407136879e-01
3.653036040316902655e-01
3.655941632449500323e-01
3.652048014176265123e-01
3.650899693842449834e-01
3.649887519191291618e-01
3.651232341883025589e-01
3.651669135627076401e-01
3.650251973655653792e-01
3.648755295558387957e-01
3.650117540291488716e-01
3.648289256610184883e-01
3.648957641754921322e-01
3.648893467534151114e-01
3.647873566196302986e-01
3.649191586193886172e-01
3.650040349825346975e-01
3.647697316334991835e-01
3.645361635494501762e-01
3.644683625596220056e-01
3.643609554709447140e-01
3.643972879000781928e-01
3.643889110333616288e-01
3.643687776953242752e-01
3.647272606625429625e-01
3.643989571347963641e-01
3.646763649654790052e-01
3.643403121749326790e-01
3.645534386908052538e-01
3.643757178610801950e-01
3.644338839045502265e-01
3.643587322009608220e-01
3.644783685457576028e-01
3.643976571424500932e-01
3.643527782573500740e-01
3.643584399490050751e-01
3.644966421872484763e-01
3.643991723546892159e-01
3.645948064779992448e-01
3.643922411461437694e-01
3.651762286993093243e-01
3.641398461347781224e-01
3.636201667915224256e-01
3.645090074099515132e-01
3.636721080721529997e-01
3.635585775787741891e-01
3.635509840427837425e-01
3.634320398797145635e-01
3.634842320042291353e-01
3.634609652543397407e-01
3.634322263594483293e-01
3.635384626082139303e-01
3.635267552882219810e-01
3.636748213840393928e-01
3.634332699308838177e-01
3.635054571567797321e-01
3.632519773825331755e-01
3.635079766075675067e-01
3.632617384808775607e-01
3.635319557025554760e-01
3.631863623895487114e-01
3.636239912428101961e-01
3.632366189085090569e-01
3.632897852482644407e-01
3.631942028329793182e-01
3.631214417406373185e-01
3.631470095512429053e-01
3.634881615359797369e-01
3.632826177913859866e-01
3.632505408716691919e-01
3.631081153721711918e-01
3.632789339339823620e-01
3.630357586412935045e-01
3.631273721088579265e-01
3.630229983156871287e-01
3.630071863641755603e-01
3.631335734210716093e-01
3.629017904726564159e-01
3.629752184077626453e-01
3.626167836596649319e-01
3.626928700155730434e-01
3.627370193467027160e-01
3.627853715088488751e-01
3.626646589615790672e-01
3.627340451923545261e-01
3.624590663749594488e-01
3.625894648943475684e-01
3.623954776985219839e-01
3.625386404801509976e-01
3.622309398170815986e-01
3.622576743266472943e-01
3.623747660072800802e-01
3.621870760806396583e-01
3.620429476001021385e-01
3.621221832202315416e-01
3.620439236385104564e-01
3.620572148990013339e-01
3.621794710216935109e-01
3.620653409675110845e-01
