1.009904345257305103e+00
1.008048407905917543e+00
1.008396379591732783e+00
1.010960269995524019e+00
1.044524177842597767e+00
1.008430643326853282e+00
1.053769393518249275e+00
1.000713878054460881e+00
1.002390040663570847e+00
1.000714001893223681e+00
1.000714256409696024e+00
1.005086918776724847e+00
9.688610813135951627e-01
9.818393459933777434e-01
9.637391870606577537e-01
9.637283783655541392e-01
9.646504303268970126e-01
1.042680940124226074e+00
9.591404817178585951e-01
9.590284097480030745e-01
9.589894819123711001e-01
9.594154628173163779e-01
9.891057238049887346e-01
9.164718298960831122e-01
9.836457215044560609e-01
1.078776040689835902e+00
8.789749218789013607e-01
8.784620035505962266e-01
8.784620035505962266e-01
8.784620035505961155e-01
8.784471072658426305e-01
8.873366464397852704e-01
9.153350802985860124e-01
8.774612927371253646e-01
8.774612927371255866e-01
8.776710496685773411e-01
8.720792787172703120e-01
8.848870149665124529e-01
8.720792787172706451e-01
8.720792787172706451e-01
8.720792787172706451e-01
9.055839772943573562e-01
8.835460060886186628e-01
1.001128352823307255e+00
1.082758673120269410e+00
8.720792787172704230e-01
8.720792787172706451e-01
8.720792787172704230e-01
8.720792787172704230e-01
8.720792787172704230e-01
9.084686435173681129e-01
1.002828454735969821e+00
8.720792787172704230e-01
8.720792787172704230e-01
8.720792787172703120e-01
9.121221793525332577e-01
8.720792787172703120e-01
8.720792787172704230e-01
8.154904072208982724e-01
7.930853021080499499e-01
8.325743433268408822e-01
9.229228730875720377e-01
8.017035677816454209e-01
8.251814121300926619e-01
7.929764985722891346e-01
7.617482076241802735e-01
7.319090394035451252e-01
7.529380228333794056e-01
7.326292173089746784e-01
7.590729561337915543e-01
7.611334593169272189e-01
8.467855166886684160e-01
7.255731175585128367e-01
7.201299456931919973e-01
7.201683979947200998e-01
7.450378221106692678e-01
7.193158619999281411e-01
7.618056456523806252e-01
7.208543862650088618e-01
7.333328204074769374e-01
7.210087907633087045e-01
7.714378054741053425e-01
7.217868431879809199e-01
7.562044289777248851e-01
7.371167410997346847e-01
7.713878736898513999e-01
7.193158619999281411e-01
8.378155121844880204e-01
7.193158619999282521e-01
6.493882897186989966e-01
7.629105455069459252e-01
6.473962378885806945e-01
6.522507870590089629e-01
6.468289721534047354e-01
8.421960657438606335e-01
6.609911548138439619e-01
6.992573916227061703e-01
6.463721652761000858e-01
6.658881708034132263e-01
6.463721652761004188e-01
7.283828311914183340e-01
6.536785032485504798e-01
6.136628875232734703e-01
6.136628875232734703e-01
6.295394549546620144e-01
6.136628875232732483e-01
6.185352265599616262e-01
6.136628875232732483e-01
6.198428636396852154e-01
6.136628875232732483e-01
6.220327557592645329e-01
6.136628875232732483e-01
6.263372076620978834e-01
6.136628875232732483e-01
6.377880554949950653e-01
6.136628875232732483e-01
7.087682258851050188e-01
6.228702351238919466e-01
7.700200539532221500e-01
6.896798953312326397e-01
6.691202701944461984e-01
6.316850580690923644e-01
6.814150376106129503e-01
6.153022715884413074e-01
7.196079071626668711e-01
6.116044981323851548e-01
6.448764229658585645e-01
6.149092661767213697e-01
6.460660668249488259e-01
6.128481288784179970e-01
6.598962789092003289e-01
6.140860801232290722e-01
6.616813841217380476e-01
6.151470379165202562e-01
6.220543031323574334e-01
6.188624157356126254e-01
6.265783171583377831e-01
6.176822625203716166e-01
6.607127559510954651e-01
6.149864931514207322e-01
6.589621567762430354e-01
6.112028395355582067e-01
7.704535692079879095e-01
6.176750559493363602e-01
8.008283029860966407e-01
6.100710684138944684e-01
6.441463486683518536e-01
6.315787339714339366e-01
6.995982122101340739e-01
6.370377638820868826e-01
6.099192699631535985e-01
6.290042639411950187e-01
6.095960701767746404e-01
6.123959349116420148e-01
6.092242285604000385e-01
6.119626822389760967e-01
6.093466739745970751e-01
6.129757971427228780e-01
6.237749261886322838e-01
6.219635946041353058e-01
6.093345527480634738e-01
6.181573727701967780e-01
6.088563961345899722e-01
6.213412959141628722e-01
6.088563961345899722e-01
6.280398790866369430e-01
6.109728995831525955e-01
6.129886759972772436e-01
6.101964537637192265e-01
6.036730497882552005e-01
6.177368851415366846e-01
6.224911471202810853e-01
6.004100877228635280e-01
6.219924119133223295e-01
6.018928084565402514e-01
6.292424534109877232e-01
5.996872907192934976e-01
5.884261177191294490e-01
5.917452450647914253e-01
5.983338378798450652e-01
5.984268468751026138e-01
6.048963108374602049e-01
5.908868466820637044e-01
6.366822706121177955e-01
5.884261177191293379e-01
6.224287221083791843e-01
5.912982227919660883e-01
6.230512435090911350e-01
5.837342266538886326e-01
5.826659731836942857e-01
5.838373704145596310e-01
5.982707397234123814e-01
5.823272285496793321e-01
5.962782730413899168e-01
5.819444028721116879e-01
5.925428451469537672e-01
5.818135243711670679e-01
5.897818973220197991e-01
5.812594599509277593e-01
5.806273832821271519e-01
5.816975545491902544e-01
5.777525733258115359e-01
5.803875144296227750e-01
5.854166016118873550e-01
5.755708563213864926e-01
5.857739050937403880e-01
5.702318544402663614e-01
5.938157670008392675e-01
5.717765038420223878e-01
5.987485536190068069e-01
5.683938950379493482e-01
5.878210026541471622e-01
5.669801571770796134e-01
5.771820519340687961e-01
5.661471113035736469e-01
5.724254299772459920e-01
5.662064209692326822e-01
5.671453309428664546e-01
5.658932106031021592e-01
5.935419602250913140e-01
5.662667933136633636e-01
5.886370070285500411e-01
5.654266252359470002e-01
5.719563112635989155e-01
5.654294394336206731e-01
5.809623362478942843e-01
5.647052890489351329e-01
5.866778240014580703e-01
5.656773959812729791e-01
6.057949163112031910e-01
5.642973484738925682e-01
5.676644595852755604e-01
5.642973484738923462e-01
5.659440502234481807e-01
5.710968141512867691e-01
5.827247427303309246e-01
5.647680895351602226e-01
5.738435471033507262e-01
5.760282357338466497e-01
5.778619562424249789e-01
5.648388387243903352e-01
6.062181569981381912e-01
5.664730186616996344e-01
5.727589868960925035e-01
5.631841154574827035e-01
5.700776932239913775e-01
5.631841154574823705e-01
5.737426495119317682e-01
5.622101389532908611e-01
5.726843205411790150e-01
5.629527783100866101e-01
5.672434990349193296e-01
5.625496498837276871e-01
5.677051193103158644e-01
5.622303245280149131e-01
5.635833879569740468e-01
5.621593568829198473e-01
5.626583928576068816e-01
5.618438233778884072e-01
5.631904328112160574e-01
5.627874700158523869e-01
5.691558758944340601e-01
5.681782183490492466e-01
5.738852284680527882e-01
5.605048416103027842e-01
6.230295126678786488e-01
5.615341768797464939e-01
5.698860866700300454e-01
5.627966046325917349e-01
5.650700572584508308e-01
5.612682768275020218e-01
5.681099154699990050e-01
5.619286038904105496e-01
5.647729536793518745e-01
5.631352016361842461e-01
5.602496913070244000e-01
5.648648948058216934e-01
5.599837208659457222e-01
5.658765902323125152e-01
5.587830846460435374e-01
5.665849815815546808e-01
5.589569334250155119e-01
5.618899370968549745e-01
5.590166474267823649e-01
5.672846717665629424e-01
5.587106014250158292e-01
5.628898735888063776e-01
5.586201259004047737e-01
5.637889477115750614e-01
5.582056622963285086e-01
5.606264693305501590e-01
5.584150127354273740e-01
5.583660425741874267e-01
5.601743498437071755e-01
5.612677726031807257e-01
5.580663369627714143e-01
5.610957529905696850e-01
5.594206084627596498e-01
5.588615934634082461e-01
5.582803062751742207e-01
5.605773475166325737e-01
5.588477789127681561e-01
5.606201205748709837e-01
5.627117688137075469e-01
5.639987246643359819e-01
5.579400025688223685e-01
5.595911427553483808e-01
5.580882097306616441e-01
5.693837336100295854e-01
5.590110948576137995e-01
5.606003308313953770e-01
5.579285914535762059e-01
5.598044386313232312e-01
5.579285914535759838e-01
5.593745229410570508e-01
5.579646910838549356e-01
5.588659476412981553e-01
5.580486817873129279e-01
5.587678552612904692e-01
5.588904671234691257e-01
5.597998141259221683e-01
5.580312544631055305e-01
5.604620289691298884e-01
5.577826282522861945e-01
5.585946442392180078e-01
5.577583039889595362e-01
5.620296055944361546e-01
5.577994846888761904e-01
5.623281453024235876e-01
5.584286175307313638e-01
5.593027125251184284e-01
5.582546110259246630e-01
5.597358380518887566e-01
5.581014782259120510e-01
5.611303685751738435e-01
5.585371556023526196e-01
5.565921081111566693e-01
5.578095612885443089e-01
5.592023772508668555e-01
5.566009315833747584e-01
5.590518464006808408e-01
5.568880357046610552e-01
5.605090480989035617e-01
5.568543211955228056e-01
5.563663710040805954e-01
5.562626477348258103e-01
5.559914670150158944e-01
5.586557882752745119e-01
5.545736051979899273e-01
5.517359047015679696e-01
5.518147318333209705e-01
5.527059824055162718e-01
5.517607176189550655e-01
5.517078954551529746e-01
5.519617475944977869e-01
5.545790736851642366e-01
5.519297165877066202e-01
5.523156196844375421e-01
5.519841145962862683e-01
5.522034858623803277e-01
5.520321875310171267e-01
5.538643323342554714e-01
5.516842012240442683e-01
5.519606094545951303e-01
5.513050689206975274e-01
5.525726523036348370e-01
5.512462244082249052e-01
5.511828958321504102e-01
5.512144124855957728e-01
5.512510706708525499e-01
5.518271770355357431e-01
5.511995854511559934e-01
5.512909674639613344e-01
5.509102290815302005e-01
5.510428039869014194e-01
5.509141688040719576e-01
5.526996599158794377e-01
5.505489806146932619e-01
5.501471523099833449e-01
5.516659207006204824e-01
5.506084231030918819e-01
5.500580111534464356e-01
5.500411867469896521e-01
5.504421227434626029e-01
5.500977766502052058e-01
5.501113998696461893e-01
5.499604631545507161e-01
5.501409042373407443e-01
5.498645271379098975e-01
5.499906258138915760e-01
5.496648057177464519e-01
5.493810252970475760e-01
5.498220855145345976e-01
5.497740061185468763e-01
5.492752458751628541e-01
5.492179360977610392e-01
5.492560933372256926e-01
5.480712933132555476e-01
5.482526614111831176e-01
5.485228921769509380e-01
5.481819158836832573e-01
5.438325252537304921e-01
5.443853791911694717e-01
5.440432444720739724e-01
5.452284618569395169e-01
5.439634217505412428e-01
5.463588660511599082e-01
5.439041514344541417e-01
5.449761872891748515e-01
5.436739663820401303e-01
5.439697301533776841e-01
5.437910287310385726e-01
5.439575927267846778e-01
5.438416953850536695e-01
5.441172571191276175e-01
5.436493738902893336e-01
5.438495861952900023e-01
5.435923667916602309e-01
5.440943426320260512e-01
5.439230362720692824e-01
5.437114049410369798e-01
5.435915277893924591e-01
5.443319502198702420e-01
5.435380690979136897e-01
5.446959782338597345e-01
5.436966787471424478e-01
5.444337109319935530e-01
5.433235512343640439e-01
5.435846463572733267e-01
5.434832723719570380e-01
5.425711041706665627e-01
5.426270199307959841e-01
5.429380246113026942e-01
5.427216119785638337e-01
5.425717919282154744e-01
5.425259526113729303e-01
5.428248243209669033e-01
5.429331931011101009e-01
5.432230181592382356e-01
5.429132521938802025e-01
5.427899995823852741e-01
5.426465052932796240e-01
5.428258953551904353e-01
5.421939163219674507e-01
5.418256825649858666e-01
5.416578431160646856e-01
5.417612596167511452e-01
5.416899991478687504e-01
5.418003776119340031e-01
5.416396043145068617e-01
5.420701247170560677e-01
5.417637092584163261e-01
5.419334923109379032e-01
5.420179603782708799e-01
5.432884952747019103e-01
5.419135135767979561e-01
5.442381228027128870e-01
5.420030375075709506e-01
5.425329430041243572e-01
5.424667291409829284e-01
5.419537882240639259e-01
5.418490165879775722e-01
5.415831048180383966e-01
5.418317844229161295e-01
5.439324766594052507e-01
5.391449581965384041e-01
5.364182423607819494e-01
5.367921174687143582e-01
5.367048262875419029e-01
5.367945743537925196e-01
5.362398065964042448e-01
5.362768145175620393e-01
5.362759906408874899e-01
5.358086679669968877e-01
5.359241632314566406e-01
5.360716233272725395e-01
5.358740729063817820e-01
5.360470818918461333e-01
5.366202233331538451e-01
5.357740607521611631e-01
5.367882296919482821e-01
5.356113047352764056e-01
5.355443291469009770e-01
5.355198729585088913e-01
5.350871486037213076e-01
5.351802293015438527e-01
5.356737758176874920e-01
5.350625918265390357e-01
5.364064313701057962e-01
5.351081313531066419e-01
5.351961118563524078e-01
5.351953600093273256e-01
5.360661385094454001e-01
5.350928794039691017e-01
5.349890788239658468e-01
5.349087692406440109e-01
5.349921768499191765e-01
5.348854801606833798e-01
5.369659186311044330e-01
5.347933458089660919e-01
5.339076741453699926e-01
5.340051161864888263e-01
5.339455439881721777e-01
5.338453684208326333e-01
5.340402015192898810e-01
5.339331458285235810e-01
5.334861616536866746e-01
5.334211506250345902e-01
5.335139934517277860e-01
5.335165875378692357e-01
5.335938517677655257e-01
5.334327789641556405e-01
5.331806066140957201e-01
5.333483891391836984e-01
5.347728576229431319e-01
5.331340927728090984e-01
5.337430054803149471e-01
5.335773249060514756e-01
5.325898615806666792e-01
5.326989937200089509e-01
5.324312491040460449e-01
5.317014640267783143e-01
5.320334646012111479e-01
5.309739382942492147e-01
5.385063031444191628e-01
5.310435148509775605e-01
5.306505172359545774e-01
5.305235687605807104e-01
5.319569321665722494e-01
5.308885466322168512e-01
5.307844279161963996e-01
5.308778403052810679e-01
5.319765189076633982e-01
5.307078545821505289e-01
5.317345180272491367e-01
5.311275036862134202e-01
5.301589326871506413e-01
5.301702531122024498e-01
5.313189820747782344e-01
5.299009539041709127e-01
5.304457637691777361e-01
5.298850741364461436e-01
5.301114883897687369e-01
5.298167048195592255e-01
5.301995988052224940e-01
5.299949574142367448e-01
5.306241269919260706e-01
5.299385120844369856e-01
5.301594883196907304e-01
5.297582392076227720e-01
5.296244931301851144e-01
5.300919494461460157e-01
5.326575139226478184e-01
5.296458476070101673e-01
5.294157182947974993e-01
5.295230439941361889e-01
5.294979786223432683e-01
5.292651695171313175e-01
5.297205145419369154e-01
5.291975549656620093e-01
5.310417984561309757e-01
5.295066482526545881e-01
5.288787461295998416e-01
5.290134585173822401e-01
5.294638140035748952e-01
5.289122233903702508e-01
5.293112233878188855e-01
5.289620346018626407e-01
5.301359164331543861e-01
5.294103693917320275e-01
5.306980734165915869e-01
5.313910691757551819e-01
5.285373462467471972e-01
5.287838927068141404e-01
5.291117878891491433e-01
5.283930282573837678e-01
5.297895552222338100e-01
5.283155091565454597e-01
5.304561169086080552e-01
5.288619451611433764e-01
5.320879379782711416e-01
5.290981082534316204e-01
5.293671154495042108e-01
5.287619951134591156e-01
5.283228562193676980e-01
5.289109976526441548e-01
5.277629747056650222e-01
5.279986784482634254e-01
5.276710534043205225e-01
5.278796972833282863e-01
5.282184978734114633e-01
5.276601595770384900e-01
5.284043927276371733e-01
5.276503823946484539e-01
5.281315585025405657e-01
5.276415529181164299e-01
5.283078821945651482e-01
5.273503960138617996e-01
5.277393534370302675e-01
5.274078312454286710e-01
5.273421130842237403e-01
5.273600695445016528e-01
5.278158841976695603e-01
5.273063447717921681e-01
5.280285636916206560e-01
5.275021567798036104e-01
5.273682617215165180e-01
5.273064144888836013e-01
5.275066848778606765e-01
5.275189293018128778e-01
5.277126188399351436e-01
5.275138638117483625e-01
5.272395527921722724e-01
5.276291620895323664e-01
5.283629004051324518e-01
5.273282939740302488e-01
5.271714740392376974e-01
5.271753943533801223e-01
5.274186494259098801e-01
5.272134358136411070e-01
5.271214828448114176e-01
5.273356324783489146e-01
5.274266722591376411e-01
5.269622076157676194e-01
5.272260137672079017e-01
5.270245994955773394e-01
5.265319414791785890e-01
5.265219250575068344e-01
5.281868970945177155e-01
5.264066909296760688e-01
5.276487356223661385e-01
5.262501726093535837e-01
5.305008384164764390e-01
5.262528861914574918e-01
5.272466416351656582e-01
5.264792051577218412e-01
5.271882477247574750e-01
5.265292683397965190e-01
5.284256138609342290e-01
5.262244776265102564e-01
5.277500592064748863e-01
5.267561079302307547e-01
5.279673325000268092e-01
5.260280027664820945e-01
5.267611823273716798e-01
5.262426643204406451e-01
5.285155950000326452e-01
5.260369355369199917e-01
5.263915555582420192e-01
5.260418088407297077e-01
5.261247418714219970e-01
5.263646325608679621e-01
5.270555541777207642e-01
5.258703472473124085e-01
5.261851850492678118e-01
5.261057494565075654e-01
5.261896621127717388e-01
5.259212184591673944e-01
5.260613261455614476e-01
5.259788155143805266e-01
5.267030636436813573e-01
5.263616133267788877e-01
5.257022399999620177e-01
5.257609903147338892e-01
5.266841443401476530e-01
5.259011761175450550e-01
5.266859621362821597e-01
5.257324978140366367e-01
5.265088611595929446e-01
5.257215206180055889e-01
5.264363090292243363e-01
5.258041186016876312e-01
5.263141588067059562e-01
5.260732049560491452e-01
5.261669948491078941e-01
5.255815624170275813e-01
5.258577157925786727e-01
5.255910079236806309e-01
5.258585100286120584e-01
5.256296876366313153e-01
5.258259221455592325e-01
5.258561195953853629e-01
5.258153173233137689e-01
5.256578149473849493e-01
5.274406575636516603e-01
5.255309043725250318e-01
5.268365717773193513e-01
5.251859718573934632e-01
5.317514376667786813e-01
5.252507210713956987e-01
5.266429937548812168e-01
5.250265676043875951e-01
5.250102966043996844e-01
5.252058292575344511e-01
5.259925624978580849e-01
5.254008554154141475e-01
5.266363377107013966e-01
5.252312679489662406e-01
5.265436082627427128e-01
5.246301261762016388e-01
5.256917092615883691e-01
5.247617840348295370e-01
5.251835542497573783e-01
5.245029957660152231e-01
5.257471867663914278e-01
5.246482792801533401e-01
5.258211277466232625e-01
5.243927091214740654e-01
5.251553387450669241e-01
5.244144385135580677e-01
5.254277219786696040e-01
5.247001141073612818e-01
5.250492356212325129e-01
5.246396746903514430e-01
5.243302197386191521e-01
5.244834857240143755e-01
5.250571169016223783e-01
5.244108264522322482e-01
5.251469235772306954e-01
5.244828296033460235e-01
5.248689334187786049e-01
5.244882104710006931e-01
5.242649305108344482e-01
5.243481655319039980e-01
5.250853956816574630e-01
5.242736648346076889e-01
5.248743025706575915e-01
5.243802453378764161e-01
5.249972488860344955e-01
5.243305191907738916e-01
5.257531358552430811e-01
5.246102950431288381e-01
5.251397166095197466e-01
5.242580803616098128e-01
5.279961532066538288e-01
5.242337381979146338e-01
5.257078113854219970e-01
5.242957103272448682e-01
5.247442190454313371e-01
5.243263013785829374e-01
5.248984394635318740e-01
5.241937184318170573e-01
5.244357641042948215e-01
5.243193654270970061e-01
5.245247346365122798e-01
5.241952886720989691e-01
5.246957509395683283e-01
5.242617510780858137e-01
5.261387205826364433e-01
5.242944879654165558e-01
5.259196660836324977e-01
5.241181200219839909e-01
5.264370812938159450e-01
5.241441506933698369e-01
5.246086099787420354e-01
5.243956286668798317e-01
5.245463286222913357e-01
5.241374153354203536e-01
5.252430130005256714e-01
5.239134758688143156e-01
5.248971545278854345e-01
5.238890986652521287e-01
5.245491515123907877e-01
5.241421268217740792e-01
5.248294846297165694e-01
5.240835432816728368e-01
5.242750317671618365e-01
5.240276722720595970e-01
5.244495070147079385e-01
5.241451620110724186e-01
5.251590475544180014e-01
5.238410315477810553e-01
5.235377296100121036e-01
5.240591700893660887e-01
5.240143757417512482e-01
5.236122850257136641e-01
5.243205367899838043e-01
5.236714818542085315e-01
5.235929585548471099e-01
5.236201686022389223e-01
5.241246438982805067e-01
5.237887021469367355e-01
5.241416306412921555e-01
5.250540879185207066e-01
5.236341782071231021e-01
5.235361152551056829e-01
5.234680432752911727e-01
5.234989546560576690e-01
5.234956794734750840e-01
5.234773692376692988e-01
5.234976527906431976e-01
5.235013706449180848e-01
5.236035437374391144e-01
5.235710472411424510e-01
5.236283110959790710e-01
5.234735607613648645e-01
5.238710574994553948e-01
5.236251488875579563e-01
5.237814049547007134e-01
5.235143599266971481e-01
5.241042572510062891e-01
5.234827595940272360e-01
5.234278398586079684e-01
5.235065079868369553e-01
5.236982680286145220e-01
5.234955373781253751e-01
5.236385468265915000e-01
5.233705537053877643e-01
5.234509254337457174e-01
5.234976345585263813e-01
5.233753986066691510e-01
5.234078711828136221e-01
5.234747518176730008e-01
5.233765932957753497e-01
5.233881131477517989e-01
5.233530640451802274e-01
5.233856841652256842e-01
5.233712413658461182e-01
5.235276905184262919e-01
5.232949500467343196e-01
5.233252964257270046e-01
5.233333296947348945e-01
5.236464511222179707e-01
5.232582850347775594e-01
5.233772250286616856e-01
5.232267424426410019e-01
5.234141591101145741e-01
5.232054712211474667e-01
5.232792436071663777e-01
5.231839957933341889e-01
5.232285330762271869e-01
5.231671016923106210e-01
5.232814281553592739e-01
5.232903306892795481e-01
5.231131760396375840e-01
5.230583668208722559e-01
5.233434573100511633e-01
5.230698037228220798e-01
5.232121002164665802e-01
5.240553243633576663e-01
5.224935343998357018e-01
5.226207013153560954e-01
5.226523014312891569e-01
5.224386799976152851e-01
5.229059106613743735e-01
5.225005675249199122e-01
5.223181563445706832e-01
5.223317258984445655e-01
5.227557252820412836e-01
5.224523564156905442e-01
5.233672874786862161e-01
5.220140540787946426e-01
5.218732868090734112e-01
5.216309029535292074e-01
5.217772150183864754e-01
5.216382808065593846e-01
5.217163534828396232e-01
5.216605324900414065e-01
5.215889008984816444e-01
5.217323160323437126e-01
5.215251328568252243e-01
5.216380590361442415e-01
5.215727196296336965e-01
5.217252114100655591e-01
5.220703165533568946e-01
5.214042265476219740e-01
5.214203530620937777e-01
5.213908801000476378e-01
5.217708188142968773e-01
5.212914094554373934e-01
5.212432353270102237e-01
5.212688363044319928e-01
5.217650059459940648e-01
5.212569740897037285e-01
5.211515156307647834e-01
5.211823266359998374e-01
5.211344265248203378e-01
5.211596652028362975e-01
5.211827956926216032e-01
5.211669771684110941e-01
5.211701749247090731e-01
5.210740971868331739e-01
5.211121958358083672e-01
5.211620501282064888e-01
5.212287595533501294e-01
5.210821574948630852e-01
5.211488794035555872e-01
5.210650660082516428e-01
5.209981081100925060e-01
5.211035496303777492e-01
5.212983835273268252e-01
5.210611192459568830e-01
5.210518733423999960e-01
5.209868713498506665e-01
5.222989841901208852e-01
5.209763663234341369e-01
5.203496485037488739e-01
5.203202180055589432e-01
5.202043708292689583e-01
5.201385554923461108e-01
5.215419540075554306e-01
5.201566639906933798e-01
5.204920231960493693e-01
5.202224690408980834e-01
5.201493801051881860e-01
5.201158981958053928e-01
5.202033740625229274e-01
5.201365343555942600e-01
5.203739418821013984e-01
5.200575909795186469e-01
5.205275725040292567e-01
5.201083855671094769e-01
5.201354098217423338e-01
5.200894619225040483e-01
5.204686203516344367e-01
5.200372028380283451e-01
5.201192900289599574e-01
5.200192795275417890e-01
5.201439551849771359e-01
5.200321013891106015e-01
5.202677127412297375e-01
5.201545227621726664e-01
5.201708757966448937e-01
5.200747945942147954e-01
5.201510966077697029e-01
5.200966264211380752e-01
5.202033659996488923e-01
5.200522906844902149e-01
5.203839454967307265e-01
5.200049720648179941e-01
5.204087918693292014e-01
5.200016735502820397e-01
5.200681598147850471e-01
5.200336445748252601e-01
5.201994807884116057e-01
5.201132653817621687e-01
5.199970357478268523e-01
5.200125999869524840e-01
5.201931227980191030e-01
5.200094220092498221e-01
5.201706404719401711e-01
5.198793444629437044e-01
5.202044954081112005e-01
5.199441339698435138e-01
5.199417964899397671e-01
5.198760059900856545e-01
5.193560096079796740e-01
5.194855000974414327e-01
5.194149271031962556e-01
5.195820122319334544e-01
5.195026081024486375e-01
5.196630098028773848e-01
5.193990126617886727e-01
5.200685955469875887e-01
5.194490871027082068e-01
5.212185625878887896e-01
5.193266451671695316e-01
5.190883203318416017e-01
5.192480403329221561e-01
5.192948123390199733e-01
5.191251565274261903e-01
5.191722321152287822e-01
5.191496851915756716e-01
5.200518653517703926e-01
5.191670845440468085e-01
5.192549743300258758e-01
5.191547101974284262e-01
5.192488709862969065e-01
5.191086022054881566e-01
5.193943716479862971e-01
5.190879176677913875e-01
5.194589547437123978e-01
5.190888799189495861e-01
5.192312721240723850e-01
5.191243646373061571e-01
5.191963363676882492e-01
5.190569434816469929e-01
5.191984076490514521e-01
5.190527032050007428e-01
5.190766653336418290e-01
5.190294737616818477e-01
5.190680059561075810e-01
5.189807503601089334e-01
5.190456492104035258e-01
5.189917494833409251e-01
5.192131792913814436e-01
5.190481712606990206e-01
5.191360627773294878e-01
5.189935712155239189e-01
5.190631103259876200e-01
5.189831415043515417e-01
5.192046211640990450e-01
5.190071715565945931e-01
5.190077455620202285e-01
5.189762817394246719e-01
5.191156708155404420e-01
5.189919731409554648e-01
5.192593136387247954e-01
5.190119206083856351e-01
5.190877216627517443e-01
5.189839993722685785e-01
5.191437318525381484e-01
5.190366246177732235e-01
5.191853852801552316e-01
5.189318098988923156e-01
5.196099010436879828e-01
5.189014074513058628e-01
5.194189909146162965e-01
5.189438472503576927e-01
5.200226122692092057e-01
5.188385693649885111e-01
5.190506245335729796e-01
5.187929325210804965e-01
5.188514489851714373e-01
5.189843242094042131e-01
5.186011557287126816e-01
5.187107338057940220e-01
5.188762649507129288e-01
5.186480508599199402e-01
5.182371645356732559e-01
5.182757789877956434e-01
5.182426346656013871e-01
5.186009410937124642e-01
5.182187735177274934e-01
5.181565940505676870e-01
5.182129228439327218e-01
5.183994762765883335e-01
5.181443493947194279e-01
5.183226690153804883e-01
5.182241707101498118e-01
5.181661406896653776e-01
5.181164899426223824e-01
5.182329889414517554e-01
5.181718389421599014e-01
5.182444581300946762e-01
5.181365623803776410e-01
5.181471326282013345e-01
5.181506528078864138e-01
5.181720061100345553e-01
5.181988523896279286e-01
5.197199009871842357e-01
5.181738714677445179e-01
5.181576189303078728e-01
5.180682395355455938e-01
5.184765306094025750e-01
5.181234374089629391e-01
5.181453963362494530e-01
5.180960996567962606e-01
5.182389703794663127e-01
5.181025609545230060e-01
5.182093883726274219e-01
5.180763399695729188e-01
5.180285525583816497e-01
5.180490113313594991e-01
5.179548131912139475e-01
5.180221965151208252e-01
5.181953668222851750e-01
5.179979146405260249e-01
5.181065964315025862e-01
5.179774502086134103e-01
5.180719640057075415e-01
5.179799860720943894e-01
5.178335785974249594e-01
5.178957509378859791e-01
5.179652784644621644e-01
5.177898559871508821e-01
5.177427956343555460e-01
5.176338345192348367e-01
5.175897761964519672e-01
5.176140669289391871e-01
5.177945725262723675e-01
5.175382326596361660e-01
5.178221217399406884e-01
5.175160239786761318e-01
5.176987111723847512e-01
5.175942613601842712e-01
5.176400261003868408e-01
5.176035245307106791e-01
5.185705034202425789e-01
5.179306963319632029e-01
5.179204921820282914e-01
5.175164718629977623e-01
5.179420501757876494e-01
5.175710504396652256e-01
5.173490255176064201e-01
5.173827805251717260e-01
5.175668085953463171e-01
5.174395020164991310e-01
5.173633316756118816e-01
5.173991794564678504e-01
5.173872618422213909e-01
5.173992834086711401e-01
5.173703616218185974e-01
5.173281447002757716e-01
5.174442318299263821e-01
5.174112308254215087e-01
5.174895965443460089e-01
5.173794617949475372e-01
5.176309584673546293e-01
5.174168515365478171e-01
5.174766415709215472e-01
5.173897105385437678e-01
5.175081477134811925e-01
5.173403474334552499e-01
5.174435724018933147e-01
5.173304892503012287e-01
5.175450967592826190e-01
5.173266178760501655e-01
5.174059093901335338e-01
5.173122235695141180e-01
5.173764241288771881e-01
5.174234911725592578e-01
5.171324524653917454e-01
5.171481579165995157e-01
5.172608119063432097e-01
5.173222143842859388e-01
5.172435523105198829e-01
5.171331535216677766e-01
5.171119236962252730e-01
5.171361677591631567e-01
5.173249342307529863e-01
5.171411444655474865e-01
5.172429880667538393e-01
5.171140387001734728e-01
5.171457414983601231e-01
5.171145446529117340e-01
5.173789951280726163e-01
5.171538190466714591e-01
5.174083023313558183e-01
5.172508517729343946e-01
5.172747250146103593e-01
5.171588247967168206e-01
5.174410887354132793e-01
5.170930051776477798e-01
5.181533795128773212e-01
5.171994110494262387e-01
5.174576063816175298e-01
5.172037272586753609e-01
5.170314462655959398e-01
5.170390173595386107e-01
5.171267614498484821e-01
5.170359084099621638e-01
5.168864412364408967e-01
5.169013670226063617e-01
5.171012851559878554e-01
5.169491069622744739e-01
5.169540779587041834e-01
5.169552523423731616e-01
5.170483046225543555e-01
5.169534794311312353e-01
5.168110860840844367e-01
5.169452765410599282e-01
5.168074884654850765e-01
5.168056296374224923e-01
5.167344189888193329e-01
5.167960718084817495e-01
5.168260257978125605e-01
5.167138022199923020e-01
5.168472565809120178e-01
5.166567328074055387e-01
5.166440481793705963e-01
5.167825740824193437e-01
5.166166414874537871e-01
5.166496126621049623e-01
5.168269902768732882e-01
5.166289872632040536e-01
5.166716102510809927e-01
5.167296679165124251e-01
5.165970802418508034e-01
5.166039634209331766e-01
5.168233777196499235e-01
5.165910041927210816e-01
5.172253070443776357e-01
5.166173186805053108e-01
5.169235725972478601e-01
5.165923009721937742e-01
5.171936448714353762e-01
5.163174442275506593e-01
5.162762721391728205e-01
5.164485092701193159e-01
5.164711793267107165e-01
5.162593017328607203e-01
5.171181571173409930e-01
5.162570730334452573e-01
5.164627332187849973e-01
5.162448861273699618e-01
5.165796202219785638e-01
5.162363146723155660e-01
5.162777736473691537e-01
5.162621692376475613e-01
5.164869190310161784e-01
5.162487548324266040e-01
5.164614951608881288e-01
5.162232293108930392e-01
5.164446350543883124e-01
5.162443558809619581e-01
5.166375188807320606e-01
5.162625694745168747e-01
5.164198936223742820e-01
5.162372288783213525e-01
5.168165849977197635e-01
5.161133281027203701e-01
5.163490091884371802e-01
5.160164435206973099e-01
5.161094047283839581e-01
5.160464078597486459e-01
5.163689288957385992e-01
5.161000523476214630e-01
5.162073813259061561e-01
5.159959600136515556e-01
5.161281957684275001e-01
5.161003079360313439e-01
5.161946382753007656e-01
5.160229152537907371e-01
5.162471030645484626e-01
5.160910914554539541e-01
5.160473225683169796e-01
5.160250738837137696e-01
5.162702728983340483e-01
5.159503925956835380e-01
5.160730404501253643e-01
5.160165838219802348e-01
5.159680401927501103e-01
5.159690347653260734e-01
5.161070442274385828e-01
5.159860433901236609e-01
5.161447775125689308e-01
5.160366078506389842e-01
5.168837407706882159e-01
5.159692339064646527e-01
5.161167675588550496e-01
5.159790585470350743e-01
5.162745145762582810e-01
5.160338311184677895e-01
5.160362896709556058e-01
5.160032954945518169e-01
5.162546298987314985e-01
5.158658125129734762e-01
5.160923891351747450e-01
5.159538430923990004e-01
5.166006370454885310e-01
5.159496429440435517e-01
5.158139888446300336e-01
5.155483982553740185e-01
5.156148108791829276e-01
5.155476485461040204e-01
5.156748640224266822e-01
5.155663106029536591e-01
5.156537366346757301e-01
5.155646553250423647e-01
5.158362137098116973e-01
5.155404323641606945e-01
5.155972541585710500e-01
5.155184362697221578e-01
5.155300660795421042e-01
5.155218547297520937e-01
5.156319950442637134e-01
5.155153066994309086e-01
5.155261173622106563e-01
5.154954433196295982e-01
5.154775454447386718e-01
5.154832333800358768e-01
5.156247772120797768e-01
5.154760138544380865e-01
5.155282778655078113e-01
5.155266963966571581e-01
5.155322109793507579e-01
5.154860753902567039e-01
5.156072578920299909e-01
5.155303577982089935e-01
5.152692031233512271e-01
5.152982819855869145e-01
5.152553766248687550e-01
5.152718471937477451e-01
5.152357447151787451e-01
5.153085153828632636e-01
5.153775416223095318e-01
5.151119931994431189e-01
5.151183902604357101e-01
5.150989490204641585e-01
5.151060338335453626e-01
5.150504925536927292e-01
5.150692473713979203e-01
5.151048857428917049e-01
5.150607836744723889e-01
5.150844858669667570e-01
5.150526190029692808e-01
5.150102404961839353e-01
5.150368313591568992e-01
5.150842592258013664e-01
5.150141551853979482e-01
5.150116166541580665e-01
5.150057390959368320e-01
5.150485996514229114e-01
5.150040135275917308e-01
5.150082027903347681e-01
5.150212725337178776e-01
5.149715300868373813e-01
5.149654796036033932e-01
5.149574576062112552e-01
5.149351150467835758e-01
5.153742418541242820e-01
5.149095278255796382e-01
5.148420767664223519e-01
5.148430900893745665e-01
5.149759835721360313e-01
5.147840904643362636e-01
5.148167269292722725e-01
5.148265141071880491e-01
5.148286458856153880e-01
5.148093588484908834e-01
5.148067852454287774e-01
5.147743737806437236e-01
5.147729196979162758e-01
5.147847882663870722e-01
5.147998932608364164e-01
5.147615297732585082e-01
5.148727126379673003e-01
5.147679707198041799e-01
5.149465705494000733e-01
5.147742210205920044e-01
5.147775721231280244e-01
5.147814460716332308e-01
5.148193678590462508e-01
5.147639023136862946e-01
5.148493449769135921e-01
5.148034619904412468e-01
5.148816131982980604e-01
5.148510554363789904e-01
5.151294442496625603e-01
5.147232784205378886e-01
5.145372238638025175e-01
5.145583248590526182e-01
5.146331882844572547e-01
5.145485565434062547e-01
5.145531633835933594e-01
5.145474839564834202e-01
5.145724305826411271e-01
5.145571189192738037e-01
5.145820077199396714e-01
5.145293208917184336e-01
5.145214803863088493e-01
5.145513588174063235e-01
5.146196375357489083e-01
5.145625395293430548e-01
5.145369292176222853e-01
5.145126894595983824e-01
5.145726425190122466e-01
5.145367147699028143e-01
5.144702417984893250e-01
5.144779473022407235e-01
5.145011236517755826e-01
5.144779360993233519e-01
5.145043169693176432e-01
5.144593668338010017e-01
5.145693653870467843e-01
5.144682990542382983e-01
5.146902813749912875e-01
5.144805760885952095e-01
5.143285004778812564e-01
5.143427415275623193e-01
5.143596657665966410e-01
5.143806969194681944e-01
5.145424943393985817e-01
5.143438477788194740e-01
5.142392674922423579e-01
5.142419441362923171e-01
5.142936423744938201e-01
5.142339923304963811e-01
5.142870952412493812e-01
5.142264827310581987e-01
5.144252087797345219e-01
5.142348490107501169e-01
5.143638304498004965e-01
5.142276970235097888e-01
5.142919203974849474e-01
5.142245845262329862e-01
5.143700932667049086e-01
5.142330038648473822e-01
5.142767057334047820e-01
5.142317379021017487e-01
5.143298082584225606e-01
5.142219751622930657e-01
5.143131767904917107e-01
5.142076120174307041e-01
5.142511857634831651e-01
5.142191851955457693e-01
5.142028470917877625e-01
5.141994681351078622e-01
5.145187407049021111e-01
5.141210287814003133e-01
5.140721010293585191e-01
5.141020553274557869e-01
5.141139422668891124e-01
5.140719792560123347e-01
5.140753193006276645e-01
5.140733315742259668e-01
5.140782933836854918e-01
5.140667216152101648e-01
5.141078334424729057e-01
5.141042349120866772e-01
5.141515272423395899e-01
5.140891617484318887e-01
5.141143091334571258e-01
5.140740896791317072e-01
5.141016292429392287e-01
5.140668771184552233e-01
5.143474154908469487e-01
5.140726188156012899e-01
5.141421080240970998e-01
5.140688352461881827e-01
5.140647089022225558e-01
5.140788945801888499e-01
5.140696252430257962e-01
5.140632860805040005e-01
5.141114425142212507e-01
5.140639306286982624e-01
5.142933354530585532e-01
5.140812133015881802e-01
5.142077639771285291e-01
5.140712691534462531e-01
5.142166385598523348e-01
5.140466284077040982e-01
5.141882109324278360e-01
5.140748825592201809e-01
5.140821919815296015e-01
5.140502306800518451e-01
5.140696599556604518e-01
5.140384912804478734e-01
5.140221499519613824e-01
5.140405988824494621e-01
5.141250412078359755e-01
5.140215738764124520e-01
5.141155047588928939e-01
5.140346892411935542e-01
5.140696355999061495e-01
5.140368323570144726e-01
5.140514067646538843e-01
5.140404985523057135e-01
5.140579697997713637e-01
5.140268619898389346e-01
5.140620149346344370e-01
5.140242733306126244e-01
5.140923574933345952e-01
5.140182553102849994e-01
5.143887754169454984e-01
5.140221102993335345e-01
5.143102899947707973e-01
5.139615482840265148e-01
5.142914093210084747e-01
5.139851294467723264e-01
5.138125541934706053e-01
5.139249910679737354e-01
5.138249919252230180e-01
5.139025947384950888e-01
5.138270224517027529e-01
5.138810885963613906e-01
5.138377763969831369e-01
5.138765280804441504e-01
5.138168686718531664e-01
5.138982045041635693e-01
5.138236372065184687e-01
5.139639412855273592e-01
5.138092582757219917e-01
5.139095374491408075e-01
5.138319082293726359e-01
5.141501235475954834e-01
5.138081532053638822e-01
5.139776472068257052e-01
5.138196486728109358e-01
5.139447158613306144e-01
5.138323000531981322e-01
5.138282946567088727e-01
5.138203674397013865e-01
5.139570117444300923e-01
5.138022369911174891e-01
5.138102426546193868e-01
5.137249440605926587e-01
5.136789846240353841e-01
5.136870047561870045e-01
5.137418169391814171e-01
5.136766804060438618e-01
5.137324821523061580e-01
5.136950153902999361e-01
5.136880906664774704e-01
5.137093789789745069e-01
5.136964543777158276e-01
5.136636793145649138e-01
5.137330250516669583e-01
5.136884752366948081e-01
5.137320130675991914e-01
5.136628372001954546e-01
5.137494268809401632e-01
5.136630045530230504e-01
5.136751534529422347e-01
5.136630437620149925e-01
5.137200038480903563e-01
5.136515756393061904e-01
5.138233152404867443e-01
5.136377641319264109e-01
5.136078695578335518e-01
5.136087918960536847e-01
5.136335879455314890e-01
5.136098010743314068e-01
5.135924496096748726e-01
5.136049208688437950e-01
5.136116017641206843e-01
5.135898045943635415e-01
5.136448358618117549e-01
5.135637295396422441e-01
5.141609667260285121e-01
5.135546497806928734e-01
5.135470595903247615e-01
5.135537070661607695e-01
5.136905545324876865e-01
5.135554845095412491e-01
5.136222343407433888e-01
5.135515450458087994e-01
5.137745653249349287e-01
5.135601799442096604e-01
5.136995638950834220e-01
5.135627950401226993e-01
5.135723507010080402e-01
5.135489899127015923e-01
5.136200147542817618e-01
5.135573523721751465e-01
5.136023423740898597e-01
5.135720372135773593e-01
5.135210974624054847e-01
5.135282232518281198e-01
5.135843364271679423e-01
5.135173270312290983e-01
5.135595059961053366e-01
5.135190376759543041e-01
5.137012884515806954e-01
5.135731266117258276e-01
5.137811366296229920e-01
5.135448629128916975e-01
5.136892184533110584e-01
5.134661848210901880e-01
5.133774330345146630e-01
5.133845373820710156e-01
5.133300073898896532e-01
5.133284931908954629e-01
5.134864178875877538e-01
5.133210814709410208e-01
5.133360387255653245e-01
5.133206058966780505e-01
5.134067435183574668e-01
5.133513839599240791e-01
5.133686591085803164e-01
5.133257661719019538e-01
5.134065628003137149e-01
5.133060918651543014e-01
5.133638271316303126e-01
5.133228191406606911e-01
5.133086374066413438e-01
5.133062720409641289e-01
5.133926724906567873e-01
5.133255594935541843e-01
5.137460502825390574e-01
5.133072033433615511e-01
5.131779091136527970e-01
5.131905174260575908e-01
5.131896878993703615e-01
5.131591464085298870e-01
5.131906134428289024e-01
5.131749039382745847e-01
5.132063208834938273e-01
5.131474572818387481e-01
5.131617815116857884e-01
5.131675070799125438e-01
5.131507784122244509e-01
5.131274242776113770e-01
5.131481818691602248e-01
5.131749597378649774e-01
5.131362280287885547e-01
5.131481026947083413e-01
5.131659588014781948e-01
5.131406929562922770e-01
5.131370755912891823e-01
5.131761450636818100e-01
5.131165188226814999e-01
5.131332501109315825e-01
5.131512319019064794e-01
5.131094327183797210e-01
5.132009056274563497e-01
5.131191649259794207e-01
5.131553892721221199e-01
5.131136233678168512e-01
5.132629352956419311e-01
5.130954648935225348e-01
5.131910772974064283e-01
5.130941874616221643e-01
5.131440203941508571e-01
5.131042082079814159e-01
5.131677659024913574e-01
5.131019208426331746e-01
5.132277312952996384e-01
5.130976044896706778e-01
5.130048564974897252e-01
5.130658406765723489e-01
5.131838529601415733e-01
5.130158750088804620e-01
5.130168432447642646e-01
5.130008570317079464e-01
5.130783642716345572e-01
5.129925865779698668e-01
5.130297759390649581e-01
5.130213074357464764e-01
5.130142136389669316e-01
5.129859769015012727e-01
5.130223021208598633e-01
5.130186260951850041e-01
5.129884399563465758e-01
5.129946924977792921e-01
5.130034166158918829e-01
5.129947005298733931e-01
5.130071774648096161e-01
5.129866040573247687e-01
5.132456116685537584e-01
5.129727230415770389e-01
5.130026841448291908e-01
5.129759057459656324e-01
5.129904723796840926e-01
5.130379490540346588e-01
5.129506583944073439e-01
5.129751472256599554e-01
5.129767292713213189e-01
5.129608906140428193e-01
5.129864730094225722e-01
5.129556101042984650e-01
5.129697560835501102e-01
5.129588848296886550e-01
5.129652950139776957e-01
5.129469792006188245e-01
5.130562282925306139e-01
5.129296835905817753e-01
5.130638130411148135e-01
5.129312847388688423e-01
5.129521071631059081e-01
5.129413155452746675e-01
5.130273899330086707e-01
5.129252738534926248e-01
5.130015088530482936e-01
5.129185172995663899e-01
5.130223810316982824e-01
5.129336059468551090e-01
5.129686729079973029e-01
5.129190420590221677e-01
5.129514229194337416e-01
5.129253497670186457e-01
5.129298360003970991e-01
5.129204956942065019e-01
5.129497826838379515e-01
5.128808863961077380e-01
5.128275608359350590e-01
5.128465815672215156e-01
5.129041860057694802e-01
5.128574738389299892e-01
5.131342475130222791e-01
5.128481370066856337e-01
5.128859730708678066e-01
5.128149753990357551e-01
5.129294714390266741e-01
5.128275168382802063e-01
5.128546925938446410e-01
5.128310681526336845e-01
5.128833431910185814e-01
5.128167489860856465e-01
5.128702368936728373e-01
5.128289610040949187e-01
5.128320581681368173e-01
5.128179482426075131e-01
5.128317571086205007e-01
5.128027877598873019e-01
5.128438035075221224e-01
5.128044096835707721e-01
5.128511027557702828e-01
5.128045331407882212e-01
5.128115223342182283e-01
5.128077326021015514e-01
5.128637808120286579e-01
5.128058106352516576e-01
5.129874612667056910e-01
5.128001370508614709e-01
5.127789727314827628e-01
5.127781937596027628e-01
5.127651285340135701e-01
5.127847717614818501e-01
5.128401323227038677e-01
5.127524307529979231e-01
5.127859051282553926e-01
5.127523247798243533e-01
5.127917689722221173e-01
5.127737189482520774e-01
5.127409964332911851e-01
5.127244659642589131e-01
5.128177557210515936e-01
5.127174356213974882e-01
5.128226364375597646e-01
5.127125092383099103e-01
5.127386124211744667e-01
5.127193425123972581e-01
5.127162496159843874e-01
5.127330283303764835e-01
5.127438593947838408e-01
5.126951124368476220e-01
5.127564360070684391e-01
5.126969299928243462e-01
5.127067887177435557e-01
5.126950463976871486e-01
5.127147928953017519e-01
5.127063664689593958e-01
5.126559500540684988e-01
5.126488909146813544e-01
5.126907166208085620e-01
5.126909199072775536e-01
5.128567636870366986e-01
5.126843384159436301e-01
5.127987542033599633e-01
5.126755225588296438e-01
5.126534977822209127e-01
5.126631656313667129e-01
5.126708109915787404e-01
5.126511042903155735e-01
5.127068958910848684e-01
5.126520787292435655e-01
5.127048274738755795e-01
5.126305453152291136e-01
5.126685311215913865e-01
5.126369531234978849e-01
5.126850899163462039e-01
5.126377696390095329e-01
5.126772719055358030e-01
5.126445990849364254e-01
5.126474897628829908e-01
5.126277227960669425e-01
5.126421301071700798e-01
5.126191652677233312e-01
5.126353098810211284e-01
5.126232303466713436e-01
5.126287299095553252e-01
5.126161767168008199e-01
5.126682285625329127e-01
5.126332643053738147e-01
5.127316042787493089e-01
5.125789833294573938e-01
5.125563196673714739e-01
5.125676601930063692e-01
5.126111305763783044e-01
5.125482233501286178e-01
5.125856991359134529e-01
5.125588577956526892e-01
5.125510673539374062e-01
5.125578850394161279e-01
5.125508784114132244e-01
5.125547739662478230e-01
5.125473710973655894e-01
5.125545477474204858e-01
5.126015664363852142e-01
5.125436643931697844e-01
5.125802970869598463e-01
5.125379289249197834e-01
5.125636968632154566e-01
5.125483901732371672e-01
5.125445652359941207e-01
5.125491094911196477e-01
5.126225704538052153e-01
5.125667749119517946e-01
5.125409435264357549e-01
5.125256865718339494e-01
5.127493039540874653e-01
5.124656488227911089e-01
5.125187536307398428e-01
5.124735191789433486e-01
5.125443774450545442e-01
5.124764740233515026e-01
5.125182478203001990e-01
5.124707586361687550e-01
5.124598255948141778e-01
5.124651932351523831e-01
5.125016128636631363e-01
5.124467451117500350e-01
5.124787271732001992e-01
5.124946007118516000e-01
5.125351711538875810e-01
5.124671165984262533e-01
5.125721056704656275e-01
5.124366687324920511e-01
5.124521493654482507e-01
5.124494638856162965e-01
5.124235779344336050e-01
5.124179758485567504e-01
5.125800590630420484e-01
5.124180003972956809e-01
5.125010968087719831e-01
5.124283928784212350e-01
5.124463970272071789e-01
5.124249986678135471e-01
5.124323754375752493e-01
5.124196518271972867e-01
5.124515685751346306e-01
5.124222702578732358e-01
5.124683262100254710e-01
5.124843470347543173e-01
5.124336541926719502e-01
5.123841818803634984e-01
5.124696158834304294e-01
5.124149318012363175e-01
5.123707368826467823e-01
5.123966706168423535e-01
5.123910802187013891e-01
5.123530066002173200e-01
5.123840911165737921e-01
5.123772302785848387e-01
5.123959829415737355e-01
5.123477948642348734e-01
5.123508940611029017e-01
5.123526409655125846e-01
5.123737935401988519e-01
5.123647162137370259e-01
5.124077187547714241e-01
5.123590483560127584e-01
5.124121933383928296e-01
5.123553428834737300e-01
5.122953354690827910e-01
5.122967370729066827e-01
5.123319304250261164e-01
5.122988375761242663e-01
5.123536380896942521e-01
5.122945584700357990e-01
5.122820118936318723e-01
5.123027263798866082e-01
5.125665345054909450e-01
5.122687322237010621e-01
5.123017601479248340e-01
5.122663393951187860e-01
5.122768117613701877e-01
5.122936979168293270e-01
5.123384843504888986e-01
5.122880873222978027e-01
5.123184929873422222e-01
5.122690604192007280e-01
5.123328115772763924e-01
5.122662450115660349e-01
5.122954641049174418e-01
5.122726029436888151e-01
5.122795737292454854e-01
5.122875747109640887e-01
5.123678377029691200e-01
5.122631546739446762e-01
5.123316724142639167e-01
5.122769726057102568e-01
5.123098108684407404e-01
5.122626520904327574e-01
5.122672189189232395e-01
5.122387148421848613e-01
5.123186772037436887e-01
5.122640561129239156e-01
5.124058139129048506e-01
5.122560817603624139e-01
5.123104029635231482e-01
5.122385954629636862e-01
5.123106594709783135e-01
5.122540818462828494e-01
5.122967883419240476e-01
5.122702726103717241e-01
5.122994134865312965e-01
5.122425232481923052e-01
5.124381632354931826e-01
5.121730567656821442e-01
5.121349374663838327e-01
5.121520070733327490e-01
5.121784612514892476e-01
5.121642588131398721e-01
5.121743024777681841e-01
5.121439413575339383e-01
5.121615822739433721e-01
5.121360203491935881e-01
5.121564228719569511e-01
5.121471301139027821e-01
5.121616842240122036e-01
5.121365090969869360e-01
5.121675183081404459e-01
5.121434965989928312e-01
5.122399100203688382e-01
5.121408527084960749e-01
5.124988027333835516e-01
5.121364433992541265e-01
5.122654709662611827e-01
5.121275937291966951e-01
5.121872495546784254e-01
5.121396229976544756e-01
5.122285925083847058e-01
5.120976480517510643e-01
5.121222974983593579e-01
5.120889362000889955e-01
5.121251980278875848e-01
5.121190915256462750e-01
5.120894944411300553e-01
5.120959460038977396e-01
5.122285355492949277e-01
5.120928878009214369e-01
5.121069123363135578e-01
5.120871001725382232e-01
5.121235988129996253e-01
5.120846667011266229e-01
5.120937772174658509e-01
5.120894371272270984e-01
5.121731834429722463e-01
5.121157138273650933e-01
5.121147144922815198e-01
5.121174180244802976e-01
5.120973310775303045e-01
5.120924732233526067e-01
5.120866412572655513e-01
5.120867281099900081e-01
5.120894773192384841e-01
5.120959469038334211e-01
5.120962878177107713e-01
5.120901692670685179e-01
5.120833454274948959e-01
5.120956167854623375e-01
5.120922193337460460e-01
5.120886615944050257e-01
5.120860716098627474e-01
5.120903573152351118e-01
5.120836682776732651e-01
5.120907481719780829e-01
5.120836929524957837e-01
5.120804646754500977e-01
5.120791002968123617e-01
5.121022028635880963e-01
5.120740979437685692e-01
5.121444129328881489e-01
5.120717390136402258e-01
5.120446942850278571e-01
5.120661031012533337e-01
5.120596377947282951e-01
5.120612962872428398e-01
5.120345194793235466e-01
5.120346506919106755e-01
5.120359934338920560e-01
5.120373127841796324e-01
5.120349769668667284e-01
5.120365632371045583e-01
5.120357680844923598e-01
5.120270362462078229e-01
5.120625479093035004e-01
5.120428307542912449e-01
5.120295645274722807e-01
5.120259450150720371e-01
5.120227666537633393e-01
5.120199955914876977e-01
5.119641590506048834e-01
5.119626949269379113e-01
5.119682780339558370e-01
5.119609466318504332e-01
5.119640914846536051e-01
5.119677560035201802e-01
5.119353022791294228e-01
5.119304317270865212e-01
5.118853448451679000e-01
5.118355128452636293e-01
5.118478297992506976e-01
5.118548163203711088e-01
5.118233662807801787e-01
5.118038685792944964e-01
5.118139301175638201e-01
5.117430993632761105e-01
5.116748189189695983e-01
5.116998523912196228e-01
5.116859795856195658e-01
5.116426953705266456e-01
5.116405936635812779e-01
5.116077345460097181e-01
5.116056503149501999e-01
5.115944887979244626e-01
5.116008379590711863e-01
5.115911683424664291e-01
5.115905133266231974e-01
5.115949234645968957e-01
5.115905801616908999e-01
5.115615936583426393e-01
5.115630528538145372e-01
5.115374861432355758e-01
5.115429614599062980e-01
5.115311554474806233e-01
5.115364307864401772e-01
5.115482282617049847e-01
5.115329995014354925e-01
5.115445166847909508e-01
5.115375650891540449e-01
5.115339747513120150e-01
5.115796871767761544e-01
5.114485571528403218e-01
5.114145721000048495e-01
5.113952576166796993e-01
5.113871165585950340e-01
