9.623908819837276862e-01
9.669790942764129316e-01
9.713062462343957648e-01
1.006924151104614529e+00
9.391777457042800314e-01
9.589674986577899629e-01
9.628615118334691303e-01
1.028316886193565427e+00
9.426211580606362883e-01
9.392229962741774907e-01
9.395192990342563499e-01
9.385823898919689601e-01
9.362301156282187842e-01
9.133888507010714530e-01
9.193284608942449143e-01
9.134182746105358186e-01
9.141596077652297536e-01
9.201559754070813835e-01
9.532087803719905272e-01
9.091528606220706799e-01
9.112911979361895121e-01
9.096134676372772399e-01
8.927882901938744009e-01
9.466854446916522781e-01
9.128958489995440129e-01
9.020249574756571409e-01
8.934991749637000158e-01
9.052715088808201971e-01
8.930848908435849998e-01
8.925215512082632641e-01
8.898112504245303533e-01
9.034673782101337869e-01
9.232002718538500075e-01
9.374900997705972738e-01
8.901873104535172887e-01
8.891132734025301021e-01
8.940348609022444881e-01
9.212709916164543156e-01
8.877930586881070951e-01
8.878000805874166623e-01
8.879940957722765038e-01
8.897991453898929093e-01
9.408069040617659251e-01
9.423579235704747648e-01
9.015957633758155954e-01
8.869606923817017208e-01
8.971106066380196697e-01
8.869606923817017208e-01
8.869606923817017208e-01
8.874784138398840172e-01
8.743338569246267289e-01
8.925911045553915901e-01
8.845057706011849596e-01
8.743338569246268399e-01
8.743662172425589185e-01
8.876346301630955171e-01
8.920263381617183907e-01
8.743338569246267289e-01
8.743338569246268399e-01
8.743338569246268399e-01
8.777741429842277343e-01
8.943547920644340232e-01
8.911767131616262771e-01
8.940730756920978184e-01
8.743338569246268399e-01
8.743338569246268399e-01
8.743338569246268399e-01
8.743338569246268399e-01
8.743338569246268399e-01
8.960919304365111415e-01
9.085401449407677354e-01
8.743338569246268399e-01
8.743338569246268399e-01
8.743338569246268399e-01
9.376647933704693738e-01
8.743338569246268399e-01
8.743338569246268399e-01
8.471658699199758891e-01
9.470917741324094141e-01
8.498835663605228685e-01
9.321662142409455898e-01
8.447567374988974587e-01
9.425800471404095493e-01
8.559128510903664111e-01
9.507698603346241839e-01
8.607988725371191752e-01
9.403496546144071155e-01
8.450804249771961540e-01
8.973422766000668238e-01
8.449156000652370269e-01
8.747434997064273965e-01
8.617146742948824656e-01
8.792567472452536004e-01
8.456514362500916482e-01
8.522691524006286157e-01
8.449025199926555318e-01
8.534363918556138184e-01
8.439301364083563461e-01
8.439947789093923403e-01
8.663145544732258063e-01
8.303352260591759793e-01
8.475576296604876436e-01
8.173388869283930713e-01
8.478726144653718766e-01
8.233193630252525486e-01
8.173506974551416615e-01
8.094345296011508095e-01
8.093744548360752855e-01
8.229383419238890385e-01
8.126812006540683475e-01
8.460506445688932287e-01
8.091345756070386086e-01
7.687071035549914999e-01
7.726526819817843839e-01
7.938478802352141317e-01
7.692580418701711054e-01
7.674832575832669646e-01
8.149352178826616555e-01
8.423061255213067922e-01
7.688583086321140181e-01
8.992842125184064006e-01
7.675940314818189281e-01
7.682815261154326558e-01
7.676194422936856165e-01
8.370094008495404525e-01
7.670979444434389283e-01
9.320002233950249737e-01
7.707475275604035447e-01
7.602379540660475499e-01
7.596557071092041591e-01
7.776566830566219446e-01
7.596557071092041591e-01
7.325495367926969648e-01
7.325495367926969648e-01
7.926708329015659249e-01
7.492006486364231055e-01
7.581065963294277843e-01
7.309878018738510397e-01
7.164771800905379573e-01
7.163278436998883336e-01
7.634543112808354071e-01
7.163278436998885557e-01
7.239589111671218546e-01
7.163278436998885557e-01
8.717745795580555956e-01
7.163278436998883336e-01
8.551252161749482994e-01
7.163278436998885557e-01
6.869545602668504225e-01
6.869545602668504225e-01
7.175562305706866262e-01
6.869545602668504225e-01
7.377391423992215591e-01
6.869545602668504225e-01
7.046728796059890110e-01
6.869545602668504225e-01
7.184926576740650050e-01
6.869545602668504225e-01
7.040007516589135150e-01
6.869545602668502005e-01
7.169127254923770565e-01
6.869545602668502005e-01
7.824465827513720217e-01
6.892899191045748220e-01
6.818477116183975228e-01
6.820668074466545994e-01
6.832528807886877331e-01
6.749583885489688351e-01
7.061075686295017473e-01
6.700333817607189157e-01
7.459687094596704204e-01
6.702153709702977080e-01
7.385605135696333701e-01
6.699874718100703452e-01
6.718566233362018858e-01
6.698246161409757704e-01
7.399682013810953141e-01
6.698412691034251187e-01
6.941638352028712822e-01
6.703515237442984054e-01
6.969053434204609543e-01
6.708734809027755430e-01
6.991282741214481788e-01
6.695359672952756469e-01
6.863536150180979956e-01
6.666201471066041107e-01
6.786336426869827854e-01
6.667374275379199799e-01
6.857957365849779441e-01
7.001303241827654400e-01
7.159559297332085404e-01
6.703053015974363982e-01
7.522383600409658921e-01
6.659764941985386599e-01
7.621316943773701613e-01
6.723035843194519190e-01
7.246160591720256505e-01
6.848968976629082883e-01
7.354401892243648264e-01
6.692285699433594415e-01
7.270843047225261646e-01
6.580431607770462765e-01
6.669151111937564602e-01
6.578533479964654429e-01
6.714831676336349142e-01
6.581114586247980291e-01
6.619978453278629882e-01
6.569051614120998694e-01
6.796600904958476352e-01
6.569051614120999805e-01
7.473208738819374641e-01
6.565502768881350537e-01
7.242509983651990169e-01
6.565502768881350537e-01
7.563167992023229758e-01
6.540862096800976744e-01
7.325793572156497069e-01
6.586416398280827700e-01
7.575027589569705011e-01
6.648258109129490112e-01
6.866096676701781698e-01
6.538830371320634161e-01
6.821586810657946920e-01
6.538830371320633050e-01
6.908294328424010589e-01
6.538830371320633050e-01
6.547144296647036121e-01
6.538830371320633050e-01
6.884644907006839398e-01
6.527074748235994761e-01
6.665213995816657855e-01
6.516127613582152200e-01
7.243699662344308399e-01
6.516127613582147760e-01
6.788994904859636526e-01
6.516127613582148870e-01
7.057749660154981619e-01
6.516127613582148870e-01
7.042075386857967745e-01
6.516127613582147760e-01
6.649692069144690354e-01
6.516127613582154421e-01
6.821862714230698677e-01
6.562620666879793729e-01
6.787116828445177719e-01
6.516127613582159972e-01
7.195922561817604812e-01
6.516127613582147760e-01
6.681026058258631162e-01
6.511018203951151051e-01
6.544772299661134607e-01
6.504170525504571199e-01
6.500469524751170125e-01
6.988794221421003039e-01
6.451002791618398735e-01
6.454424487935258581e-01
6.211821837606460450e-01
6.368559062691483419e-01
6.755540656971068536e-01
6.202931575017945898e-01
6.976579114638941093e-01
6.201741026972097393e-01
6.809930119546161453e-01
6.730468245797376348e-01
6.872131678580086778e-01
6.223553380696753567e-01
7.060170690907520141e-01
6.204472428520718674e-01
6.724710273329949084e-01
6.199529278680359079e-01
6.585120581637977644e-01
6.197764292620401294e-01
6.280453977090276751e-01
6.154145956562649955e-01
6.169560900189738906e-01
6.200963138225720206e-01
6.385983972489225335e-01
6.150822110224389849e-01
6.159763077409406984e-01
6.423495351921086893e-01
6.651437857616355753e-01
6.176470295183170700e-01
6.987939102135973801e-01
6.166376310769823288e-01
6.750044822080233375e-01
6.113163325028201367e-01
7.126217284465690138e-01
6.302163156509187347e-01
7.728512309529695923e-01
6.115311056923564692e-01
6.168601280681732524e-01
6.116121450773597257e-01
6.317395674474824974e-01
6.092437358818282300e-01
6.509280998170512422e-01
6.092437358818281190e-01
6.093225144914458102e-01
6.330235600034326282e-01
6.191042383833305074e-01
6.092437358818282300e-01
6.345496496167348788e-01
6.108042686004113708e-01
6.095463002169327904e-01
6.090917646662393770e-01
6.703068427328683354e-01
6.412619818110891767e-01
6.362258256828356995e-01
6.082943565516879536e-01
6.505298360764961707e-01
6.033624372421130255e-01
6.354343364241008540e-01
6.071294606782975389e-01
6.186924889727318799e-01
6.033624372421130255e-01
6.042998628688807106e-01
6.033624372421130255e-01
6.141292637917097341e-01
6.033624372421114712e-01
6.181492578838850838e-01
6.033624372421138027e-01
6.079128023690254512e-01
6.033624372421111381e-01
5.997772877066843700e-01
5.997772877066839259e-01
5.983239778012138244e-01
5.983239778012157117e-01
5.974692332720334953e-01
5.974692332720340504e-01
5.966657316173404890e-01
6.054492562761291108e-01
6.914625721487923649e-01
6.393478597090304083e-01
6.299984505711315741e-01
5.968766732400602182e-01
6.603269240217711777e-01
6.032847920033527211e-01
6.753322354388132664e-01
6.043160939481435623e-01
7.228593573641065584e-01
6.287402822778047629e-01
6.524818128160972952e-01
5.966219309400068171e-01
6.813805674121254929e-01
5.953221615069731465e-01
7.191201158800579751e-01
5.920459839520957335e-01
6.824243117057943175e-01
6.015338299126649080e-01
6.439340032633642519e-01
5.913847102481073481e-01
6.478393866256108025e-01
5.912068380313392213e-01
6.911360933425126918e-01
6.861636695539049535e-01
6.632239490385596348e-01
5.905596421960735976e-01
6.253138409247159801e-01
5.956960172575739287e-01
6.040872304961323325e-01
5.899730699519567523e-01
5.993962235451030240e-01
5.913797604458918000e-01
6.045908397952723945e-01
5.960131696946237012e-01
6.609496499720695084e-01
5.933743460462539421e-01
6.577465586085133875e-01
5.869967637073277844e-01
6.365002836184010526e-01
5.869138559580285852e-01
6.268971476242136687e-01
5.865913931223949440e-01
6.297518980159675372e-01
5.860905057549693487e-01
6.098399444600300923e-01
5.876426481096599375e-01
6.316355235742633356e-01
5.826265251205993145e-01
5.964386699720940488e-01
5.829947688317039800e-01
5.911412696444234838e-01
5.832466774924708330e-01
5.965128533478094575e-01
5.826265251205989815e-01
5.889992318224892554e-01
5.826265251205994256e-01
5.891356151485737103e-01
5.872398813321890731e-01
6.634633271684579059e-01
5.825801202832595616e-01
6.303990556823378943e-01
5.818478006247284062e-01
6.874587785002701512e-01
6.031582646622741795e-01
6.211956294588576455e-01
5.891877296996195223e-01
6.630621542699430826e-01
5.858260053261853395e-01
7.019608093469711374e-01
5.818478006247280732e-01
6.100994108132342664e-01
5.818478006247280732e-01
6.485567425624948479e-01
5.818478006247278511e-01
6.674272998498708143e-01
5.818478006247246315e-01
6.393375927507757295e-01
5.818478006247220780e-01
6.991924491329530866e-01
5.791305209372739071e-01
6.131071104021734719e-01
5.791305209372737961e-01
5.976806723685534894e-01
5.787957788605546661e-01
5.898658893635182476e-01
5.787957788605555542e-01
6.639607185204484674e-01
5.784695871634168984e-01
6.465000742161545189e-01
5.784695871634154551e-01
6.342173327019164919e-01
5.783933947567521106e-01
6.650832476541380656e-01
5.782368245808630070e-01
6.635956461867971168e-01
5.846094931025609398e-01
6.010559266676586132e-01
5.787520893687866375e-01
6.163191682451394371e-01
5.848268894534003337e-01
5.939885877131546588e-01
5.781885804281415853e-01
5.921785371232867190e-01
5.920825245072030008e-01
6.312581065119196033e-01
5.905105886897943357e-01
8.102317741736216883e-01
5.779044467124396789e-01
6.274567074089804075e-01
5.776091657761481812e-01
6.199503388387869185e-01
5.770396095502259293e-01
6.254986868206129369e-01
5.764779269267774620e-01
6.022823261602956446e-01
5.769965385578093020e-01
5.842270448876096811e-01
5.778996580747736145e-01
6.281275530605685553e-01
5.717845215847974227e-01
6.105235715724910417e-01
5.724612312302452821e-01
5.842644622267575416e-01
5.735091334075693714e-01
6.620803511930904994e-01
5.715503347707802106e-01
6.335417860199293871e-01
5.719875722649317984e-01
6.775021923925905742e-01
5.715950855751785742e-01
6.365345435013525233e-01
5.728645828313860822e-01
7.072099557729478736e-01
5.711994354522876849e-01
6.072662198821087154e-01
5.693453292055892234e-01
6.099070145387704978e-01
5.696802507170797281e-01
5.874777056294187005e-01
5.690506221806271858e-01
6.243774975015816686e-01
5.690506221806250764e-01
6.480841193588735560e-01
5.690506221806242992e-01
6.262315727088009210e-01
5.688980773460383666e-01
6.475803288879090625e-01
5.695629449188133187e-01
6.012020938027295980e-01
5.688980773460385887e-01
5.842848014851425020e-01
5.688980773460384777e-01
7.052943594870813016e-01
5.688980773460377005e-01
5.958431280287663778e-01
5.688980773460384777e-01
5.937239476822360196e-01
5.688980773460369234e-01
6.467442507736835822e-01
5.691071705724093377e-01
6.556867960213088597e-01
5.634396228763657311e-01
6.041074144360237819e-01
5.634396228763660641e-01
6.300160503770551035e-01
5.636892570203838604e-01
6.218321692521173727e-01
5.634396228763651759e-01
6.696896947321770988e-01
5.635390911743878295e-01
6.013605582972915142e-01
5.664453251679743007e-01
7.769031313877829970e-01
5.634396228763621783e-01
6.184010629853275987e-01
5.634091410774105801e-01
5.859647108808476723e-01
5.701028184253361664e-01
6.104114624935116362e-01
5.822740829649313277e-01
6.079441553153059896e-01
5.634694918525552376e-01
5.773706871553646591e-01
5.849771666858946118e-01
6.515388974194471494e-01
5.646356365248184073e-01
5.950647709321736922e-01
5.701717740967101600e-01
5.830751581271224060e-01
5.632265188343741347e-01
6.205139739381639874e-01
5.660805637989543282e-01
6.521418647226947529e-01
5.686856647713020019e-01
6.008418677868033742e-01
5.611503580148117232e-01
6.538201454087538833e-01
5.739778156514122598e-01
6.774378890743560921e-01
5.606721518684202321e-01
7.088980067427407272e-01
5.686101131175038681e-01
6.033864558736304895e-01
5.597050988827222406e-01
5.795452381403713993e-01
5.599805297199054177e-01
6.024381038008876921e-01
5.626459752667676284e-01
6.575061714016081638e-01
5.604876925061154092e-01
6.352474857839183198e-01
5.660108951329763105e-01
6.203584182652019940e-01
5.600195946158513793e-01
5.892727605665153412e-01
5.624589955247919493e-01
6.672598525545822001e-01
5.641501077570595379e-01
5.942933422664866683e-01
5.618421573347357478e-01
5.886875286100925475e-01
5.716058507042238723e-01
5.802382689613825306e-01
5.734086622444691805e-01
5.948645985210794240e-01
5.600202886703433691e-01
6.483157850489932317e-01
5.934428980846150337e-01
5.582279379929478980e-01
5.822508283083212000e-01
5.575137500929907564e-01
5.617807982723064253e-01
5.570561433775629290e-01
5.637746484813805914e-01
5.571626262033512189e-01
5.717602886971427933e-01
5.570738356909581412e-01
6.125638850683960968e-01
5.560420244345350982e-01
5.713018553151127943e-01
5.559262282914283482e-01
5.635998247984611575e-01
5.559262282914260167e-01
5.563503823704221141e-01
5.559262282914261277e-01
5.645043434654719583e-01
5.558998060213864445e-01
5.715078505407449327e-01
5.557490545358718670e-01
5.561440585421145721e-01
5.557228621321265161e-01
5.556837179014845196e-01
5.558565887399888883e-01
5.636073940747797772e-01
5.556837179014837425e-01
5.646663372917715140e-01
5.553407702886743458e-01
5.585826040736121545e-01
5.557111067336628629e-01
5.592252259689548533e-01
5.564603513474267737e-01
5.910368092436092402e-01
5.600724375586788595e-01
5.614124754064278022e-01
5.594416452970969456e-01
5.607885875441463996e-01
5.555087358413990373e-01
5.732451333938177740e-01
5.566701938712490527e-01
5.758251288468482221e-01
5.600113002258042538e-01
5.863644116098060133e-01
5.592555804055140412e-01
5.666837612573780714e-01
5.552761499729822470e-01
5.562143855075299959e-01
5.557078443152526637e-01
5.561428827730419133e-01
5.537180756001670590e-01
5.718561317528865207e-01
5.560814339426436437e-01
5.731453858710985338e-01
5.484200367026270673e-01
5.660264141220233691e-01
5.495669012233241890e-01
5.478951420062918576e-01
5.541319858851045943e-01
5.391280021013363788e-01
5.416421677578682203e-01
5.510748549002881802e-01
5.401700318945048540e-01
5.509004063188241984e-01
5.411218765159163668e-01
5.631940952632441544e-01
5.464449264682714746e-01
5.610314522047228358e-01
5.422197288276178195e-01
5.541034737443121250e-01
5.407229766231245183e-01
5.446804297721996591e-01
5.388464670574715232e-01
5.472049553898369334e-01
5.391135555117398948e-01
5.336394393235860401e-01
5.374340426508629198e-01
5.975000079810327547e-01
5.327613876791799097e-01
5.477118016856538096e-01
5.331284204021004003e-01
5.253963984593886805e-01
5.223924726424764575e-01
5.406873541566554753e-01
5.215353311087297383e-01
5.451094671503845523e-01
5.216223581108107021e-01
5.262007481561803424e-01
5.224756837855709657e-01
5.401949028001344910e-01
5.210094952166706150e-01
5.262345388658120626e-01
5.293237417420735280e-01
5.364335471724883675e-01
5.213748560795957721e-01
5.616367384587422906e-01
5.323874895102455040e-01
5.261236749821148750e-01
5.207682819837161636e-01
5.374895336204806862e-01
5.207682819837142763e-01
5.461378098428314454e-01
5.207682819837143873e-01
5.286734758419052715e-01
5.208850490587543236e-01
5.238778521194309423e-01
5.210093678711997800e-01
5.429789902627394360e-01
5.208779319343292968e-01
5.230603632034912520e-01
5.220711670747415489e-01
5.227568931725435908e-01
5.221255944690113004e-01
5.249198519398114993e-01
5.204621253597992991e-01
5.219910796052311674e-01
5.204621253597980779e-01
5.343673171044425185e-01
5.206345700453047787e-01
5.188479252464781588e-01
5.228432980651029904e-01
5.203509420395744378e-01
5.258509013858727599e-01
5.212032736622043139e-01
5.190568814887006610e-01
5.170740578308042901e-01
5.182024388810789750e-01
5.239064827669313029e-01
5.168749092895177366e-01
5.172358430203126689e-01
5.232340668099914049e-01
5.272779066973602990e-01
5.175620203871845737e-01
5.235086931361608853e-01
5.178963106746692358e-01
5.310742703255885155e-01
5.187566700370769279e-01
5.205866023030402134e-01
5.170003137723588882e-01
5.217445645805054433e-01
5.166172786644585013e-01
5.213641654607744647e-01
5.205268726040299665e-01
5.194969005530295503e-01
5.145890150461561730e-01
5.442555151410582992e-01
5.155359192727668738e-01
5.268135067738426436e-01
5.154016654583303270e-01
5.215314927174774517e-01
5.143350284092230718e-01
5.614877869432057800e-01
5.150449097606430993e-01
5.218160728251852731e-01
5.206681973595109758e-01
5.398535327314810672e-01
5.113706631312675555e-01
5.168098101980002079e-01
5.236217363489970023e-01
5.327568692309478937e-01
5.132861719355686914e-01
5.282808600625246154e-01
5.133655987758043437e-01
5.341266854112469709e-01
5.066993688002835450e-01
5.211643688112684858e-01
5.091328211618639799e-01
5.314359569736223365e-01
5.099613491301930868e-01
5.235245746363459407e-01
5.086344727136948851e-01
5.265691417415813147e-01
5.090174353014182973e-01
5.282616942016505890e-01
5.111560401356529670e-01
5.224929212255642330e-01
5.050062759969216053e-01
5.133031045997621389e-01
5.042978353783020840e-01
5.158515729843371478e-01
5.040719176720692696e-01
5.163043697116884712e-01
5.021547569358907337e-01
5.027928043695978344e-01
5.021981532110055824e-01
5.039646856625404903e-01
5.033861737248018775e-01
5.061410816431622939e-01
5.020099982716507148e-01
5.102748958110452371e-01
5.021357248211736346e-01
5.055465075589671287e-01
5.017594971780933166e-01
5.075337629557126196e-01
5.017914859958670926e-01
5.020083316259553730e-01
5.017594971780925395e-01
5.018917642499319820e-01
5.035366386800050886e-01
5.090895096974699108e-01
5.011010523326773214e-01
5.166715085720746670e-01
5.016024479245790868e-01
5.064167425815626622e-01
5.048607250602120677e-01
5.204118916598792222e-01
5.050506122849123258e-01
5.042227528653244750e-01
5.007878047976097591e-01
5.137490611983394073e-01
5.052926955802843345e-01
5.003681138366339320e-01
5.007402702662397953e-01
5.061415679277134760e-01
5.024040939782852266e-01
5.041616538895746791e-01
5.024628467058258607e-01
5.234762047247886185e-01
4.999156020236921738e-01
5.449031825458336975e-01
5.078016481811727934e-01
5.133536067017251403e-01
4.975297283350099131e-01
5.281445458152381756e-01
5.060798429193701375e-01
5.130505927173109049e-01
4.964720616970288991e-01
5.103978460966498432e-01
4.967126270905000696e-01
5.049234623665606048e-01
4.959014924338239205e-01
5.202007949574751766e-01
4.975734593816830142e-01
5.225619273423119937e-01
5.022447084323731215e-01
5.081183705355655222e-01
5.116820197450572261e-01
5.138635272179377100e-01
5.039059472270215334e-01
5.076062368165907834e-01
4.994572926343491259e-01
5.148615140749159824e-01
4.970327965501977197e-01
4.988909549742835958e-01
4.990482295659279810e-01
5.251615843575925258e-01
4.954580456664844923e-01
5.067651644049202542e-01
4.965500772598361312e-01
5.089259460389570222e-01
4.994149941676538917e-01
5.056696450904313300e-01
4.944449757824348479e-01
5.068294093604699402e-01
4.956623037572617796e-01
5.052380350820866450e-01
4.937158427828027829e-01
4.962486570508903849e-01
4.951638098319201542e-01
4.981722886361336644e-01
4.940880109364552131e-01
5.045685058861055783e-01
4.930706684809756934e-01
4.985866600106287905e-01
4.933047782276015480e-01
4.960876513206603500e-01
4.930120107983481659e-01
4.989560772820731960e-01
4.930181773981154869e-01
4.949258315418920695e-01
4.929558442050696043e-01
5.104522076958570853e-01
4.927754828472240001e-01
5.103164756448429484e-01
4.952215073751416452e-01
5.099935116985145900e-01
4.928345560712183993e-01
5.044405744560999105e-01
4.928013406992515222e-01
5.008442843737567207e-01
4.927577422982638011e-01
5.083203648488086035e-01
4.927884463003632254e-01
4.981422664131905931e-01
4.927577422982646338e-01
5.087125830791300318e-01
4.935201955076296554e-01
4.957152064001160152e-01
4.920506340927160993e-01
4.935001459215631603e-01
4.953829562854573654e-01
5.093033208316065652e-01
5.017112967676514712e-01
5.017100227120114830e-01
4.916792510232326219e-01
5.075452859018354523e-01
4.920989015618513207e-01
5.092072299318834983e-01
4.969013010072099168e-01
5.060900099023276644e-01
4.942015145540327170e-01
4.978423071634829888e-01
4.944598494082136364e-01
4.971847750574501790e-01
4.936002311162591139e-01
4.971849283912505579e-01
4.911720253103630807e-01
5.044832374248320317e-01
4.956590632571493682e-01
5.091669967191289059e-01
4.903612557513847281e-01
4.903762118191378194e-01
4.970410298753834555e-01
4.916153911937507504e-01
4.910874693236229604e-01
4.931785112281484862e-01
4.986276394008414825e-01
4.900009839451608951e-01
4.975231830639035291e-01
4.882783697955235813e-01
4.910308918065185990e-01
4.867805434988577429e-01
4.908520821059092487e-01
4.869576283489011614e-01
4.924862436406319266e-01
4.875248995326576518e-01
4.895958860946921232e-01
4.871064812629779528e-01
4.995366635337340488e-01
4.894160530123168873e-01
4.898300587499483383e-01
4.864747644007628713e-01
4.932720069257777173e-01
4.914462423403292979e-01
4.844495531991799275e-01
4.837356711046644220e-01
4.834292207826720311e-01
4.833053909253693381e-01
4.816634633669597543e-01
4.818332297240516260e-01
4.800597219415652650e-01
4.802118287572101907e-01
4.790447213767438650e-01
4.788233419317513562e-01
4.806083760819599426e-01
4.790708421577402065e-01
4.837090125578832334e-01
4.786028264706689850e-01
4.789921818151847144e-01
4.789725701073617170e-01
4.784328110467790385e-01
4.786850178737291350e-01
4.812701103502893263e-01
4.783677495002072733e-01
4.819776810464205807e-01
4.786552903380205670e-01
4.824124133821823812e-01
4.793623137576547566e-01
4.831971430087503849e-01
4.783044130946524364e-01
4.799358978432108347e-01
4.783709548826170499e-01
4.813817517431918658e-01
4.782345980646151018e-01
4.813044265754382600e-01
4.815684249168721287e-01
4.800670424095199174e-01
4.775747426985649247e-01
4.768258339789194222e-01
4.760687858099473813e-01
4.735789081344381479e-01
4.750247890120832817e-01
4.777119932679231851e-01
4.754660178898018619e-01
4.718202690801444055e-01
4.717132762944390434e-01
4.709217849161005942e-01
4.708193291313546025e-01
4.697787913839044371e-01
4.679000589899826035e-01
4.711045233733506810e-01
4.693181793352924069e-01
4.709853877925705978e-01
4.680913562187082322e-01
4.670453271360792691e-01
4.673910380552859789e-01
4.697129792088394207e-01
4.710288246180073246e-01
4.716065066974161057e-01
4.655049425136766894e-01
4.630604753392046358e-01
4.649443452568181590e-01
4.662839125248807171e-01
4.629514175267931408e-01
4.694172609304218535e-01
4.650301467273806888e-01
4.628747106858976390e-01
4.654438880711824766e-01
4.592230606602670240e-01
4.594732358948651063e-01
4.598852863954815962e-01
4.592115476462834134e-01
4.602565830150849302e-01
4.617089586883570407e-01
4.628026435116143200e-01
4.617436178404365488e-01
4.653381008003333319e-01
4.593467148491711116e-01
4.587109182051149481e-01
4.588169895264970211e-01
4.603850569406012783e-01
4.576499521656051117e-01
4.582969184869385981e-01
4.579891696539328261e-01
4.576527387214067710e-01
4.567286276450093219e-01
4.571264988152948239e-01
4.563588539437022917e-01
4.572677509931468154e-01
4.567101741399905990e-01
4.591447627352503447e-01
4.590494684606795106e-01
4.583312096850915007e-01
4.572110973815061152e-01
4.558548329218224948e-01
4.572172328173464972e-01
4.582491956154083335e-01
4.551969212777926543e-01
4.573581622809155811e-01
4.545675635488951594e-01
4.543176646231752436e-01
4.537849757421565933e-01
4.531945959574141813e-01
4.554278425721761669e-01
4.482196227369152353e-01
4.471142143477743192e-01
4.461880681684639027e-01
4.464467205530276983e-01
4.465412846300799710e-01
4.471092917542735523e-01
4.480637806839606885e-01
4.466901945797895901e-01
4.437215654994518532e-01
4.437899686226912110e-01
4.451980463809603883e-01
4.439098174998656332e-01
4.460662423303966562e-01
4.439392096912990193e-01
4.498737579565371680e-01
4.500598562648537859e-01
4.482726530000133436e-01
4.439241654442476204e-01
4.421168512901050285e-01
4.425669937532619724e-01
4.412269091444797620e-01
4.419747408482637696e-01
4.449632853244968045e-01
4.409595308558355020e-01
4.390999909573392590e-01
4.420708536576939407e-01
4.379064380004103474e-01
4.387271672825847624e-01
4.394806659987849917e-01
4.399846722379291974e-01
4.392007398980147248e-01
4.389217219788987268e-01
4.451317498491457747e-01
4.383715030810906854e-01
4.409013474959324053e-01
4.376528377611427767e-01
4.382803318676068982e-01
4.385635239083005565e-01
4.409424071660328348e-01
4.381784783456124654e-01
4.491412013962127192e-01
4.356332633174159752e-01
4.415891048845931310e-01
4.376223789874031933e-01
4.392540088316789770e-01
4.346750793472489716e-01
4.356078838330996184e-01
4.346901458928694173e-01
4.345102987068455436e-01
4.364820270538630753e-01
4.344445399191094737e-01
4.345966242256582013e-01
4.336735921983561060e-01
4.349239352842255157e-01
4.401896289620507163e-01
4.350214175221197577e-01
4.320202745955263879e-01
4.318411742403476250e-01
4.317662585262577180e-01
4.321849021766237531e-01
4.344101802539761525e-01
4.304262325344891393e-01
4.332504855784174991e-01
4.303030098364560296e-01
4.330748326267391257e-01
4.297773298725252600e-01
4.352797466700463747e-01
4.303232712124534509e-01
4.328350977336820615e-01
4.308869666654901454e-01
4.288515066501063511e-01
4.287862511773050112e-01
4.299521906615407785e-01
4.279271571862863777e-01
4.318532638991566808e-01
4.294034769519560202e-01
4.309328223064005647e-01
4.280592818233599495e-01
4.360627517929828723e-01
4.238292771394997493e-01
4.314262200337918296e-01
4.235886901448363551e-01
4.224568462902770216e-01
4.224163536504388361e-01
4.236962042325638778e-01
4.235243159658870771e-01
4.256923960568458343e-01
4.226783190301294790e-01
4.232117931581665937e-01
4.222350941051168371e-01
4.284424711557936472e-01
4.228580654686754370e-01
4.219621027758949650e-01
4.222862240721617644e-01
4.218878416977786538e-01
4.216887615308702597e-01
4.222141047888611776e-01
4.219174780614353137e-01
4.233964849227505600e-01
4.181899048017725384e-01
4.185195107603589815e-01
4.200722919374018649e-01
4.293050886629881102e-01
4.190224397901022302e-01
4.146644262292521477e-01
4.177916017476835941e-01
4.122198164224342709e-01
4.135713998263395585e-01
4.139096755639722347e-01
4.146875556303155075e-01
4.114747323922279820e-01
4.113704586710364985e-01
4.103777099918640148e-01
4.103053284879588647e-01
4.156284135040759775e-01
4.110665463621168136e-01
4.148180229585995415e-01
4.124646888842071757e-01
4.108960125091667415e-01
4.082767714768445466e-01
4.056105246168609790e-01
4.084001979974843932e-01
4.117542804207242613e-01
4.054493732678289275e-01
4.069793862455790001e-01
4.056885565478927647e-01
4.058115850246407086e-01
4.049317203155466949e-01
4.057569828884759477e-01
4.049843514075287532e-01
4.033197812931029747e-01
4.049633509432229994e-01
4.070834011421466947e-01
4.042752689338245387e-01
4.043858366453535469e-01
4.040972468572562315e-01
4.050860617579515321e-01
4.043221719461546626e-01
4.059775487157324392e-01
4.045363091565606362e-01
4.060018862407943629e-01
4.035844853764910534e-01
4.034720345511091932e-01
4.029764750906614235e-01
4.051679772519058975e-01
4.019161016507564743e-01
4.039943315949301450e-01
4.020686018641370651e-01
4.098473132903248661e-01
4.018741914576415830e-01
4.048534341817501825e-01
4.033583483284290394e-01
4.042050551796337321e-01
4.016979410663622518e-01
4.047408352962691969e-01
4.035667257658261953e-01
4.056613379381567852e-01
4.016069730836421825e-01
4.066738047938752709e-01
3.999793080160732872e-01
4.045842110151335880e-01
3.997968666871909993e-01
4.042845050292279696e-01
3.999825728127127666e-01
4.010039215445339589e-01
3.993746482193034075e-01
4.022093724234851453e-01
3.994363935665101173e-01
3.990976843627022652e-01
3.987296698159998876e-01
4.030609142415499946e-01
3.989877375813916105e-01
4.019234887576588755e-01
3.996021391856339200e-01
4.006894407991087315e-01
3.988169170101507621e-01
3.995908745739572554e-01
3.990983890151949542e-01
3.990976711774339436e-01
4.010633897054883823e-01
3.994062313874887638e-01
4.015862549328478304e-01
4.038009685374807090e-01
4.039715763839383245e-01
4.020824454797288228e-01
4.029152948981987170e-01
3.987521534765994802e-01
3.977410314138832281e-01
3.973726225362451681e-01
3.975212213417143592e-01
3.971854294284852260e-01
3.981789910454055503e-01
3.984371708279329516e-01
3.969271584532433339e-01
3.960159263820446363e-01
3.962298546226612483e-01
4.053006604409246649e-01
3.961572262589574955e-01
4.017972190246543174e-01
3.968115950382448132e-01
4.019132251342757978e-01
3.970901403357802173e-01
3.971688168824312193e-01
3.969299239566532189e-01
3.957310629094418220e-01
3.955442100113383264e-01
3.952996308900919020e-01
3.950328898691332080e-01
3.960664843989090134e-01
3.952428068459902799e-01
3.976746141338514673e-01
3.965841513885602909e-01
3.971693628664031972e-01
3.963216655718331816e-01
3.982062839145769084e-01
3.941047527066114942e-01
3.941949492517360931e-01
3.943399463080768386e-01
3.988907121854804450e-01
3.973996866600867373e-01
3.968963194744305478e-01
3.955021412567437666e-01
3.978726264263784951e-01
3.958873066969142429e-01
3.934234930333411207e-01
3.957036998936438454e-01
3.961993435136089148e-01
3.935441029436705929e-01
3.991362954861616408e-01
3.934141814373171564e-01
3.947271444819786534e-01
3.948008973068417027e-01
3.937870408243420162e-01
3.931037901017979119e-01
3.935785101719549983e-01
3.922309374056772158e-01
3.954805311914765253e-01
3.916502287609765487e-01
3.916041232598665989e-01
3.911110873590288861e-01
3.932894503244623308e-01
3.906374885925016360e-01
3.969893967466847085e-01
3.904583554035789272e-01
3.961123333650841682e-01
3.905061913204677659e-01
3.919765755402100371e-01
3.908994705955223248e-01
3.945821409461818252e-01
3.903705075361362797e-01
3.924999330289541954e-01
3.911966904875566753e-01
3.888294403419779166e-01
3.900791164423039192e-01
3.876870807091699067e-01
3.887955218474613561e-01
3.905497191869347073e-01
3.901503008771740610e-01
3.935780869382690117e-01
3.860556053198430648e-01
3.862462911744062866e-01
3.872361374644683885e-01
3.864415444770827879e-01
3.860625323409648813e-01
3.864579995863481332e-01
3.889526702885444109e-01
3.908796051764416024e-01
3.880225589608097825e-01
3.888992468158858906e-01
3.863292757564004698e-01
3.887975504537938831e-01
3.874395487992704501e-01
3.883607790881819510e-01
3.873905183928974538e-01
3.886385128720201698e-01
3.861934750005487915e-01
3.879943450493736345e-01
3.859831300146036592e-01
3.907075236916056071e-01
3.865875754279343157e-01
3.886654525649830827e-01
3.864594216974988616e-01
3.875712962678357631e-01
3.868052952754455487e-01
3.882221363388425606e-01
3.865545375460580635e-01
3.871427127204403185e-01
3.861973023598921917e-01
3.885638148999915331e-01
3.874466259054517581e-01
3.862512082566174620e-01
3.860751353207036440e-01
3.865992660346564413e-01
3.858753610284309521e-01
3.880588659613231073e-01
3.862894228916801120e-01
3.896048310129639480e-01
3.872648179905957555e-01
3.867469653947200880e-01
3.874193376782033016e-01
3.874785558790219131e-01
3.871940966257781946e-01
3.880878801489008323e-01
3.863635127840449046e-01
3.881427647550896864e-01
3.884516071955441130e-01
3.886428108773924417e-01
3.860581952093649072e-01
3.883435453217323197e-01
3.862038786783732469e-01
3.891882857169223775e-01
3.860043027761572154e-01
3.883170505342264933e-01
3.856960930079701977e-01
3.873628476846245894e-01
3.858820648516103069e-01
3.894282209204875111e-01
3.874168312713394124e-01
3.902779132379369242e-01
3.862998148162242740e-01
3.886848658866507433e-01
3.868979012274372242e-01
3.869393930020362804e-01
3.868879505511432226e-01
3.867576863627043560e-01
3.859925815808869509e-01
3.859086412122091359e-01
3.849505298742515458e-01
3.881666798838229737e-01
3.854101433898363127e-01
3.881613083031924538e-01
3.846979550257862424e-01
3.860298212691457564e-01
3.851325796870343487e-01
3.861042042969294319e-01
3.859095725292392420e-01
3.847173095002132670e-01
3.850440080350570615e-01
3.849629154529797814e-01
3.849770162605066770e-01
3.854484324298079190e-01
3.853939778847105257e-01
3.845165293762680125e-01
3.855312441500292620e-01
3.842236925942317805e-01
3.847617897629868056e-01
3.844588893509540695e-01
3.847252813476925160e-01
3.843321572099920314e-01
3.840929470496973197e-01
3.848077745758119450e-01
3.845661186902359918e-01
3.841770864953706344e-01
3.839706022626241388e-01
3.842123064881348138e-01
3.845279621811612536e-01
3.845057338331061003e-01
3.844358595837230608e-01
3.836583657549368365e-01
3.842332558600428105e-01
3.830587791387088936e-01
3.849929241427472726e-01
3.838534177038404049e-01
3.837456661016562243e-01
3.834092367054387496e-01
3.833724970544899469e-01
3.831996151746485113e-01
3.828485556299480175e-01
3.826710138531031480e-01
3.830430166950183901e-01
3.833366509929335142e-01
3.835830877546782536e-01
3.834526016717176855e-01
3.830193494501556994e-01
3.828801132825445097e-01
3.833448562261402293e-01
3.830565025965914083e-01
3.823133276340530129e-01
3.822301299896095350e-01
3.819088059796392765e-01
3.821270766090970050e-01
3.816924187073306718e-01
3.818068304943816882e-01
3.821813380066383381e-01
3.813359496221914724e-01
3.813405391374001807e-01
3.815591664768782643e-01
3.827974362441682876e-01
3.817030317782807436e-01
3.820763339233472777e-01
3.816142003842145636e-01
3.823221685402695691e-01
3.813324963452874306e-01
3.820977104496084964e-01
3.809634321098546161e-01
3.814120685370028241e-01
3.809258422123252830e-01
3.816668983111558555e-01
3.809914007285337134e-01
3.806226570325129122e-01
3.803582025652519905e-01
3.791433835620424686e-01
3.798972440532854544e-01
3.788658853331238752e-01
3.792820186020947615e-01
3.785768211134345473e-01
3.790519554294550231e-01
3.779523081144765539e-01
3.778493220851022460e-01
3.798607889344269295e-01
3.789043422360617863e-01
3.783259483202979223e-01
3.784208092610585883e-01
3.780722928642441527e-01
3.777120830758090020e-01
3.774807752409918837e-01
3.773986967627942501e-01
3.776816241791715600e-01
3.775100234514336406e-01
3.776890329113358202e-01
3.774195707023617063e-01
3.774913143617322220e-01
3.773916186994860089e-01
3.783913671277714941e-01
3.774896877925219552e-01
3.776749550506383613e-01
3.780701642804698004e-01
3.774722997722951834e-01
3.776439690852850251e-01
3.783908902730330759e-01
3.776891153814767033e-01
3.777288599607717123e-01
3.773901628996444435e-01
3.768379233788100025e-01
3.764491468872422364e-01
3.769289266269281180e-01
3.769439368048632111e-01
3.764933509748091267e-01
3.764169934903817127e-01
3.768388769446514575e-01
3.764474249816953111e-01
3.770893456089521312e-01
3.767793249840616365e-01
3.766166153981655995e-01
3.760728765176401533e-01
3.753251689881273445e-01
3.756374868207215667e-01
3.755195328860303494e-01
3.753397956355338794e-01
3.756828492961557520e-01
3.755872618377412708e-01
3.761056823300896745e-01
3.755049570472113185e-01
3.761255808881339702e-01
3.753460088360496827e-01
3.768544704053795047e-01
3.755105180161399381e-01
3.762863699454011557e-01
3.753665474958283732e-01
3.759840316837224639e-01
3.753546797731653895e-01
3.759820200664218959e-01
3.757387952995286939e-01
3.763875704541397305e-01
3.762853565720896687e-01
3.764223110028795949e-01
3.754219660906916167e-01
3.760534420705769487e-01
3.753063989974352310e-01
3.756035014771296754e-01
3.754901726243147220e-01
3.747819470236248840e-01
3.747569615837746393e-01
3.758312144132028298e-01
3.747601937058037125e-01
3.751234025416519957e-01
3.747476985494255231e-01
3.755474236456958770e-01
3.752383401726059886e-01
3.755584560077564471e-01
3.744464585654505018e-01
3.753954381370830928e-01
3.749195309998286652e-01
3.743829932878359745e-01
3.740209846128765281e-01
3.737541969631202887e-01
3.736618426222296230e-01
3.737987573408934616e-01
3.740736555598084268e-01
3.745262359245770112e-01
3.737065557860134724e-01
3.742924262786664902e-01
3.737765541522969914e-01
3.744055919755585604e-01
3.740168382112271650e-01
3.750063133890549905e-01
3.740068276766687627e-01
3.731561820390195128e-01
3.732131601109460739e-01
3.730894357376410286e-01
3.731182489106461553e-01
3.741287507111110688e-01
3.730481236194858607e-01
3.732635021050826341e-01
3.730352126701612092e-01
3.732003426711554273e-01
3.732719473098247143e-01
3.735173303334241024e-01
3.731062483416659470e-01
3.738447965780677951e-01
3.738926948154498442e-01
3.734034702895165925e-01
3.736416446575436257e-01
3.737092760537125691e-01
3.734394275908143324e-01
3.733032183289710093e-01
3.731634529779069842e-01
3.734193190369003434e-01
3.731287425216206488e-01
3.738827049356936993e-01
3.736421432534687836e-01
3.743074717335440060e-01
3.733416854674547203e-01
3.726573220938206310e-01
3.726032137420944301e-01
3.731044315067367778e-01
3.726001401258856038e-01
3.730341509789559806e-01
3.729052914805266461e-01
3.727671156145900278e-01
3.729146263357470126e-01
3.718233076099550782e-01
3.721223331473135776e-01
3.712535719182210592e-01
3.710876733511886405e-01
3.741078667850257777e-01
3.709192932307488477e-01
3.721606707559304006e-01
3.709956716425133472e-01
3.708695809052170445e-01
3.709555336871387943e-01
3.714073902688703743e-01
3.709219296119437015e-01
3.710907305266877287e-01
3.709203405730814307e-01
3.711607999296098193e-01
3.708106334070422894e-01
3.708715606978536528e-01
3.710012450807164130e-01
3.715486344930041263e-01
3.711494415393428170e-01
3.720101281288136219e-01
3.706192527032961537e-01
3.715838591030548033e-01
3.707403860552854202e-01
3.710540401255622012e-01
3.705261626361182614e-01
3.721462119280460334e-01
3.707731731324502844e-01
3.713092686357772898e-01
3.705857241412777725e-01
3.722616961083799469e-01
3.702049480046493146e-01
3.709566723504594821e-01
3.698245107138385390e-01
3.699635513888406835e-01
3.713181452392053661e-01
3.697918714882730828e-01
3.698766457604878433e-01
3.700567181754019219e-01
3.698351695410687645e-01
3.715746731881565679e-01
3.695857316411492177e-01
3.699914722785475618e-01
3.696209008404084395e-01
3.705686470515065500e-01
3.695706628160557727e-01
3.706613874236328598e-01
3.698039370110224322e-01
3.699851929107120241e-01
3.696307024760117632e-01
3.697359248036223844e-01
3.694667503265569031e-01
3.696699019552346366e-01
3.698204206468919675e-01
3.692025231474975744e-01
3.693928489217638278e-01
3.694160458128547542e-01
3.698288733934950723e-01
3.693356810624309761e-01
3.692332885788069952e-01
3.690795465906668849e-01
3.694793732650576423e-01
3.687396249391637904e-01
3.691336384862275999e-01
3.698333259860964173e-01
3.688850421490866838e-01
3.694759208180684595e-01
3.689321541129731985e-01
3.694057228652241620e-01
3.696291377922160670e-01
3.694166574917783774e-01
3.687462156611569508e-01
3.691589307830819844e-01
3.687094351439160200e-01
3.692628688076656784e-01
3.688300663877278063e-01
3.693800395539146297e-01
3.690206048925848692e-01
3.685517480092879161e-01
3.685414348380302019e-01
3.689674386187410948e-01
3.682765437281656506e-01
3.693523385961098859e-01
3.686853461755377204e-01
3.688342537184408076e-01
3.687783258354584981e-01
3.681880103425352879e-01
3.685270417201152449e-01
3.682504951918795788e-01
3.680243390511570567e-01
3.685305343318360793e-01
3.677343688065792815e-01
3.677902615964537270e-01
3.677526976083898003e-01
3.672171934483371980e-01
3.678181023592395071e-01
3.669551238807888804e-01
3.671782604238809644e-01
3.674424442299372151e-01
3.670943623184732552e-01
3.678792769000582830e-01
3.669124412753010933e-01
3.675527199389356237e-01
3.667483263451685183e-01
3.676988094401799634e-01
3.668393569155722345e-01
3.666457165374770732e-01
3.669768931791977384e-01
3.670041406798588146e-01
3.677921333244851265e-01
3.691512548684721673e-01
3.662748828104309129e-01
3.657845861911213636e-01
3.657639627494694845e-01
3.672354505861941676e-01
3.663748386251144962e-01
3.668502575789752695e-01
3.658586267914120116e-01
3.667607208528004814e-01
3.666396835976583057e-01
3.654504375019478890e-01
3.654491069204029996e-01
3.656157530300183089e-01
3.657472821607933300e-01
3.657432293484060293e-01
3.652513120634666710e-01
3.651720368017003504e-01
3.653030037388920181e-01
3.657920610877702372e-01
3.652969385301801930e-01
3.650227972511594920e-01
3.650855043066387751e-01
3.656822395835293560e-01
3.654762008495046066e-01
3.659422739774045863e-01
3.652488184366641799e-01
3.650757914604488841e-01
3.654653468214076328e-01
3.650335612247043171e-01
3.657091450525808973e-01
3.652763926244989023e-01
3.652563466552357641e-01
3.661063086845822712e-01
3.648775838709524821e-01
3.650184779245218003e-01
3.651055315729257456e-01
3.652143705518852701e-01
3.645966639805717224e-01
3.663145414775917930e-01
3.646781128057187682e-01
3.654462074592026433e-01
3.649210289044116928e-01
3.646338274734017837e-01
3.646245443723795665e-01
3.647579373454302165e-01
3.651680653377431529e-01
3.645730295955162958e-01
3.651005427603152831e-01
3.650723053214368075e-01
3.653825392599945876e-01
3.647971324155960260e-01
3.641605129738902935e-01
3.642079328047746478e-01
3.637815564465650131e-01
3.632411824298608094e-01
3.639539569651220607e-01
3.635874367141624930e-01
3.638923741589829564e-01
3.631120533058456723e-01
3.630466805351982851e-01
3.639926433915522397e-01
3.635978018061035155e-01
3.663371964275646819e-01
3.634189928718350449e-01
3.633577084095290233e-01
3.627179666175073258e-01
3.617631847111477117e-01
3.618658669154591889e-01
3.617012977920752714e-01
3.616074317109901348e-01
3.623965385887374380e-01
3.616004980147800585e-01
3.631719226307182358e-01
3.614529536459392678e-01
3.617346758827101327e-01
3.615914340747384825e-01
3.614472482048622926e-01
3.614171023601175370e-01
3.629277098134078838e-01
3.619848267561341371e-01
3.619590688294556102e-01
3.619070435282833453e-01
3.610706680303078508e-01
3.613773812366429250e-01
3.620596254687867277e-01
3.618071417775010623e-01
3.605108487570540809e-01
3.604983127656908870e-01
3.606959212242139001e-01
3.603701357035794528e-01
3.608704978580471456e-01
3.604518390146949081e-01
3.609803906287891717e-01
3.602395406985505200e-01
3.597542664930981626e-01
3.598262548178433606e-01
3.597536511732273845e-01
3.595346324114271908e-01
3.603664429202469988e-01
3.599597042676804248e-01
3.595814781250911141e-01
3.592921673116885595e-01
3.590922398215647959e-01
3.592006009986527526e-01
3.591278647240472299e-01
3.596584951059880741e-01
3.590007609129275412e-01
3.594916465454525145e-01
3.602341205023931181e-01
3.595022459467704934e-01
3.593024304783053458e-01
3.591126863735483177e-01
3.596531022103065522e-01
3.595577301104591617e-01
3.590560083735599428e-01
3.589242488195011349e-01
3.606530088228972475e-01
3.590423880099818943e-01
3.596117157571973033e-01
3.596351669536120288e-01
3.602648950514736881e-01
3.587551651473975811e-01
3.587955876579445591e-01
3.590221045985228510e-01
3.590717542950373486e-01
3.586885829043959806e-01
3.585443840055853038e-01
3.585573907938723326e-01
3.590986731049549130e-01
3.586517005257466861e-01
3.593148306013561610e-01
3.591389145488961820e-01
3.592816796214823305e-01
3.585975142699863727e-01
3.585988765271314049e-01
3.588570194317931561e-01
3.595185445112701328e-01
3.584298538813594504e-01
3.586908826834263042e-01
3.585525506963723186e-01
3.593884892617881799e-01
3.584319263342597983e-01
3.588254851141325918e-01
3.584631980220211456e-01
3.590908374794859470e-01
3.582425003825424614e-01
3.591440478151294857e-01
3.583613732224946169e-01
3.600593876671578930e-01
3.583815472194891716e-01
3.587112539688112056e-01
3.583983780317027690e-01
3.587267374256221109e-01
3.581527262685357260e-01
3.591173574237015442e-01
3.583708041152468549e-01
3.593245679756928435e-01
3.582895294044218248e-01
3.591592511250222830e-01
3.583002855224595162e-01
3.581689159579232173e-01
3.587270814163208699e-01
3.590400146039843254e-01
3.585836516892936809e-01
3.591646039522768952e-01
3.585288005151325841e-01
3.583713268923822137e-01
3.582735307548404746e-01
3.591189789962038748e-01
3.580523357813396035e-01
3.584958884147886882e-01
3.580259240967669787e-01
3.592136540661610700e-01
3.580740130149183686e-01
3.584806218204706907e-01
3.583351945101775904e-01
3.586129929744997780e-01
3.580513820903176714e-01
3.589941984738296843e-01
3.583141692213112073e-01
3.588479144997326342e-01
3.580799844810612087e-01
3.590970108319810339e-01
3.580492338747255365e-01
3.590923479366964211e-01
3.580455507099158940e-01
3.580929181432614961e-01
3.584425676804932626e-01
3.579908283394430679e-01
3.580784395805536313e-01
3.590622769318631557e-01
3.583275635309377538e-01
3.583517982048683992e-01
3.579334411208446864e-01
3.587239323145823278e-01
3.582707256338061863e-01
3.584334541180942968e-01
3.580926561213474968e-01
3.593854426521361778e-01
3.580352239694232774e-01
3.587343976873281215e-01
3.582534051269752884e-01
3.592172643998737813e-01
3.580012912121476876e-01
3.587812711038336766e-01
3.581719077873304902e-01
3.575733174711918649e-01
3.577712211062838987e-01
3.580370363601825812e-01
3.576319116687540212e-01
3.578204817176174890e-01
3.574121106471112586e-01
3.579024763454163316e-01
3.573740920147320810e-01
3.580709232175238732e-01
3.571936529321681486e-01
3.574566108668071895e-01
3.571123807589293153e-01
3.582841504417975109e-01
3.572694358556932626e-01
3.572419306347688339e-01
3.571881118323902427e-01
3.585456154172576571e-01
3.574182970480821453e-01
3.578181706362550396e-01
3.576341057685694658e-01
3.583907450728787691e-01
3.570389536150559984e-01
3.570019956798031191e-01
3.570372890622339201e-01
3.578169904778809585e-01
3.576532528138268718e-01
3.576409663821598639e-01
3.576092115189821175e-01
3.576560774531712394e-01
3.570564934807545776e-01
3.576589485800863999e-01
3.571439377483377475e-01
3.572271293551906313e-01
3.571881107465219030e-01
3.579919012656819777e-01
3.565521673967823046e-01
3.572142101970272599e-01
3.567754791284404869e-01
3.572695910829677968e-01
3.566835650374756694e-01
3.573706606998170998e-01
3.566262975875238439e-01
3.579424754521065566e-01
3.565921305023106447e-01
3.574021454624643490e-01
3.564471798596388630e-01
3.581253856126304647e-01
3.570912221596173608e-01
3.565549045356719016e-01
3.564423436474012941e-01
3.564460845280415513e-01
3.566526292469077153e-01
3.572732523705264840e-01
3.568718962234976866e-01
3.571577166635465650e-01
3.564268793858242912e-01
3.570173342304561181e-01
3.565349953719084697e-01
3.571179055891813281e-01
3.565267798929829812e-01
3.573497324704302258e-01
3.566024225139936554e-01
3.570379248877718070e-01
3.565213709200992231e-01
3.571967847349302172e-01
3.562866117436068181e-01
3.567107186889789672e-01
3.561870243537010317e-01
3.563233980093942210e-01
3.562850102282312803e-01
3.567400689473473885e-01
3.563980322541827617e-01
3.568624438324126125e-01
3.564144088686553857e-01
3.565974840309327765e-01
3.563105982078123568e-01
3.568941336444810264e-01
3.561620840548541667e-01
3.565808136039358422e-01
3.562892218853236370e-01
3.569177481730668733e-01
3.562681547531839077e-01
3.564365422097249825e-01
3.563586884471378058e-01
3.568656954659077396e-01
3.562735136739847430e-01
3.565803141186981717e-01
3.562431330891080439e-01
3.555123304617542335e-01
3.555843027445212412e-01
3.562008229873803722e-01
3.552586419939792184e-01
3.558394739720340261e-01
3.554900250223247404e-01
3.564037741793675829e-01
3.551665962784569253e-01
3.563391477835242682e-01
3.550966444131166688e-01
3.555787967584967957e-01
3.554707175748362813e-01
3.557721682628932625e-01
3.556968930394979189e-01
3.552404212192554200e-01
3.551675696088570366e-01
3.556835891873969535e-01
3.553111085597014385e-01
3.548329884597332118e-01
3.547435065317018354e-01
3.551901819845306174e-01
3.548991158515542588e-01
3.551959021335444611e-01
3.545664808961456194e-01
3.547564974804663929e-01
3.541884684775896130e-01
3.548149967494150236e-01
3.543911426699787870e-01
3.549155088573069938e-01
3.543960399659550897e-01
3.548518590981959986e-01
3.542999142532662349e-01
3.548539403807149939e-01
3.542587653551700355e-01
3.548808349744763113e-01
3.543788095204755684e-01
3.555622339304449486e-01
3.544136458107554066e-01
3.554160366100061474e-01
3.543623309014659051e-01
3.553249642772084993e-01
3.541779575755993337e-01
3.547821780173038841e-01
3.542758071378956930e-01
3.547212743910363453e-01
3.542680230176905032e-01
3.551569449272622414e-01
3.543254827241857363e-01
3.545658992894914485e-01
3.543701582397428829e-01
3.543887414421584836e-01
3.541668945093398024e-01
3.553741734586323142e-01
3.543417594094437906e-01
3.547650456156968835e-01
3.540953353429761030e-01
3.539538498288570256e-01
3.540679773902546401e-01
3.540502741051846369e-01
3.542114712614042871e-01
3.545461196655357305e-01
3.543106126023462532e-01
3.542368395875456488e-01
3.539406289498577274e-01
3.536916231423437584e-01
3.536744226858605789e-01
3.543476048016300228e-01
3.536889680413838333e-01
3.540236788965777093e-01
3.537492094616302984e-01
3.543852491126717741e-01
3.538770381365484163e-01
3.541370309884011580e-01
