9.699727833769031804e-01
9.642039206000381224e-01
9.741130711599429448e-01
9.330380518434095993e-01
1.047633992548949067e+00
9.065611589504033452e-01
9.800106821136644886e-01
9.053454453187625983e-01
9.054536035343200284e-01
9.053454453187625983e-01
9.053454453187625983e-01
9.227060397207218490e-01
9.006333335741301127e-01
1.003321155008532362e+00
9.157748171205807308e-01
9.006333335741303348e-01
9.016887084950875320e-01
9.074756892109476780e-01
9.086281959086663917e-01
9.006333335741304458e-01
9.006333335741303348e-01
9.006333335741301127e-01
9.026496010469435838e-01
1.026135860916953746e+00
8.980407628225295369e-01
1.003492072331883422e+00
8.980407628225295369e-01
8.980407628225295369e-01
8.980407628225295369e-01
8.980407628225295369e-01
8.980407628225295369e-01
9.047988897662142538e-01
1.019803814422032273e+00
8.980407628225295369e-01
8.980407628225295369e-01
8.980407628225295369e-01
8.934983045598702267e-01
8.934983045598701157e-01
8.934983045598702267e-01
9.616602482961692511e-01
8.910991242301058435e-01
1.013824528028381522e+00
9.019467029771431887e-01
9.726300778151477644e-01
8.936272760018653116e-01
9.095756609986457297e-01
8.908952158635922158e-01
8.941384679956282389e-01
8.899292208114417679e-01
9.103115033098909681e-01
8.899292208114417679e-01
9.965358619412290064e-01
8.899292208114417679e-01
9.569302553664329469e-01
8.879193087289642961e-01
9.601384525267433467e-01
8.741453667284618811e-01
9.986199387301307739e-01
8.741453667284617701e-01
9.680560845656355218e-01
8.719691419168775770e-01
8.894044549004123112e-01
8.692679529258393600e-01
8.718236329579726052e-01
8.692679529258390270e-01
8.741886259381149715e-01
8.692679529258386939e-01
8.740836927861428407e-01
8.692679529258386939e-01
8.751824594878220287e-01
8.692679529258386939e-01
8.806628203092142781e-01
8.692679529258386939e-01
8.763508205914793958e-01
8.692679529258386939e-01
8.789349129439165687e-01
8.692679529258386939e-01
8.834485260930519113e-01
8.805845822636237941e-01
8.739225643995059967e-01
8.688639735762551108e-01
1.008280068265684726e+00
8.637999252367001279e-01
9.706613669084592777e-01
8.688388535394059309e-01
8.637999252367001279e-01
8.465742116353117686e-01
8.465742116353117686e-01
8.613511283075742098e-01
8.452462953043704541e-01
8.429247827572785567e-01
8.420502285783726393e-01
8.451077176493277943e-01
8.373660466467097718e-01
8.280624748249783007e-01
8.289221507603086181e-01
8.284770392891060986e-01
8.275412696267697710e-01
8.253577197215288264e-01
8.199221370892408878e-01
8.199221370892408878e-01
8.202636735253925337e-01
8.215105320154174606e-01
8.154101704161009767e-01
8.154101704161009767e-01
8.239649895698901716e-01
8.154658563809640270e-01
8.224064401391922852e-01
8.167770444182705925e-01
8.170978107085024034e-01
8.185060636202446949e-01
8.100506592626472990e-01
8.081782243165824831e-01
8.027657267633839799e-01
8.027657267633840910e-01
8.137817571151967355e-01
8.027170369259474247e-01
8.095548659851714568e-01
8.026809690212692860e-01
8.243524642133176483e-01
8.024742750701744365e-01
8.098310680980683740e-01
8.023673439282218434e-01
8.204575611128136492e-01
8.023673439282218434e-01
8.089040931000994750e-01
8.023673439282218434e-01
8.314419862479761614e-01
8.009403785990013569e-01
8.051178800731365603e-01
8.101975536516576870e-01
8.349589767502424431e-01
8.005073922865284519e-01
7.996198001011104450e-01
8.048003208826212118e-01
7.977391277671156411e-01
7.984885312439683469e-01
8.107674716481243493e-01
8.027326310448198443e-01
8.078657263484249063e-01
7.977391277671156411e-01
8.012997298245677635e-01
7.978166499854837390e-01
8.120766359292963532e-01
7.983582653826947206e-01
8.028525277988136644e-01
7.964884546028556667e-01
8.001240629424162254e-01
7.964975998989044514e-01
8.000469434075886399e-01
7.972643733746629380e-01
8.055322332784387029e-01
7.955132717004781417e-01
8.083556243701570665e-01
7.989270820209878332e-01
8.081644689989970765e-01
7.876642074678105176e-01
8.633893329009942885e-01
7.867885080492126315e-01
8.009164224890816808e-01
7.867885080492119654e-01
8.072292462147145908e-01
7.885339105633631940e-01
8.067016402676983056e-01
7.867842950702426119e-01
7.996882593059732036e-01
7.860419229841458799e-01
7.913832847938339077e-01
7.852857178517224090e-01
7.854836308230159769e-01
7.857992935814860358e-01
7.863050705910513694e-01
7.851614150280509241e-01
7.939841651308411352e-01
7.834271685652114403e-01
7.914154142169971262e-01
7.848164913069077819e-01
7.951435525622773115e-01
7.828352491712962102e-01
7.889987583957007722e-01
7.850767074318906191e-01
8.006635002831006265e-01
7.864287871856516787e-01
7.866347804481231831e-01
7.864080204812793351e-01
7.935674604789659803e-01
7.828909222133143553e-01
7.984657145052820315e-01
8.250219004100397546e-01
7.861798860193137672e-01
7.823394216428655179e-01
7.838850504731179614e-01
7.825783585639515261e-01
7.835802885420024566e-01
7.826378005689892392e-01
7.832248426143095799e-01
7.823023206802219853e-01
7.831807612704563271e-01
7.818047579484725951e-01
7.828667253766280476e-01
7.816966513222983748e-01
7.874037821648196545e-01
7.792629020011455632e-01
7.861960743098347359e-01
7.801135884290308908e-01
7.822155660814796851e-01
7.791925237775915170e-01
7.828949345735027876e-01
7.792594346423346030e-01
7.794006723894343347e-01
7.791111583108394356e-01
7.851698757635036108e-01
7.791794871122786903e-01
7.810426527607591263e-01
7.790298721074646604e-01
7.848904450217949469e-01
7.787834283632827370e-01
7.894272926951887426e-01
7.765319970177182451e-01
7.711184251118891053e-01
7.741256315764023510e-01
7.698677531800558471e-01
7.703507075424105288e-01
7.706741342963638886e-01
7.736980543989740999e-01
7.698178874172530994e-01
7.731637925497710784e-01
7.700419823714002021e-01
7.723620615076288720e-01
7.758323202070089852e-01
7.689573011153749693e-01
7.690833663106101392e-01
7.679131703008447163e-01
7.768360149298134676e-01
7.641404281865329384e-01
7.636202925881062642e-01
7.533573525830578044e-01
7.501934001434864552e-01
7.499530241768566086e-01
7.494999201049346027e-01
7.493337741041016242e-01
7.480828710474629606e-01
7.480772005400070368e-01
7.540676169299949105e-01
7.483345156695517808e-01
7.504017410741753435e-01
7.466124142526696650e-01
7.482861100465428850e-01
7.471429097067974201e-01
7.516365541040226361e-01
7.467240125461870326e-01
7.494455044462734472e-01
7.470667634486387598e-01
7.492635390732756973e-01
7.474145858978534784e-01
7.462591372088150932e-01
7.458809824382063303e-01
7.454880202642655274e-01
7.499131626512418602e-01
7.646295916743064414e-01
7.440461034675008856e-01
7.431525970379608825e-01
7.451045680419169370e-01
7.446413265561691031e-01
7.436577619443914822e-01
7.495688501973806206e-01
7.436755870515314726e-01
7.472749711758852609e-01
7.440068532905558252e-01
7.438640472573518903e-01
7.430751053305815201e-01
7.444806104765717691e-01
7.429901791451102300e-01
7.433592336589670557e-01
7.421604610920139455e-01
7.509327773502895154e-01
7.422600804534842389e-01
7.518799704850309684e-01
7.417559020082202803e-01
7.371891513635568938e-01
7.370522153241185759e-01
7.365283491381793279e-01
7.366711687331155556e-01
7.375809286518080210e-01
7.367933796487429188e-01
7.419486592115382972e-01
7.366278846837436278e-01
7.351172381825435975e-01
7.351586578035937958e-01
7.373156352950520631e-01
7.357401236951296442e-01
7.376707694531914328e-01
7.351584948317418933e-01
7.362287321583919075e-01
7.352370005606565506e-01
7.482536885469167620e-01
7.350194037753565723e-01
7.443987349634222372e-01
7.344571723521525763e-01
7.372771742519643734e-01
7.342527410643426844e-01
7.334056223901062044e-01
7.353798319868325439e-01
7.521432181510038228e-01
7.343726988058781879e-01
7.436135925172758787e-01
7.351096650711217428e-01
7.318476104625817324e-01
7.320819158665694548e-01
7.365191886725384052e-01
7.324973789759910980e-01
7.333921203652441489e-01
7.323966294039464531e-01
7.328459908005691137e-01
7.316612360181291574e-01
7.324204164293407482e-01
7.315269800947579171e-01
7.339188386816738463e-01
7.314591363036614391e-01
7.394278177844512134e-01
7.298587101123502618e-01
7.302069549957885819e-01
7.289701118711340300e-01
7.343408408835612189e-01
7.286756864458865390e-01
7.332298644552027733e-01
7.284600667748218905e-01
7.292286953387364656e-01
7.283129606250694499e-01
7.286365753084942387e-01
7.296007199971900059e-01
7.311779436087570971e-01
7.281440941188175309e-01
7.308581101339479691e-01
7.283477388232445504e-01
7.257809072021700336e-01
7.257786041941826083e-01
7.301264290847003791e-01
7.259382173557581419e-01
7.366681163048512948e-01
7.271209084699545855e-01
7.289243532747115006e-01
7.275980885672639342e-01
7.229858268915565489e-01
7.277408321931320145e-01
7.229618015734704528e-01
7.245310202291188606e-01
7.212048290162785813e-01
7.210333076737407421e-01
7.314315133721934759e-01
7.209281899071739996e-01
7.233355172099581454e-01
7.210620241473639780e-01
7.220847790310981340e-01
7.208335590635035484e-01
7.208881971551268641e-01
7.202706420928506326e-01
7.115503094574003873e-01
7.102334525050415515e-01
7.107310980028491709e-01
7.072111922732365885e-01
7.106246171096628483e-01
7.177410863919467809e-01
7.076507579232431677e-01
7.059752019723811722e-01
7.054231164587538849e-01
7.089113886353259897e-01
7.073076523799320947e-01
7.121656642704249363e-01
7.059231062194344375e-01
7.074305044730442305e-01
7.054771489862886602e-01
7.068202967944764437e-01
7.058127922554929823e-01
7.036840861287311233e-01
7.037499382774632384e-01
7.035035846839360341e-01
7.032141877455251322e-01
7.040107773818378156e-01
7.032795213747592422e-01
7.065690923760687969e-01
7.031771597847755739e-01
7.072283245863503209e-01
7.012640288992381121e-01
7.109879443967062063e-01
6.998387749708232519e-01
6.945178380855467903e-01
6.962987460211680357e-01
6.971913965908406174e-01
6.940054362375269736e-01
6.951215891257195301e-01
6.951670095193034360e-01
6.971675174080770310e-01
6.928881374986879393e-01
6.954662552816144316e-01
6.929768807295179078e-01
7.052054729177695824e-01
6.887944334058369034e-01
6.953268019240601561e-01
6.881821856767359469e-01
6.926282390683587975e-01
6.866333533951947121e-01
6.898718803607304384e-01
6.865937674294082527e-01
6.915204273835342530e-01
6.874822265460649451e-01
6.892037503083219274e-01
6.845931675370218183e-01
6.870247207890523011e-01
6.845283510997103305e-01
6.874411607918136102e-01
6.865961352458089806e-01
6.842923820851234407e-01
6.841975234772990078e-01
6.871916630613786880e-01
6.828308175028552363e-01
6.864564309040455115e-01
6.831072274312782744e-01
6.818904225544726305e-01
6.818807152846071418e-01
6.801738859014607730e-01
6.788893127567722230e-01
6.779980896073072305e-01
6.761002105594071665e-01
6.809621590322092466e-01
6.852939644993004675e-01
6.670593598768315147e-01
6.639095242243984174e-01
6.653498355314403367e-01
6.619714771798268504e-01
6.633637433657791904e-01
6.602352602235990187e-01
6.593505294927852756e-01
6.547271853132933250e-01
6.572941069434227179e-01
6.562967959518545280e-01
6.559142094557753877e-01
6.552196490632720138e-01
6.594222986591290470e-01
6.584743413718904259e-01
6.434966684396586922e-01
6.438350902703808831e-01
6.443775729030335464e-01
6.436946018843899830e-01
6.420220555123622441e-01
6.405174124183924400e-01
6.416231888413811424e-01
6.417047250603785669e-01
6.406416655055127141e-01
6.502461374307382247e-01
6.408490938904136680e-01
6.396088450911081580e-01
6.388215279635552912e-01
6.376943949381017607e-01
6.379330087148714634e-01
6.413795318135582235e-01
6.394487436391053103e-01
6.437203495266357045e-01
6.380194883246759208e-01
6.529108460828965121e-01
6.371559004630308332e-01
6.283299166011288017e-01
6.271026759157715125e-01
6.269901057022441160e-01
6.277423264338415354e-01
6.270926039604388658e-01
6.349649678113743478e-01
6.270813676427746675e-01
6.318040618004692188e-01
6.268293615877260638e-01
6.306149552498928612e-01
6.288505520881334521e-01
6.380704637669725177e-01
6.367357695096345083e-01
6.359972959253393787e-01
6.293617189742041207e-01
6.178158931547153010e-01
6.165134219397400139e-01
6.147361284236741996e-01
6.152348373135988480e-01
6.132379722654610621e-01
6.117133864965081935e-01
6.071859039945299852e-01
6.068402044790184302e-01
6.134924378113021382e-01
6.076343248830222699e-01
6.083255474326128009e-01
6.068239995484592253e-01
6.056938768702241349e-01
6.052119801093553964e-01
6.063390862145080495e-01
6.057802060977921510e-01
6.076181963396563024e-01
6.050180388651543728e-01
6.065217863768966877e-01
6.050019246723868926e-01
6.069238551240088153e-01
6.082443503955602404e-01
6.082113868652149202e-01
6.049390910528623655e-01
6.163305029568564297e-01
6.079978224081216132e-01
6.041690876465213300e-01
6.039362518902273713e-01
6.068316529602743037e-01
6.040806754492352715e-01
6.044223234659644728e-01
6.047932472073960231e-01
6.035091988821206233e-01
6.044231342302717191e-01
6.046966933288120405e-01
6.028276231633770132e-01
6.047937368123340596e-01
6.030910450334842077e-01
6.078010136129152752e-01
6.035725472031849836e-01
6.097399280458245530e-01
6.011308298236288650e-01
5.978405544487515044e-01
5.979538953027683235e-01
6.044744923002104420e-01
5.973456885953004614e-01
6.020684076884427194e-01
5.976623306772808064e-01
6.000169904436214452e-01
5.973444614247412909e-01
5.994719012677892644e-01
5.975175670960614083e-01
6.009984869048943246e-01
5.975052810579891682e-01
6.036000974662284468e-01
5.985423065265601528e-01
5.983244821348255860e-01
5.969314092266723160e-01
5.980175523440267593e-01
5.977770842338513413e-01
5.973732573995216288e-01
5.969966441193739204e-01
5.991592686064235451e-01
5.971286194197121810e-01
5.993275015309278420e-01
5.961580557390615542e-01
5.944555082092436438e-01
5.961506511825100940e-01
5.939721760493097413e-01
5.948121244545968578e-01
5.970746645745999004e-01
5.937288524721251459e-01
5.962936241315419661e-01
5.945786210790975357e-01
5.975035303758250427e-01
5.931125321318881927e-01
5.941982857711470833e-01
5.932057068912497400e-01
5.968597823503392075e-01
5.925959511467704388e-01
5.998813003130056831e-01
5.914502556107910092e-01
6.080514045617930741e-01
5.899657160915111609e-01
5.912646441271167674e-01
5.902439923169982006e-01
5.893182170436274125e-01
5.892191788053169343e-01
5.914358256083845911e-01
5.907407415173852039e-01
5.899430957500330086e-01
5.891596319555929551e-01
5.898908811952855435e-01
5.894210701687270237e-01
5.904216628896795660e-01
5.894172267955761768e-01
5.928090723798526973e-01
5.891536472455563000e-01
5.912740067370081398e-01
5.892788947872760197e-01
5.913658849239057380e-01
5.899417606180078488e-01
5.907542759944741650e-01
5.898645459049967066e-01
5.895938911171153540e-01
5.896564284018663837e-01
6.053255869974153436e-01
5.890185220320918180e-01
5.925531785532613949e-01
5.888224589639312612e-01
5.902636601400115257e-01
5.887152099707551045e-01
5.881912171267702494e-01
5.891059757667879149e-01
5.997948295080157699e-01
5.884009749465208827e-01
5.941552359757100721e-01
5.866773254953449035e-01
5.859192637875987320e-01
5.859373457570252741e-01
5.884329434468933417e-01
5.864549692057565711e-01
5.887829084008368019e-01
5.865950418115829512e-01
5.879748825995504413e-01
5.874738288240094475e-01
5.917485096975023673e-01
5.867363788006685343e-01
5.881296167813017117e-01
5.868462552167459378e-01
5.852117747934215686e-01
5.857645761645419169e-01
5.902151794252529227e-01
5.852814866798718985e-01
5.889190868198096451e-01
5.850664912157881314e-01
5.899967621680337615e-01
5.845664409840038989e-01
5.868637399312266467e-01
5.850358711637811959e-01
5.860052096769694518e-01
5.848476010568370853e-01
5.853069938881793055e-01
5.850343066587164742e-01
5.875058562588458821e-01
5.852923414731409091e-01
5.889575023147665123e-01
5.852368798596193633e-01
5.841776157700417915e-01
5.847967972117403823e-01
5.848690463414790708e-01
5.848377989717802317e-01
5.857581031777623348e-01
5.852280492185719663e-01
5.864460031656092420e-01
5.845953701243469247e-01
5.846536285157476476e-01
5.846935113936175821e-01
5.864343811205341428e-01
5.849975702972221026e-01
5.846792958410679253e-01
5.865329463982562608e-01
5.840508334495566611e-01
5.830641932637626867e-01
5.829137878566156283e-01
5.834021257243301450e-01
5.831490266871227623e-01
5.837651085799299144e-01
5.825429696285843173e-01
5.842946877189508781e-01
5.824346072291808341e-01
5.822261006891098489e-01
5.825826346028187830e-01
5.826250248370145046e-01
5.830612138601447558e-01
5.822387092594503155e-01
5.822803362183281983e-01
5.830172474964204765e-01
5.821403035321841557e-01
5.823209742111011833e-01
5.823678783290252570e-01
5.828599712272407585e-01
5.822015692955799793e-01
5.827316673170261918e-01
5.819587766414230368e-01
5.828844462963842510e-01
5.818448009537335874e-01
5.841810129687108333e-01
5.822718846728018871e-01
5.822922197009932077e-01
5.822758058708372708e-01
5.793376459551450308e-01
5.791361135790997761e-01
5.793664622784219231e-01
5.793054549671200482e-01
5.802576516437160103e-01
5.793306178941369788e-01
5.792880286188091254e-01
5.791667445383501533e-01
5.797968888948781263e-01
5.790935625585607038e-01
5.791861486955208749e-01
5.794577787498019772e-01
5.799116088092191035e-01
5.790016548263563489e-01
5.790319301254091000e-01
5.789924387224378854e-01
5.791429706868517213e-01
5.791501970178932757e-01
5.793110512836219250e-01
5.789421266536509680e-01
5.787957324036414608e-01
5.787790130780351427e-01
5.789360476874756412e-01
5.788662242210739217e-01
5.789592517327336596e-01
5.790796817687443587e-01
5.792736871424549738e-01
5.787490997281160565e-01
5.795227990480269487e-01
5.788911959004935381e-01
5.789605155010507653e-01
5.787677805585376145e-01
5.787823082803489338e-01
5.786971807315590688e-01
5.787318611800171819e-01
5.787966848816660237e-01
5.786589247580836703e-01
5.786468446487054162e-01
5.794397416923096067e-01
5.786079605182972152e-01
5.808789765488552304e-01
5.786001825565351142e-01
5.785100021515046098e-01
5.785173770901063106e-01
5.803682360180683064e-01
5.784733478920427441e-01
5.799508509597978145e-01
5.786542226949853429e-01
5.781319500008181844e-01
5.780196376147632709e-01
5.780439545661946177e-01
5.779796025720845831e-01
5.780633250275988289e-01
5.779238848126921901e-01
5.781215493002078709e-01
5.780374272166076688e-01
5.790487438567702982e-01
5.780718094429021514e-01
5.784576517045610933e-01
5.778385578996934058e-01
5.784633541302462989e-01
5.781712407229075978e-01
5.782971557931387840e-01
5.776348686971944923e-01
5.776907887554350030e-01
5.778014685573277243e-01
5.779253877507768422e-01
5.778410606983941378e-01
5.778405612198413976e-01
5.775189243491781754e-01
5.776925660508263061e-01
5.774172470993229611e-01
5.780547327692391324e-01
5.775883789738359697e-01
5.785291956831953852e-01
5.775281467410799952e-01
5.776979743390563415e-01
5.774692592047646622e-01
5.774151866418804069e-01
5.775337165882639123e-01
5.781086642766661843e-01
5.773613449536159070e-01
5.779458879941334892e-01
5.776319257818236519e-01
5.780343565125855010e-01
5.781084003177203723e-01
5.779453423598779338e-01
5.774658782543955482e-01
5.772126348460536738e-01
5.773504858949424223e-01
5.773629679237404222e-01
5.775580768168764312e-01
5.774634057365053419e-01
5.772761653813367477e-01
5.770863939765338291e-01
5.771990350126328106e-01
5.775183159266676913e-01
5.773107134634306581e-01
5.771706197993206056e-01
5.768197049741305982e-01
5.776373237545926465e-01
5.769717418882625015e-01
5.775340465437684978e-01
5.768658949166537431e-01
5.770035000187230256e-01
5.769939168053138667e-01
5.772160502030834195e-01
5.770079289925862387e-01
5.768398983869926777e-01
5.769080898552173542e-01
5.775172437107966017e-01
5.772404290853432318e-01
5.772983856715334650e-01
5.769711959766267162e-01
5.770531079093292881e-01
5.770761013417279317e-01
5.767529485070720385e-01
5.768546657012482148e-01
5.770918866483143450e-01
5.768532453392983816e-01
5.769646766200523524e-01
5.769667406667642329e-01
5.774552657110836318e-01
5.773178057596999313e-01
5.769854270228487181e-01
5.766687569336487185e-01
5.779788136137280485e-01
5.767336491695784773e-01
5.772677153443540599e-01
5.767489546570835346e-01
5.764043113470216362e-01
5.764353626790483798e-01
5.763356551082616797e-01
5.762965173732842450e-01
5.762772596566452243e-01
5.762451947118718554e-01
5.762616182964724887e-01
5.764591983500262362e-01
5.758803580502450670e-01
5.759653971547937790e-01
5.758963763415658743e-01
5.757276046264708791e-01
5.756522459619161092e-01
5.754479643198554539e-01
5.755979269438835644e-01
5.756740101493461603e-01
5.754157468803720032e-01
5.754986901934563415e-01
5.754434593793258390e-01
5.756442674296852191e-01
5.754185692060311830e-01
5.751989752781877518e-01
5.753161858905323500e-01
5.751473536445671497e-01
5.757269131330756684e-01
5.751384046288775531e-01
5.752803818170841854e-01
5.751237279179919337e-01
5.750952342833594022e-01
5.750494944846350487e-01
5.749863668312573672e-01
5.751069438685091351e-01
5.755139167772161946e-01
5.750361934250408646e-01
5.752248959054752087e-01
5.749786127160415594e-01
5.751490968598120812e-01
5.749742977457168447e-01
5.749502348590809220e-01
5.750914870712504623e-01
5.751476436737621434e-01
5.749245881346624065e-01
5.750418442493098192e-01
5.748416520246841799e-01
5.745685715158185269e-01
5.746296313321238580e-01
5.745644383892155593e-01
5.747567395697801285e-01
5.749385534315329949e-01
5.746264184698716138e-01
5.744847893865533406e-01
5.746831309879484317e-01
5.743797008330767673e-01
5.744717506165000209e-01
5.745278534246039959e-01
5.743597545325239695e-01
5.743274160608086154e-01
5.743633081371006810e-01
5.744600758240002714e-01
5.743305328637783314e-01
5.745016956479710446e-01
5.742954242024553846e-01
5.746015748694923708e-01
5.741587017794270720e-01
5.741196502900580700e-01
5.741396875684815493e-01
5.744590348705391758e-01
5.741233385875101902e-01
5.742418736763100773e-01
5.741069988531115609e-01
5.742258803811844947e-01
5.741053367558202059e-01
5.742489074100495250e-01
5.742271036544309704e-01
5.742870334251831688e-01
5.741737630516329238e-01
5.741410897102250388e-01
5.741597495975254706e-01
5.741933498088159782e-01
5.741178044597563535e-01
5.743401286847283904e-01
5.741026262011645898e-01
5.742341933968110324e-01
5.743387126738410675e-01
5.739097165051769700e-01
5.739314847843643985e-01
5.740720369918689281e-01
5.739980241693699581e-01
5.740925227902454742e-01
5.740436466105022228e-01
5.739820735104483873e-01
5.738913545529157334e-01
5.737711881469150788e-01
5.737598939779936513e-01
5.738879980728264218e-01
5.738306357732518848e-01
5.734620584360440310e-01
5.734430069327206558e-01
5.735529601254377718e-01
5.734031677846112007e-01
5.731810932195325892e-01
5.731987401388648484e-01
5.731732190506187985e-01
5.731191643039369454e-01
5.730953166978297597e-01
5.731440847986795095e-01
5.730967581474789574e-01
5.731079339226254898e-01
5.731148404863249946e-01
5.731589319481309452e-01
5.730568191222780161e-01
5.730686606261717886e-01
5.730757703274407255e-01
5.730375316740191627e-01
5.729727280721671479e-01
5.731786725185084030e-01
5.729974906387171885e-01
5.729925036808887207e-01
5.729866308481310622e-01
5.728267545372457414e-01
5.729453053795331430e-01
5.729059565940621823e-01
5.728668749055729759e-01
5.733247966872090373e-01
5.729486817685086608e-01
5.727991853753076068e-01
5.729877461446104547e-01
5.727600343873860966e-01
5.728081492278102038e-01
5.728043923044785490e-01
5.728277420021153921e-01
5.728532802378067945e-01
5.728492593733426341e-01
5.729016859529911798e-01
5.727428035422699182e-01
5.729370311434054397e-01
5.726514544641044813e-01
5.725747613149119175e-01
5.724889660802359170e-01
5.729955182876930175e-01
5.724907698699356340e-01
5.723935968697484444e-01
5.723852272956738707e-01
5.721911921973437121e-01
5.722142067753734906e-01
5.721267595813096518e-01
5.721048381233273528e-01
5.722624151280756299e-01
5.720979181384810985e-01
5.721592932428331002e-01
5.721502470856785205e-01
5.721790259041108495e-01
5.720871904886832837e-01
5.721896483216584173e-01
5.721986108485827005e-01
5.722134382566224087e-01
5.721302351195943769e-01
5.721926492481824722e-01
5.720987844134023392e-01
5.723568643995426974e-01
5.720857748521874786e-01
5.722260391144891045e-01
5.721762435765437305e-01
5.722653458597092291e-01
5.720619303527726407e-01
5.722359568444824740e-01
5.720554341858188341e-01
5.719536135833473978e-01
5.720248866323481840e-01
5.722485060010268354e-01
5.719483305544587060e-01
5.721475229550376795e-01
5.720042133986968924e-01
5.719766138728582527e-01
5.719574681537984429e-01
5.720915964955231026e-01
5.719336426042614940e-01
5.721672566557700623e-01
5.719177834841536745e-01
5.720763118205068887e-01
5.718952569877918668e-01
5.721241515349072548e-01
5.719307139933141881e-01
5.721075378836297798e-01
5.719216963098572304e-01
5.720044912507669110e-01
5.719513525528352460e-01
5.720025490306694937e-01
5.719069303681735272e-01
5.719562202319055100e-01
5.718568388583626927e-01
5.719359271250480381e-01
5.718522529522810371e-01
5.719539438860617997e-01
5.717654183134941448e-01
5.717746637629815831e-01
5.717375700503792846e-01
5.717323904640808641e-01
5.717864449953224959e-01
5.717401883866566337e-01
5.716792499006226880e-01
5.717037177282362492e-01
5.717228785009983438e-01
5.716702254937253702e-01
5.716931462042631473e-01
5.716605118072140002e-01
5.717242168596303742e-01
5.716743846289081832e-01
5.717076303714634378e-01
5.716294165257531645e-01
5.715785848394998592e-01
5.715975664439960635e-01
5.715671010186942347e-01
5.715726089268463594e-01
5.714494363517714781e-01
5.714501894580406027e-01
5.714525591530353887e-01
5.714853112016692327e-01
5.714658821418099333e-01
5.714597051958205665e-01
5.714622005650005221e-01
5.714463611687176092e-01
5.714483126747599284e-01
5.714795365625759960e-01
5.714557707556844335e-01
5.714534085140187125e-01
5.714495492397363430e-01
5.714478296457811135e-01
5.714370335913506738e-01
5.714487871544415842e-01
5.714249927049307454e-01
5.714420135078736029e-01
5.714274813774076200e-01
5.715628812285196148e-01
5.713940817347145096e-01
5.713329188107471035e-01
5.713458505824293709e-01
5.714014309738534303e-01
5.713421994428846684e-01
5.714180622630649076e-01
5.713203639508863674e-01
5.712949616621388893e-01
5.712772441525603151e-01
5.712854247962440013e-01
5.712740331022642115e-01
5.712293931309124773e-01
5.712347162261346423e-01
5.712601332914170049e-01
5.712138864642500868e-01
5.713751718552133596e-01
5.712138192147282467e-01
5.712966718933452093e-01
5.712587551200515312e-01
5.713423097224231695e-01
5.712044396594636586e-01
5.710887380223619303e-01
5.711113736340228675e-01
5.711391990542120656e-01
5.711095895624885843e-01
5.710611756208263667e-01
5.710790200593698351e-01
5.711181317658935441e-01
5.710558571339268141e-01
5.710616125155103528e-01
5.710599270755956081e-01
5.711104331157146330e-01
5.710442808977022056e-01
5.710851116343496070e-01
5.710641133479024134e-01
5.710812258322954804e-01
5.710335071562187004e-01
5.710451053412569644e-01
5.710353905366389871e-01
5.710434239965044290e-01
5.710421483601669790e-01
5.710762608303513455e-01
5.710377036928485639e-01
5.711962121871029252e-01
5.710442882043791357e-01
5.710541876302167585e-01
5.710134427436671656e-01
5.711513479090919443e-01
5.710384227332649942e-01
5.709901140997750701e-01
5.709836565532488972e-01
5.708761042051404555e-01
5.709282033399111222e-01
5.708772686888629044e-01
5.708519942391441226e-01
5.708530169629106865e-01
5.709071315645879441e-01
5.708624684981944419e-01
5.709055278795271970e-01
5.708720311283461690e-01
5.709928516458857573e-01
5.708350490768914209e-01
5.708845526537205117e-01
5.708856129792581058e-01
5.708059014458850555e-01
5.707538090023588362e-01
5.707362254697886383e-01
5.707288311744489473e-01
5.708118146984970664e-01
5.707173052272533909e-01
5.707943681327630747e-01
5.707831674226804264e-01
5.707678891167334845e-01
5.707029645605766754e-01
5.706804854187714771e-01
5.706754505865528904e-01
5.706890647329554422e-01
5.706915184342497005e-01
5.706846151114098875e-01
5.706716168710554982e-01
5.706637093984859854e-01
5.706651779126655777e-01
5.706906828682800636e-01
5.706740408300357004e-01
5.706677930271544241e-01
5.706789502542894965e-01
5.706773323896602301e-01
5.706525164293605457e-01
5.706999504651190103e-01
5.706531073791619724e-01
5.708492737946718742e-01
5.706571374016240483e-01
5.705939946983769051e-01
5.705784416550738758e-01
5.705905065153913380e-01
5.705889562429656836e-01
5.705778092837751059e-01
5.706025234077701791e-01
5.706273375339750986e-01
5.705835830997457725e-01
5.706083360832971962e-01
5.705836444034834143e-01
5.706726953366126898e-01
5.705770971263807168e-01
5.706584259899674105e-01
5.705573643640663439e-01
5.705500387969787424e-01
5.705446812519016087e-01
5.705835878984197862e-01
5.705537556491203643e-01
5.706585080769913665e-01
5.705372362149176979e-01
5.705695610243226579e-01
5.705619219317660251e-01
5.706493953682899578e-01
5.705582401179236651e-01
5.705945659526659997e-01
5.705376686538696784e-01
5.705480212885783997e-01
5.705357223683567014e-01
5.705544694450053189e-01
5.705425805505500714e-01
5.705490568632151094e-01
5.705504633683142757e-01
5.705366742195558949e-01
5.705672117184777958e-01
5.705527932241697409e-01
5.705405072184689397e-01
5.706772260690936571e-01
5.705508341534162309e-01
5.705850716213887175e-01
5.705363422836630116e-01
5.706021763015968196e-01
5.705445863137337259e-01
5.705755584399466729e-01
5.705337473848194341e-01
5.705247516313414202e-01
5.705776838645112425e-01
5.704178404257898016e-01
5.704531045453276050e-01
5.704376685548134818e-01
5.705077333412921226e-01
5.704260773327314293e-01
5.704466924867881428e-01
5.704210204801055673e-01
5.704805747476245914e-01
5.704298744013248657e-01
5.704349905767803763e-01
5.704162173168276784e-01
5.703997697875282658e-01
5.704248330149985780e-01
5.704968612129752703e-01
5.704064744729701042e-01
5.703996373756088367e-01
5.704477816762122400e-01
5.703712904731296218e-01
5.703538139727911682e-01
5.703686567812672470e-01
5.703743967499743661e-01
5.704285755738839336e-01
5.703502294548301599e-01
5.703291916025461372e-01
5.703219813278392891e-01
5.703230140688584360e-01
5.703182294681192754e-01
5.703356943553098413e-01
5.703277109270948886e-01
5.702863251179068893e-01
5.702875999173355748e-01
5.703009512280553528e-01
5.703023798169097880e-01
5.702976576118088392e-01
5.702878318099668942e-01
5.703143210118902795e-01
5.702893691653996289e-01
5.703067793954467168e-01
5.702834537087030364e-01
5.704023895521547205e-01
5.702788412668903240e-01
5.702972057993636046e-01
5.702786830737839319e-01
5.702955909306500759e-01
5.702657474553705086e-01
5.702722249323939341e-01
5.702854995970750851e-01
5.703175526593301514e-01
5.702654695158112519e-01
5.702287434133691546e-01
5.702345839192585197e-01
5.702738502485569239e-01
5.702649842117560874e-01
5.702070690034352074e-01
5.702149792300923448e-01
5.702535167982839548e-01
5.702603382415635247e-01
5.701769547261685833e-01
5.701961645355088093e-01
5.702330831941052613e-01
5.701794136169999749e-01
5.701902025970276844e-01
5.701812059939455057e-01
5.702220159171170755e-01
5.701703407300119375e-01
5.701589112300565754e-01
5.701557126164831235e-01
5.702432215957697892e-01
5.701571353223455763e-01
5.701595953351131785e-01
5.701775852980373038e-01
5.701700999072196741e-01
5.701599621035866594e-01
5.701629907916727635e-01
5.701878529961165176e-01
5.701339112358426719e-01
5.701304950484217260e-01
5.702152821398426275e-01
5.701538041298673809e-01
5.701392491548555874e-01
5.701473459277186517e-01
5.702014931068409842e-01
5.701236239352325263e-01
5.700925643933008047e-01
5.701003063314443731e-01
5.701417517187953310e-01
5.700911021299417403e-01
5.701275469807498553e-01
5.700907489490594227e-01
5.701686305385801345e-01
5.701073387013936289e-01
5.701280228777386716e-01
5.701001100054515769e-01
5.701018424442756416e-01
5.701026268126023755e-01
5.701813191517413060e-01
5.700932277717638552e-01
5.701386042664124965e-01
5.701188222748745371e-01
5.701003779017639328e-01
5.700910429856806960e-01
5.701077308298494462e-01
5.700849737152960950e-01
5.700531022747787890e-01
5.700527091810373426e-01
5.701288711874555881e-01
5.700567531407871869e-01
5.700490809047049634e-01
5.700529816504188441e-01
5.700653765365165659e-01
5.700498731284349141e-01
5.700997582490918703e-01
5.700440171676687262e-01
5.700634093515067891e-01
5.700435791039454303e-01
5.700883736738773244e-01
5.700929392563283127e-01
5.701607612516492729e-01
5.700478514459972335e-01
5.700507821969429401e-01
5.700463578678934828e-01
5.700711337685975266e-01
5.700395146858255879e-01
5.700597612394182612e-01
5.700826578043434179e-01
5.700014388306916535e-01
5.700207962791308258e-01
5.700017086728559335e-01
5.699961570527604104e-01
5.700002653896112381e-01
5.699999922436813637e-01
5.700561939618769003e-01
5.700018031489909598e-01
5.699933919182995634e-01
5.700003510582077881e-01
5.699754169072678289e-01
5.699696080549622179e-01
5.699783182277591287e-01
5.699762443008192792e-01
5.699649519673331000e-01
5.699694227990851347e-01
5.700266992400288002e-01
5.699630148558392229e-01
5.699423139210365585e-01
5.699445033080591250e-01
5.700100393459645032e-01
5.699640815351223466e-01
5.700819940320236423e-01
5.699421221725587960e-01
5.699369220879589859e-01
5.699548955599716971e-01
5.700041726306408485e-01
5.699422613274651717e-01
5.699251520684623928e-01
5.699185896346157243e-01
5.699649511952233905e-01
5.699296214199632837e-01
5.698877175235395054e-01
5.699021464519029578e-01
5.699419504373282042e-01
5.698911773696572203e-01
5.699012460641124100e-01
5.698903673023291150e-01
5.699362686095315045e-01
5.698999217205142909e-01
5.699211217963036091e-01
5.699052054421633873e-01
5.700107139568570958e-01
5.699476704813198902e-01
5.698881959161810062e-01
5.699062083985249050e-01
5.699193706042187113e-01
5.699007144448973161e-01
5.699564308200782969e-01
5.698887788723447922e-01
5.698856924979779359e-01
5.698989009050977605e-01
5.698983234906240813e-01
5.699021003816845399e-01
5.698395756288621161e-01
5.698606558638185104e-01
5.698264623733668710e-01
5.698181182032072689e-01
5.698391037642639434e-01
5.698719346688279064e-01
5.698160819903481666e-01
5.698475513672870418e-01
5.698095109266105851e-01
5.698029001282197692e-01
5.697892313450262369e-01
5.697970701783577896e-01
5.698213687537270200e-01
5.697952234787792003e-01
5.698002460679174597e-01
5.698622351406099629e-01
5.697896700340682186e-01
5.698299696186784891e-01
5.698049122570443270e-01
5.697965350252973682e-01
5.697808038040798051e-01
5.698149998199171229e-01
5.697751453941700683e-01
5.698104285349032683e-01
5.697829386914119443e-01
5.697633855832546779e-01
5.697698573819824919e-01
5.698059617701140001e-01
5.697555158291022215e-01
5.697842166193393121e-01
5.697468760905327612e-01
5.697910510812569385e-01
5.697402815411581889e-01
5.697626804491268127e-01
5.697461005849799864e-01
5.697486306502599351e-01
5.697502132694971522e-01
5.697506384666315427e-01
5.697330855504995073e-01
5.697999034547062136e-01
5.697385520423702276e-01
5.697432907294424087e-01
5.697054655448646754e-01
5.697459010344017027e-01
5.696993734835180678e-01
5.697206783798923757e-01
5.697031465168999054e-01
5.698107595072163800e-01
5.696912855356063288e-01
5.697267957511275016e-01
5.696980156878569401e-01
5.697168516380199943e-01
5.696932952047536469e-01
5.696955780038441830e-01
5.697061426340354062e-01
5.697021617044831787e-01
5.696867371265186275e-01
5.697411857225223031e-01
5.696724223013673871e-01
5.697337178771147981e-01
5.696855561931364331e-01
5.696848917229982989e-01
5.696851639344304719e-01
5.697016295820303000e-01
5.697053166368097887e-01
5.696721232968769977e-01
5.696798433827053865e-01
5.696707182347693355e-01
5.696871298930400451e-01
5.696721213738848988e-01
5.696814948264160572e-01
5.696720973806345123e-01
5.696584718772387257e-01
5.696643462137712666e-01
5.696569687695036688e-01
5.696638942144230944e-01
5.696540884690881601e-01
5.696575342212393256e-01
5.696614087875003785e-01
5.696494673619504345e-01
5.696091671863021677e-01
5.696002160313689000e-01
5.696012687226290616e-01
5.696140503232344221e-01
5.696071897783198112e-01
5.696144897344309621e-01
5.696065285657253563e-01
5.696050348073060654e-01
5.695889535635383361e-01
5.695721737135244211e-01
5.695746825315688433e-01
5.695744324589910867e-01
5.695721170380071419e-01
5.695688655937749534e-01
5.695691740907612433e-01
5.695716826420781365e-01
5.695754485950453860e-01
5.695720535781640947e-01
5.695673982450103479e-01
5.695762309313254779e-01
5.695382512799240793e-01
5.695568887388934298e-01
5.695478605721623344e-01
5.695372396096571865e-01
5.695372705703458660e-01
5.695355383915785552e-01
5.695360124204165153e-01
5.695165736614727914e-01
5.695171506718080812e-01
5.695242390039771951e-01
5.695197970587729808e-01
5.695220970872032495e-01
5.695111527271897733e-01
5.695322359398049539e-01
5.695137634717039044e-01
5.695119856225347998e-01
5.695169705022370410e-01
5.695095512328635090e-01
5.695154708741808625e-01
5.695132098059852988e-01
5.695151495927553986e-01
5.695078754437025159e-01
5.695104055584537806e-01
5.695190647743656465e-01
5.695120029650068139e-01
5.695106457806415889e-01
5.695084531947134376e-01
5.695347691099001963e-01
5.695155101421098820e-01
5.695196106047296647e-01
5.695034513924364106e-01
5.695045026965493973e-01
5.695070063103194746e-01
5.695001015779086462e-01
5.694976270315428302e-01
5.694996113582329045e-01
5.694953188925280241e-01
5.695065308123469228e-01
5.694964651141192213e-01
5.695238314807880009e-01
5.695035488904677257e-01
5.695013201456931018e-01
5.694935574086370522e-01
5.694996674927238489e-01
5.694999272193540518e-01
5.695009768984167220e-01
5.695092803164217843e-01
5.694939441373823019e-01
5.694884095427511506e-01
5.694777539951259016e-01
5.694797422076316451e-01
5.694831913867742790e-01
5.694810183859678743e-01
5.694823833584796713e-01
5.694804002509259444e-01
5.694764734733528400e-01
5.694690146606214975e-01
5.694624337665101788e-01
5.694622837423819472e-01
5.694534486627835790e-01
5.694495762217506307e-01
5.694863116617790988e-01
5.694548345775914955e-01
5.694445905025401489e-01
5.694490182834429648e-01
5.694752374128573269e-01
5.694424427524376053e-01
5.694470935110128584e-01
5.694469581369125954e-01
5.694431137750702865e-01
5.694272711745457238e-01
5.694075967350540335e-01
5.694130315440062429e-01
5.694035432259632046e-01
5.694179528943555946e-01
5.694039137569338882e-01
5.693851083242160716e-01
5.693892802571918210e-01
5.693793900130862395e-01
5.693828160841686303e-01
5.694021965046973666e-01
5.693787080143279944e-01
5.693892653892453914e-01
5.693780920994729877e-01
5.693753291691999729e-01
5.693747682145476885e-01
5.693837812768387519e-01
5.693708586839857366e-01
5.694113875449705597e-01
5.693851839718665486e-01
5.693547485788513773e-01
5.693566486850430985e-01
5.693529320946604244e-01
5.693536811897931260e-01
5.693588228519450567e-01
5.693428066492246531e-01
5.693489425981121954e-01
5.693418496000770546e-01
5.693366755447460958e-01
5.693303695687735866e-01
5.693546011239219995e-01
5.693368031852867883e-01
5.693455562693914285e-01
5.693334764235711276e-01
5.693419128008008201e-01
5.693328862342442731e-01
5.693315729318996210e-01
5.693328062463072214e-01
5.693404083409098204e-01
5.693198795966107895e-01
5.693529338193370481e-01
5.693237303759471901e-01
5.693264897775818234e-01
5.693198398731280641e-01
5.693315110047956207e-01
5.693439891906818540e-01
5.693074458443281305e-01
5.693058565847686214e-01
5.693193385487779201e-01
5.693103406546045075e-01
5.693121986378845145e-01
5.693050011882391237e-01
5.693067444830595125e-01
5.693057464334623230e-01
5.693288944681824670e-01
5.693056886320829735e-01
5.692988500468799673e-01
5.692988134410699175e-01
5.693059108586838724e-01
5.693013886032350923e-01
5.693113858973104513e-01
5.693015693685130607e-01
5.692986631672338760e-01
5.693018318623205287e-01
5.692950351804476616e-01
5.692941333875767285e-01
5.693314517748898629e-01
5.693154896833996226e-01
5.692741442446374034e-01
5.692804295075978294e-01
5.692722789182990129e-01
5.692782585055373712e-01
5.692810734153935792e-01
5.692731696523035678e-01
5.692648508287712072e-01
5.692579298692598266e-01
5.692706867489489841e-01
5.692562160608929389e-01
5.692782970078565929e-01
5.692576561224337306e-01
5.692523703304321891e-01
5.692465981960942445e-01
5.692843975920244270e-01
5.692441609197137486e-01
5.692303222115367989e-01
5.692285746055333329e-01
5.692294023566007999e-01
5.692362271487974024e-01
5.692426189979572504e-01
5.692504398498601237e-01
5.692208454755401936e-01
5.692241914848550355e-01
5.692224675585034754e-01
5.692204881660666294e-01
5.692182729935678642e-01
5.692179616342303294e-01
5.692222760237917178e-01
5.692142973873622891e-01
5.692166167421673917e-01
5.692179721159429384e-01
5.692168077420746153e-01
5.692114741423861535e-01
5.692099421203121734e-01
5.692067887953765615e-01
5.692514686096246113e-01
5.692080728319207639e-01
5.692092083116223611e-01
5.692084507255232850e-01
5.692685470232616840e-01
5.691906616903136262e-01
5.691799245438102783e-01
5.691838031649270047e-01
5.691853804382552839e-01
5.691852450179611944e-01
5.691746448184987761e-01
5.691734942628057237e-01
5.692096051814358182e-01
5.691778220879512018e-01
5.691622966212516177e-01
5.691681286586477428e-01
5.691993479823198587e-01
5.691673782734402165e-01
5.691761926575913400e-01
5.691670680807725535e-01
5.692046890414784732e-01
5.691662434395003967e-01
5.691652157819997448e-01
5.691642537362771037e-01
5.691731695022530513e-01
5.691678101330835959e-01
5.691824984658774289e-01
5.691673040593262511e-01
5.691548304637713551e-01
5.691572764561634301e-01
5.691467813304660339e-01
5.691494408534975014e-01
5.691416599002790955e-01
5.691430448094613181e-01
5.691445765670666290e-01
5.691459534073585180e-01
5.691427807044808773e-01
5.691479903290616038e-01
5.691734103120092980e-01
5.691451998712347971e-01
5.691447724497470384e-01
5.691376223017476921e-01
5.691749640678656075e-01
5.691401977162972026e-01
5.691361793492811794e-01
5.691270651762765365e-01
5.691450265117448115e-01
5.691341332322676916e-01
5.691335761987259545e-01
5.691258160682403089e-01
5.691147146541934987e-01
5.691169667387320219e-01
5.690969320978438439e-01
5.691034473431649809e-01
5.690958914470626295e-01
5.690973110823163150e-01
5.690961804523810841e-01
5.691064698618031326e-01
5.691041212258873827e-01
5.690945592995353408e-01
5.690922677511333072e-01
5.690951629796477951e-01
5.690935366814429130e-01
5.690906196779359494e-01
5.690895587730341321e-01
5.690864447110703939e-01
5.690882625599242850e-01
5.690969774614791366e-01
5.690900268435171716e-01
5.690980091456442347e-01
5.690835763809817260e-01
5.690809258258738845e-01
5.690796023228219536e-01
5.690770618252931623e-01
5.690841973792885033e-01
5.690759658226925977e-01
5.690873462168288821e-01
5.690630420353222085e-01
5.690714676653041426e-01
5.690557677278865745e-01
5.690610298873748363e-01
5.690762541592467860e-01
5.690544728328607027e-01
5.690822896363986194e-01
5.690598993190011390e-01
5.690570108166866925e-01
5.690553837847392993e-01
5.690522009014704619e-01
5.690443952139413453e-01
5.690461857299040638e-01
5.690481285238270237e-01
5.690652307083128303e-01
5.690546897963929540e-01
5.690542825432158835e-01
5.690551734034446918e-01
5.690482437152516448e-01
5.690441627168368877e-01
5.690514138005139388e-01
5.690506969193664943e-01
5.690335120639486988e-01
5.690384723897756736e-01
5.690407348127768383e-01
5.690389515540236198e-01
5.690290859537394663e-01
5.690333302340719879e-01
5.690265516696536574e-01
5.690288767904219114e-01
5.690288048554871247e-01
5.690232947331137492e-01
5.690404652836228427e-01
5.690201742048490718e-01
5.690232895316282846e-01
5.690207093688511852e-01
5.690298327534759615e-01
5.690226289661871606e-01
5.690479079687525976e-01
5.690403583064215232e-01
5.690377894529545788e-01
5.690345626299931903e-01
5.689996935373973219e-01
5.690154684537335195e-01
5.690095152662051348e-01
5.690040722470686152e-01
5.689982850864080399e-01
5.690014124457259959e-01
5.690016508337152334e-01
5.690212861012154955e-01
5.689916496208073937e-01
5.689886100933440050e-01
5.689913426583063094e-01
5.689878839157087587e-01
5.689860248930791453e-01
5.690064481142207420e-01
5.689932863486708570e-01
5.690093294833045157e-01
5.689808570667567178e-01
5.690015776005816761e-01
5.689825813911961738e-01
5.690044291425968570e-01
5.689794841378690293e-01
5.689938945353828492e-01
5.689791588094610386e-01
5.690056997437407116e-01
5.689864110010472986e-01
5.689617360427798864e-01
5.689590716112270519e-01
5.689638839325464881e-01
5.689574540793851387e-01
5.689605606316506803e-01
5.689601973518355615e-01
5.689546316771308954e-01
5.689548638370343081e-01
5.689817184363609170e-01
5.689570331522183499e-01
5.689576781850931297e-01
5.689583614617529372e-01
5.689521156620249709e-01
5.689523421274150783e-01
5.689567976732006205e-01
5.689553314043993559e-01
5.690091364981177957e-01
5.689572103577982265e-01
5.689773649425671209e-01
5.689687869495168027e-01
5.689490420739053977e-01
5.689557761688955884e-01
5.689658711572009864e-01
5.689487354940060415e-01
5.689746800887479639e-01
5.689481475690524315e-01
5.689217689493196728e-01
5.689365760283214835e-01
5.689163450823451207e-01
5.689320199199576766e-01
5.689173366402918708e-01
5.689267111497257057e-01
5.689112923225382312e-01
5.689096197624076146e-01
5.689107380251607893e-01
5.689172744756992861e-01
5.689120170704162760e-01
5.689167470653760939e-01
5.689104798434601040e-01
5.689280396108784554e-01
5.689078033146914848e-01
5.688942434272158399e-01
5.688969229310901765e-01
5.688841696838741191e-01
5.688857614822671049e-01
5.689007165925316079e-01
5.688837595381484036e-01
5.688828501906365576e-01
5.688927227345774718e-01
5.688935384114499616e-01
5.688852174792419225e-01
5.688856734922406178e-01
5.688860940868784022e-01
5.688752178062067566e-01
5.688738290127256514e-01
5.688772571308124970e-01
5.688769094733057141e-01
5.688781332307237815e-01
5.688745235762243668e-01
5.688770723417146957e-01
5.688746592245872424e-01
5.688754053924688359e-01
5.688737159693195711e-01
5.688909187167821013e-01
5.688718167171041840e-01
5.689202002587147033e-01
5.688719475330157316e-01
5.688663967325130466e-01
5.688650259568722722e-01
5.688686419534059180e-01
5.688682852099754550e-01
5.689005630798429358e-01
5.688634382733595007e-01
5.688734222635214444e-01
5.688586012270041570e-01
5.688666413106717723e-01
5.688557906572914158e-01
5.688621610103579140e-01
5.688545423553466041e-01
5.688542946182766347e-01
5.688520358225831464e-01
5.688778759967616505e-01
5.688448104025837226e-01
5.688395179541210211e-01
5.688394053564083119e-01
5.688386196812389439e-01
5.688368458405487216e-01
5.688350890426591144e-01
5.688370791290930928e-01
5.688522583029758106e-01
5.688359444142225829e-01
5.688615640751526481e-01
5.688355290392894670e-01
5.688470719681215648e-01
5.688507771568256377e-01
5.688313925547386907e-01
5.688306823768629616e-01
5.688356328668486839e-01
5.688327163767938899e-01
5.688556773954595025e-01
5.688298188018839907e-01
5.688312009908125244e-01
5.688293460575831739e-01
5.688272798278388720e-01
5.688282545049199168e-01
5.688123709469476985e-01
5.688077399106871157e-01
5.688087995060797653e-01
5.688142660365527181e-01
5.688151002725986283e-01
5.688104287355936206e-01
5.687983315218345659e-01
5.688111248494508443e-01
5.687997233380661655e-01
5.688013967328997555e-01
5.688052866868478219e-01
5.688266643382994259e-01
5.687945476463829308e-01
5.688187254528599412e-01
5.687953016335725032e-01
5.688032752016186633e-01
5.687925086615043258e-01
5.688214174570249693e-01
5.687871077142574450e-01
5.687795027985391716e-01
5.687822095677851353e-01
5.687698840851602711e-01
5.687723937882639413e-01
5.687785807075009803e-01
5.687696586403647725e-01
5.687801988032368250e-01
5.687727320875213266e-01
5.687611154484590870e-01
5.687594783985190361e-01
5.687476010909947588e-01
5.687474206818221578e-01
5.687472983299950435e-01
5.687418335001337422e-01
5.687531092543451905e-01
5.687448843570456214e-01
5.687459106478501836e-01
5.687368600471068847e-01
5.687346437900995255e-01
5.687462479085284572e-01
5.687369200337970554e-01
5.687320026473406953e-01
5.687290134262278363e-01
5.687323509609081285e-01
5.687325563980594190e-01
5.687382242708265423e-01
5.687336037099912645e-01
5.687271186179033711e-01
5.687274509622897156e-01
5.687318959385518902e-01
5.687210010798582349e-01
5.687276021055919228e-01
5.687255211532290522e-01
5.687269376453448766e-01
5.687193361816740289e-01
5.687081529316051487e-01
5.687101255228231844e-01
5.687154650109137455e-01
5.687043364744911456e-01
5.687343157291554485e-01
5.687057763016241108e-01
5.687173804302583235e-01
5.687047155654794128e-01
5.686871798121794219e-01
5.686898983593080548e-01
5.686791857859986310e-01
5.686788398267235145e-01
5.686901101458766705e-01
5.686796680271128945e-01
5.686896080427552569e-01
5.686763717513342309e-01
5.686728087785074548e-01
5.686745043713075098e-01
5.686946669560664080e-01
5.686711445360780326e-01
5.686646235327064147e-01
5.686625496564376991e-01
5.686596955842140311e-01
5.686604517589812779e-01
5.686668396814669180e-01
5.686607871479253395e-01
5.686511194432323224e-01
5.686494902365472059e-01
5.686503451698168288e-01
5.686519803199951983e-01
5.686547348565753612e-01
5.686454636409641328e-01
5.686773437583266810e-01
5.686489753515489021e-01
5.686239191537069138e-01
5.686220125185771357e-01
5.686300256974322620e-01
5.686244630682623091e-01
5.686359780064742520e-01
5.686180093547620329e-01
5.686234362823585631e-01
5.686230272161145738e-01
5.686163845148108908e-01
5.686161270324654460e-01
5.686269717955190206e-01
5.686228790640222019e-01
5.686138488941087088e-01
5.686218804530851489e-01
5.686514643368083544e-01
5.686156431064244288e-01
5.686208973636107666e-01
5.686126989858570902e-01
5.686114951855751887e-01
5.686140295430288649e-01
5.686045029096804537e-01
5.686012471906251031e-01
5.686144107887534105e-01
5.686039165156000497e-01
5.686135821434822324e-01
5.685998005053312099e-01
5.686069353694597206e-01
5.686009751329111905e-01
5.686026874666109121e-01
5.685972314544923689e-01
5.685965766606132510e-01
5.685900153188735429e-01
5.686041258479583860e-01
5.685879533555181498e-01
5.685971234011033548e-01
5.685901884173115706e-01
5.685942324842557793e-01
5.685922836649769385e-01
5.685886185425351735e-01
5.685888738622326688e-01
5.686224109071140731e-01
