1.042212548718389087e+00
1.049472140210022886e+00
1.042063930001768446e+00
1.019691987621490492e+00
1.024863807164735796e+00
1.006080959824758203e+00
9.662948481461988148e-01
9.644781325586997411e-01
9.642302641161978327e-01
9.642302641161978327e-01
9.642302641161978327e-01
9.628853612785631677e-01
9.770374582458662971e-01
9.647332975308968717e-01
9.657017865541235313e-01
9.628853612785631677e-01
9.647925652595050749e-01
9.497126967382495399e-01
9.430853815186799327e-01
9.430853815186799327e-01
9.430853815186799327e-01
9.430853815186801548e-01
9.523988294735939997e-01
9.510113145703185111e-01
9.405001137486738161e-01
9.557173169801531643e-01
9.405001137486738161e-01
9.405001137486738161e-01
9.405001137486738161e-01
9.405001137486738161e-01
9.405001137486738161e-01
9.420609853894258423e-01
9.661414063299262889e-01
9.405001137486738161e-01
9.405001137486738161e-01
9.405001137486738161e-01
1.013409457414812920e+00
9.405001137486738161e-01
9.405001137486738161e-01
9.039127108651932030e-01
9.208292957849569804e-01
9.025748525775505460e-01
8.999664261199937787e-01
9.080001370406319827e-01
9.146041520594491159e-01
9.191690951809479149e-01
9.342806480916565626e-01
8.964766554092487016e-01
9.140393686365315684e-01
8.964766554092484796e-01
8.791104378386833673e-01
9.354812258267936054e-01
8.791104378386833673e-01
8.819654903676269475e-01
8.894195811773497606e-01
9.173058165866301294e-01
8.652274732710404370e-01
8.639681103879101043e-01
8.639681103879101043e-01
8.671462113243841863e-01
8.539175332824581188e-01
8.721366187806173231e-01
8.539175332824578968e-01
8.782969296872009668e-01
8.539175332824578968e-01
8.779355369746481008e-01
8.539175332824578968e-01
8.508180146863104643e-01
8.423639605820464338e-01
8.353941560031978852e-01
8.353941560031978852e-01
8.458463865084604461e-01
8.353941560031978852e-01
8.491347649120712937e-01
8.353941560031976632e-01
8.553908325027017590e-01
8.353941560031978852e-01
8.718260370891351974e-01
8.832447790259282394e-01
8.313508955093786845e-01
8.510208995021398826e-01
7.705153359572092242e-01
7.798466075655878793e-01
7.706228337500758974e-01
8.351648709122511116e-01
7.701391387459906035e-01
7.855237195701599839e-01
7.552102502944980644e-01
7.629965389467872061e-01
7.552102502944979534e-01
7.956753524656152710e-01
7.521556267986222455e-01
8.131219248715610970e-01
7.521556267986222455e-01
7.714499816737037108e-01
7.670875666921650460e-01
7.315915039240712403e-01
7.409967156610645089e-01
7.645335776821904350e-01
7.339354746689105147e-01
7.753838001568905680e-01
7.315915039240712403e-01
7.650449624333759413e-01
7.315915039240712403e-01
7.371603354710025702e-01
7.315915039240711293e-01
7.562603535234261320e-01
7.315915039240712403e-01
7.387367799560243808e-01
7.371620821457958161e-01
7.490198512915353657e-01
7.328345692987309201e-01
7.420502357066738330e-01
7.315915039240712403e-01
6.991182074634023635e-01
7.551206872348332766e-01
6.991182074634024746e-01
7.821959702682855786e-01
6.991182074634022525e-01
7.512915094392623727e-01
6.991182074634023635e-01
7.734363213521253666e-01
7.117147036820871131e-01
7.038794426270755800e-01
7.199586349211811731e-01
6.960819471174465312e-01
7.334118258998031381e-01
7.874717589487342240e-01
6.949433446764138322e-01
7.139147125198528343e-01
6.947116449218212475e-01
7.216967424327157543e-01
6.947116449218215806e-01
7.452120959943889789e-01
6.979111174761990499e-01
7.181882929134513205e-01
6.947116449218212475e-01
7.369935679989895183e-01
7.017575505903256294e-01
7.042210221264022518e-01
7.024543972415182580e-01
6.953309220748485897e-01
6.840340401176850937e-01
7.572752373973461459e-01
6.870132947808600399e-01
7.092763198445828365e-01
6.886019314488089904e-01
6.894484176887047955e-01
6.860812173992861807e-01
7.101519377152735180e-01
6.954433143895245584e-01
6.846965479539350863e-01
6.830068346717547145e-01
7.479035796479984732e-01
6.830780391769041282e-01
7.217103781670819451e-01
6.691095477005839509e-01
7.223790954602666847e-01
6.769057464363689158e-01
6.795767624905517668e-01
6.738392675913077445e-01
6.705011089090866516e-01
6.857221936079727076e-01
6.716150973154880743e-01
6.791449180548385645e-01
6.691095477005839509e-01
6.777264611128656080e-01
6.715005420813945358e-01
6.748853157085760168e-01
6.687911977190598156e-01
6.710143816919357240e-01
6.703140707528615350e-01
6.865552430976630260e-01
6.679093958604594983e-01
6.786823753990495200e-01
6.703760782458964007e-01
6.659779292037465437e-01
6.592911489815455051e-01
6.768356239145106867e-01
6.604251289428683114e-01
6.637465492269345457e-01
6.586581357119906110e-01
6.741712570804447857e-01
6.587031614961570414e-01
6.531112846996990351e-01
6.515806293902849378e-01
6.465512364301121417e-01
6.443613036530825289e-01
6.539682409360716431e-01
6.443613036530823068e-01
6.555592839928129356e-01
6.457789892118568353e-01
6.557549855447076803e-01
6.443671698842308171e-01
6.602101031148892574e-01
6.439082464115765125e-01
6.416787870423025231e-01
6.481122411513554615e-01
6.517288905774885066e-01
6.422330434916263542e-01
6.534168077566725463e-01
6.362330070503299240e-01
6.482056252485006720e-01
6.334703178181861905e-01
6.318223565483028770e-01
6.326724195972756037e-01
6.386542608512709718e-01
6.349262498050434189e-01
6.326451112377434738e-01
6.318223565483028770e-01
6.327405312504078561e-01
6.322527375430273544e-01
6.402294957764659289e-01
6.310473285087205841e-01
6.300782169879952654e-01
6.301955274089069414e-01
6.339910216945298105e-01
6.269812013769667791e-01
6.384078480964860969e-01
6.273427279784187238e-01
6.347747781400345790e-01
6.282956268448798287e-01
6.309836947717715194e-01
6.267580892734383458e-01
6.385821071865260823e-01
6.289240909325791717e-01
6.413486853102478014e-01
6.306743347990483306e-01
6.334610756323131309e-01
6.270146061287158457e-01
6.386873356569130467e-01
6.288316230895296677e-01
6.373039796026388482e-01
6.274928449267475061e-01
6.350950421373314780e-01
6.267580892734381237e-01
6.296346947613991052e-01
6.287806996682491212e-01
6.257014149187742902e-01
6.309299861357312578e-01
6.333011018899874500e-01
6.264529343315141663e-01
6.340781181737874528e-01
6.245515942284529665e-01
6.309380766257618456e-01
6.268913383183667420e-01
6.283807191039960660e-01
6.247646417694751042e-01
6.321439788787170944e-01
6.249854346903246372e-01
6.384010561339161782e-01
6.270849065623714802e-01
6.151692208588811495e-01
6.231546314003947318e-01
6.128023155192072746e-01
6.063274247155684415e-01
6.070383407462055514e-01
6.084903297972429348e-01
6.029412785423794441e-01
5.996047977367958692e-01
5.988251096024408415e-01
6.029929501231026112e-01
5.993156988213177438e-01
6.073696435881783540e-01
5.993261643854272958e-01
6.013814282396654498e-01
5.987625480641840525e-01
6.014481118340531118e-01
6.031344017637371158e-01
5.976056167761980564e-01
5.963269629625747026e-01
5.962348994772543875e-01
5.960703217571291512e-01
5.997199899066542050e-01
5.950629667220678209e-01
5.970989229598310244e-01
5.955224451750924519e-01
5.958739743681540357e-01
5.945043359506931857e-01
5.947621897027673965e-01
5.953161502256176796e-01
5.930359953591720634e-01
5.928928826157824350e-01
5.930588928321317566e-01
5.928903817742861015e-01
5.904522269455433348e-01
5.920093751224575485e-01
5.894205385363802119e-01
5.895997128791272690e-01
5.887190651672984387e-01
5.893202046525766180e-01
6.094838489226791500e-01
5.896222853910815243e-01
5.833206660090531903e-01
5.867401376722807260e-01
5.830680543943382865e-01
5.833398505194093975e-01
5.844025433816618653e-01
5.820030257537924800e-01
5.837899085197617577e-01
5.876144178163725806e-01
5.823346244169411712e-01
5.805853551724972084e-01
5.813009508713816720e-01
5.863300851147951187e-01
5.800910538670832617e-01
5.805552500155404250e-01
5.806384477533302890e-01
5.832329038773504948e-01
5.803667863569318408e-01
5.831135820822203053e-01
5.792930454371406634e-01
5.803676397830441758e-01
5.789554392688625040e-01
5.787380459365534247e-01
5.792642979446538387e-01
5.817361097874158560e-01
5.794873033759216918e-01
5.787115359945851356e-01
5.782501059411171429e-01
5.814483532532624954e-01
5.809705316082904858e-01
5.836864624348011565e-01
5.785049627871965416e-01
5.807877524967082206e-01
5.779217740547551996e-01
5.801538750584329662e-01
5.791379983792576125e-01
5.790237950059176075e-01
5.774762022066398659e-01
5.789567328853145733e-01
5.796724979914872344e-01
5.773809496238430095e-01
5.775745823171677396e-01
5.825123868187698228e-01
5.770298658942246695e-01
5.853488774835179376e-01
5.772024913423047243e-01
5.773162194625895971e-01
5.771622646696902281e-01
5.794134355172098072e-01
5.765102215749468018e-01
5.777146520528907425e-01
5.764327235284316675e-01
5.776006946526782704e-01
5.767419881390379865e-01
5.784768395663836271e-01
5.772341171701592666e-01
5.788424061246916219e-01
5.770843535267763391e-01
5.783933611299404420e-01
5.765804594376139347e-01
5.787061228572598637e-01
5.768741703274150590e-01
5.774408693393213721e-01
5.768458474002565728e-01
5.785687167318107615e-01
5.773500286808894710e-01
5.766115902831040474e-01
5.773323591567209867e-01
5.769530828116289367e-01
5.763187801478032446e-01
5.800830337332214537e-01
5.771285335507655434e-01
5.796448965314845436e-01
5.775877556275647029e-01
5.763783052246439498e-01
5.772160522484880429e-01
5.765016619549518939e-01
5.776954085145058482e-01
5.765739088627157560e-01
5.767076429927916470e-01
5.765873643202040766e-01
5.768188906044544595e-01
5.769025166499316404e-01
5.759243112124118325e-01
5.763024673399476105e-01
5.764977175066290371e-01
5.751371121879491621e-01
5.753322165218943685e-01
5.756111262487640934e-01
5.751977860719237334e-01
5.753030467853299523e-01
5.753590583365258970e-01
5.752306402445631628e-01
5.754683562466924585e-01
5.751759771178576175e-01
5.755022929453749159e-01
5.754274271862586110e-01
5.751630720567904032e-01
5.747520230112178607e-01
5.750309515049073505e-01
5.749285152133047916e-01
5.753143997642131691e-01
5.750400486171743930e-01
5.740428285163822197e-01
5.744441638806473405e-01
5.739344852180258139e-01
5.746997597106821010e-01
5.739931876623940443e-01
5.744122290520545793e-01
5.739934884898518774e-01
5.741887558077221065e-01
5.739704203441142738e-01
5.738959288050655694e-01
5.738317520072738764e-01
5.739069106029172085e-01
5.740787995476177574e-01
5.742206121292596777e-01
5.738081679694037041e-01
5.758424325439319702e-01
5.737925754796527889e-01
5.749759590715525226e-01
5.737549273174520348e-01
5.742254017350424400e-01
5.737321041398055765e-01
5.735703128512292803e-01
5.736494304352598439e-01
5.737355246421534938e-01
5.739596416519278099e-01
5.732029907482685260e-01
5.733026882245110256e-01
5.729752665052701976e-01
5.728353445649223552e-01
5.741686503007509268e-01
5.733709872613861336e-01
5.736942396407158640e-01
5.729729480027725419e-01
5.729272359426913486e-01
5.731653788818038553e-01
5.730834900087137251e-01
5.729091685361240582e-01
5.737883605796557651e-01
5.725344764879488624e-01
5.733052025184768308e-01
5.727090882078749168e-01
5.730610383799538132e-01
5.728090995262756779e-01
5.736437576038251329e-01
5.722291729195320142e-01
5.746219478282018622e-01
5.720531312701648829e-01
5.725655967673700664e-01
5.720665085538877426e-01
5.722427520939237233e-01
5.719603999876864409e-01
5.724455223524615999e-01
5.716409903016893557e-01
5.715698100066672893e-01
5.723263300287957378e-01
5.718837497648320278e-01
5.717005510021941905e-01
5.715572871140492950e-01
5.715776519637895126e-01
5.722729925618355029e-01
5.713612207824854128e-01
5.732369223534151681e-01
5.712344620480457325e-01
5.711671342003776797e-01
5.714421357222841946e-01
5.714332879617102234e-01
5.712030418363687190e-01
5.720471614516710046e-01
5.714054010837438247e-01
5.714386142115535083e-01
5.712594137148572226e-01
5.715841904019517417e-01
5.710818548960094887e-01
5.704912621894189240e-01
5.709736240546012809e-01
5.704854308379737615e-01
5.705938790203507471e-01
5.694225271349593331e-01
5.692577174621534786e-01
5.698354624863987139e-01
5.693026905707778695e-01
5.696180189381182535e-01
5.697930775963891969e-01
5.695208129591377011e-01
5.693367775938625863e-01
5.695797787705217941e-01
5.689986342478177139e-01
5.691814873783636042e-01
5.692585542628949558e-01
5.688566056515633740e-01
5.693967127076187129e-01
5.692250700028177457e-01
5.693329756264121633e-01
5.694886224834350141e-01
5.700145518008153944e-01
5.689917760618188325e-01
5.698668115524831990e-01
5.690667737531364123e-01
5.686941075141574986e-01
5.687366303972010151e-01
5.698983541817600473e-01
5.684264005463826042e-01
5.678519275093966145e-01
5.679225272845380701e-01
5.670479823911070971e-01
5.674175041271450892e-01
5.667487332391567545e-01
5.667732518541477305e-01
5.667165366540057869e-01
5.665968370963947454e-01
5.673896410436300997e-01
5.667725041706520583e-01
5.689673622148421206e-01
5.661202741066342359e-01
5.685223267536698710e-01
5.660771828281080387e-01
5.665711159515675055e-01
5.665363169589654468e-01
5.656830258568474878e-01
5.657273774204311101e-01
5.656205996564976912e-01
5.657019783032741778e-01
5.655888158317806669e-01
5.653421856333546991e-01
5.643857455070240281e-01
5.643341002461215172e-01
5.646604079160657541e-01
5.647310892135577465e-01
5.641235699011962756e-01
5.642219415919008663e-01
5.653833533373925357e-01
5.643596411700552151e-01
5.646846086584882407e-01
5.642601817985072321e-01
5.647490618172584798e-01
5.642664499032545855e-01
5.641211975339767148e-01
5.639649651290108423e-01
5.643302342131893967e-01
5.640638464799321294e-01
5.648834648963673155e-01
5.640903246040613883e-01
5.649515499203164870e-01
5.647117666074488174e-01
5.640811867567527838e-01
5.641441109841831558e-01
5.644978912915118441e-01
5.643049105502215834e-01
5.634912174605836155e-01
5.633111363459833987e-01
5.637759554509423898e-01
5.634215599969153443e-01
5.641513061998617573e-01
5.631811333987521984e-01
5.638251966005709548e-01
5.632170810312646658e-01
5.640178477730637407e-01
5.632426359771787183e-01
5.634875651644409844e-01
5.633419360083545824e-01
5.636981914135665850e-01
5.632754558635212350e-01
5.634816526056292130e-01
5.641056181227508404e-01
5.635730611022413683e-01
5.632614443090580014e-01
5.636283802214526739e-01
5.630044359305625967e-01
5.628423921982752542e-01
5.629303876076704460e-01
5.623139050491934299e-01
5.626688232020582436e-01
5.626182051227293091e-01
5.625827752942842430e-01
5.626771982644076520e-01
5.622863281672108027e-01
5.625194178003112278e-01
5.621347056444597756e-01
5.619813256348152875e-01
5.616370077627061974e-01
5.619346642279781090e-01
5.618117235613704352e-01
5.625159490459360478e-01
5.619456811769464322e-01
5.623140590635042901e-01
5.615719928093392266e-01
5.617074324878584823e-01
5.617787849878282946e-01
5.620540339704199750e-01
5.618551675410048407e-01
5.609478053723807589e-01
5.611004853626956335e-01
5.618882865731861243e-01
5.609079096659673747e-01
5.619428766859219104e-01
5.610492288530595228e-01
5.628806513346267248e-01
5.610269283947429964e-01
5.602950517858055202e-01
5.606932090789276124e-01
5.608406337017838306e-01
5.603073006175892656e-01
5.608202268646291788e-01
5.606601810492891635e-01
5.612359159322400926e-01
5.603177908399606943e-01
5.608780883534064676e-01
5.607555940968694808e-01
5.617157515489302755e-01
5.605238032570492024e-01
5.603973176981226212e-01
5.603707678699305639e-01
5.601833155057888147e-01
5.603372580185480567e-01
5.603828802517308860e-01
5.603275980949773416e-01
5.605278753313037710e-01
5.600353584398118922e-01
5.602626789465318113e-01
5.604446334748310887e-01
5.599578913659295498e-01
5.599684285246591120e-01
5.607029233070555119e-01
5.601444340342149886e-01
5.600472328977843528e-01
5.603499369600588587e-01
5.607928395202576022e-01
5.601875680677134151e-01
5.603208607897850468e-01
5.604781794034686682e-01
5.600451024410628698e-01
5.608505220579376171e-01
5.594901635557812947e-01
5.595687040188549455e-01
5.602619309784364621e-01
5.594537952322368168e-01
5.600868495413622306e-01
5.595624987684318929e-01
5.597754540743492546e-01
5.597872355036267455e-01
5.597526838971367269e-01
5.596218958159746570e-01
5.596152457110459277e-01
5.594310439147195391e-01
5.594832169264454258e-01
5.596985032001047244e-01
5.595048136504913172e-01
5.594886671869370165e-01
5.603235910311251677e-01
5.597168592952501687e-01
5.597725172098444446e-01
5.597449785117657450e-01
5.591872176114802695e-01
5.593170981299888656e-01
5.599089261783403160e-01
5.593003783411688579e-01
5.592506707347872918e-01
5.591790150702011797e-01
5.599207825554876061e-01
5.594223911501964297e-01
5.594338025846405937e-01
5.591746574117040236e-01
5.593214798145695887e-01
5.593450606105213607e-01
5.593336997736783056e-01
5.593016017063979772e-01
5.596709967562636390e-01
5.595924959177970281e-01
5.604194610465776938e-01
5.594313660016118073e-01
5.593463467929071786e-01
5.592230685152639325e-01
5.595386651201169625e-01
5.594762163235105223e-01
5.592515019643735652e-01
5.592654638568104186e-01
5.593864047848848831e-01
5.589273116854267531e-01
5.589317001067714008e-01
5.586270771847124950e-01
5.586888594908770989e-01
5.586665687639545963e-01
5.587531969667105525e-01
5.587394072239977305e-01
5.585357935179593447e-01
5.585785534111460393e-01
5.586022042001619337e-01
5.586731754609191025e-01
5.586156261071456575e-01
5.582824319281149972e-01
5.583676602183358373e-01
5.582671101559997240e-01
5.582024581177099654e-01
5.584151874460120402e-01
5.581935176258773224e-01
5.582025633141857179e-01
5.581714834651350099e-01
5.581881227760513431e-01
5.582420132261387558e-01
5.581703204975733135e-01
5.581534860336250237e-01
5.581569384179874138e-01
5.580972133734858343e-01
5.579681574369329544e-01
5.580146613488936591e-01
5.580834329861544818e-01
5.580048264509399614e-01
5.580525615487250679e-01
5.580807655575265036e-01
5.578042588936119595e-01
5.577101013179869282e-01
5.577626169147935631e-01
5.578007683299667230e-01
5.576425258889251557e-01
5.576656373017934154e-01
5.574987272280611528e-01
5.575191542072788220e-01
5.576434481764313000e-01
5.575581449518143273e-01
5.575997892533305356e-01
5.577432157408258595e-01
5.574844251158806996e-01
5.575233630746072588e-01
5.573760763820785336e-01
5.574174448291113748e-01
5.576391543757684977e-01
5.574392327295217830e-01
5.574385006835025358e-01
5.573872673739069805e-01
5.574860508346650700e-01
5.573877220185627923e-01
5.572544060681836608e-01
5.574620798013014689e-01
5.573903366721874031e-01
5.572799960087410076e-01
5.572224579128297606e-01
5.572563801355443491e-01
5.573652886259902184e-01
5.572977744418616819e-01
5.572633497573425965e-01
5.572582898418294572e-01
5.575133734688419995e-01
5.572520232478046509e-01
5.572290126363986795e-01
5.571163061200811173e-01
5.570945290538468209e-01
5.570806360199326290e-01
5.570576718022939300e-01
5.571294872638927753e-01
5.569598264059310022e-01
5.570065850762212500e-01
5.570202497708376388e-01
5.570145291595762771e-01
5.568880014860155825e-01
5.567846756568890498e-01
5.568226146403392196e-01
5.567486814478413981e-01
5.568421501772998772e-01
5.567921547950481775e-01
5.567969035126383304e-01
5.567878493804213624e-01
5.568492519624337334e-01
5.567808955440958218e-01
5.567003568795260149e-01
5.567574880601844356e-01
5.568313593241795978e-01
5.567127404801061052e-01
5.565881685555714720e-01
5.566463719224707951e-01
5.566052855005466649e-01
5.566886431519322276e-01
5.568541841891354593e-01
5.566103342172242785e-01
5.566874201993982085e-01
5.565770728530639033e-01
5.566794918285525862e-01
5.566004290169187518e-01
5.567521095035322665e-01
5.565403713550575171e-01
5.566336428505980205e-01
5.565411952781355032e-01
5.567809879638376813e-01
5.565875069546249998e-01
5.567451403047216640e-01
5.564397845706859913e-01
5.564334005141153838e-01
5.564947532947904785e-01
5.566550981253018948e-01
5.564797722280119263e-01
5.564917768093949890e-01
5.564260240106974065e-01
5.563739809525767299e-01
5.564269815531600605e-01
5.564995186720611553e-01
5.564018070146108386e-01
5.565646739984470015e-01
5.563694374258906228e-01
5.565969178117976535e-01
5.564677598761391675e-01
5.565448336023249842e-01
5.564128883355456967e-01
5.564798879565382439e-01
5.563399526408899787e-01
5.564365864972005138e-01
5.563483360175541792e-01
5.564752737426837959e-01
5.563204026839421168e-01
5.563926111111370254e-01
5.563772649180638297e-01
5.563404615855228608e-01
5.563407394028494490e-01
5.564992641111849991e-01
5.563583274983192606e-01
5.565323316332333459e-01
5.563738937343023494e-01
5.564935027131860945e-01
5.563485613651421025e-01
5.563922213625387414e-01
5.563701265965718123e-01
5.564353809101492132e-01
5.563378761979643761e-01
5.564482690281616906e-01
5.563670166490685132e-01
5.563441510967985781e-01
5.563747144929318544e-01
5.563188996968150279e-01
5.563355802469811540e-01
5.563564885430177798e-01
5.564014910038027617e-01
5.563126030558682711e-01
5.563011702867365349e-01
5.563195817868816784e-01
5.563761289869282312e-01
5.562860575302578381e-01
5.561960909620227156e-01
5.561813509993699389e-01
5.562329644000166828e-01
5.561641920760402868e-01
5.561800289617689907e-01
5.561739816598947339e-01
5.562241880299682029e-01
5.561777644566546774e-01
5.561551958074387736e-01
5.561529039104700090e-01
5.562058965412977063e-01
5.561137403029897675e-01
5.560412177223296171e-01
5.560232152109814141e-01
5.559678421632681111e-01
5.559727399675720161e-01
5.559688529973775273e-01
5.560024731052657376e-01
5.559628878067413016e-01
5.559674283910537307e-01
5.559251093249636400e-01
5.559173762364868487e-01
5.560014340224542773e-01
5.559084037888738505e-01
5.559114846060425608e-01
5.559349674496727456e-01
5.558787123878440317e-01
5.558852931147857390e-01
5.558502258696432774e-01
5.558628424862501749e-01
5.558463625233549532e-01
5.558437714543622565e-01
5.558732221852062949e-01
5.558344989898565958e-01
5.558349331412328898e-01
5.558315421231745379e-01
5.558230160787671625e-01
5.558624946637129582e-01
5.558253954377014860e-01
5.558671112912596524e-01
5.558984480410711360e-01
5.558429203673195262e-01
5.557938731686868916e-01
5.557871643162132225e-01
5.558164132942235991e-01
5.558222086269766216e-01
5.557641813628754202e-01
5.557383776745175030e-01
5.557579424059547746e-01
5.557605311023757766e-01
5.557530847098417492e-01
5.557530258772017673e-01
5.557841398881152584e-01
5.557382139229988249e-01
5.558419286099566259e-01
5.557567133532677062e-01
5.557638017086693472e-01
5.557439812520210687e-01
5.557120836394181529e-01
5.557307443214234421e-01
5.557221284883816503e-01
5.557429709731805945e-01
5.557543290227743293e-01
5.557563295513938684e-01
5.557079187831872602e-01
5.557223488054698901e-01
5.557370461117900895e-01
5.557257144487079970e-01
5.557432689280666915e-01
5.557047263916556901e-01
5.556855894389447492e-01
5.556978224602472372e-01
5.556466566754840741e-01
5.556507464867311841e-01
5.556636625360492632e-01
5.556325054102311256e-01
5.556327068878883502e-01
5.556320832604549897e-01
5.556766532694509264e-01
5.556334442750153757e-01
5.556997958326055365e-01
5.556260702069293345e-01
5.556793773605364084e-01
5.556363810769825440e-01
5.556559368201515747e-01
5.556118120206769984e-01
5.555865285501934148e-01
5.555741198096617595e-01
5.555329211434953951e-01
5.555479093538563395e-01
5.555287821739819387e-01
5.555301299912216439e-01
5.555410405607591473e-01
5.555434383906617812e-01
5.556203581813389247e-01
5.555386792897124559e-01
5.555952701002558891e-01
5.555228519850770041e-01
5.555077295506140045e-01
5.555465242572082962e-01
5.555567960948295525e-01
5.555135205810248777e-01
5.555433058544030356e-01
5.555152135612247966e-01
5.554659109500940106e-01
5.554743566028763624e-01
5.555241531283977574e-01
5.554609488486402791e-01
5.554654187365221096e-01
5.554646138632879371e-01
5.554874539119472043e-01
5.554978597534899754e-01
5.556076901375553989e-01
5.554727212917153212e-01
5.554545002522542907e-01
5.555015816553769969e-01
5.555107919013213547e-01
5.554763491096608163e-01
5.554915721482132085e-01
5.554638516658483294e-01
5.554566423221350968e-01
5.554586455795215150e-01
5.555037683117307612e-01
5.554578180211889871e-01
5.555036099517076664e-01
5.554699902702958658e-01
5.555859833141792992e-01
5.554945460478505348e-01
5.554266768053187642e-01
5.554241596344271503e-01
5.553940383781538204e-01
5.554192147862631046e-01
5.554520222172352195e-01
5.554056724872976636e-01
5.554226717604108243e-01
5.553802507508974751e-01
5.554146395329988550e-01
5.553737979353428056e-01
5.553661680442527615e-01
5.553810407441572838e-01
5.555013237288333183e-01
5.553852021605808487e-01
5.554097375203570497e-01
5.553869244926714632e-01
5.553651010047753189e-01
5.553983692916362180e-01
5.553785009627796310e-01
5.553841467505905571e-01
5.553550757407101912e-01
5.553476069212709421e-01
5.553999856279479008e-01
5.553697768082015429e-01
5.553260178297050320e-01
5.553450983790232387e-01
5.553510124495191214e-01
5.553350821493970857e-01
5.553311568233537665e-01
5.553223182739117636e-01
5.553829138330568238e-01
5.553464689078169148e-01
5.554186115709429661e-01
5.553264046982194779e-01
5.553651429370062287e-01
5.553153073899024239e-01
5.553394269843343611e-01
5.553294899319718425e-01
5.553337064533264700e-01
5.553372307668853480e-01
5.553337422274692292e-01
5.553284444868484826e-01
5.553648637192886151e-01
5.553692442522324413e-01
5.553024011230002221e-01
5.553144357357494565e-01
5.553894720107881433e-01
5.553158831388785854e-01
5.553186226358212130e-01
5.553101517392694531e-01
5.553428172887265868e-01
5.552997791842166908e-01
5.553243918297389170e-01
5.553142345610728725e-01
5.553373674675162741e-01
5.552887152385327374e-01
5.552865389464912704e-01
5.552748721797168274e-01
5.553266766046911496e-01
5.552802744408962266e-01
5.553357266557119587e-01
5.552810211909847693e-01
5.552930440309784554e-01
5.552666913950026206e-01
5.552851527842240786e-01
5.553102649633510079e-01
5.553019238292703497e-01
5.552792654433483799e-01
5.553159678286329060e-01
5.552615472088313631e-01
5.552681199375835153e-01
5.552641952482810783e-01
5.553119903759347054e-01
5.552613437701073851e-01
5.553309052150349201e-01
5.552640153920467281e-01
5.552754140876808853e-01
5.552718176790973903e-01
5.552982019721527385e-01
5.552674250566054237e-01
5.553714070055442154e-01
5.552702982334298820e-01
5.552875906745194934e-01
5.552553854061973437e-01
5.552604510991435705e-01
5.552404186595397695e-01
5.553197736561852338e-01
5.552533321031480895e-01
5.552760981115084649e-01
5.552569381245461289e-01
5.552684222778607737e-01
5.552376663420869329e-01
5.552382026068229948e-01
5.552398652238592636e-01
5.552316107146436641e-01
5.552311314802105269e-01
5.552351632641995272e-01
5.552303498816391070e-01
5.552344602251428896e-01
5.552273773630415077e-01
5.552300414150586061e-01
5.552352359285535055e-01
5.552286514074848967e-01
5.552262767617227590e-01
5.552295321588930355e-01
5.552302588278790196e-01
5.552369965515959738e-01
5.552429675179981761e-01
5.552268055309994566e-01
5.552525443088986989e-01
5.552256137765393396e-01
5.552299264401348022e-01
5.552297756649995364e-01
5.552341847389490326e-01
5.552338509610643680e-01
5.551904122285973298e-01
5.551902634763949962e-01
5.551966167493207482e-01
5.552305054789223870e-01
5.551928899062354983e-01
5.551796996766110714e-01
5.551731886182873499e-01
5.551702295262724851e-01
5.551638738886304214e-01
5.551551195651895920e-01
5.551630843156498685e-01
5.551642453738403482e-01
5.551453869539608732e-01
5.551559383388574576e-01
5.551452003556415216e-01
5.551463924169161013e-01
5.551436509302185573e-01
5.551514559736202559e-01
5.551453367803408367e-01
5.551546178515024410e-01
5.551446303348366307e-01
5.551429338358894183e-01
5.551486956449193100e-01
5.551454365767646282e-01
5.551407281351237177e-01
5.551203160432847117e-01
5.551175031632232804e-01
5.551143337653122733e-01
5.551299079784136614e-01
5.551138414132046339e-01
5.551134838172618879e-01
5.551038962808488852e-01
5.551103342873308089e-01
5.551147859458736011e-01
5.550884315599421415e-01
5.550893419397168183e-01
5.550834524436928374e-01
5.550804136827626190e-01
5.550793550946926391e-01
5.551022629245380147e-01
5.550636395596187933e-01
5.550728784960214934e-01
5.550606928387280536e-01
5.550562096649892529e-01
5.550538164856411161e-01
5.550582997345205882e-01
5.550477500189826552e-01
5.550504432223605233e-01
5.550532219953411284e-01
5.550541038864332810e-01
5.550496122619049677e-01
5.550501281802338038e-01
5.550504145070251916e-01
5.550438072391553623e-01
5.550524332662239990e-01
5.550588721833380479e-01
5.550448205157327841e-01
5.550562850432875228e-01
5.550458039059781301e-01
5.550436167433391299e-01
5.550550964636860041e-01
5.550333450070530361e-01
5.550348280148265090e-01
5.550428606110653362e-01
5.550464385635976994e-01
5.550512191196781409e-01
5.550323326494781551e-01
5.550567006454444341e-01
5.550318691400624171e-01
5.550278841503638594e-01
5.550299619874456969e-01
5.550266871423682469e-01
5.550211356804050089e-01
5.550468142588730336e-01
5.550265714817138596e-01
5.550060765762372395e-01
5.550200495352599628e-01
5.550060183849654383e-01
5.550118061241573475e-01
5.550159054275903836e-01
5.550109681990952337e-01
5.550071641313175652e-01
5.550223081788757673e-01
5.550105715777230442e-01
5.549947745150676237e-01
5.549975153628690094e-01
5.549935742996012777e-01
5.549925635458595741e-01
5.550027191423114736e-01
5.549956777612646830e-01
5.549955741191832104e-01
5.549897457361782083e-01
5.549896552093379620e-01
5.549891769049979384e-01
5.549945854237129383e-01
5.549918322077269650e-01
5.550008887688685499e-01
5.549954570712932744e-01
5.549990546233579680e-01
5.549883124396328693e-01
5.549884315775572841e-01
5.549851546346283859e-01
5.549763496628092874e-01
5.549804765370121018e-01
5.549771369361677920e-01
5.549755370566143986e-01
5.549687979217081679e-01
5.549688290526959555e-01
5.549863556581661195e-01
5.549719782349027408e-01
5.549828297425035695e-01
5.549701044043038323e-01
5.549639927698365449e-01
5.549559417725733468e-01
5.549868659058324605e-01
5.549608138180829320e-01
5.549554337666655623e-01
5.549557119965190521e-01
5.549779049625351846e-01
5.549584444477180245e-01
5.549633595682349485e-01
5.549520319843066485e-01
5.549556840252729550e-01
5.549502579448561956e-01
5.549839130211483562e-01
5.549413717365470067e-01
5.549329010018480002e-01
5.549338870577484872e-01
5.549266466463608216e-01
5.549282565522356547e-01
5.549309153790924487e-01
5.549209943321697924e-01
5.549134381288327589e-01
5.549151628794048996e-01
5.549199914612208406e-01
5.549243733359593422e-01
5.549154099313726718e-01
5.549128347716368870e-01
5.549246697185803434e-01
5.549137404241862859e-01
5.549514253950178500e-01
5.549137013441839406e-01
5.549312909734014365e-01
5.549058757717837409e-01
5.549082562766944893e-01
5.549157581681060103e-01
5.549018685758858593e-01
5.549177446491569965e-01
5.549198794132339518e-01
5.549046858488931866e-01
5.548987708335888502e-01
5.549007848175425694e-01
5.548907131563757256e-01
5.548918441401239354e-01
5.548801453844831588e-01
5.548801538951991796e-01
5.549036310707622377e-01
5.548751158392001281e-01
5.548871859355296587e-01
5.548728583253822455e-01
5.548856755721283118e-01
5.548703807909696195e-01
5.548718279065978365e-01
5.548726771389895784e-01
5.548819715690461729e-01
5.548808363633117580e-01
5.548810466380291739e-01
5.548766322870430923e-01
5.548701817676877646e-01
5.548698269133346406e-01
5.548662817562541871e-01
5.548718502898761784e-01
5.548871287691212739e-01
5.548715479650192517e-01
5.548846707740805462e-01
5.548684675962372026e-01
5.548593934182051157e-01
5.548578756342300577e-01
5.548738654125995318e-01
5.548750731089869825e-01
5.548669039633516986e-01
5.548589019396673594e-01
5.548261367685685119e-01
5.548178175412925572e-01
5.548167198511546605e-01
5.548233030277760491e-01
5.548172555077059975e-01
5.548145512917962430e-01
5.548133771395351577e-01
5.548192455450428051e-01
5.548121216528815181e-01
5.548066515042580082e-01
5.548062870851886430e-01
5.548153047061071819e-01
5.548141126154558789e-01
5.548146746632041104e-01
5.548114695075482272e-01
5.547983449724255278e-01
5.547992259259895143e-01
5.547908579056156642e-01
5.547945993868688142e-01
5.548206717838785051e-01
5.547882827986592158e-01
5.548026535439390949e-01
5.547875657308967146e-01
5.547977300248326804e-01
5.547890274390303578e-01
5.547946285050059378e-01
5.547867801002570598e-01
5.547742231502232890e-01
5.547735939960788398e-01
5.547725922655676323e-01
5.547777730636892501e-01
5.547902195125870017e-01
5.547711272924440440e-01
5.547756742531687602e-01
5.547747015089653511e-01
5.547683344237339664e-01
5.547657312338888369e-01
5.547883707236018758e-01
5.547656494706725283e-01
5.548373197217238983e-01
5.547716390211822057e-01
5.547553780482400443e-01
5.547561149459921959e-01
5.547625288727715542e-01
5.547597892658466812e-01
5.547564598995690099e-01
5.547487480890747058e-01
5.547482505042539147e-01
5.547504692124750614e-01
5.547702113013227576e-01
5.547481559308122812e-01
5.547617793080726889e-01
5.547492962339359845e-01
5.547700993054699437e-01
5.547546071710764970e-01
5.547653043380899041e-01
5.547473568632603769e-01
5.547581975495313733e-01
5.547515546100914019e-01
5.547606801014844935e-01
5.547462790677082367e-01
5.547544096270127234e-01
5.547477366248607655e-01
5.547525044288290630e-01
5.547460403099202519e-01
5.547619265776463360e-01
5.547476597889906547e-01
5.547678213572357908e-01
5.547413941221501776e-01
5.547591959087666558e-01
5.547356521560998788e-01
5.547439536757658995e-01
5.547441634598840876e-01
5.547451230785978016e-01
5.547326122519463665e-01
5.547446164056422102e-01
5.547322020298549594e-01
5.547382000309689642e-01
5.547334900130660440e-01
5.547476445009767998e-01
5.547340527846700287e-01
5.547371817391388849e-01
5.547352233487415907e-01
5.547346854302342978e-01
5.547332607630675039e-01
5.547409220469510238e-01
5.547361951822397108e-01
5.547393206024644474e-01
5.547353589049385247e-01
5.547388638944708017e-01
5.547315648216405437e-01
5.547416781146362608e-01
5.547332197346953597e-01
5.547464771120657057e-01
5.547319232205434325e-01
5.547313488891766342e-01
5.547320708511401799e-01
5.547332469238694941e-01
5.547238391361647425e-01
5.547232465154730008e-01
5.547243773699174207e-01
5.547235736901215963e-01
5.547227209868117459e-01
5.547234785086991860e-01
5.547297991799922112e-01
5.547228808276548628e-01
5.547243862738481246e-01
5.547247321117135810e-01
5.547237235067515870e-01
5.547209079896850970e-01
5.547123162847370503e-01
5.547126464600055096e-01
5.547126525740568859e-01
5.547132462313362211e-01
5.547106067708130750e-01
5.547103130408826965e-01
5.547123255953932963e-01
5.547122645880118164e-01
5.547088806149146345e-01
5.547048310520995562e-01
5.547044748413129112e-01
5.547053965209728377e-01
5.547018146184863330e-01
5.547042112549923631e-01
5.547013335589517924e-01
5.547033840115281889e-01
5.547066471314057168e-01
5.547031299638740531e-01
5.547044974903478920e-01
5.547021747284122117e-01
5.547041617834143068e-01
5.547040034800733155e-01
5.546947618132835878e-01
5.546977595940038031e-01
5.546872641232458712e-01
5.546873865090984346e-01
5.546845119728831541e-01
5.546883666956967662e-01
5.546815253225609865e-01
5.546765592538392964e-01
5.546764187377997146e-01
5.546761185869153454e-01
5.546761309038995558e-01
5.546783415282153795e-01
5.546757687104749701e-01
5.546800213673949154e-01
5.546747956743741659e-01
5.546755945373482710e-01
5.546753623044791137e-01
5.546956503997469978e-01
5.546792942407247073e-01
5.546737976843083562e-01
5.546736019433873288e-01
5.546699252775444400e-01
5.546687010544483210e-01
5.546686973042368463e-01
5.546689523662836629e-01
5.546748856457943688e-01
5.546622171742969787e-01
5.546664294335010847e-01
5.546621129921376347e-01
5.546628412868290781e-01
5.546637529894380414e-01
5.546559748650423671e-01
5.546560207251444163e-01
5.546517412515425960e-01
5.546516396009073535e-01
5.546535749110341751e-01
5.546527818725517367e-01
5.546533502903860935e-01
5.546514110549114474e-01
5.546591486731844434e-01
5.546511213792155726e-01
5.546587588858531426e-01
5.546518336058452459e-01
5.546589871761828938e-01
5.546498097146029815e-01
5.546527186737211235e-01
5.546574422818528749e-01
5.546417947936916892e-01
5.546481914862374518e-01
5.546401727208097876e-01
5.546421967655286167e-01
5.546384614869934726e-01
5.546336967103877580e-01
5.546340076668636598e-01
5.546320434666559551e-01
5.546323416874499035e-01
5.546330939309460639e-01
5.546314920535361237e-01
5.546324270700072612e-01
5.546313674547548311e-01
5.546335244288551625e-01
5.546316537573721117e-01
5.546327992395932993e-01
5.546315125441669824e-01
5.546372629168414559e-01
5.546316554708402569e-01
5.546478652183841618e-01
5.546336772601263565e-01
5.546346888143429688e-01
5.546319433063571225e-01
5.546436057692981647e-01
5.546331555383392509e-01
5.546380056803045244e-01
5.546326702206203496e-01
5.546261612257422646e-01
5.546273002685722098e-01
5.546206361033725329e-01
5.546199465753042235e-01
5.546183960505636223e-01
5.546181157548228935e-01
5.546238261710418893e-01
5.546199489583332198e-01
5.546280696677940991e-01
5.546184697987543988e-01
5.546173564246015264e-01
5.546169602852435432e-01
5.546245101725919557e-01
5.546173905442087770e-01
5.546348600146896457e-01
5.546156794931861311e-01
5.546262617327821776e-01
5.546236791345802164e-01
5.546053585072349135e-01
5.546047931252241492e-01
5.546058240460713940e-01
5.546039023427299375e-01
5.546032806774353618e-01
5.546071356004249608e-01
5.546048214731558179e-01
5.546034791420797472e-01
5.546024965191740375e-01
5.546051125949602589e-01
5.546008798653099259e-01
5.545986077694066152e-01
5.545992539158622892e-01
5.546024418597701455e-01
5.545992586660486445e-01
5.545987470930076046e-01
5.545981944762075067e-01
5.545994851099375067e-01
5.545985388582839182e-01
5.546005656136600015e-01
5.545982181449681248e-01
5.546068072714125385e-01
5.545978303099060591e-01
5.546152348842854352e-01
5.545947422215553591e-01
5.545855050356646165e-01
5.545838461415771858e-01
5.545807139173148936e-01
5.545860852929308527e-01
5.545800338611004410e-01
5.545803272905820425e-01
5.545802308592623353e-01
5.545805827771261853e-01
5.545797913302357163e-01
5.545824310788942668e-01
5.545794699002180028e-01
5.545805600911134503e-01
5.545809964529273550e-01
5.545786965821769554e-01
5.545797541073044234e-01
5.545820102238716576e-01
5.545782418758223864e-01
5.545917420033348311e-01
5.545785795458172407e-01
5.545741412269582504e-01
5.545746676985220391e-01
5.545755819197845105e-01
5.545752636244823952e-01
5.545754733864691755e-01
5.545764485015822753e-01
5.545717697297548598e-01
5.545713632157558415e-01
5.545757572530307655e-01
5.545707937203692151e-01
5.545756326923084734e-01
5.545722632293133003e-01
5.545721510893371065e-01
5.545708957200253808e-01
5.545695550841568400e-01
5.545699047035463902e-01
5.545706138694670440e-01
5.545699424066692362e-01
5.545720843247928800e-01
5.545689782135924117e-01
5.545860010918874927e-01
5.545685417758532409e-01
5.545669364169398818e-01
5.545668598435968821e-01
5.545618716964741957e-01
5.545650213854825816e-01
5.545693852388056122e-01
5.545611709671826040e-01
5.545637936746640184e-01
5.545603106371815860e-01
5.545644955270493393e-01
5.545601732991278787e-01
5.545593839332528807e-01
5.545596403114494422e-01
5.545626904157032744e-01
5.545609745699978665e-01
5.545645441836001277e-01
5.545584184059846322e-01
5.545583217539445942e-01
5.545620384007775572e-01
5.545616236899151286e-01
5.545589671938515597e-01
5.545621691200887105e-01
5.545589959387809964e-01
5.545607952216351499e-01
5.545656873770544726e-01
5.545515596860164376e-01
5.545528048563440615e-01
5.545540985018845292e-01
5.545521594602467186e-01
5.545476739599993765e-01
5.545563937464480508e-01
5.545448057729531754e-01
5.545454004703581630e-01
5.545452790138446497e-01
5.545434802982672773e-01
5.545431283375561460e-01
5.545435411127072056e-01
5.545429887657026269e-01
5.545411766699108735e-01
5.545420350352904260e-01
5.545434175053888248e-01
5.545431190553786749e-01
5.545504363335570508e-01
5.545483378844795475e-01
5.545349980772567022e-01
5.545336249146484153e-01
5.545364189643082753e-01
5.545343933491236887e-01
5.545362085532212770e-01
5.545351166401980558e-01
5.545309434874597931e-01
5.545308374760550274e-01
5.545333894464777869e-01
5.545301022866040430e-01
5.545276882185711242e-01
5.545282463987956101e-01
5.545302548401025433e-01
5.545276259638273197e-01
5.545363929518603019e-01
5.545285325089075457e-01
5.545306152554689838e-01
5.545287696522036569e-01
5.545309575391673684e-01
5.545283777921066193e-01
5.545296711070824003e-01
5.545275226358723497e-01
5.545338447523440184e-01
5.545274983369158361e-01
5.545218113434891016e-01
5.545240001148221687e-01
5.545360431248983479e-01
5.545235034880137137e-01
5.545196808461554383e-01
5.545193857202611598e-01
5.545244105378162036e-01
5.545197107873622855e-01
5.545265811088087027e-01
5.545205018137226993e-01
5.545216857158875579e-01
5.545194987061756731e-01
5.545209117333721460e-01
5.545199332700863071e-01
5.545264512676109092e-01
5.545214247830121401e-01
5.545244316701485321e-01
5.545185673123473880e-01
5.545191830875632055e-01
5.545188383917218911e-01
5.545219993130506841e-01
5.545195817005608152e-01
5.545201879266467015e-01
5.545187844690302459e-01
5.545132081770273169e-01
5.545144125215371034e-01
5.545133968722681939e-01
5.545152997399922512e-01
5.545106564068613686e-01
5.545113152917082733e-01
5.545102810747599698e-01
5.545109982231961610e-01
5.545106867881910429e-01
5.545115493017717112e-01
5.545115441796033551e-01
5.545098629082068076e-01
5.545267403388538519e-01
5.545094931870890864e-01
5.545126221325132887e-01
5.545095587685157090e-01
5.545119190909660878e-01
5.545120437485379083e-01
5.545163562539233704e-01
5.545047181585448515e-01
5.544998032004545552e-01
5.545030244088815508e-01
5.544988384922585611e-01
5.544996736578783336e-01
5.544986557009936590e-01
5.545003310591637424e-01
5.544994209721064715e-01
5.545023664708355060e-01
5.544998466292344608e-01
5.545022427771399975e-01
5.544991121790613375e-01
5.545016944151187621e-01
5.544994385370008994e-01
5.545001981009904934e-01
5.544995643287793374e-01
5.545005245245929748e-01
5.544983274897591352e-01
5.545002677478502173e-01
5.544991502737127709e-01
5.545121633220111423e-01
5.545003182281802445e-01
5.545078649170439578e-01
5.544971386430272986e-01
5.544972949917594818e-01
5.544955369690431901e-01
5.544899402620900863e-01
5.544898809554008601e-01
5.544911514198483937e-01
5.544918177762327982e-01
5.544899536064992196e-01
5.544886702084950159e-01
5.544896777185895909e-01
5.544893535964564579e-01
5.544890170925599326e-01
5.544897022835375555e-01
5.544886809773129643e-01
5.544933320516167718e-01
5.544893002741985155e-01
5.544979768189171043e-01
5.544860019157444864e-01
5.544991360338969999e-01
5.544909143474734403e-01
5.544824027729371441e-01
5.544826670366156396e-01
5.544889934753086669e-01
5.544825298995560425e-01
5.544836447064077634e-01
5.544835349881904740e-01
5.544808825223633830e-01
5.544813229932203935e-01
5.544811993543318218e-01
5.544819960061220243e-01
5.544818867123987305e-01
5.544817335538149150e-01
5.544822981058865619e-01
5.544816216687843413e-01
5.544819496358472932e-01
5.544822380698857245e-01
5.544807524049500946e-01
5.544801160934559325e-01
5.544838860902696620e-01
5.544797400025488487e-01
5.544821967927630046e-01
5.544789008536703534e-01
5.544919816444944249e-01
5.544775725520862952e-01
5.544804137588793536e-01
5.544770952484918691e-01
5.544742367107396985e-01
5.544752389757086064e-01
5.544741318317906176e-01
5.544745223577243198e-01
5.544788036690627697e-01
5.544744367287572917e-01
5.544762581999580497e-01
5.544742261238291281e-01
5.544828649754401928e-01
5.544722010840716919e-01
5.544629732853716408e-01
5.544644199258005335e-01
5.544634366854347407e-01
5.544633467634538793e-01
5.544658458310225413e-01
5.544729021388473678e-01
5.544624348684820125e-01
5.544661638287616823e-01
5.544644028496369392e-01
5.544643980203313172e-01
5.544653228765469288e-01
5.544638156777960125e-01
5.544644539752515700e-01
5.544617856490077212e-01
5.544613431241818269e-01
5.544606492181184398e-01
5.544633427484622068e-01
5.544643182363496736e-01
5.544613128377248179e-01
5.544612883105436429e-01
5.544610456199909887e-01
5.544608447648334826e-01
5.544617598923677892e-01
5.544637915691468244e-01
5.544610006086710952e-01
5.544641405579590065e-01
5.544604382748081761e-01
5.544661909917523168e-01
5.544600868259644821e-01
5.544757211177655520e-01
5.544574345830977080e-01
5.544537043081314565e-01
5.544538068298825451e-01
5.544502791930117080e-01
5.544517291009185556e-01
5.544548449112708388e-01
5.544496019308882140e-01
5.544521595653357782e-01
5.544490070861629594e-01
5.544496687129825130e-01
5.544494585432638845e-01
5.544502710513100618e-01
5.544486777229545860e-01
5.544589262028759569e-01
5.544500541881438593e-01
5.544534077719028842e-01
5.544482739780127734e-01
5.544528346414429043e-01
5.544489713799831687e-01
5.544526005058180163e-01
5.544477055668296517e-01
5.544496491251984516e-01
5.544477789032443704e-01
5.544455577160205539e-01
5.544475918706260886e-01
5.544393543768764143e-01
5.544381150488182364e-01
5.544383153450187507e-01
5.544369690360216874e-01
5.544403280184532212e-01
5.544418964329219657e-01
5.544372348061878952e-01
5.544377491833559768e-01
5.544380008048735986e-01
5.544364071131204774e-01
5.544369055748820108e-01
5.544369570084727306e-01
5.544369205974900572e-01
5.544390464131530027e-01
5.544367465200429335e-01
5.544437641977775222e-01
5.544388504667995266e-01
5.544340784994195026e-01
5.544329979588177304e-01
5.544349871374064653e-01
5.544332336649413495e-01
5.544347718384768919e-01
5.544341744973135810e-01
5.544328291397225827e-01
5.544339944852799684e-01
5.544347305405896709e-01
5.544328726591410961e-01
5.544350457502041918e-01
5.544317005113201802e-01
5.544344286491869056e-01
5.544322546863925671e-01
5.544334058767464990e-01
5.544316736609143925e-01
5.544333718012551815e-01
5.544323609173636980e-01
5.544348778351688711e-01
5.544324304995906783e-01
5.544348210737821692e-01
5.544320179465446197e-01
5.544461233555022517e-01
5.544309025339708707e-01
5.544380824620180892e-01
5.544316662062601653e-01
5.544230346307533752e-01
5.544280720794070305e-01
5.544228952069261140e-01
5.544242191047130675e-01
5.544233115412554591e-01
5.544230654491509869e-01
5.544235619285909911e-01
5.544244064618283341e-01
5.544236052999765851e-01
5.544274779051704405e-01
5.544224448137283767e-01
5.544201346143955433e-01
5.544205427624451232e-01
5.544193797371805843e-01
5.544233632739605788e-01
5.544197591104972345e-01
5.544189994927682941e-01
5.544273112834102735e-01
5.544194023422315265e-01
5.544178391115285320e-01
5.544179591285456343e-01
5.544144992430138918e-01
5.544143942125354663e-01
5.544134838218118810e-01
5.544132244581712055e-01
5.544164423924624607e-01
5.544144045406367294e-01
5.544159055505867295e-01
5.544137273741958083e-01
5.544129824549479668e-01
5.544127812687413837e-01
5.544131098777063116e-01
5.544132287219118993e-01
5.544144140406650489e-01
5.544130059591390047e-01
5.544130276432837068e-01
5.544128775501103723e-01
5.544164015453265648e-01
5.544125865174635015e-01
5.544388630195827838e-01
5.544125609889554163e-01
5.544017916912780120e-01
5.544039647120392322e-01
5.544021484295622582e-01
5.544013970225355470e-01
5.544013834604580859e-01
5.544011512825240962e-01
5.544035577589470076e-01
5.544025695869583270e-01
5.544018269716701752e-01
5.544029305165051325e-01
5.544021278043553824e-01
5.544090878541836354e-01
5.544010271838982762e-01
5.544058899478512270e-01
5.544016775270498298e-01
5.544015923382662470e-01
5.544014883498515900e-01
5.544022246084376881e-01
5.544007979335726644e-01
5.544124531298598724e-01
5.544047306767971861e-01
5.544069253169244815e-01
5.544029711873104116e-01
5.543958606935872613e-01
5.543961701035448053e-01
5.543939958867619699e-01
5.543948563826937015e-01
5.544030893770217627e-01
5.543949354320053535e-01
5.543992224925278212e-01
5.543936202119393863e-01
5.543964987613612116e-01
5.543941487194539164e-01
5.543938976476285863e-01
5.543929746533418079e-01
5.543928001537576922e-01
5.543934830683494575e-01
5.543929333090149569e-01
5.543935669259755228e-01
5.544090228961037203e-01
5.543915347920672643e-01
5.543841886225931992e-01
5.543867060499257926e-01
5.543847023678004637e-01
5.543856922375759444e-01
5.543837641609524747e-01
5.543855689478240922e-01
5.543836716572534407e-01
5.543840553611212307e-01
5.543845050719100609e-01
5.543866917295720009e-01
5.543850802150684931e-01
5.543851462924901385e-01
5.543845115548262648e-01
5.543843104102074149e-01
5.543833563438026468e-01
5.543867110073000815e-01
5.543838347571450331e-01
5.543864509294789134e-01
5.543846076484696406e-01
5.543840636026666768e-01
5.543833892809382213e-01
5.543866919998017284e-01
5.543837989359297058e-01
5.543866343438690336e-01
5.543813420692805805e-01
5.543849827234238470e-01
5.543816170183601955e-01
5.543834827494806827e-01
5.543810573033850497e-01
5.543796171057051581e-01
5.543788989300284520e-01
5.543812768313729489e-01
5.543791631691951105e-01
5.543746075859528055e-01
5.543744500899235872e-01
5.543760648195944496e-01
5.543744110133048686e-01
5.543756427398479625e-01
5.543747583431517523e-01
5.543739757792346401e-01
5.543737441050599069e-01
5.543864400208553533e-01
5.543734586067827763e-01
5.543718424243063714e-01
5.543727211115354603e-01
5.543721626183047979e-01
5.543743646361825039e-01
5.543725418850626863e-01
5.543743750542715620e-01
5.543692914243854020e-01
5.543701886606646756e-01
5.543754119651136403e-01
5.543700549104438879e-01
5.543693159997800102e-01
5.543698714653624293e-01
5.543724035500185998e-01
5.543707130491338786e-01
5.543671150599426278e-01
5.543669203192701511e-01
5.543683808701084237e-01
5.543680735642401158e-01
5.543708669238945896e-01
5.543680183642606396e-01
5.543707183625782298e-01
5.543672247731115110e-01
5.543806012028189567e-01
5.543670958775214208e-01
5.543604833018371814e-01
5.543601446901919028e-01
5.543607135496172456e-01
5.543603510922169297e-01
5.543619837166851028e-01
5.543608198608342974e-01
5.543678358995721700e-01
5.543600102096782889e-01
5.543653062647484475e-01
5.543606094016324537e-01
5.543605848682039428e-01
5.543604083121118631e-01
5.543630406234849595e-01
5.543600054814223910e-01
5.543607964533665555e-01
5.543582565154682174e-01
5.543573692322287805e-01
5.543604156562892404e-01
5.543563355917205948e-01
5.543574270524725955e-01
