1.133388437444643682e+00
1.131214719823824266e+00
1.129019666072757611e+00
1.115374775586861045e+00
1.117923397672486274e+00
1.058702463367431346e+00
1.141449500499882586e+00
1.040230476881268462e+00
1.071956667958987364e+00
1.047176879589466703e+00
1.050722961633824060e+00
1.042121615086949671e+00
1.049897536118966412e+00
1.117724627906008461e+00
1.078949301877869527e+00
1.063855823856722393e+00
1.041872612468342396e+00
1.045294038610935505e+00
1.157931006474651747e+00
1.045002452507989954e+00
1.041849491181099596e+00
1.036184432098337771e+00
1.024827104445040771e+00
1.050192730674080144e+00
1.004442650564219441e+00
9.549694348176219760e-01
9.524244258548070219e-01
1.001404630998779410e+00
9.536561944680137515e-01
9.580268205045366914e-01
9.536739791189164928e-01
9.431039932126383807e-01
9.375301200888740416e-01
9.854581544066919330e-01
9.345803291523893108e-01
9.337776713722399924e-01
9.196303247717489970e-01
9.266642683670239800e-01
9.223898210931277264e-01
9.191336392549041001e-01
9.173283617503200649e-01
9.212639412422261032e-01
9.174616387422267483e-01
9.348154903920073977e-01
9.394756328247431121e-01
9.672705625183495304e-01
8.413438181026990925e-01
8.413438181026990925e-01
8.413438181026990925e-01
8.430718060698448868e-01
8.471332664401233226e-01
9.766995388618825436e-01
8.573918232292014885e-01
8.413438181026990925e-01
8.372876651960252659e-01
8.332148039177903476e-01
7.910190598256962025e-01
7.910190598256964245e-01
7.910190598256962025e-01
7.910190598256962025e-01
8.097479299465204505e-01
7.995872270482260458e-01
7.904573648413683040e-01
9.334194325067289855e-01
7.904573648413683040e-01
7.904573648413683040e-01
7.904573648413683040e-01
7.904573648413683040e-01
7.904573648413683040e-01
7.920381500498269167e-01
8.611707564892224775e-01
7.904573648413683040e-01
7.904573648413683040e-01
7.904573648413683040e-01
7.983968964272596391e-01
7.904573648413683040e-01
7.904573648413685261e-01
8.365479288592080342e-01
7.883912832545900695e-01
8.299501344815435333e-01
7.881940847096857716e-01
7.737713625690271213e-01
7.783314490545999442e-01
7.695694566800852510e-01
7.904663662549551439e-01
8.186019862053244278e-01
8.096010620526508106e-01
8.339077231390694678e-01
7.896826736166770999e-01
8.087060357015132261e-01
7.649989872961125981e-01
7.586273415057375180e-01
7.446994185634517871e-01
7.685112900501595012e-01
7.502382752638223629e-01
7.742479869818326144e-01
7.487148730874767510e-01
7.519794839152387222e-01
7.451083422779311016e-01
7.438364611053748243e-01
7.673912381274503591e-01
7.420646064030639311e-01
7.527161538753868175e-01
7.540570638028424311e-01
7.439606703037735524e-01
7.917397500244953701e-01
7.574035047049915148e-01
8.164008180000911219e-01
7.442024388487658015e-01
9.058024036215754915e-01
7.583330366701920289e-01
7.645774341905481331e-01
7.544966875929400851e-01
7.597250899301560834e-01
7.422214229770163207e-01
7.883476481587318174e-01
7.452065750474120565e-01
7.626010788022605791e-01
7.412779314737604208e-01
7.353556604288870036e-01
7.306467765189154084e-01
7.221015756637894079e-01
7.223024346766893089e-01
7.652494404953060769e-01
7.177985297804766462e-01
7.560153390706461085e-01
7.250569077750490532e-01
7.827581752691052941e-01
7.180954147482969674e-01
7.369179580430733623e-01
7.177985297804765352e-01
7.293261127571246671e-01
7.177985297804765352e-01
7.538123566260753750e-01
7.256440954138119181e-01
7.044452703165490215e-01
7.044452703165491325e-01
7.078948971136428403e-01
7.044452703165490215e-01
7.427518898844387429e-01
7.044452703165490215e-01
7.788306538457167028e-01
7.152963495579213182e-01
6.518473917243939875e-01
6.532020987882802832e-01
6.807393781746808870e-01
6.494631504182769577e-01
6.920030034951316633e-01
6.494631504182771797e-01
7.413022486966580615e-01
6.494631504182769577e-01
6.420096642267720810e-01
6.420096642267718590e-01
6.324779809341675163e-01
6.324779809341675163e-01
6.314834300573759496e-01
6.314834300573759496e-01
6.311010043000544467e-01
6.311010043000543357e-01
6.305575727557327648e-01
6.305575727557327648e-01
6.294152599476146026e-01
6.378468313327134709e-01
6.475979644168352589e-01
6.622354092686458804e-01
6.803829782950229221e-01
6.245378832189310003e-01
6.773688794314614015e-01
6.264987687615750644e-01
6.194765807880473485e-01
6.187067861293639170e-01
6.165101963383452510e-01
6.163330637734713013e-01
6.213085325058375075e-01
6.164641852716746806e-01
6.151269871013460566e-01
6.209344261629146100e-01
7.047124243252843590e-01
6.300928932713848463e-01
6.281510410685141599e-01
6.277831883722961859e-01
6.294424178571533801e-01
6.068245475608717854e-01
6.220368767272894672e-01
6.007021391539654198e-01
6.110729563140088194e-01
6.232699987201592018e-01
6.568790242296514981e-01
6.085630951551775913e-01
6.148366353056383682e-01
5.864404034603732940e-01
6.368609104462914505e-01
5.834876849472747651e-01
5.840764155271831459e-01
5.836308904654938789e-01
5.834660586615626476e-01
5.828145459010547480e-01
5.986266799819129902e-01
5.669779595948930551e-01
6.177183624137834173e-01
5.753301961792708363e-01
5.794369460935344662e-01
5.685496552274805770e-01
5.799213046511612069e-01
5.668632092420589075e-01
5.703106439566228980e-01
5.834161420001069409e-01
5.625952773416761366e-01
5.619393697734467175e-01
5.614076695425145314e-01
5.614076695425153085e-01
6.623035617626302773e-01
5.614076695425144203e-01
6.911489936126301581e-01
6.250601265963959818e-01
5.584699880547384643e-01
5.584699880547387973e-01
7.291675157858344969e-01
5.584699880547384643e-01
6.323230529123392563e-01
5.973238497875420494e-01
7.374162211013187695e-01
5.719899679701403450e-01
6.457578980688094550e-01
5.559387639840727147e-01
6.794119189285910965e-01
5.591457441062261946e-01
5.839873857158756065e-01
5.559387639840726036e-01
5.659906754365142678e-01
5.559387639840726036e-01
6.220097918780193025e-01
5.531539728632254294e-01
5.541258836083062800e-01
5.531539728632254294e-01
6.364584361355781761e-01
5.542886740649082267e-01
5.597287924670308890e-01
5.531539728632254294e-01
5.605319939080263270e-01
5.535016466839037808e-01
5.507363954831203667e-01
5.507363954831190345e-01
5.517480404342551825e-01
5.509596302051912309e-01
5.501222659195438291e-01
5.496666758243113904e-01
5.513510565523407347e-01
5.477781180026810581e-01
5.555514870678756045e-01
5.547615236046692377e-01
5.532934967802591864e-01
5.477217072764684058e-01
5.597126750777322579e-01
5.468960520783776591e-01
5.906235829549035810e-01
5.446387687429252722e-01
5.297789873818324891e-01
5.562327303171284987e-01
6.312396388819331294e-01
5.222255738447790785e-01
5.792225226337989197e-01
5.258922181166377774e-01
5.396640008309645520e-01
5.216803788887617310e-01
5.474806728038293935e-01
5.188627853349668806e-01
5.464971394151958428e-01
5.421445588575198871e-01
5.738663714103592328e-01
5.191763855482326440e-01
5.254384435538428377e-01
5.183992198847940935e-01
5.989159380937773003e-01
5.194521355529468920e-01
5.340342149212388145e-01
5.184569278849242568e-01
5.406531939279988208e-01
5.190155219130117015e-01
6.709513425821004295e-01
5.175001260863291153e-01
5.715649339986484945e-01
5.176745240350884014e-01
5.699867430644266486e-01
5.165886766298068977e-01
5.914346658935774048e-01
5.163837456019976235e-01
5.822806939067612930e-01
5.150956347000841262e-01
6.331282761395186087e-01
5.150956347000837932e-01
6.654666796965141851e-01
5.150956347000837932e-01
6.364087221034687714e-01
5.440334604895865622e-01
5.793478102689219034e-01
5.261046399961827325e-01
6.549701222743962159e-01
5.394649471933659068e-01
5.447482056865423639e-01
5.730445652147065916e-01
5.886083756784513676e-01
5.235159380465690404e-01
6.322244360079809500e-01
5.101633063224444431e-01
5.227309277058846959e-01
5.101860122216107518e-01
5.400182075958219752e-01
5.101633063224443321e-01
5.178814462899637983e-01
5.101633063224443321e-01
5.099216232720754638e-01
5.454778696897759627e-01
5.136775366388020014e-01
5.099216232720763520e-01
5.173660564288801167e-01
5.108520904906317384e-01
5.120259266985156543e-01
5.099216232720753528e-01
5.123106366483000107e-01
5.106487098128544844e-01
5.151178607777353591e-01
5.101133922404349486e-01
5.121844598955700434e-01
5.099216232720782394e-01
5.387958521095216335e-01
5.097450950805374470e-01
5.087503207765742275e-01
5.084545316152857541e-01
5.088668229007522470e-01
5.112829293503462491e-01
5.077787008842896688e-01
5.083043834588470977e-01
5.071407405292526205e-01
5.124407753104237573e-01
6.169730658864343020e-01
5.060527799076274258e-01
5.571745798502609759e-01
5.047385867025943051e-01
5.672654985467839861e-01
5.027220342840776901e-01
5.528918111237088873e-01
5.128754425536077299e-01
6.759284837767163268e-01
5.067317166542746332e-01
5.818862009822598491e-01
5.040948355679356618e-01
5.588109996576013927e-01
5.019741527854807428e-01
5.334560731714780291e-01
5.006130862160922401e-01
5.426825402647524887e-01
5.073442463288250215e-01
5.511658959198053598e-01
5.028287877689316954e-01
5.510096168169352771e-01
4.998438564486604729e-01
6.305833339743172061e-01
4.999607427277358851e-01
6.577679879518694150e-01
4.991986277269167549e-01
5.814049925674508179e-01
4.993963460053732484e-01
6.206702852056749098e-01
5.006342908816024950e-01
6.155094439467413414e-01
4.991532696462197549e-01
5.700386147006674120e-01
4.988789556563487104e-01
5.505918777413180143e-01
5.003951710502461125e-01
5.615197975577850276e-01
5.049124694727665785e-01
5.325697755660433463e-01
4.984624781754338763e-01
6.723976004997131994e-01
4.994182496435709551e-01
5.865244154545405930e-01
4.976309913756487013e-01
5.699635647393891391e-01
5.153537755064248049e-01
5.344216367423360037e-01
4.976309913756489789e-01
5.036764762143095542e-01
4.976309913756488124e-01
5.061063146979981608e-01
4.998041290988387009e-01
5.029511884068794680e-01
4.976309913756483128e-01
4.968770377915674441e-01
4.968770377915673886e-01
5.092337848245667153e-01
4.964102001449096635e-01
6.025564905132364535e-01
4.967898873655610670e-01
6.087692048770009245e-01
4.965608197194585904e-01
5.229856057611120823e-01
4.957278024910347081e-01
5.799426223866627206e-01
4.958436101488777892e-01
6.374201308245338593e-01
4.957278024910338199e-01
5.799354380981032175e-01
4.962435879295175045e-01
5.568411489981647255e-01
4.956646661994256742e-01
5.609162600639937546e-01
4.956646661994253411e-01
5.340627843152532250e-01
4.956646661994278946e-01
5.262912669395388710e-01
4.956336762397918205e-01
4.962876108550834386e-01
4.989440027114296350e-01
5.123427122709790504e-01
4.962510458156926818e-01
4.979750010751315403e-01
4.952156294409827408e-01
4.968854786213089403e-01
4.985755082886572098e-01
5.471757566015694740e-01
4.955991266507405180e-01
5.130858372625175523e-01
5.007995417392352433e-01
6.763941490772442666e-01
4.961179341780860841e-01
6.281069902069246202e-01
4.996325854449689130e-01
5.982743593652690706e-01
5.001369701378827193e-01
6.073344338504998996e-01
5.029215926829121441e-01
5.720413011187630570e-01
5.009122210461764979e-01
5.714256627172490388e-01
5.105196157323319550e-01
5.808623148895835087e-01
5.073255416421875719e-01
5.418673090010805993e-01
4.966608463825099573e-01
5.260521646976213939e-01
4.956422430041216853e-01
6.492018240553407704e-01
4.950816104287186215e-01
5.817774436608428301e-01
4.941982762063055201e-01
5.539323832806081205e-01
4.937872457826961159e-01
5.283912285924743379e-01
4.939227135533817425e-01
5.146595250359476958e-01
4.920525817372424227e-01
5.030302866325530031e-01
4.914494094058018958e-01
5.009113090474935914e-01
4.910891932629822820e-01
5.049214886394517432e-01
4.905649652294646335e-01
4.931886705855427766e-01
4.938760212908774871e-01
5.323937254881786485e-01
4.902385689746308617e-01
5.092306858170594364e-01
4.902385689746308617e-01
5.130850184261713798e-01
4.902385689746305841e-01
6.028209137550635255e-01
4.902385689746303621e-01
5.840849482781669266e-01
4.897759004277834616e-01
6.213044356149537428e-01
5.150339498283538209e-01
5.349984990577608679e-01
4.897759004277830730e-01
5.762184579030894538e-01
4.894085796920267795e-01
5.552107275886092319e-01
4.898099396228150493e-01
5.242134345536166862e-01
4.905202884650424755e-01
5.192879358707285231e-01
4.893314938037004458e-01
5.052640399388361736e-01
4.887254894739108124e-01
5.603603743667857628e-01
4.908297246924457347e-01
5.472038198466810943e-01
4.884304158639684590e-01
5.870511555618227462e-01
4.885864678699037289e-01
5.899984452197606366e-01
4.884304158639682925e-01
6.033649899319687426e-01
4.884265473440931316e-01
6.407994532145990796e-01
5.286880297547300600e-01
6.057250222659329442e-01
4.962062274332429412e-01
6.522228298432233284e-01
5.065231997605850189e-01
5.557881624656031416e-01
4.883332464729441824e-01
5.771950013584147277e-01
4.883332464729411293e-01
5.482759666003660382e-01
4.883332464729416289e-01
5.430716354259081946e-01
4.876824626098001936e-01
5.067085684796759359e-01
4.876290355919627451e-01
4.975599035319635544e-01
4.876282272296053599e-01
4.917920138534833119e-01
4.877796099225671922e-01
5.088719944136298468e-01
4.926334867189366418e-01
5.077751410172451907e-01
4.898007672784353561e-01
5.157096117917866485e-01
4.938096237115309206e-01
5.224110470139728957e-01
4.904346755050152940e-01
5.006092461257145576e-01
5.229439931474253456e-01
4.900888174088713356e-01
4.876315092291432784e-01
5.012257645274946771e-01
4.875874766680539096e-01
5.046411185595641724e-01
4.877052090908950976e-01
5.238026948444165498e-01
4.874693353836488940e-01
5.034755388934315512e-01
4.884305689935677930e-01
5.056502416734931504e-01
4.843637480513536264e-01
5.907588033003986494e-01
4.839533833717664102e-01
5.776951030050737623e-01
4.841910197697802953e-01
5.294467057138716459e-01
4.850894632013429963e-01
5.839762126942515952e-01
4.835243381086622994e-01
5.568689455346632622e-01
4.841248103098477196e-01
5.499761758341988882e-01
4.835243381086623549e-01
5.153320145728447210e-01
4.835243381086616887e-01
5.058469233027315104e-01
4.835243381086618553e-01
5.649303780221905935e-01
4.836192594903062081e-01
5.001352425572447302e-01
4.835243381086614112e-01
5.722318781418851419e-01
4.989328750567063042e-01
5.604156917703020380e-01
4.831673435699331276e-01
5.836301832366409537e-01
4.836026399993356706e-01
6.039791677792614166e-01
4.827682986450799740e-01
6.217453757858044661e-01
4.823297826403313282e-01
5.505718003147765938e-01
4.808367667392922096e-01
6.144631974760480508e-01
4.806217936850334382e-01
6.438751613886829483e-01
4.814620486670608823e-01
5.561179712408355069e-01
4.810740466896386569e-01
5.406356526228911497e-01
4.806217936850331052e-01
5.320087011300917990e-01
4.807643659881151166e-01
5.168095538392502020e-01
4.908374439679924484e-01
5.808283701583025760e-01
4.876466445426936303e-01
5.130926003844071825e-01
4.801294861793811153e-01
4.946649126910821481e-01
4.797942811821490072e-01
5.012922657582323804e-01
4.808430731020574278e-01
4.930510890903642696e-01
4.807566604510656316e-01
5.064256036660454985e-01
4.797942811821515052e-01
5.069277450111171479e-01
4.797942811821481746e-01
5.164362672441431545e-01
4.822895675679272354e-01
4.968857483391707075e-01
4.796327303060993752e-01
4.898152807836215761e-01
4.798635815054815845e-01
4.959308197056875867e-01
4.836169968890365323e-01
5.886260441761591578e-01
4.866244663419141414e-01
5.708673083421162975e-01
4.801532895439986071e-01
5.619948393879725668e-01
4.813722814707809272e-01
5.692792784119552474e-01
4.995967819506450525e-01
5.280734907134182476e-01
4.800300825646860448e-01
5.162228440502768523e-01
4.978328712001348633e-01
5.225597493328686394e-01
4.874624351358073926e-01
5.470953348832399143e-01
4.780982367294469015e-01
5.703405899286807523e-01
4.783506256087715069e-01
5.013168275555481834e-01
4.794386520432386556e-01
4.905509349823923837e-01
4.898725747365445526e-01
5.184573420103897323e-01
4.953878979088003343e-01
5.227744248400293392e-01
4.782100250340579617e-01
5.946552967312094262e-01
4.783751810259915804e-01
5.485556945423623043e-01
5.155911297420466832e-01
4.780076070947047451e-01
4.968507440650533624e-01
4.778212567938457944e-01
4.896204857215349371e-01
4.764491303025796265e-01
4.960238074621180493e-01
4.766221759725730589e-01
5.107381194716335004e-01
4.764276334758921205e-01
4.935440423442378211e-01
4.764365388091181819e-01
4.925506865082822650e-01
4.763252043467548491e-01
4.886450798265561390e-01
4.763252043467548491e-01
5.048280060295166072e-01
4.765173791864912300e-01
4.855097577413528542e-01
4.763252043467544605e-01
4.834312388697549756e-01
4.763252043467546271e-01
4.802528536338258602e-01
4.763632392726354636e-01
4.839236974285702764e-01
4.765549568070566733e-01
4.797258201901466457e-01
4.762537870144739061e-01
4.828705910065854146e-01
4.762218643848158961e-01
4.815241151895457428e-01
4.770494547977745525e-01
4.848421205037148907e-01
4.768698642306897773e-01
4.753156026301885162e-01
4.769535838036274566e-01
4.820993355737084873e-01
4.759359934252634927e-01
4.881143198764432145e-01
4.760070104288190440e-01
4.849698949414000815e-01
4.813915103444915689e-01
4.971460699821373397e-01
4.788627650169979266e-01
4.944993278341569543e-01
4.779696934471894254e-01
4.873700017970844511e-01
4.760507359795695947e-01
5.080944700607974429e-01
4.816452600809772444e-01
4.967927881402595114e-01
4.705397996454233067e-01
4.815963670000857344e-01
4.726468909273786601e-01
4.794835030337156745e-01
4.707058815875511670e-01
4.747699779090948091e-01
4.709508276672887961e-01
4.735874315196970663e-01
4.705859708023552024e-01
4.862771008647018278e-01
4.705397996454233622e-01
4.860173419789545757e-01
4.698945756054109801e-01
4.799706906484206281e-01
4.712628978687740111e-01
4.709185839900675852e-01
4.698244043516265345e-01
4.984612759401215731e-01
4.701560946849441813e-01
4.834501449019383834e-01
4.694635305221473986e-01
4.792198703147725336e-01
4.702028323274236032e-01
4.876760885237524934e-01
4.688854343571571825e-01
4.793770607195793620e-01
4.688268969346832127e-01
4.972774912933041747e-01
4.687361311731648716e-01
4.948712533073690856e-01
4.695661269134034366e-01
4.844561445388189669e-01
4.684081238881903642e-01
4.787433229623502262e-01
4.764208510587683576e-01
4.893283064789892278e-01
4.683027038469831926e-01
4.775732132052354917e-01
4.719064965249719079e-01
4.727036016099631088e-01
4.680755127433373075e-01
4.737197838995627630e-01
4.682828730920241544e-01
4.707729296038623557e-01
4.681053879585617694e-01
4.742148661119234276e-01
4.687822206892325316e-01
4.737458695070798642e-01
4.681627329148377870e-01
4.742341825398992960e-01
4.680204060943577993e-01
4.692185419185118112e-01
4.680204060943577993e-01
4.689299082602627067e-01
4.682057164788498427e-01
4.682917166592014957e-01
4.680204060943576883e-01
4.867082368769801159e-01
4.680204060943579658e-01
4.809361136191919184e-01
4.679398658702216829e-01
4.924583749128103038e-01
4.682842054099382034e-01
4.902115947871230617e-01
4.699080725140877268e-01
4.973794865027261203e-01
4.681013335291185906e-01
4.753445655731237673e-01
4.686161146847678260e-01
4.803368266373265749e-01
4.702110574220135231e-01
4.688655150484433154e-01
4.656036023688067127e-01
4.843222778516259597e-01
4.668254720626950904e-01
4.754679100689548910e-01
4.677630077437860412e-01
4.735630666403821687e-01
4.659805127458587215e-01
4.841577783912246469e-01
4.658744508449642607e-01
4.688184459826250094e-01
4.649979299256079002e-01
4.903262013279154341e-01
4.650138640104583554e-01
4.780592481646114278e-01
4.666035795062596914e-01
4.843916435360814399e-01
4.746285595520132738e-01
4.822072496141971976e-01
4.701779549625668131e-01
4.651969947153673512e-01
4.692948814019033965e-01
4.633034242537409919e-01
4.658537896505043352e-01
4.632199203653122321e-01
4.665584883610217615e-01
4.633260633770069359e-01
4.645301392130549156e-01
4.634597000295976876e-01
4.671974183461972130e-01
4.631034458489034500e-01
4.658693477345564604e-01
4.638455718868142452e-01
4.658895772652019152e-01
4.639751487197011914e-01
4.705205474072979843e-01
4.631271272258168370e-01
4.689402328230575234e-01
4.628361404368755427e-01
4.614937930039927916e-01
4.613286336961983647e-01
4.648801713930365009e-01
4.615044895163211702e-01
4.641016796052936932e-01
4.610678295946271099e-01
4.610178510615924319e-01
4.608391477370966105e-01
4.616004318943990881e-01
4.607522149296595093e-01
4.628012003695631260e-01
4.604809190238990380e-01
4.597364196317594298e-01
4.598686754788206543e-01
4.604168475191059429e-01
4.592973265974543695e-01
4.650696898132593016e-01
4.590195106208100340e-01
4.613646954057264993e-01
4.591611945992662980e-01
4.625038171046075286e-01
4.593283812503963781e-01
4.608046903931559690e-01
4.616318239622925756e-01
4.624277281745956536e-01
4.599780889291030239e-01
4.669759850330139073e-01
4.586517091106482313e-01
4.602892012876377281e-01
4.583921504244782286e-01
4.583862026538746970e-01
4.583362987875485572e-01
4.629606101344303504e-01
4.583328459943066258e-01
4.624249619026492009e-01
4.582632777671888369e-01
4.560423744444680461e-01
4.563617681736568676e-01
4.557012664283658365e-01
4.558644224564695757e-01
4.649608546213531701e-01
4.559232466460561572e-01
4.569337196514339228e-01
4.555087467317568417e-01
4.537894839216728426e-01
4.537566149512861635e-01
4.585511844323631458e-01
4.535025299426415080e-01
4.581295797772281797e-01
4.547798207579007435e-01
4.585172739430103395e-01
4.533630580192668513e-01
4.539151336447783125e-01
4.524961854684433904e-01
4.537045939525470861e-01
4.528171018477338827e-01
4.520759810504852982e-01
4.528182126548190856e-01
4.532349123348319297e-01
4.525682828981747452e-01
4.586722647288234422e-01
4.518688273441246461e-01
4.549932612830047129e-01
4.512872529448812564e-01
4.491660925498137114e-01
4.507534102323788039e-01
4.558671896190089057e-01
4.497787203693314195e-01
4.528309736154638721e-01
4.493057511282975702e-01
4.534391354922514550e-01
4.492245911048505236e-01
4.515953581737958134e-01
4.500385976400591015e-01
4.539180553384686845e-01
4.491519771304234854e-01
4.472782602286911602e-01
4.471629202689569871e-01
4.470854178540186741e-01
4.464941359855633674e-01
4.554001090324013568e-01
4.463969407248286059e-01
4.471606586279021633e-01
4.474086177447707535e-01
4.457532566045788736e-01
4.458923971345030157e-01
4.467996944455239761e-01
4.456444050475097396e-01
4.477368421536377929e-01
4.463389119855911691e-01
4.519328657217880352e-01
4.461505858759624021e-01
4.491849649627463470e-01
4.454745451959969404e-01
4.556482350388355029e-01
4.448316343811457574e-01
4.457035334863779785e-01
4.447077189713152801e-01
4.466193342429521373e-01
4.451770279807466535e-01
4.489304936605928442e-01
4.453915999546008142e-01
4.497758507319752908e-01
4.446734803983146689e-01
4.456227507325736803e-01
4.451521008231685839e-01
4.472545638417028124e-01
4.440800576269706146e-01
4.441889371097473282e-01
4.437641432165695399e-01
4.455894289483241510e-01
4.438310616367904249e-01
4.500023283396811236e-01
4.437884111781468799e-01
4.478891505246201388e-01
4.448918669821347316e-01
4.506955098747801314e-01
4.435067254384432722e-01
4.454609789523494290e-01
4.429952724114239460e-01
4.443695293665489432e-01
4.428314895687113228e-01
4.457051270648582642e-01
4.444245598541257669e-01
4.437719304385766561e-01
4.428472003925394973e-01
4.438372493069007163e-01
4.425936216883292196e-01
4.433875063625162261e-01
4.442122319133936514e-01
4.436908006132148086e-01
4.432617562001757716e-01
4.427734462612248900e-01
4.434935937440420695e-01
4.477027648035714624e-01
4.434464628848047152e-01
4.459693589221159771e-01
4.419962500480736356e-01
4.424219857037529624e-01
4.423007976184743506e-01
4.431965220344661338e-01
4.421813628968357390e-01
4.442307579489205294e-01
4.424778070398595053e-01
4.455471321265249696e-01
4.417250522020063075e-01
4.448950481083115971e-01
4.418275083519204172e-01
4.462491026401233518e-01
4.420852786302181814e-01
4.427672817183545551e-01
4.416128768012627104e-01
4.427591672705841752e-01
4.414858362446372753e-01
4.436313339589191829e-01
4.417236691156797290e-01
4.493586082352725164e-01
4.413570220090636820e-01
4.426652480418132307e-01
4.414024283461965292e-01
4.428875597425860899e-01
4.412018171004971623e-01
4.419160340304331136e-01
4.417767162528637437e-01
4.419559957657022142e-01
4.450310762107262952e-01
4.470172188077444764e-01
4.421235907784616392e-01
4.463149666474637844e-01
4.424528104116647320e-01
4.430416054319387120e-01
4.418794225000074460e-01
4.434624150835971834e-01
4.420306373862769589e-01
4.440809156766537535e-01
4.418277616542796160e-01
4.430398094552142618e-01
4.409608092780537003e-01
4.417364238729090675e-01
4.409400019311041086e-01
4.438850314727588176e-01
4.410414690614257172e-01
4.418550670827243732e-01
4.414877336644800754e-01
4.438797315662604825e-01
4.413535029423681921e-01
4.431829589635022937e-01
4.407390526791379881e-01
4.447220584574972935e-01
4.422930308899959972e-01
4.417450768135854910e-01
4.410019035478251470e-01
4.427276926681103508e-01
4.412407505033317801e-01
4.410324674093973329e-01
4.414859412932313210e-01
4.424883207959959264e-01
4.410967475939162608e-01
4.408130259520516847e-01
4.407567972555424540e-01
4.407832974736857756e-01
4.418734348106464482e-01
4.407176196826478320e-01
4.414833294932468677e-01
4.411227201997308667e-01
4.411482013483090658e-01
4.410143458037049102e-01
4.410039585643698024e-01
4.415495389023304518e-01
4.411407938619844593e-01
4.403339264674155373e-01
4.401608379409949201e-01
4.400474006868541066e-01
4.405334075402351779e-01
4.396265946258462454e-01
4.406965939677270905e-01
4.392965229452854281e-01
4.398656716119682675e-01
4.394435679933789696e-01
4.397802954230539685e-01
4.393421983791961360e-01
4.403784590981218439e-01
4.392407861382200407e-01
4.400847512228863168e-01
4.393707012044077431e-01
4.403214974253281122e-01
4.391971080603028765e-01
4.401410990759310193e-01
4.393160861927222771e-01
4.401027238352174242e-01
4.393472396936227153e-01
4.390157711682926567e-01
4.397355143741599193e-01
4.390548061142908187e-01
4.395647594397562585e-01
4.385351786268712471e-01
4.387564379559102945e-01
4.385910071501600282e-01
4.383469448904250276e-01
4.411863345129606317e-01
4.379581312754879940e-01
4.385361031887701211e-01
4.380550521441178291e-01
4.374231310135519579e-01
4.375556300427442813e-01
4.381423488609380024e-01
4.374687888827555327e-01
4.383509214027938583e-01
4.374610755498070103e-01
4.376706425682859725e-01
4.373634867031789275e-01
4.369917407638583273e-01
4.370113190201682096e-01
4.372308888723959730e-01
4.370694822857795758e-01
4.374111631926013710e-01
4.373847809156178879e-01
4.370562163002413292e-01
4.375128288138080968e-01
4.389678538530747409e-01
4.370969905136125044e-01
4.377008472706190867e-01
4.368764491589472998e-01
4.374694712825153431e-01
4.368729894871436481e-01
4.368092692652843501e-01
4.369391250433963814e-01
4.376772955981366731e-01
4.367410413655787305e-01
4.369566232163166752e-01
4.366671544949315420e-01
4.375760059354044107e-01
4.366178043001205378e-01
4.366455093354080219e-01
4.366897645735023370e-01
4.365277097581712895e-01
4.363343043990791092e-01
4.372379306913102281e-01
4.366577639270825539e-01
4.368516395885007064e-01
4.360243570068911834e-01
4.360593362113093785e-01
4.360604416614248247e-01
4.373659467838569292e-01
4.364841804107845724e-01
4.366855743341800378e-01
4.360705849763345521e-01
4.374509369726803931e-01
4.360761405087082432e-01
4.376095270841006135e-01
4.356395169920321275e-01
4.363058110906012921e-01
4.353573189233318486e-01
4.361225630526324726e-01
4.352019696211408273e-01
4.356034196267328240e-01
4.351822807502765955e-01
4.354775537018161224e-01
4.350312833488984010e-01
4.360955186916324333e-01
4.350039800699226356e-01
4.355035705602506302e-01
4.349348422999131936e-01
4.353089495389384500e-01
4.350817826902324548e-01
4.346091951396526820e-01
4.346680894234747905e-01
4.350061836455510478e-01
4.344564027856374078e-01
4.349407734213395771e-01
4.346443130465478810e-01
4.356617768378910904e-01
4.346147078611732884e-01
4.336909334473119104e-01
4.336522740115416052e-01
4.343748995196278218e-01
4.338033797788198309e-01
4.339473367494992573e-01
4.338538084659658289e-01
4.334389574911822196e-01
4.335745928294347795e-01
4.332735582496101689e-01
4.339237299885188026e-01
4.344021308777291090e-01
4.337445605415378158e-01
4.352932544314246921e-01
4.332995704429921657e-01
4.338360303674187457e-01
4.333300394282684209e-01
4.327737428245567175e-01
4.328139926611666022e-01
4.328403039859668455e-01
4.333927383904352393e-01
4.329086931372058689e-01
4.330182602100581812e-01
4.328183505588871771e-01
4.328536978737341223e-01
4.326477124613805070e-01
4.326024190315786444e-01
4.321564319932515441e-01
4.322120818550119203e-01
4.331115089233137372e-01
4.320484644118261497e-01
4.329117135756697099e-01
4.322233079762048957e-01
4.320648058443873896e-01
4.321666804325580147e-01
4.329901711449946067e-01
4.321216681926949854e-01
4.324092237995466048e-01
4.320169652315599684e-01
4.322674181268509885e-01
4.322012723985825811e-01
4.328051371555904359e-01
4.321572349640504518e-01
4.329731650442117941e-01
4.320843609728347023e-01
4.326902121362388720e-01
4.321732514422808036e-01
4.323578982657231284e-01
4.320626494601919609e-01
4.323667070474833674e-01
4.322008798716077127e-01
4.318112105692830660e-01
4.321585356142499945e-01
4.323829788251055128e-01
4.323879402085329393e-01
4.322024235125379032e-01
4.318293781370104445e-01
4.323773988992848927e-01
4.324020448604911637e-01
4.317799516509461255e-01
4.321700420548612032e-01
4.329701804929766418e-01
4.319266844757782553e-01
4.329473833622121681e-01
4.317194306864522435e-01
4.314545453318864299e-01
4.314920518358149049e-01
4.324486092928060965e-01
4.315517337449930602e-01
4.318908760296323313e-01
4.313970916931111343e-01
4.321339375823718409e-01
4.312332127359365108e-01
4.312281991771308443e-01
4.314037568329114891e-01
4.322964887114053023e-01
4.315708800194196781e-01
4.314195884931402714e-01
4.321941589350946633e-01
4.322831652924135626e-01
4.309227514754687127e-01
4.311513697447745819e-01
4.307765350473276578e-01
4.309787760586829553e-01
4.308618792299475087e-01
4.311467760529330007e-01
4.308146282253974557e-01
4.312652862781729546e-01
4.309231636962679302e-01
4.308749122606456150e-01
4.306192181483836090e-01
4.315395413191141505e-01
4.306983454432695146e-01
4.310021022063412199e-01
4.307368187459210129e-01
4.304027218502656238e-01
4.307757902860870347e-01
4.321890554150739638e-01
4.303374889916402601e-01
4.300106255829949653e-01
4.300681577626351837e-01
4.304715206647037884e-01
4.302583614452020755e-01
4.307818342650135413e-01
4.299929314849374462e-01
4.318615569439961943e-01
4.301102310931527728e-01
4.297886676911905623e-01
4.298996826127479687e-01
4.302442281102756283e-01
4.298225870176148322e-01
4.289973925559858459e-01
4.293085555817044430e-01
4.297229154271458573e-01
4.286746876745822776e-01
4.286097994013823853e-01
4.285851121715830159e-01
4.286478761719383357e-01
4.285620988031367817e-01
4.290108364438610100e-01
4.287512538841613541e-01
4.283956753117423299e-01
4.284008646167045686e-01
4.286830339596184314e-01
4.285965081004169952e-01
4.283925291842715644e-01
4.283848679138289595e-01
4.285270787544700477e-01
4.281353069020901181e-01
4.278362532371194904e-01
4.278977035164031606e-01
4.280031736907305429e-01
4.271434892287180873e-01
4.284101662540201194e-01
4.272345954138018764e-01
4.279296059633472815e-01
4.271201801605006843e-01
4.277083024303160452e-01
4.274737168160485101e-01
4.278256296099380296e-01
4.271933799963858469e-01
4.279764861739680515e-01
4.270249973493758233e-01
4.271391092265443001e-01
4.273982609463496396e-01
4.272248186798978109e-01
4.271200671091162637e-01
4.270923974034673831e-01
4.271574248716809574e-01
4.271498476701430236e-01
4.270540412642008787e-01
4.281949567956579439e-01
4.271831984765293022e-01
4.273330694047552392e-01
4.268724622168151295e-01
4.286778555651084566e-01
4.276003077828824939e-01
4.268178802986175024e-01
4.268437864781985946e-01
4.281851414856508997e-01
4.268371679383666795e-01
4.278831283323046852e-01
4.266936894132873914e-01
4.276923634065091795e-01
4.269790327967899479e-01
4.279471186874441169e-01
4.269714418258211408e-01
4.275392765916276039e-01
4.266491952471295757e-01
4.267954809633411339e-01
4.265927541639198961e-01
4.268295129499398155e-01
4.266973753630237121e-01
4.268409709181485989e-01
4.272340756672628470e-01
4.275015375037287679e-01
4.265841026447007578e-01
4.261550404953238780e-01
4.261248555822091388e-01
4.266690747796340610e-01
4.262239542183667851e-01
4.265702694459064803e-01
4.261957626097076512e-01
4.267210152177132731e-01
4.260545030228549690e-01
4.260225632555817987e-01
4.261574031696796494e-01
4.262796343266791466e-01
4.268390271444417738e-01
4.272409372988824061e-01
4.259342488603919397e-01
4.264163444014570370e-01
4.260612377483196656e-01
4.263249248165061345e-01
4.260980259493548084e-01
4.258622329490314162e-01
4.259070347285208724e-01
4.263638958721711059e-01
4.259352111894062487e-01
4.261139580979465546e-01
4.259842919759971314e-01
4.266366915277944871e-01
4.259866755683676121e-01
4.259511078433665943e-01
4.259405681064142302e-01
4.262719979967500850e-01
4.261121891312263377e-01
4.266216892924157844e-01
4.260585960552481510e-01
4.269086175982842457e-01
4.258621394772588720e-01
4.266299214655875915e-01
4.257760487291170626e-01
4.268967138345911572e-01
4.261508423176360028e-01
4.275739058820037242e-01
4.260177382533517632e-01
4.268403310963700958e-01
4.262970571569916212e-01
4.257237159787698455e-01
4.258232084701011333e-01
4.263759717259298365e-01
4.256983298871090393e-01
4.258171392774665054e-01
4.258143267626546269e-01
4.253752646817088312e-01
4.252754878744459122e-01
4.259446192647806662e-01
4.254552127975183562e-01
4.260702756272963798e-01
4.252645159961924715e-01
4.254999095698361322e-01
4.250575134553910006e-01
4.261572781314364455e-01
4.249572125511659748e-01
4.249264582113457256e-01
4.248653233335233925e-01
4.254830651414469589e-01
4.254352668075574440e-01
4.254157626951771687e-01
4.249699571008609400e-01
4.250675689481244746e-01
4.252977766084719558e-01
4.255974085347235536e-01
4.248531614603572315e-01
4.249387047611274393e-01
4.248258672587540974e-01
4.259027116452986372e-01
4.249842267738450086e-01
4.251281842170332448e-01
4.247375455781957077e-01
4.252523159204126268e-01
4.245596179691539795e-01
4.238738054488863649e-01
4.239228242882377429e-01
4.246716703668444448e-01
4.238916974403865168e-01
4.248909473553242333e-01
4.241483376748503287e-01
4.238575262420397616e-01
4.239315824584918846e-01
4.246600420453742197e-01
4.241400034151298626e-01
4.246331825615013433e-01
4.236135090579364326e-01
4.234634819575609499e-01
4.232349598526274348e-01
4.259338096765598602e-01
4.232539243009424967e-01
4.232122574375218882e-01
4.237505612147395850e-01
4.233302578348583922e-01
4.233953760492787377e-01
4.228502651281275115e-01
4.228899417888858925e-01
4.240786425250906433e-01
4.225082299806692809e-01
4.227840712471802043e-01
4.226341883971119207e-01
4.224518483108524181e-01
4.225476381258155278e-01
4.230781412964594312e-01
4.221578702702412089e-01
4.226579869555043278e-01
4.220799133857399688e-01
4.226719910530004620e-01
4.222142823030956560e-01
4.220671293229080190e-01
4.220478727765112348e-01
4.219367544891567956e-01
4.221551412891105803e-01
4.218887382735038161e-01
4.221890841608255118e-01
4.220935933932803419e-01
4.221329749283780353e-01
4.228671498617407876e-01
4.221714236231458584e-01
4.227333238621379108e-01
4.215900581000366354e-01
4.220733209105947958e-01
4.215374705400385391e-01
4.230255285251602326e-01
4.215820729964444569e-01
4.218288488340743991e-01
4.212035250735572389e-01
4.217771306965873435e-01
4.212525300653027216e-01
4.213910383450157893e-01
4.211118661482247671e-01
4.215687658848065733e-01
4.213226086987819086e-01
4.217238540506324518e-01
4.209349151870007688e-01
4.225430840563304535e-01
4.206351010103053789e-01
4.211740582253118981e-01
4.206982197965797865e-01
4.204190883641607535e-01
4.206483522788735940e-01
4.208209080415776793e-01
4.204116124053783876e-01
4.217379860780904322e-01
4.205426550342974412e-01
4.208499646105087755e-01
4.206132762564311345e-01
4.204413777071779879e-01
4.204740547664927441e-01
4.207004524997597361e-01
4.207014974497931825e-01
4.215871470665915610e-01
4.202761214527843681e-01
4.213835429527820198e-01
4.203260069720240466e-01
4.223211237934784701e-01
4.207512484899820771e-01
4.204615080839723684e-01
4.202762065541262859e-01
4.206033834332316701e-01
4.203476244710300791e-01
4.203854638100734120e-01
4.202778871948210093e-01
4.214856179071708175e-01
4.204106530913915840e-01
4.215539286274288533e-01
4.202790687777102074e-01
4.199534045608461774e-01
4.203013787590338945e-01
4.206730749482842646e-01
4.196991321568858124e-01
4.200553543950573676e-01
4.194257735085701877e-01
4.202553072775793153e-01
4.195798195397570929e-01
4.199773411970404435e-01
4.195994616572952252e-01
4.199024136299015497e-01
4.190478316320009333e-01
4.192334367024771469e-01
4.188669347146835031e-01
4.194820039807660161e-01
4.190609681347063353e-01
4.194599105533831640e-01
4.188315884494296371e-01
4.188373008931892683e-01
4.188867607375451052e-01
4.192132515266633885e-01
4.188454783134296089e-01
4.197209060830892069e-01
4.188979910566483778e-01
4.190780231412982171e-01
4.188003964919261302e-01
4.195477775397904452e-01
4.188829987273220978e-01
4.197223556476491479e-01
4.189997751825813022e-01
4.194662573944610284e-01
4.189854220712746491e-01
4.189352079854128386e-01
4.187937035832058341e-01
4.191452810285058450e-01
4.192338896654287383e-01
4.191314217663356656e-01
4.187889747406756680e-01
4.206821742092153871e-01
4.185257502477196523e-01
4.182827892250196578e-01
4.182414330423305238e-01
4.194598161107461753e-01
4.180737523949521472e-01
4.191932854894899196e-01
4.180516568301517744e-01
4.178692958868585605e-01
4.179284055820329802e-01
4.182938748558476250e-01
4.178787213102543308e-01
4.186957843855875216e-01
4.177891751390024888e-01
4.193641586713068858e-01
4.176900813984692484e-01
4.178874279507354128e-01
4.177821459579200147e-01
4.180995661043037659e-01
4.180729924886512072e-01
4.187136266450144917e-01
4.178191505607855571e-01
4.183002187695250562e-01
4.179325461998305014e-01
4.179525464232644594e-01
4.179744983980155371e-01
4.186152589551579983e-01
4.176621099808305315e-01
4.188130398615917405e-01
4.178639220356457629e-01
4.177065935815419406e-01
4.177003043309659991e-01
4.189137941794606190e-01
4.178151591934199383e-01
4.179157329595512005e-01
4.180166746106287468e-01
4.177058612936270787e-01
4.176496096180215556e-01
4.185498942400029398e-01
4.176947607579974964e-01
4.179977470331314726e-01
4.182662013224276443e-01
4.177443863606005725e-01
4.177009520226573347e-01
4.168244252485971413e-01
4.177694635877992058e-01
4.165905686950781006e-01
4.174104275738319547e-01
4.163301548719544609e-01
4.169004904323412863e-01
4.159212362665826168e-01
4.161288763926697665e-01
4.166866635997970580e-01
4.160781813852064692e-01
4.164834260550073219e-01
4.158697928521123965e-01
4.159387847288796292e-01
4.160853325293316640e-01
4.165535771513160235e-01
4.156936828322862487e-01
4.165750261172099234e-01
4.160092056548891359e-01
4.180167087044964758e-01
4.158195129488169717e-01
4.165947063624783619e-01
4.158064072488887319e-01
4.156204817727741641e-01
4.157669252843557706e-01
4.162147060950894262e-01
4.156458757593528008e-01
4.159536577442388694e-01
4.155714777006916383e-01
4.160929267092131068e-01
4.154758298678591366e-01
4.157596338118023094e-01
4.154979412683141304e-01
4.160310533510248598e-01
4.154076741831542741e-01
4.155181318182747385e-01
4.151936533871629642e-01
4.158071617402054887e-01
4.152148648469973780e-01
4.152860564853527170e-01
4.150687517326064335e-01
4.153076207792044672e-01
4.153447557493841202e-01
4.157644605569482676e-01
4.151174302780382686e-01
4.154665557643350549e-01
4.150453758196888110e-01
4.153108679131852221e-01
4.150154510737834590e-01
4.152433426673147743e-01
4.149383219999614458e-01
4.152970759594913908e-01
4.150423018668534247e-01
4.149929394476378763e-01
4.151131950527221504e-01
4.149324204771586699e-01
4.151561354764813916e-01
4.162276718664721931e-01
4.149854095689657352e-01
4.151927232162471171e-01
4.150568167534907649e-01
4.150088392495486778e-01
4.147665858673558192e-01
4.169861836768042895e-01
4.148528680422883808e-01
4.152753877427459162e-01
4.149129471114374468e-01
4.145956868337248857e-01
4.148473340454777447e-01
4.149445429555887466e-01
4.142989137436876024e-01
4.144742236272409008e-01
4.144079021456481549e-01
4.150484770989663064e-01
4.144936229945680450e-01
4.154882146594398029e-01
4.144204594535519925e-01
4.156960494511501292e-01
4.143429562905701635e-01
4.148820515062345282e-01
4.143694441701321063e-01
4.148558080207773724e-01
4.144697340648405559e-01
4.149354641660009668e-01
4.147730115398658990e-01
4.138722070303089140e-01
4.140535607007108099e-01
4.141389072325852849e-01
4.143171300848164651e-01
4.144694065060390842e-01
4.140276340886486217e-01
4.140751278779756239e-01
4.140911019786058800e-01
4.139708841274672979e-01
4.139246464825124816e-01
4.142902886925902139e-01
4.140119593986538171e-01
4.146823466192102181e-01
4.141696909972334417e-01
4.142661681647061278e-01
4.142069082651235190e-01
4.142372699424507476e-01
4.138447251794231119e-01
4.140885720399736236e-01
4.141102905545123725e-01
4.140357948293730272e-01
4.140953559396050587e-01
4.140350350245750599e-01
4.138278089409025973e-01
4.145012291439935104e-01
4.137907684135008202e-01
4.134704983785398302e-01
4.137763500951939788e-01
4.132557924200542243e-01
4.131212686471950057e-01
4.130179668250515412e-01
4.131281404719651107e-01
4.130892989338859622e-01
4.129294527214991684e-01
4.136487517398579894e-01
4.131233538698531049e-01
4.131489271283969589e-01
4.132627484522308214e-01
4.135162126541335192e-01
4.130096854450173716e-01
4.133607764920328442e-01
4.130374834485903146e-01
4.129979507052807253e-01
4.132259691533423096e-01
4.124012208653189959e-01
4.123687766264236831e-01
4.123301419064724915e-01
4.122534626372460487e-01
4.125711431791052597e-01
4.130572063580474906e-01
4.126094295783656607e-01
4.121744448166707042e-01
4.127682573524545928e-01
4.125871298886923388e-01
4.128093196350796079e-01
4.121805340026900022e-01
4.123508353733149612e-01
4.125851323291181982e-01
4.128463150645796942e-01
4.122743760376070821e-01
4.124603834249110368e-01
4.120805853060752755e-01
4.121174191233407669e-01
4.124345229029963145e-01
4.117573244000687360e-01
4.116625154243603868e-01
4.120962550897552257e-01
4.120892463385406046e-01
4.116691187457749423e-01
4.118783487055950876e-01
4.120843211483097290e-01
4.119662194321002668e-01
4.118899510260605745e-01
4.116867199573538971e-01
4.117687999466468352e-01
4.118081891550565699e-01
4.117163269317301588e-01
4.126212302878736193e-01
4.115744283094022182e-01
4.118518680340311211e-01
4.117208993494454461e-01
4.116195481925750688e-01
4.104250352459746232e-01
4.110148056658642912e-01
4.100625423323945307e-01
4.101599945525200575e-01
4.109415953406321820e-01
4.102748184434545919e-01
4.100714364086078256e-01
4.100867517519931060e-01
4.100671479512907336e-01
4.102819564913534611e-01
4.103256198556807788e-01
4.098087370698028087e-01
4.099363650795695979e-01
4.099475457537333223e-01
4.103037467257110160e-01
4.099336309429136294e-01
4.103263218583614313e-01
4.098413078827742861e-01
4.103487454313438088e-01
4.100329009244563783e-01
4.108025672919023985e-01
4.098268004937489217e-01
4.113245602051945338e-01
4.103237890381852826e-01
4.105367732354262555e-01
4.098875229617317539e-01
4.098491388594511231e-01
4.096597117539267363e-01
4.096904494187692536e-01
4.094953120140136793e-01
4.092959800901703193e-01
4.095176461141794011e-01
4.094868030993407682e-01
4.093245915415837932e-01
4.099199729275183057e-01
4.091592771667806328e-01
4.102204462798228479e-01
4.096910563088100865e-01
4.104525971198008660e-01
4.094816123587337597e-01
4.090328064309219913e-01
4.086095533896901832e-01
4.090169815992463764e-01
4.087911278465170550e-01
4.080510425755268789e-01
4.082368134161231121e-01
4.076418119840711785e-01
4.075793725651613575e-01
4.075667220869482743e-01
4.070989587093076234e-01
4.071263803549642346e-01
4.073418270278498232e-01
4.069065745608922979e-01
4.070829869296754278e-01
4.075681197897242924e-01
4.067149785773973014e-01
4.078197464176122056e-01
4.068972057655496077e-01
4.067421288283785685e-01
4.069208562668392148e-01
4.068907891288601752e-01
4.067159802925522927e-01
4.069491206470895461e-01
4.070000250912189643e-01
4.085275302891799298e-01
4.069295563924484327e-01
4.071004612440176640e-01
4.072530110196729281e-01
4.069287865112912739e-01
4.069280394602889372e-01
4.071057152549327207e-01
4.067819240113816903e-01
4.067503739017986897e-01
4.062814179577980411e-01
4.070006589038555056e-01
4.063568431159989558e-01
4.065662114754529655e-01
4.066471705396442760e-01
4.071243699496840396e-01
4.060203718948150464e-01
4.061182558745278226e-01
4.057232545403613444e-01
4.060757582821440392e-01
4.058527450384497581e-01
4.056462204164975605e-01
4.061057282354600950e-01
4.052580686176000535e-01
4.058388943054113684e-01
4.053745179283289035e-01
4.055470502016716439e-01
4.051380801153414701e-01
4.051888395336576965e-01
4.059039376143772637e-01
4.053475520905203133e-01
4.049364060683808275e-01
4.047516888961251169e-01
4.054880981877159729e-01
4.048982611230312334e-01
4.054199777949257788e-01
4.044250520593848375e-01
4.044929970062571822e-01
4.047021448106331576e-01
4.041766092916923014e-01
4.040359264711494980e-01
4.044753720244054773e-01
4.041290002567071160e-01
4.049297648866393429e-01
4.041982193484379149e-01
4.045558188953877199e-01
4.040019083645419729e-01
4.041163463467127848e-01
4.040676990988161799e-01
4.040947563611045901e-01
4.039931925139135238e-01
4.044262622405367380e-01
4.041239560766899386e-01
4.049765948660000170e-01
4.040172927364032995e-01
4.042896082259689883e-01
4.042373305442614195e-01
4.063510579728120131e-01
4.042015392089370884e-01
4.041688779608412774e-01
4.038463562981088328e-01
4.048069216160917749e-01
4.037510719878835141e-01
4.057089376383756218e-01
4.038821703842094268e-01
4.042951787236158112e-01
4.038919309859069773e-01
4.040496819151844221e-01
4.038997435879543296e-01
4.037688172512307050e-01
4.039733077477163925e-01
4.035107941099209672e-01
4.036999195404802343e-01
4.034368750477739241e-01
4.036344854485286460e-01
4.033527938757214271e-01
4.035694068637226128e-01
4.030081789574172513e-01
4.030004263058264979e-01
4.044110205622337140e-01
4.033123141668600864e-01
4.032335174297442815e-01
4.033472483706402323e-01
4.034387803614013501e-01
4.037609107911924178e-01
4.028324773003921222e-01
4.036088272780413710e-01
4.033365644348104739e-01
4.024924237535825178e-01
4.018832043689036793e-01
4.018040907460199151e-01
4.024841819802177367e-01
4.019428934930845965e-01
4.029856726336721318e-01
4.022118960934747411e-01
4.033907569605704180e-01
4.023194071083506240e-01
4.025480945383976272e-01
4.019535268239964876e-01
4.036622708407700544e-01
4.016487265171897469e-01
4.027814016314396617e-01
4.019418957585533803e-01
4.019344518771573171e-01
4.008848793607110439e-01
4.017478387367469650e-01
4.005965457097153681e-01
4.007681293943026191e-01
4.007454038413718611e-01
4.010537043479385222e-01
4.007533975025632800e-01
4.005446758150144615e-01
4.005199287214196158e-01
4.004001765039751359e-01
4.007493387426833142e-01
4.008461627550276019e-01
4.003966923553430313e-01
4.016931473931164009e-01
4.002929202580767787e-01
4.004016674870080061e-01
4.006110809862418187e-01
4.016137965148878219e-01
4.003616290114604404e-01
4.000522002394962806e-01
4.000519431297639983e-01
4.006502144086215855e-01
4.002596937846143454e-01
4.003795611985709324e-01
4.005189419901624137e-01
4.001049726131705175e-01
4.000584016047700198e-01
4.001408162863255846e-01
3.999821599229307911e-01
4.006077985745879477e-01
4.001344714057298302e-01
3.994899563645193941e-01
3.999072614815931126e-01
3.995454818240956052e-01
3.996283528585268807e-01
3.996029082654179443e-01
3.997586559992027389e-01
4.000347453349168414e-01
3.994151008788927038e-01
3.996479174115051269e-01
3.994061106518585480e-01
4.001362858270058886e-01
3.991743377071992893e-01
4.001114334268114914e-01
3.993470314371067587e-01
3.995841689365431382e-01
3.993156736061690970e-01
3.992188942058612633e-01
3.991315833103353805e-01
3.993460477190883262e-01
3.993315765555233154e-01
4.000360869933086150e-01
3.992357917903384679e-01
3.993252075973521831e-01
3.991349432939984565e-01
3.997136374320776064e-01
3.992760058992460559e-01
3.996068328232078026e-01
3.988846829034093378e-01
3.987928055802604232e-01
3.988741867507341055e-01
3.997393831609268311e-01
3.995370146339095596e-01
3.988931205974000638e-01
3.991351625428853356e-01
3.983787843280750529e-01
3.984383239834585755e-01
3.992805333446809435e-01
3.988983854123485107e-01
3.989399101970154682e-01
3.985093460546671462e-01
3.987133172345595500e-01
3.987010841623322976e-01
3.987243521082285413e-01
3.985131310503117197e-01
3.990516150768097514e-01
3.985006721983359590e-01
3.993400056857975278e-01
3.983744964556436008e-01
3.981718697747509417e-01
3.983428671754299932e-01
4.003857176554442843e-01
3.978360503885389199e-01
3.977609407509894446e-01
3.978061363800535766e-01
3.988445897789905104e-01
3.977468491308012721e-01
3.966988663454259489e-01
3.970050389134596180e-01
3.972229194971735877e-01
3.973267263958162876e-01
3.974750814172842706e-01
3.969393119553321081e-01
3.975633166783241745e-01
3.965843351476249223e-01
3.970805733231818069e-01
3.970514379809341743e-01
3.967948570361019556e-01
3.966679742481997728e-01
3.972454436747692164e-01
3.968645756552977577e-01
3.970825325212657408e-01
3.966123862987481208e-01
3.972414571056261945e-01
3.968191715832491417e-01
3.966055843915791690e-01
3.970854554526676572e-01
3.967392748944630898e-01
3.966817102059275180e-01
3.977858639137733521e-01
3.966041514457642192e-01
3.970200915416474685e-01
3.969483825234376706e-01
3.971359724026598537e-01
3.964580061248152987e-01
3.968965227836935838e-01
3.963875342168237115e-01
3.969076827344614200e-01
3.965077228670856324e-01
3.964428119129935202e-01
3.966902363990469915e-01
3.962860782063418186e-01
3.961769667760369207e-01
3.964565751388141046e-01
3.965724260038045457e-01
3.958981862117538220e-01
3.964679165754630974e-01
3.968757739135890250e-01
3.963522421367274284e-01
3.962109838442116616e-01
3.959412659821732738e-01
3.968680066600580592e-01
3.957477999117012812e-01
3.961184916005188184e-01
3.959247541126227343e-01
