1.018318751456432691e+00
1.018318751456432913e+00
1.018318751456432691e+00
1.020878437780355474e+00
1.177691872336914303e+00
1.028642876879210188e+00
1.065933098348331720e+00
1.018318751456432913e+00
1.018318751456432691e+00
1.018318751456432691e+00
1.018318751456432691e+00
1.018318751456432691e+00
1.020080482136290545e+00
1.044566474994431005e+00
1.018318751456432691e+00
1.018318751456432691e+00
1.018318751456432691e+00
1.098843210080834965e+00
1.018318751456432691e+00
1.018318751456432691e+00
1.025176549616368948e+00
9.862875604318632750e-01
1.025668797131903176e+00
1.000629715606677683e+00
9.349986566445165348e-01
8.961262693172454830e-01
8.894950811603715701e-01
8.881906593906118141e-01
9.046864753212057186e-01
8.875735580208534703e-01
8.896293411566480458e-01
8.875735580208534703e-01
8.770908169613415017e-01
8.770908169613413907e-01
8.776846905483143280e-01
8.770908169613413907e-01
8.780540690298765938e-01
8.770908169613413907e-01
8.786988277356752031e-01
8.770908169613413907e-01
8.799435937638809824e-01
8.770908169613413907e-01
8.827560816740087635e-01
8.691174350974706364e-01
9.167135285323450011e-01
8.694245109091002233e-01
8.758768342009436436e-01
8.666889255909328016e-01
8.937175190999285812e-01
8.709414802447154047e-01
8.729800567466219352e-01
8.864654392374626823e-01
8.673626950377850697e-01
8.642904449605185446e-01
8.660669625963676177e-01
8.649097490237687147e-01
8.642904449605185446e-01
8.628483622463170022e-01
8.627808145507701587e-01
8.655758749725697143e-01
8.627535577016384183e-01
8.645300230582022571e-01
8.583388509652222220e-01
8.520944002031566322e-01
8.538197097598272389e-01
8.519544025266767573e-01
8.520979448817804780e-01
8.519544025266767573e-01
8.521548863659201833e-01
8.519544025266766463e-01
8.530927638686239822e-01
8.526465769375326520e-01
8.579529518844208891e-01
8.520299189262802164e-01
8.662445383302888047e-01
8.523652323829709054e-01
8.526704988697750842e-01
8.511945149881837702e-01
8.511945149881837702e-01
8.507428592741052009e-01
8.507615597751387870e-01
8.511254332902181696e-01
8.519098819504400399e-01
8.515066077139769041e-01
8.508595030557924987e-01
8.503864465630519565e-01
8.506260642524177129e-01
8.509079546052465970e-01
8.502457809081669371e-01
8.492477057521983230e-01
8.491731625205841683e-01
8.488392379798913590e-01
8.488392379798913590e-01
8.490731150285765194e-01
8.489576008653484385e-01
8.491059705537841173e-01
8.488392379798911369e-01
8.490641284273166001e-01
8.488392379798911369e-01
8.499908588387983244e-01
8.491024071818183971e-01
8.488475478728851886e-01
8.512634230245958999e-01
8.490380669578596606e-01
8.488481186163246983e-01
8.490271861918385898e-01
8.490153372075577298e-01
8.492080837007119909e-01
8.487564502993026894e-01
8.492576625401577761e-01
8.487918632131874475e-01
8.487030732157612167e-01
8.487026382226323662e-01
8.487888536909871107e-01
8.495018498529882667e-01
8.480118532532531228e-01
8.485593457540813178e-01
8.481063635280221558e-01
8.481067278591697400e-01
8.480118532532531228e-01
8.482924373723955691e-01
8.481642217542043616e-01
8.477796444392698971e-01
8.486147585698908813e-01
8.476395685245741163e-01
8.479852733980286494e-01
8.476395685245741163e-01
8.479785771491971103e-01
8.476395685245741163e-01
8.468347023327631451e-01
8.469664040892184165e-01
8.468245223384869291e-01
8.469985470837118058e-01
8.469165623225565209e-01
8.468153679647617560e-01
8.469600413828908270e-01
8.464685007362000579e-01
8.462810366013168162e-01
8.464105218266373409e-01
8.459165643738212337e-01
8.456470097881487735e-01
8.456470097881485515e-01
8.456609864505987284e-01
8.458782255525874039e-01
8.455162861029121846e-01
8.455463316984886957e-01
8.452677017025691519e-01
8.451696272404486399e-01
8.451696272404486399e-01
8.452487614021616524e-01
8.450984225998064980e-01
8.449836830011557831e-01
8.450371767242776944e-01
8.448514059867621162e-01
8.448479400542326934e-01
8.447661041990462971e-01
8.448303690098432073e-01
8.449391941880296519e-01
8.446912659569730808e-01
8.446512705688236089e-01
8.446270725746619634e-01
8.447472398190737364e-01
8.446962550632858280e-01
8.446459956271811231e-01
8.446270725746617414e-01
8.446579697047140733e-01
8.445609856687652517e-01
8.447209625895657492e-01
8.445609856687652517e-01
8.443800470535174352e-01
8.442551635259278875e-01
8.447037992912198590e-01
8.442644183639812505e-01
8.441750873775262232e-01
8.441763984948948973e-01
8.441175286288471469e-01
8.441574755633425298e-01
8.441681871283496230e-01
8.441406242921016823e-01
8.443318173359105616e-01
8.441033417248298143e-01
8.442706964297937988e-01
8.440495965126072475e-01
8.441215886688304693e-01
8.440835142369299549e-01
8.441515781998708556e-01
8.440495965126072475e-01
8.442897581180733857e-01
8.440495965126072475e-01
8.441496205219265470e-01
8.441281685848607275e-01
8.444514378354804895e-01
8.440521652948395070e-01
8.440589659265110845e-01
8.440598316663467937e-01
8.440516881922695003e-01
8.441214387916081696e-01
8.440550219629507911e-01
8.440679577220415730e-01
8.439819630360749780e-01
8.440170151169791302e-01
8.439802120286966636e-01
8.439892663917353266e-01
8.439592803067467175e-01
8.439098299939838954e-01
8.438937648618830556e-01
8.438891150604707070e-01
8.438803670381360700e-01
8.438885533458505561e-01
8.438449743229978761e-01
8.438498651353592006e-01
8.438595948925712298e-01
8.438519664795210984e-01
8.438536347255216619e-01
8.438474570558560650e-01
8.438449743229977651e-01
8.438401177476904103e-01
8.438401177476902992e-01
8.438401571403162382e-01
8.438660803147264300e-01
8.437992263486895350e-01
8.437775940895329008e-01
8.437778733539421649e-01
8.437371613351822841e-01
8.437081681703569869e-01
8.436970010355463456e-01
8.437006253747424411e-01
8.436945913224246363e-01
8.436974279937670129e-01
8.437100710072927834e-01
8.436949788742115208e-01
8.436926315608759275e-01
8.437169406458236987e-01
8.437290898664789873e-01
8.436934012746047928e-01
8.436358433514040689e-01
8.436264466091882852e-01
8.436264466091879521e-01
8.436221418040558140e-01
8.436269191521594824e-01
8.436248330328979250e-01
8.436228953007262055e-01
8.436131066608677509e-01
8.436085970070463791e-01
8.436331931734887268e-01
8.436110548783152252e-01
8.435982669607501316e-01
8.436017549330450116e-01
8.435685287866625526e-01
8.435620162412259537e-01
8.435608497849079734e-01
8.435400612834149658e-01
8.435574224012341027e-01
8.435379705534247208e-01
8.435480896130348460e-01
8.435392602422135955e-01
8.435420757528999669e-01
8.435379705534244987e-01
8.435327839879006584e-01
8.435442169564436599e-01
8.435252205418501958e-01
8.435239939529359798e-01
8.435008618370757327e-01
8.434993536538799574e-01
8.435060141266793599e-01
8.435079841244279564e-01
8.435050089285657249e-01
8.434997844243893317e-01
8.434901471520412919e-01
8.434947763460595160e-01
8.434932423345167241e-01
8.434956775421809105e-01
8.434817527509933521e-01
8.434627490035478958e-01
8.434484273965635603e-01
8.434568208683956847e-01
8.434432816875321315e-01
8.434449000116653883e-01
8.434432816875320205e-01
8.434376681666163611e-01
8.434368474719713404e-01
8.434351565229698533e-01
8.434469330200067283e-01
8.434262084564365658e-01
8.434131907646176263e-01
8.434090930635765870e-01
8.434121471118448676e-01
8.433731513223916565e-01
8.433577045904159242e-01
8.433577468257291709e-01
8.433562564239173165e-01
8.433568993550522030e-01
8.433558925819649721e-01
8.434226835373598297e-01
8.433616267293435609e-01
8.433563936608892142e-01
8.433643589596039325e-01
8.433324375293783648e-01
8.433324375293780317e-01
8.433302328181665475e-01
8.433299473723151474e-01
8.433289933755327983e-01
8.433362342995749383e-01
8.433351787322216353e-01
8.433260097648956899e-01
8.433303575129619256e-01
8.433215585357347610e-01
8.433441232043989988e-01
8.433070235759529965e-01
8.433043706984552079e-01
8.433208215524223839e-01
8.432952960266946185e-01
8.432944406943166937e-01
8.432977031332601348e-01
8.433075355941336282e-01
8.432943275187894105e-01
8.432975182125795888e-01
8.433066502616362037e-01
8.432943275187900767e-01
8.433134927418208804e-01
8.433187853221161268e-01
8.432452865283076582e-01
8.432484094217645998e-01
8.432504150515068853e-01
8.432501401841137056e-01
8.432448128096853290e-01
8.432431609007680073e-01
8.432473030734508601e-01
8.432467160195764588e-01
8.432420357253613830e-01
8.432422360376961024e-01
8.432466588756629688e-01
8.432390284990757268e-01
8.432410966568372190e-01
8.432238131452236551e-01
8.431982401510639269e-01
8.431976890931426327e-01
8.431708325110872648e-01
8.431711868887610262e-01
8.431746000518371975e-01
8.431612457810285788e-01
8.431592506787372043e-01
8.431481892480305884e-01
8.431555282724472189e-01
8.431582355607473156e-01
8.431454448049654493e-01
8.431402202930551315e-01
8.431020656856175188e-01
8.431140092177054068e-01
8.431003749728590568e-01
8.430888434260789266e-01
8.430761810250755328e-01
8.430707022247726501e-01
8.430713078420387641e-01
8.430747071301474271e-01
8.430768674787401107e-01
8.430567149624434986e-01
8.430588996409775771e-01
8.430488569668218579e-01
8.430348290010872825e-01
8.430370504271916809e-01
8.430242852493695649e-01
8.430616474382417458e-01
8.430149164048499344e-01
8.429951033599453192e-01
8.429790370248558817e-01
8.429831136843229933e-01
8.429598164213087941e-01
8.429528454430461615e-01
8.429652327588825766e-01
8.429434777275713886e-01
8.429443186995371207e-01
8.429457940609992317e-01
8.429526865910487166e-01
8.429498810240283468e-01
8.429386391402425849e-01
8.429595000479268574e-01
8.429494817721958633e-01
8.429249465247447004e-01
8.429113137152823843e-01
8.428937281715889185e-01
8.428910588147721095e-01
8.428908464895942254e-01
8.428963052613321905e-01
8.428916707364955130e-01
8.428892529570235492e-01
8.428823185220398750e-01
8.429996172876356164e-01
8.428924646876386761e-01
8.428308551980392416e-01
8.428253455236487390e-01
8.428410460946199612e-01
8.428437119448853876e-01
8.428367195056933880e-01
8.428206908228840222e-01
8.428311045966115911e-01
8.428179880258717116e-01
8.428129048084419539e-01
8.428313864039629344e-01
8.428006632335667270e-01
8.428214799529116785e-01
8.427914012438006974e-01
8.427543475664148742e-01
8.427442880264870428e-01
8.427560183284364959e-01
8.427564035109116336e-01
8.427413098919368517e-01
8.427368344939638600e-01
8.427373945838796399e-01
8.427313250472113770e-01
8.427160310898632600e-01
8.427136023775696483e-01
8.427146161611188679e-01
8.426998022808931399e-01
8.426665389165567399e-01
8.426380194665481493e-01
8.426240668264191047e-01
8.426292982393746023e-01
8.426339562963695018e-01
8.426249291334952929e-01
8.426229123191679715e-01
8.426240955073360794e-01
8.426326659772437333e-01
8.426314169432916890e-01
8.426238964086462113e-01
8.426231846527743041e-01
8.426222531810827476e-01
8.425914432608027083e-01
8.425824952890870190e-01
8.425852910902726922e-01
8.425818874784127832e-01
8.425823817707844832e-01
8.425910610520939148e-01
8.425885728013652320e-01
8.425832024304065193e-01
8.425768024545500223e-01
8.425988978780155625e-01
8.425777886159750985e-01
8.425474608583025660e-01
8.425429431759092758e-01
8.425434514479981374e-01
8.425468911756136547e-01
8.425520532463457446e-01
8.425557059772279533e-01
8.425456942803035698e-01
8.425525067694756842e-01
8.425498957763346564e-01
8.425506803509614784e-01
8.425482529851671121e-01
8.425359334182542792e-01
8.425280132140644529e-01
8.424993703399533684e-01
8.425064324408551020e-01
8.425002924891942246e-01
8.424918397964104022e-01
8.424882164103986160e-01
8.424967640152309922e-01
8.424874213773279052e-01
8.425089923722970386e-01
8.424838583071470044e-01
8.424735940425818193e-01
8.424652901287914553e-01
8.424203682646856928e-01
8.424163552434997815e-01
8.424244917959521350e-01
8.424051308750254430e-01
8.424045799782203803e-01
8.424068219325171469e-01
8.424056728844637743e-01
8.423900441648602966e-01
8.423918349004205774e-01
8.423946645163152835e-01
8.423962612956746865e-01
8.423556794621909205e-01
8.423458139441140080e-01
8.423454562718281080e-01
8.423437966958908785e-01
8.423429621217273233e-01
8.423613790194877105e-01
8.423453092634493045e-01
8.423596496954970370e-01
8.423526049519368675e-01
8.423161936240125547e-01
8.423071405726115790e-01
8.423106826769064526e-01
8.423019226774396406e-01
8.422920181358646285e-01
8.422626831305167761e-01
8.422676504393009633e-01
8.422627892183863763e-01
8.422466936323781406e-01
8.422235091854258782e-01
8.422245209561309842e-01
8.422227191734494856e-01
8.421992913476640252e-01
8.421921468314289561e-01
8.421937084731325740e-01
8.421972824227845766e-01
8.421791537192565569e-01
8.421698636745356126e-01
8.421770698913700892e-01
8.421724058099661070e-01
8.421641685499711150e-01
8.421633127464763779e-01
8.421635826673811165e-01
8.421162973274357588e-01
8.420948887374041236e-01
8.421083301103060581e-01
8.420952137300801166e-01
8.420967825937847318e-01
8.420994639800682968e-01
8.420762698420373171e-01
8.420829179827965527e-01
8.420853404504798911e-01
8.420768626914421073e-01
8.421001874711586677e-01
8.420851845912099565e-01
8.420592946634845033e-01
8.420545486793484802e-01
8.420518475663925084e-01
8.420513765490198477e-01
8.420542741850771673e-01
8.420501397571908964e-01
8.420547388420825952e-01
8.420497891207354701e-01
8.420622357234611721e-01
8.420815758423220165e-01
8.420167243629189668e-01
8.420135809592049769e-01
8.420215291026528215e-01
8.420145153250385706e-01
8.420156965297610485e-01
8.420182738449957238e-01
8.419990497240112948e-01
8.419913975035309139e-01
8.420000485876580898e-01
8.419953899820048493e-01
8.419861005057678316e-01
8.419819877226070171e-01
8.419791669130002321e-01
8.419805036141819743e-01
8.419795243058966205e-01
8.419646098448319016e-01
8.419645503980761614e-01
8.419346496411421743e-01
8.419288054359702622e-01
8.419302427563726265e-01
8.419254877524448011e-01
8.419245612333596807e-01
8.419248147531803728e-01
8.419517060622426774e-01
8.418994625883425842e-01
8.419106731211269956e-01
8.418883293473979901e-01
8.418942824341429931e-01
8.418964198642207020e-01
8.418624076622146513e-01
8.418560312400722445e-01
8.418686322394671739e-01
8.418546296550315500e-01
8.418571879257287227e-01
8.418462978572410771e-01
8.418474276415969237e-01
8.418536387495161311e-01
8.418459524656265458e-01
8.418550910105531138e-01
8.418471092698037728e-01
8.418374269774379082e-01
8.418023328460593202e-01
8.418050045119384039e-01
8.418088487512908058e-01
8.417991405943541228e-01
8.418280611134990599e-01
8.417699508882974246e-01
8.417545700145532273e-01
8.417512754678624365e-01
8.417447723777155000e-01
8.417699212289144750e-01
8.417310356425699025e-01
8.417301427368623079e-01
8.417281115905547173e-01
8.417023049575375060e-01
8.417015197610859811e-01
8.416806453672018851e-01
8.416852779075283397e-01
8.416657445889635936e-01
8.416657965970579802e-01
8.416673968901549063e-01
8.416659229194939362e-01
8.416711363465474438e-01
8.416699693343435706e-01
8.416660261836421686e-01
8.416652562192219467e-01
8.416777882939738831e-01
8.416923297546090588e-01
8.416331128709754195e-01
8.416193754772791635e-01
8.416273573216718207e-01
8.416105164159148888e-01
8.416101870871773860e-01
8.416150992150700505e-01
8.416098897889935371e-01
8.416232028401314791e-01
8.416103662022929033e-01
8.416312151421279086e-01
8.416226566910234297e-01
8.416242170262039357e-01
8.416097311811525650e-01
8.415899064095923032e-01
8.415852455803938259e-01
8.415865676031812903e-01
8.415738555017443501e-01
8.415819627336831310e-01
8.415790079738055818e-01
8.415745485881351851e-01
8.415849711411301781e-01
8.415772512223478330e-01
8.416124023456751368e-01
8.415580876699738644e-01
8.415480268765678229e-01
8.415531705055773193e-01
8.415193768077982028e-01
8.415156676647573830e-01
8.415180999914597670e-01
8.415225983178991065e-01
8.415195793554944848e-01
8.415230879499977501e-01
8.415164017442865463e-01
8.415369207433168741e-01
8.415095833547662219e-01
8.414764839158738186e-01
8.414596864607760685e-01
8.414512020565545480e-01
8.414499338574403797e-01
8.414629215254307848e-01
8.414499207557563087e-01
8.414590779846763402e-01
8.414527121856474334e-01
8.414540527172239548e-01
8.414518968869515447e-01
8.414632666470976963e-01
8.414631383584079138e-01
8.414364994712109080e-01
8.414374688448753581e-01
8.414390430546487831e-01
8.414194417902965961e-01
8.414382392440667990e-01
8.414035076109220856e-01
8.413993255183163100e-01
8.414017964504472147e-01
8.413947898660785185e-01
8.413879202261667078e-01
8.413951538563657628e-01
8.413981040835077918e-01
8.413773105124201512e-01
8.413877985938594817e-01
8.413565780031611041e-01
8.413464101648535642e-01
8.413280371742102304e-01
8.413074394882718021e-01
8.413076314712335524e-01
8.413028383902285690e-01
8.413058413825398318e-01
8.412995473989343109e-01
8.412988891655905910e-01
8.413105771964604074e-01
8.412963067467399414e-01
8.413039870181325819e-01
8.412986821473114052e-01
8.413019906059656661e-01
8.412905272936080925e-01
8.412964709588709455e-01
8.413119655352853110e-01
8.412789835833578422e-01
8.412841785577784837e-01
8.412715523621274727e-01
8.412386422771097605e-01
8.412413276411124796e-01
8.412424527088110393e-01
8.412556847437505647e-01
8.412413682470659682e-01
8.412280091374969571e-01
8.412292609816149902e-01
8.412265842143705763e-01
8.412347144427843038e-01
8.412019060646991342e-01
8.411948133570894548e-01
8.411773253997607558e-01
8.411423782968180385e-01
8.411255383786097051e-01
8.410931277707689446e-01
8.410955365106237425e-01
8.410929401254806370e-01
8.410920777149005767e-01
8.410923221104413816e-01
8.410838472213048034e-01
8.410824493321232831e-01
8.410746769667102329e-01
8.410337490989212572e-01
8.410188546731679482e-01
8.410452897959869167e-01
8.410137155489783023e-01
8.410131551277777451e-01
8.410194927522435249e-01
8.409891448208849374e-01
8.409950898231974836e-01
8.409896834731738213e-01
8.409798862378455864e-01
8.409882615408751372e-01
8.409795683375307362e-01
8.409857742584210261e-01
8.409683539296735066e-01
8.409687243063468376e-01
8.409641221439501102e-01
8.409609080260823655e-01
8.409646941503909900e-01
8.409649149938925872e-01
8.409631978536747932e-01
8.409820267227264834e-01
8.409335323462764356e-01
8.409341584703975414e-01
8.409291308721752456e-01
8.409301469720350530e-01
8.409253729887188333e-01
8.409178606135787604e-01
8.408858767276541357e-01
8.408755336148135973e-01
8.408778803000981350e-01
8.408771868956007589e-01
8.408763025910999112e-01
8.408695426995906885e-01
8.408814130622072058e-01
8.408459561054856257e-01
8.408195254365994353e-01
8.408296190129097569e-01
8.408209830742181534e-01
8.408039514854550589e-01
8.408165832102516557e-01
8.407880301262079525e-01
8.407847760978393037e-01
8.407821562836927942e-01
8.407878077452363152e-01
8.407525097806539671e-01
8.407458958784831404e-01
8.407506465886901426e-01
8.407396888977619609e-01
8.407534700291647844e-01
8.407374275119775531e-01
8.407388160798271448e-01
8.407187223314851465e-01
8.407337849267080276e-01
8.407132002382262659e-01
8.407378781711104532e-01
8.407316921896095252e-01
8.406761417122865510e-01
8.406535355739078730e-01
8.406634641068254643e-01
8.406541258538637873e-01
8.406459363207477997e-01
8.406497942154042002e-01
8.406425422522958435e-01
8.406401216422506595e-01
8.406340890670997990e-01
8.406297133295991264e-01
8.406190898261504119e-01
8.406154554411100488e-01
8.406077749254340370e-01
8.405927186291903830e-01
8.405829903525159352e-01
8.405817040279401908e-01
8.405604626716816075e-01
8.405811745131356316e-01
8.405645075716169368e-01
8.405397295619321252e-01
8.405496121851453450e-01
8.405465307286495991e-01
8.405381385841488306e-01
8.405383536826919189e-01
8.405419483400713432e-01
8.405377026850795463e-01
8.405428485055281840e-01
8.405360364419391939e-01
8.405663755332335452e-01
8.405425891235213109e-01
8.405378284694626778e-01
8.405329954217345412e-01
8.405499873901660646e-01
8.405382373439052035e-01
8.405286289568248970e-01
8.405305273966094948e-01
8.405369196100815898e-01
8.405293172837637883e-01
8.405333789049490578e-01
8.405283800616680789e-01
8.405562346353399050e-01
8.405067913692279014e-01
8.404857854530651817e-01
8.405084400784713639e-01
8.404883095355730749e-01
8.404710759554208099e-01
8.404953407688334766e-01
8.404645216439244892e-01
8.404664897901752418e-01
8.404636805953683565e-01
8.404723622204299804e-01
8.404642064156314651e-01
8.404520857080858276e-01
8.404467885173609876e-01
8.404454535976255691e-01
8.404345500850961548e-01
8.404411878047116646e-01
8.404427517691940297e-01
8.404353811023008713e-01
8.404339716674608107e-01
8.404373722796016910e-01
8.404498254829203541e-01
8.404210625086874220e-01
8.404126491855465897e-01
8.404109861297042183e-01
8.404105125332206327e-01
8.404132406321855875e-01
8.404137116727196100e-01
8.404222503833348457e-01
8.404070984890769092e-01
8.404290756004548779e-01
8.404080341403127319e-01
8.404098529550131369e-01
8.404098832901920613e-01
8.404161231187143866e-01
8.404208913148855098e-01
8.404124854543568723e-01
8.403947733176311274e-01
8.403704534845001239e-01
8.403695282811491918e-01
8.403698377702488731e-01
8.403964133115451318e-01
8.403696124242487908e-01
8.403722589720301617e-01
8.403719364885527954e-01
8.403584442674011390e-01
8.403552242206921985e-01
8.403556459001280121e-01
8.403502801673956579e-01
8.403484981429498735e-01
8.403589897628636063e-01
8.403490423845767499e-01
8.403473786355836195e-01
8.403449626327531563e-01
8.403581705357348053e-01
8.403433864962831512e-01
8.403418687763446471e-01
8.403420133198948871e-01
8.403798517005718338e-01
8.403420904083015452e-01
8.403318574493712223e-01
8.403566443879303405e-01
8.403307890178998152e-01
8.403370915104475536e-01
8.403305131171866504e-01
8.403334522083589775e-01
8.403469742661545672e-01
8.403367160537991154e-01
8.403467879956187936e-01
8.402977168317875556e-01
8.402983845293205967e-01
8.402971877135131384e-01
8.402970755221617072e-01
8.402903205449900881e-01
8.402838503356628852e-01
8.402893145671447295e-01
8.402778917635898015e-01
8.402773672974319652e-01
8.402718845840181361e-01
8.402743840083646276e-01
8.402892289857678554e-01
8.402721020069454649e-01
8.403523817079900926e-01
8.402812234139056535e-01
8.402436474327152904e-01
8.402524781382367802e-01
8.402405188841181038e-01
8.402416973641422260e-01
8.402406388247530833e-01
8.402446706972380719e-01
8.402443567881886510e-01
8.402561661932130832e-01
8.402312576883853579e-01
8.402338430821216786e-01
8.402374751581750401e-01
8.402375798961569942e-01
8.402314764718843421e-01
8.402134170950031899e-01
8.402122094573989397e-01
8.402138003602110938e-01
8.402158165004549595e-01
8.402120440412060853e-01
8.402181722831817412e-01
8.402123567694675943e-01
8.402150133482996219e-01
8.402264223455001568e-01
8.402245185728774990e-01
8.402089146885436399e-01
8.401905711458032000e-01
8.401953326761486540e-01
8.401923489933192934e-01
8.402029811765414635e-01
8.402004220056453754e-01
8.401957358085029304e-01
8.401937700962779365e-01
8.402143154350847354e-01
8.401882127075778195e-01
8.402055192584860777e-01
8.401793367847597560e-01
8.401761524949393767e-01
8.401788251700423871e-01
8.401913396656524036e-01
8.401728518700973813e-01
8.401603087833620087e-01
8.401610420633959242e-01
8.401592783213988058e-01
8.401579939908353500e-01
8.401626990659685212e-01
8.401603371830277389e-01
8.401421045410983890e-01
8.401752637730323103e-01
8.401349404774498542e-01
8.401433039955504833e-01
8.401387008455826200e-01
8.401356058186002507e-01
8.401357848026346220e-01
8.401307195770238989e-01
8.401291468808416152e-01
8.401478547563046018e-01
8.401184944023706302e-01
8.401144271497754668e-01
8.401132808845882538e-01
8.401132837387192964e-01
8.401141083417429378e-01
8.401259357967421071e-01
8.401159499739113690e-01
8.401141669876759366e-01
8.401133976832304562e-01
8.401202787337103128e-01
8.401110149008840233e-01
8.401056116904254134e-01
8.401107777709726498e-01
8.400932810658953143e-01
8.400998736441875892e-01
8.400957273209118670e-01
8.400887486562231832e-01
8.400901511111582565e-01
8.401038326609389095e-01
8.400871726498551073e-01
8.400998610058274529e-01
8.400830691291893970e-01
8.400935613589067819e-01
8.400826140831115785e-01
8.400774849425719504e-01
8.400800519465297933e-01
8.400778126851891070e-01
8.400745932244573222e-01
8.400772363811639387e-01
8.400757495500044136e-01
8.400757581434948884e-01
8.400850478546777467e-01
8.401103268581092687e-01
8.400711921322250308e-01
8.400648135227862801e-01
8.400648606440438426e-01
8.400715911142911940e-01
8.400709692752913460e-01
8.400764822680633070e-01
8.400576249874186496e-01
8.400595657593153964e-01
8.400605143922300622e-01
8.400577813570441199e-01
8.400552419864487641e-01
8.400557011788607475e-01
8.400547337104941059e-01
8.400533469610008686e-01
8.400554142647360667e-01
8.400560903041254246e-01
8.400651886782016797e-01
8.400537712169198201e-01
8.400536774147306929e-01
8.400529975736955590e-01
8.400484428469442433e-01
8.400491453478392545e-01
8.400408644743683206e-01
8.400357987118434178e-01
8.400347431671100207e-01
8.400369354772090347e-01
8.400287040744145450e-01
8.400333120807611520e-01
8.400319064875441111e-01
8.400239031517058308e-01
8.400236323082355128e-01
8.400140908593297651e-01
8.400113054156796988e-01
8.400110623429549728e-01
8.400124467265014383e-01
8.400138592550054906e-01
8.400118121103832269e-01
8.400080144443942132e-01
8.400081088636978111e-01
8.400094333393413049e-01
8.400108681920018805e-01
8.400046322091951900e-01
8.400026060542231665e-01
8.400057946042545076e-01
8.400007298535753231e-01
8.399956828670464004e-01
8.399970495172629503e-01
8.399938063792985465e-01
8.399856523741456860e-01
8.399856055905543517e-01
8.399875486927713686e-01
8.399857398492341920e-01
8.399881248899132569e-01
8.399862819934592606e-01
8.399830505196723696e-01
8.399801868554594986e-01
8.399801058036344692e-01
8.399767516786276200e-01
8.399764223961879717e-01
8.399738444711427610e-01
8.399732234532744091e-01
8.399673082205794117e-01
8.399657889140316192e-01
8.399678443286996421e-01
8.399674857145944529e-01
8.399659239585692827e-01
8.399641218643980611e-01
8.399679769046273226e-01
8.399587852096838114e-01
8.399562162769805829e-01
8.399556454616400325e-01
8.399565231366697970e-01
8.399588104731769977e-01
8.399546841627089089e-01
8.399554636491241011e-01
8.399551106609608464e-01
8.399572036827429589e-01
8.399548410140359467e-01
8.399603504826189670e-01
8.399581725471060301e-01
8.399657102081641291e-01
8.399578250145616209e-01
8.399456324893059822e-01
8.399429633964704545e-01
8.399432420870893701e-01
8.399434361250492920e-01
8.399426522696062936e-01
8.399434040964111059e-01
8.399421242469594651e-01
8.399449807792483957e-01
8.399435154023530137e-01
8.399398691382439219e-01
8.399359846277324460e-01
8.399349593260554414e-01
8.399333328410588662e-01
8.399317030512476467e-01
8.399353821532584696e-01
8.399274612842025922e-01
8.399298008619023870e-01
8.399288370512459911e-01
8.399296290149493860e-01
8.399280790357989135e-01
8.399284482278713826e-01
8.399261722121270646e-01
8.399238131196489210e-01
8.399252694260161967e-01
8.399233360922719882e-01
8.399226275170957878e-01
8.399267824852374442e-01
8.399238720809547587e-01
8.399232107831661187e-01
8.399237259842945447e-01
8.399224632776759458e-01
8.399223145932068757e-01
8.399277017057625860e-01
8.399227426081455894e-01
8.399226400886421473e-01
8.399222331459592628e-01
8.399218296392664262e-01
8.399270281109822989e-01
8.399179829270434494e-01
8.399184671672037528e-01
8.399172718199200416e-01
8.399237526604443893e-01
8.399185766425260047e-01
8.399220792047207285e-01
8.399160061123852605e-01
8.399082739817703702e-01
8.399065360116408918e-01
8.399069180434077797e-01
8.399119293409604836e-01
8.399065955521154425e-01
8.399059099570923559e-01
8.399065987983623804e-01
8.399061962786799063e-01
8.399042738990817325e-01
8.399049016921273925e-01
8.399045169887628948e-01
8.399060321615675617e-01
8.399039196911053384e-01
8.399008481207059784e-01
8.399026119214222375e-01
8.399007876353872248e-01
8.398976062699547995e-01
8.398985034695902741e-01
8.398976176980008646e-01
8.398987967542833610e-01
8.398991898507646159e-01
8.399029349616460305e-01
8.398980907030890730e-01
8.398997530137977119e-01
8.398977685611274113e-01
8.398897839429735335e-01
8.398892632434082905e-01
8.398891337485367981e-01
8.398908060650124296e-01
8.398896437465472875e-01
8.398867334283133257e-01
8.398877321945461549e-01
8.398860422543524828e-01
8.398926833062616559e-01
8.398889580199618843e-01
8.398788717666050285e-01
8.398784429375476535e-01
8.398786311308876762e-01
8.398826653472536430e-01
8.398786010333318952e-01
8.398770199071629028e-01
8.398768081719948375e-01
8.398777022412543536e-01
8.398761803429261041e-01
8.398777140499101845e-01
8.398779871313541978e-01
8.398799216240233623e-01
8.398757173939719323e-01
8.398705056564234050e-01
8.398750817046327644e-01
8.398723915809314100e-01
8.398730465599160144e-01
8.398709351559980885e-01
8.398734625697557021e-01
8.398707630624419052e-01
8.398727658068717572e-01
8.398724303958710058e-01
8.398669655220856178e-01
8.398659085044286599e-01
8.398649583496232696e-01
8.398650041445618886e-01
8.398647505834075933e-01
8.398647394759842788e-01
8.398642713946968819e-01
8.398653641029879546e-01
8.398644560316900209e-01
8.398668518031068286e-01
8.398634516685961060e-01
8.398713747603272495e-01
8.398610339926562141e-01
8.398591594301334506e-01
8.398591030746920261e-01
8.398600313030264441e-01
8.398604779122544883e-01
8.398646836705557783e-01
8.398581648736128669e-01
8.398550590495974522e-01
8.398554696749845894e-01
8.398654841817629890e-01
8.398556435279322940e-01
8.398554155609520011e-01
8.398548413458193362e-01
8.398530187525116153e-01
8.398532987930318328e-01
8.398529333087103588e-01
8.398524992272141665e-01
8.398544985615282732e-01
8.398526355025387469e-01
8.398549066303144794e-01
8.398579640029660842e-01
8.398484681789675221e-01
8.398478083596108146e-01
8.398462545819662672e-01
8.398458587126184094e-01
8.398449689967900644e-01
8.398425482560532007e-01
8.398426398847321783e-01
8.398458607639631701e-01
8.398440809399209117e-01
8.398437976590651388e-01
8.398428801359985041e-01
8.398432458704165882e-01
8.398474624748362150e-01
8.398369436750525718e-01
8.398385799500823756e-01
8.398377661570086694e-01
8.398340428078541198e-01
8.398347545123394653e-01
8.398423690148123510e-01
8.398345192035103768e-01
8.398392899587869831e-01
8.398339789557069945e-01
8.398330584484862138e-01
8.398366989998253818e-01
8.398342626295152158e-01
8.398308530963802809e-01
8.398273581121900033e-01
8.398274023068503791e-01
8.398264645263101569e-01
8.398268319960539019e-01
8.398300924812917012e-01
8.398262452605732564e-01
8.398269940382456777e-01
8.398263539510598674e-01
8.398368143411736320e-01
8.398256072732120936e-01
8.398242168972116506e-01
8.398224433770268282e-01
8.398205708377178835e-01
8.398200847334822416e-01
8.398196406590233698e-01
8.398197868836644320e-01
8.398203880323800163e-01
8.398199313908483177e-01
8.398226016274470407e-01
8.398191090105188161e-01
8.398243514638826790e-01
8.398212668929530000e-01
8.398168152226125338e-01
8.398194945399461986e-01
8.398181334380674379e-01
8.398132441813410676e-01
8.398148358043073802e-01
8.398181639522573905e-01
8.398131182806805040e-01
8.398137577406198373e-01
8.398128511845232014e-01
8.398177833121280855e-01
8.398132240845238572e-01
8.398106363685833298e-01
8.398077319461160206e-01
8.398090506465161198e-01
8.398064624967570557e-01
8.398064969825606019e-01
8.398063927415408969e-01
8.398069080656094254e-01
8.398049748706842843e-01
8.398052105727197292e-01
8.398080563602002835e-01
8.398046684870608125e-01
8.398041564043775553e-01
8.398042010810097269e-01
8.398085759722775379e-01
8.398036232937953205e-01
8.398026818190151843e-01
8.398024541131979825e-01
8.398018874708803594e-01
8.398022534219679036e-01
8.398027560598564367e-01
8.398020927329522545e-01
8.398047017702415795e-01
8.398024100796310787e-01
8.398070208259762470e-01
8.398013482448395406e-01
8.397967082441814002e-01
8.397988874828289374e-01
8.397963155553653802e-01
8.397983802850037538e-01
8.397962207222000597e-01
8.397941796216324972e-01
8.397913452639436116e-01
8.397918746276831214e-01
8.397911095740220322e-01
8.397908404439362595e-01
8.397921479238431575e-01
8.397912549169918028e-01
8.397891505936688761e-01
8.397923901307813299e-01
8.397891060250434192e-01
8.397899835553442882e-01
8.397891192633532009e-01
8.397890387080395591e-01
8.397886574675197391e-01
8.397898534802088477e-01
8.397901008840068515e-01
8.397889313817638035e-01
8.397882131343754608e-01
8.397866853845444846e-01
8.397873812849605546e-01
8.397878085377150637e-01
8.397889546025868457e-01
8.397867829339763501e-01
8.397856469320643669e-01
8.397871560266352287e-01
8.397859134362809508e-01
8.397849315126965086e-01
8.397862169713857794e-01
8.397856140849396800e-01
8.397843575454257969e-01
8.397861608185890336e-01
8.397840102690623532e-01
8.397845481204506690e-01
8.397824553215549326e-01
8.397824012143902950e-01
8.397813796306839995e-01
8.397814433816196411e-01
8.397804347265711566e-01
8.397861583833319266e-01
8.397805412690291238e-01
8.397829413452005953e-01
8.397787249987151981e-01
8.397772423397298347e-01
8.397773485617492373e-01
8.397761742579610278e-01
8.397783447590282391e-01
8.397800256713933154e-01
8.397761530041588651e-01
8.397780005441451978e-01
8.397734728737340504e-01
8.397722537926115560e-01
8.397723498393503405e-01
8.397726974864232474e-01
8.397728249077663909e-01
8.397709550428524850e-01
8.397711143456909610e-01
8.397702653119312188e-01
8.397736535550832659e-01
8.397726537829108828e-01
8.397748325774012645e-01
8.397705032253294233e-01
8.397787695822868104e-01
8.397733118035898281e-01
8.397671221362714711e-01
8.397677835924179934e-01
8.397686831085870995e-01
8.397662403227638128e-01
8.397655718411685122e-01
8.397649908804878383e-01
8.397691259169390854e-01
8.397674877125086423e-01
8.397674292015187003e-01
8.397649611149370363e-01
8.397620156342914255e-01
8.397622542313282201e-01
8.397624907316535436e-01
8.397605674678496612e-01
8.397613407323634149e-01
8.397614620504244565e-01
8.397607122688245385e-01
8.397626057767639818e-01
8.397591038535233698e-01
8.397613783259849640e-01
8.397593626246967480e-01
8.397623223598331688e-01
8.397589789020397655e-01
8.397609368815540654e-01
8.397591471846671540e-01
8.397601259685710806e-01
8.397589720887327358e-01
8.397581629016995786e-01
8.397579223314869390e-01
8.397584917979136199e-01
8.397582174933153620e-01
8.397592611392342699e-01
8.397581960629506570e-01
8.397596005227605520e-01
8.397578661626955432e-01
8.397587123780851925e-01
8.397581696085206771e-01
8.397571735303269724e-01
8.397595423891804911e-01
8.397546671226269188e-01
8.397542866985381327e-01
8.397543656732876505e-01
8.397553161380310049e-01
8.397542559591341105e-01
8.397544345065187654e-01
8.397540889034519340e-01
8.397539399626376966e-01
8.397542529085044727e-01
8.397548120681164185e-01
8.397539176494377422e-01
8.397552602058059312e-01
8.397540147904534180e-01
8.397540922222735960e-01
8.397532555948297173e-01
8.397535477424701300e-01
8.397543534843352475e-01
8.397536128550490142e-01
8.397536480385997537e-01
8.397512927597396981e-01
8.397523439342177154e-01
8.397510883375515212e-01
8.397510179181276735e-01
8.397508670715853052e-01
8.397505472592057263e-01
8.397506986932627981e-01
8.397504901373497033e-01
8.397501300287076864e-01
8.397506134231310648e-01
8.397503723052124336e-01
8.397500041869822018e-01
8.397499080679767802e-01
8.397499906573752115e-01
8.397503321758295058e-01
8.397504570537283053e-01
8.397499445991236655e-01
8.397495560313528173e-01
8.397496058960021159e-01
8.397495321601191609e-01
8.397514754243030621e-01
8.397475847853005382e-01
8.397477800510534385e-01
8.397474687348029931e-01
8.397473203491284677e-01
8.397469141746327637e-01
8.397466074376338518e-01
8.397466100455590610e-01
8.397476650634443374e-01
8.397462761276127674e-01
8.397476732681341538e-01
8.397470503189732316e-01
8.397454772398168510e-01
8.397459356689969123e-01
8.397457006852765415e-01
8.397454976206030208e-01
8.397451485701362683e-01
8.397452249444202765e-01
8.397451130804197694e-01
8.397451901198923485e-01
8.397435513987124844e-01
8.397437974886915457e-01
8.397438198424367339e-01
8.397449975076931583e-01
8.397430517655266602e-01
8.397436361438214147e-01
8.397433073553097760e-01
8.397422607352920121e-01
8.397423374860368828e-01
8.397427907785898205e-01
8.397422699457175455e-01
8.397427244318642625e-01
8.397430632313575005e-01
8.397428769373724844e-01
8.397425515469260082e-01
8.397422460578743975e-01
8.397419640849693723e-01
8.397421636111866983e-01
8.397424414068476173e-01
8.397420972692133390e-01
8.397423903785565802e-01
8.397417596036699239e-01
8.397419193094319834e-01
8.397416360989188311e-01
8.397409378297704396e-01
8.397410741335453732e-01
8.397411279944173579e-01
8.397406636561770554e-01
8.397402026587554857e-01
8.397425792336910000e-01
8.397407106458423254e-01
8.397394012546504083e-01
8.397398367863559976e-01
8.397395344254190430e-01
8.397395626881737352e-01
8.397392980074779301e-01
8.397391438721631962e-01
8.397399022795420942e-01
8.397391290923350571e-01
8.397398297977067827e-01
8.397393689045491438e-01
8.397386373669294413e-01
8.397387591443904453e-01
8.397389857277252068e-01
8.397395508940038722e-01
8.397388609893038369e-01
8.397384371942203662e-01
8.397379719253531549e-01
8.397391375530072199e-01
8.397383741075130636e-01
8.397380174434206923e-01
8.397389194871488494e-01
8.397385738916758324e-01
8.397380827681973914e-01
8.397393985458592169e-01
8.397373503466576405e-01
8.397360905964313949e-01
8.397356401208523335e-01
8.397359011904486081e-01
8.397360578327893732e-01
8.397353000372435039e-01
8.397365320096346064e-01
8.397355561434287630e-01
8.397355321924813154e-01
8.397352685838848085e-01
8.397356606747872210e-01
8.397355958309133950e-01
8.397348028167272993e-01
8.397349293284360749e-01
8.397341130674496057e-01
8.397363703321019113e-01
8.397343212806285262e-01
8.397340050727909455e-01
8.397342154191261843e-01
8.397347980424585412e-01
8.397338803704516019e-01
8.397358080901979882e-01
8.397330118988403092e-01
8.397326908479431085e-01
8.397326711902307617e-01
8.397331130676509714e-01
8.397326800066428065e-01
8.397322475238423456e-01
8.397322963052981093e-01
8.397336021386853089e-01
8.397322341012322111e-01
8.397325441297789350e-01
8.397326121520723996e-01
8.397349317583697736e-01
8.397324655446235520e-01
8.397310555697621304e-01
8.397315228659619768e-01
8.397311572686250170e-01
8.397310145831491379e-01
8.397307495932524457e-01
8.397315034381941379e-01
8.397310133808801869e-01
8.397340300587495809e-01
8.397306241486598433e-01
8.397309087546487305e-01
8.397302433714445291e-01
8.397294153384835536e-01
8.397300475984680324e-01
8.397294216735025074e-01
8.397295651532703520e-01
8.397295065011783910e-01
8.397297143035343803e-01
8.397294705973304962e-01
8.397298885102715271e-01
8.397297681342555942e-01
8.397317351417965536e-01
8.397295320536315444e-01
8.397304460000585280e-01
8.397287254155204606e-01
8.397286183374045310e-01
8.397286232217247015e-01
8.397286496899115660e-01
8.397285543853630907e-01
8.397287334327818709e-01
8.397285992961200929e-01
8.397286328883273310e-01
8.397285690367182198e-01
8.397281158209165541e-01
8.397288957834900813e-01
8.397281237975052770e-01
8.397278426735419465e-01
8.397282220040002132e-01
8.397277062581697260e-01
8.397273424394298136e-01
8.397273433240217688e-01
8.397273208993849547e-01
8.397273845817262439e-01
8.397273380468950332e-01
8.397275207792624929e-01
8.397272929384711482e-01
8.397271082546167165e-01
8.397272810177291991e-01
8.397271266134600509e-01
8.397270150926393617e-01
8.397270578329093516e-01
8.397270863035115607e-01
8.397269955044880385e-01
8.397270840698004557e-01
8.397270172005848465e-01
8.397272066313480332e-01
8.397270006480018756e-01
8.397271939146326858e-01
8.397269995200928872e-01
8.397272746281482236e-01
8.397267153997847178e-01
8.397266602243481648e-01
8.397266711205427780e-01
8.397266346238861923e-01
8.397266396902293151e-01
8.397266233813964753e-01
8.397267489201393209e-01
8.397264760682044971e-01
8.397262580583033653e-01
8.397261690192051597e-01
8.397260430044225510e-01
8.397258218314898048e-01
8.397258154687480269e-01
8.397257558757981188e-01
8.397257087563095856e-01
8.397256776075833207e-01
8.397257072749663154e-01
8.397255440679226579e-01
8.397255432336540037e-01
8.397252866008364514e-01
8.397250803663185437e-01
8.397248306072400137e-01
8.397247447372920837e-01
8.397247222802390887e-01
8.397247275540334899e-01
8.397247027844942924e-01
8.397247132531011626e-01
8.397247875219145952e-01
8.397246757916916327e-01
8.397245196961791169e-01
8.397243670588455666e-01
8.397241816361278310e-01
8.397241012303811036e-01
8.397241204711265450e-01
8.397239783828490678e-01
8.397239720886519043e-01
8.397239365280264600e-01
8.397239193436150106e-01
8.397238737511230067e-01
8.397238186938635884e-01
8.397238774714165244e-01
8.397237867564099068e-01
8.397237032125455247e-01
8.397237354476794202e-01
8.397236716685063662e-01
8.397235341274867926e-01
8.397235390623064566e-01
8.397235484023711782e-01
8.397235584659524799e-01
8.397235160934745091e-01
8.397235854579059300e-01
8.397234771600178282e-01
8.397235140017104138e-01
8.397235916383581911e-01
8.397234522193344208e-01
8.397233686090688209e-01
8.397233567355607553e-01
8.397233385126596783e-01
8.397234696122579667e-01
8.397232088662844873e-01
8.397229801344159306e-01
8.397229282190851185e-01
8.397229781683548389e-01
8.397230714509851257e-01
8.397229078187672391e-01
8.397229051776963216e-01
8.397229157330523552e-01
8.397229163277553088e-01
8.397228751009437886e-01
8.397227205845090303e-01
8.397224960108353731e-01
8.397224691217026749e-01
8.397224615082224952e-01
8.397224259070370511e-01
8.397224222203960586e-01
8.397224796630451404e-01
8.397224191620590306e-01
8.397223305526082537e-01
8.397223495953797245e-01
8.397223306887056093e-01
8.397224927848618847e-01
8.397221060400286152e-01
8.397219990961604097e-01
8.397220294218318282e-01
8.397220062877334135e-01
8.397219374304136785e-01
8.397219625409044763e-01
8.397219414541839955e-01
8.397219098419619332e-01
8.397218945399558265e-01
8.397218807217710079e-01
8.397219777704622024e-01
8.397218686873442195e-01
8.397217096333873254e-01
8.397217175007999357e-01
8.397216663835047612e-01
8.397215887052611460e-01
8.397215897226890657e-01
8.397215852729965624e-01
8.397216655250469008e-01
8.397215821950002601e-01
8.397215748514701428e-01
8.397214801818386753e-01
8.397212159490793359e-01
8.397211028621799356e-01
8.397210809799072750e-01
8.397210644095639553e-01
8.397211012137889563e-01
8.397210955631217999e-01
8.397210439830234963e-01
8.397210480624363038e-01
8.397210316582163214e-01
8.397209998636195882e-01
8.397207615101013323e-01
8.397206406715281846e-01
8.397205830340781496e-01
8.397205517082815263e-01
8.397205010400368153e-01
8.397204569916437711e-01
8.397206368278362643e-01
8.397204586554561923e-01
8.397205337567283934e-01
8.397205542493534347e-01
8.397202479612262405e-01
8.397201549545962873e-01
8.397200924083646489e-01
8.397200380578840884e-01
8.397199623572452198e-01
8.397199661583216734e-01
8.397199349455695128e-01
8.397199445211699365e-01
8.397199962516159744e-01
8.397199549586040757e-01
8.397199084699945582e-01
8.397198992163291686e-01
8.397200669399732531e-01
8.397198739751146057e-01
8.397197195611664222e-01
8.397196995717567392e-01
8.397197502139961411e-01
8.397197137791613253e-01
8.397196889313990331e-01
8.397196351594272690e-01
8.397196233377464125e-01
8.397197267704874513e-01
8.397195984591248052e-01
8.397196895909395664e-01
8.397196039083028030e-01
8.397196435660321256e-01
8.397195799338916800e-01
8.397195952825734500e-01
8.397196038371568250e-01
8.397193886902014626e-01
8.397193375874517640e-01
8.397192258954423449e-01
8.397191921494810973e-01
8.397191946202866575e-01
8.397191985789699276e-01
8.397191742257458236e-01
8.397193094556912873e-01
8.397191854237467945e-01
8.397191414813747201e-01
8.397190917010287636e-01
8.397189547195315074e-01
8.397188640475086174e-01
8.397188376394688625e-01
8.397188330699384418e-01
8.397188524385786890e-01
8.397188332811162947e-01
8.397188328081380826e-01
8.397188446990188071e-01
8.397188147345834297e-01
8.397187958305485367e-01
8.397190809247925269e-01
8.397189093987584840e-01
8.397185696116328257e-01
8.397185228488934783e-01
8.397185236652440210e-01
8.397185210734231520e-01
8.397185238524060846e-01
8.397185349336110383e-01
8.397185193799497904e-01
8.397186151554844047e-01
8.397185075052856496e-01
8.397187646883472745e-01
8.397184689994281470e-01
8.397182580646823657e-01
8.397181897391461369e-01
8.397182242455808465e-01
8.397181799537188907e-01
8.397181836691542944e-01
8.397182527307476274e-01
8.397181821441991323e-01
8.397181846807009187e-01
8.397181814708678527e-01
8.397182133079441613e-01
8.397182971113059669e-01
8.397179872259250555e-01
8.397179514942032519e-01
8.397179393329939900e-01
8.397179537776884306e-01
8.397179499909994682e-01
8.397179143368800336e-01
8.397179036367591332e-01
8.397178951307070482e-01
8.397179003550376830e-01
8.397180070224740112e-01
8.397178951462632712e-01
8.397179143507129684e-01
8.397178727415631760e-01
8.397177562901599890e-01
8.397177627000237399e-01
8.397177303325814579e-01
8.397177812885316950e-01
8.397177627648468867e-01
8.397177312126314908e-01
8.397177710383435523e-01
8.397176931441483472e-01
8.397177975970464558e-01
8.397176989638261979e-01
8.397175030115225924e-01
8.397174936552718183e-01
8.397175071896499920e-01
8.397174783813402543e-01
8.397174915891195690e-01
8.397175121922408891e-01
8.397174758452808918e-01
8.397175351709139646e-01
8.397174965661916568e-01
8.397174555588643452e-01
8.397174296411501482e-01
8.397175607304364631e-01
8.397175322428326316e-01
8.397172194219403307e-01
8.397172063187641200e-01
8.397171616346410516e-01
8.397171780869043811e-01
8.397171695304328498e-01
8.397171294466281299e-01
8.397171303135567699e-01
8.397172478434695719e-01
8.397171044473601409e-01
8.397170217032826622e-01
8.397170343056162833e-01
8.397169969010973567e-01
8.397170222667055262e-01
8.397170302842156264e-01
8.397169791671394989e-01
8.397168881203075363e-01
8.397168602208722188e-01
8.397168697875633248e-01
8.397169134075165298e-01
8.397168851630276709e-01
8.397169644135432653e-01
8.397168373006290709e-01
8.397166150330906964e-01
8.397165728466905454e-01
8.397165474754659797e-01
8.397165692874656306e-01
8.397165630043326168e-01
8.397165464141297386e-01
8.397165054486706026e-01
8.397165218065135717e-01
8.397165579950959247e-01
8.397165069824591432e-01
8.397165313384723495e-01
8.397165257930403470e-01
8.397164861175855366e-01
8.397165686086465186e-01
8.397164106986876320e-01
8.397164174196014574e-01
8.397163514576582166e-01
8.397163567734748923e-01
8.397163519049980485e-01
8.397162654906047408e-01
8.397162567890302798e-01
8.397162076912959572e-01
8.397160271728859593e-01
8.397160806314936110e-01
8.397160214576226966e-01
8.397159937152571807e-01
8.397159934559669248e-01
8.397159851800944930e-01
8.397159790835502235e-01
8.397159718998855604e-01
8.397159630346461290e-01
8.397158996184195257e-01
8.397160005161055096e-01
8.397159060652450435e-01
8.397159929016309032e-01
8.397159819687316507e-01
8.397158307916676723e-01
8.397156717093930967e-01
8.397156573396626911e-01
8.397156597578862014e-01
8.397156267733100199e-01
8.397156062233551710e-01
8.397155396435416197e-01
8.397154694485043924e-01
8.397154934928773296e-01
8.397154676982372390e-01
8.397154916469912189e-01
8.397154447046145664e-01
8.397154934947431704e-01
8.397154397314748886e-01
8.397153958530066964e-01
8.397153861318182866e-01
8.397153750384017679e-01
8.397153681616904564e-01
8.397153666930123883e-01
8.397153507083174873e-01
8.397154107949308388e-01
8.397153562166893570e-01
8.397153780755177710e-01
8.397153598205646663e-01
8.397154544475823323e-01
8.397153289470657977e-01
8.397153758277463576e-01
8.397154014987225912e-01
8.397153065571797415e-01
8.397152866699370000e-01
8.397151938799076731e-01
8.397151936209031886e-01
8.397151978245325221e-01
8.397152037430688498e-01
8.397151839366602255e-01
8.397152314498048664e-01
8.397151457092304483e-01
8.397150152587118388e-01
8.397149961775457472e-01
8.397149891100360586e-01
8.397150099260051181e-01
8.397149921376436676e-01
8.397149059126809423e-01
8.397148918425196840e-01
8.397148724798106922e-01
8.397147408151727221e-01
8.397147061291111436e-01
8.397147005838290212e-01
8.397146699713983198e-01
8.397146609288851371e-01
8.397146583114953877e-01
8.397146885552596585e-01
8.397147872543335723e-01
8.397146494767065983e-01
8.397145596825831282e-01
8.397145569264765630e-01
8.397144894884795985e-01
8.397144952866424372e-01
8.397145031809695181e-01
8.397145150842274530e-01
8.397144424289735287e-01
8.397144509650948940e-01
8.397144426512610504e-01
8.397144501505454661e-01
8.397146051844318615e-01
8.397144197152842660e-01
8.397144260645255098e-01
8.397144080297735957e-01
8.397143468712019443e-01
8.397143076627548997e-01
8.397143240959584753e-01
8.397143388944131592e-01
8.397143012573151655e-01
8.397143122563225370e-01
8.397142974434046447e-01
8.397143315798035745e-01
8.397144024646611138e-01
8.397142665002448325e-01
8.397142453826157427e-01
8.397142088398035220e-01
8.397141716860966332e-01
8.397141716237287445e-01
8.397141477258502906e-01
8.397141287609971583e-01
8.397141532490886018e-01
8.397142208311462186e-01
8.397141353904761241e-01
8.397141162269224912e-01
8.397141056542312132e-01
8.397140518649092167e-01
8.397141029900228038e-01
8.397141017553829689e-01
8.397139046757021719e-01
8.397138736600207043e-01
8.397138667036161408e-01
8.397138861673063559e-01
8.397138687822414127e-01
8.397139092649068548e-01
8.397138400050495610e-01
8.397139424951983733e-01
8.397138423177283872e-01
8.397138297548034647e-01
8.397138336261701363e-01
8.397138000525020685e-01
8.397138063041127420e-01
8.397138273498582217e-01
8.397137930595347521e-01
8.397138637071984713e-01
8.397137790449545891e-01
8.397138296081563258e-01
8.397137840313201318e-01
8.397138949643909722e-01
8.397137664137077628e-01
8.397138789825905336e-01
8.397137688219322715e-01
8.397136362925284869e-01
8.397136435823432388e-01
8.397136336211131757e-01
8.397136402436119473e-01
8.397136377433848109e-01
8.397137024892021850e-01
8.397136438177319473e-01
8.397136708758564660e-01
8.397136276681094191e-01
8.397136112336834879e-01
8.397135964698891897e-01
8.397136060476707575e-01
