1.190058654425610207e+00
1.190058654425610207e+00
1.190058654425610207e+00
1.185207474765394009e+00
1.151060005424123789e+00
1.063767430273580228e+00
1.106047532783217546e+00
1.063767430273580228e+00
1.063767430273580228e+00
1.063767430273580228e+00
1.063767430273580228e+00
1.063767430273580228e+00
1.045362027717813280e+00
1.102055487578228243e+00
1.045362027717813280e+00
1.045362027717813280e+00
1.045362027717813502e+00
1.131703177111404557e+00
1.045362027717813280e+00
1.045362027717813502e+00
9.668126568597179560e-01
9.912943935425764241e-01
9.668126568597179560e-01
9.924250194859912666e-01
9.668126568597179560e-01
9.556910335215891283e-01
9.444299888820892885e-01
9.054572314860700466e-01
9.440033164998585802e-01
9.054572314860701576e-01
8.982560429167307792e-01
8.982560429167307792e-01
8.943844437795566149e-01
8.943844437795566149e-01
8.948774302061375252e-01
8.949504126878231602e-01
8.948251887294466078e-01
8.943844437795566149e-01
8.921055733345069072e-01
8.921055733345069072e-01
9.491649581477894504e-01
8.901401564730574423e-01
9.728393202609575408e-01
8.901401564730574423e-01
8.841404252470009828e-01
8.841404252470009828e-01
8.705553406092221280e-01
9.600988560207930345e-01
9.418195599727001710e-01
8.705553406092217950e-01
8.890016467361243624e-01
8.627591402443050006e-01
9.156104834038240048e-01
8.627591402443050006e-01
9.193438276812928578e-01
8.580032434302908850e-01
9.042022866375676315e-01
8.616721257612680596e-01
9.162882213887741933e-01
8.664902941835157524e-01
9.232883949715260385e-01
8.834573640869562983e-01
9.156479016162528684e-01
8.577142093671838996e-01
8.607367215610155498e-01
8.577142093671838996e-01
8.642756253094060481e-01
8.577142093671838996e-01
8.831685040013275145e-01
8.526436055035888639e-01
8.618937840302258735e-01
8.526436055035889749e-01
8.571797993915869496e-01
8.532533055045095072e-01
8.575392880965327924e-01
8.526436055035888639e-01
8.357207362807751450e-01
8.357207362807751450e-01
8.479876044571887928e-01
8.352714465211353856e-01
8.178417443697302280e-01
8.234757465433881762e-01
8.178417443697302280e-01
8.223702416922185066e-01
8.179293264848498390e-01
8.144134181561524244e-01
8.118139146917306981e-01
8.314909069850628942e-01
8.111246268365486234e-01
8.167129651142769342e-01
8.112082477097329880e-01
8.149540200956308933e-01
8.111246268365484013e-01
8.194022052755703944e-01
8.111218732016340915e-01
8.126439579575116534e-01
8.126550613966669889e-01
8.195372506403324486e-01
8.115476399062916402e-01
8.154303375788433117e-01
8.124144622056289622e-01
8.117088836452422962e-01
8.155877239318566341e-01
8.111329198389424233e-01
8.121996232454354869e-01
8.115184639070339712e-01
8.189664903462704482e-01
8.113279855029741361e-01
8.126193347519877763e-01
8.132293162600603420e-01
8.108005085250353794e-01
8.105296572703698521e-01
8.125351922767181101e-01
8.106697687210016046e-01
8.103640793264280662e-01
8.102478575900158297e-01
8.128568047191956358e-01
8.102942275358681057e-01
8.101471762836146562e-01
8.101471762836147672e-01
8.080492862523204201e-01
8.081034753352511757e-01
8.080254798153070350e-01
8.079269855371561393e-01
8.079432612096986155e-01
8.085341462470549967e-01
8.079247044200134065e-01
8.082136139540994080e-01
8.079853689827374286e-01
8.079633699168543570e-01
8.079836152380611702e-01
8.078815170847535310e-01
8.079721727485139615e-01
8.078691608915216094e-01
8.078808329488014195e-01
8.083061914652673874e-01
8.080540089258922976e-01
8.081663197426413037e-01
8.078666406069875405e-01
8.084290287627717841e-01
8.082356244155294300e-01
8.088638583382923297e-01
8.079765482958668477e-01
8.090853384548667426e-01
8.078008434876666755e-01
8.085387679346703882e-01
8.076504667856752029e-01
8.078174046710758782e-01
8.077414162090463812e-01
8.077126516388878352e-01
8.076485893936693472e-01
8.077790394804315044e-01
8.076055391687624319e-01
8.075871016599562857e-01
8.075956805074030465e-01
8.075840361431467773e-01
8.077036294816958284e-01
8.076447857737740765e-01
8.076520870641820116e-01
8.077221946461470292e-01
8.075864026158722231e-01
8.075767440101011552e-01
8.077063055689790438e-01
8.076127644863908550e-01
8.078332477900705966e-01
8.076099642082285035e-01
8.074773544521343105e-01
8.074336881770182162e-01
8.076845903842285734e-01
8.074929346595376423e-01
8.074507948695593962e-01
8.075531835916278656e-01
8.074520310993716921e-01
8.074663123750183136e-01
8.074317919534609311e-01
8.074235885448652894e-01
8.074247300500875246e-01
8.074346335703493915e-01
8.074208384173667818e-01
8.074426495198288034e-01
8.074042109685716229e-01
8.075110529151358074e-01
8.074071730939319513e-01
8.074424809501242750e-01
8.073982056901799487e-01
8.074242469419462553e-01
8.074640839151923100e-01
8.073582559259827596e-01
8.073758540654564220e-01
8.073582869788025196e-01
8.074450845404614885e-01
8.073648440357291678e-01
8.073830886186612599e-01
8.073713282622375642e-01
8.074282720149975612e-01
8.073526446800568523e-01
8.073423592717655639e-01
8.073394718684180349e-01
8.073316032314290513e-01
8.073316140056150392e-01
8.073107101782083239e-01
8.073120361600328865e-01
8.073338885433019030e-01
8.073096672370912996e-01
8.073153370720498323e-01
8.073132239882477856e-01
8.073113371051905407e-01
8.073002208300179561e-01
8.073020273013608028e-01
8.073100488772783079e-01
8.072987351416516244e-01
8.073022813314455481e-01
8.073013332742915438e-01
8.073086784340010036e-01
8.073044799279937012e-01
8.073140664435631830e-01
8.073051963745725423e-01
8.072982999062185971e-01
8.072937819442655982e-01
8.072922767650768661e-01
8.072858020764208664e-01
8.072856578303650998e-01
8.072884319614788140e-01
8.072938991013067778e-01
8.072833613413537002e-01
8.072863687460173354e-01
8.072857566017241915e-01
8.072794352840126919e-01
8.072707422839245917e-01
8.072715541766964931e-01
8.072792952315636095e-01
8.072770112695298872e-01
8.072657993851621860e-01
8.072769910344235189e-01
8.072668950718385750e-01
8.072761886651833585e-01
8.072691402712341979e-01
8.072591675989203575e-01
8.072595799751511869e-01
8.072584173470508384e-01
8.072601002917776380e-01
8.072635934709173622e-01
8.072585215639881406e-01
8.072766132555968532e-01
8.072571825387699906e-01
8.072594570583430107e-01
8.072571522061847693e-01
8.072940232959601170e-01
8.072617693045837095e-01
8.072637250409919751e-01
8.072584992462352727e-01
8.072579972507654134e-01
8.072572460278647499e-01
8.072573355421274188e-01
8.072561555821038404e-01
8.072585735723111222e-01
8.072608105531791090e-01
8.072547218079988429e-01
8.072590713079192959e-01
8.072553615628459411e-01
8.072566310218876051e-01
8.072551246056792751e-01
8.072568352470187447e-01
8.072540385924110717e-01
8.072573121141525254e-01
8.072585050614956570e-01
8.072531719607576317e-01
8.072524099842385281e-01
8.072541013830525358e-01
8.072521521448007276e-01
8.072525961663744587e-01
8.072531667556324120e-01
8.072530180437699210e-01
8.072498760601624079e-01
8.072488055823813236e-01
8.072490201265991594e-01
8.072489094728833026e-01
8.072491440608183799e-01
8.072479797051992367e-01
8.072486219394346962e-01
8.072467784552307402e-01
8.072462639678050778e-01
8.072432506017651610e-01
8.072410469957838064e-01
8.072394050774872598e-01
8.072370349994014704e-01
8.072369768018032854e-01
8.072381896407150315e-01
8.072356433711805890e-01
8.072334978181819887e-01
8.072316544890478784e-01
8.072308594697370498e-01
8.072284539765299805e-01
8.072284559764438816e-01
8.072288671954275241e-01
8.072265823880938607e-01
8.072270802072039064e-01
8.072265900088185786e-01
8.072258514181938072e-01
8.072257267103378764e-01
8.072246667096875106e-01
8.072264507677247014e-01
8.072221692434715656e-01
8.072237502952374077e-01
8.072223988039117781e-01
8.072202159828444357e-01
8.072173747972364310e-01
8.072173457833636823e-01
8.072180473622044827e-01
8.072166589414442317e-01
8.072169320179407581e-01
8.072159967014126414e-01
8.072170843582829880e-01
8.072199756644261592e-01
8.072159695459752982e-01
8.072174506202438593e-01
8.072160936000433162e-01
8.072111029683677330e-01
8.072101724130293920e-01
8.072105797000077576e-01
8.072112955638865994e-01
8.072102524732220896e-01
8.072087297269912032e-01
8.072083684693609484e-01
8.072083192840088239e-01
8.072115102187017444e-01
8.072076747321832446e-01
8.072099393334362105e-01
8.072085440326981498e-01
8.072039616880682944e-01
8.072025378081741920e-01
8.072029752310488915e-01
8.072030614792884418e-01
8.072035796492669224e-01
8.072041173128774449e-01
8.072016712260779991e-01
8.071999485017183895e-01
8.071996947866425520e-01
8.071985417076573688e-01
8.071951762756390814e-01
8.071917660363254754e-01
8.071922918698215543e-01
8.071917635138842195e-01
8.071918585987638561e-01
8.071909943653933217e-01
8.071911823898109128e-01
8.071910802560863241e-01
8.071898867961070367e-01
8.071897809462443840e-01
8.071889137165503270e-01
8.071874018099324255e-01
8.071873805886278230e-01
8.071880656951755384e-01
8.071874750629630668e-01
8.071887873437508798e-01
8.071866971694373616e-01
8.071881249663539482e-01
8.071842253153281854e-01
8.071814004971289425e-01
8.071807791614812322e-01
8.071811275220148740e-01
8.071803828327516195e-01
8.071798148621928126e-01
8.071777945134189780e-01
8.071779359033161017e-01
8.071784631271560206e-01
8.071783283000105724e-01
8.071782998000842646e-01
8.071790345884179985e-01
8.071778750494227328e-01
8.071786796540937337e-01
8.071794535682392802e-01
8.071805541011287666e-01
8.071776248347891647e-01
8.071736039728727441e-01
8.071730106534124038e-01
8.071730565287861259e-01
8.071699060778834145e-01
8.071703073766913761e-01
8.071683896876310493e-01
8.071665777624558169e-01
8.071666073932474150e-01
8.071676431541163765e-01
8.071660875744731678e-01
8.071636781844043762e-01
8.071632102236205863e-01
8.071624092755482760e-01
8.071607902945672208e-01
8.071598313729007046e-01
8.071595294083860894e-01
8.071590272143677192e-01
8.071594193020562580e-01
8.071585389964466284e-01
8.071583980164421801e-01
8.071574891317305767e-01
8.071597935523823208e-01
8.071571630812793829e-01
8.071611226891108881e-01
8.071602731271757536e-01
8.071503349717529252e-01
8.071484527763213013e-01
8.071488000339313018e-01
8.071485040349855034e-01
8.071481113152801923e-01
8.071477566031857176e-01
8.071490484534303844e-01
8.071468796630727471e-01
8.071465047198148612e-01
8.071465394352738132e-01
8.071460470890641226e-01
8.071463910027183442e-01
8.071465183693694589e-01
8.071470244952553275e-01
8.071437366454510265e-01
8.071425696629821456e-01
8.071425107615711747e-01
8.071426490746057558e-01
8.071404287873039651e-01
8.071401401559030742e-01
8.071392202974470020e-01
8.071363634865248438e-01
8.071362099267685997e-01
8.071383206624166418e-01
8.071304841563864407e-01
8.071298585462346464e-01
8.071296347008447558e-01
8.071291602177554925e-01
8.071294380142235436e-01
8.071268911166733506e-01
8.071283798995194658e-01
8.071261077959371866e-01
8.071255135322332741e-01
8.071258255104571955e-01
8.071247799765838282e-01
8.071252934310548799e-01
8.071239810705228557e-01
8.071243022371609177e-01
8.071219793851770463e-01
8.071193605481351563e-01
8.071246046555202724e-01
8.071185431393521625e-01
8.071155355787469343e-01
8.071179506627677025e-01
8.071108618895477260e-01
8.071081726560568326e-01
8.071063748194869936e-01
8.071039842014920973e-01
8.071000550101181670e-01
8.071019141117706797e-01
8.070999435102217401e-01
8.070995929858052476e-01
8.070985498863566532e-01
8.070998968343723323e-01
8.070980529153696237e-01
8.070966829657217900e-01
8.070953912174809730e-01
8.070947317098502438e-01
8.070949626183211434e-01
8.070949658052797293e-01
8.070943469752739352e-01
8.070949667407889550e-01
8.070951741010213842e-01
8.070908248397252738e-01
8.070876699436081436e-01
8.070898397831317572e-01
8.070883545780036528e-01
8.070894554524349340e-01
8.070889961370663057e-01
8.070845996981419468e-01
8.070819441574899056e-01
8.070815279841163647e-01
8.070817107619836506e-01
8.070812402043769929e-01
8.070812708425203486e-01
8.070817519208228763e-01
8.070812311919203230e-01
8.070813126113659530e-01
8.070814948264297684e-01
8.070816539685271573e-01
8.070810467858193782e-01
8.070810389419046382e-01
8.070811258158049339e-01
8.070823777087936524e-01
8.070865566855394135e-01
8.070735982079495496e-01
8.070713628506509529e-01
8.070712545423857076e-01
8.070709540571181506e-01
8.070733401315435263e-01
8.070704147548272145e-01
8.070738967585520118e-01
8.070704840415369175e-01
8.070662600377874751e-01
8.070669510880114084e-01
8.070663726438572771e-01
8.070629327508688222e-01
8.070616794482473599e-01
8.070620103431691561e-01
8.070613260939516476e-01
8.070633347977097527e-01
8.070618222013333787e-01
8.070601643149774018e-01
8.070601730579513022e-01
8.070596638436393633e-01
8.070585674878691940e-01
8.070592279782380363e-01
8.070598749325169630e-01
8.070531676184776737e-01
8.070516891474417420e-01
8.070514552921039808e-01
8.070512536595251252e-01
8.070515683157082343e-01
8.070501913067890110e-01
8.070503382876978993e-01
8.070491517422370142e-01
8.070513491449250454e-01
8.070481453757432089e-01
8.070493338184745458e-01
8.070487152795006169e-01
8.070476110148370186e-01
8.070478062772166172e-01
8.070505420987543754e-01
8.070478252221719995e-01
8.070408073686754502e-01
8.070414822464917481e-01
8.070412247274286743e-01
8.070378471756042282e-01
8.070366916359358322e-01
8.070315828244011280e-01
8.070312101933887483e-01
8.070316904929643043e-01
8.070338991671084372e-01
8.070307202782358580e-01
8.070324944195400585e-01
8.070306593419949159e-01
8.070275720018987853e-01
8.070294740831907010e-01
8.070245460971656737e-01
8.070244907037200655e-01
8.070237855140596217e-01
8.070239607054615627e-01
8.070236154272087958e-01
8.070230373702239612e-01
8.070237193912175311e-01
8.070191487448722389e-01
8.070145540368397485e-01
8.070111152350259998e-01
8.070066928314714172e-01
8.070040924883672417e-01
8.070007280767784730e-01
8.069996375257013632e-01
8.069998764588323104e-01
8.069956560662412404e-01
8.069899887318966458e-01
8.069855164666018821e-01
8.069834693652033764e-01
8.069822148775945836e-01
8.069816399442317767e-01
8.069785251912920954e-01
8.069745579345204423e-01
8.069737557418235063e-01
8.069743744178677902e-01
8.069728254797652323e-01
8.069730172798330603e-01
8.069749671954455916e-01
8.069761252216884895e-01
8.069659709006823389e-01
8.069618743952270412e-01
8.069612503723119223e-01
8.069611926874096230e-01
8.069593388841160841e-01
8.069594662951490305e-01
8.069577431559510350e-01
8.069574770782621531e-01
8.069549400912385817e-01
8.069542373435434346e-01
8.069541097311618838e-01
8.069562042678593006e-01
8.069529047374831565e-01
8.069580812319413488e-01
8.069545103560629151e-01
8.069484784574898484e-01
8.069484656037502202e-01
8.069480016836129144e-01
8.069431445743356912e-01
8.069426489588022999e-01
8.069422000367105774e-01
8.069374665802009350e-01
8.069321659627903820e-01
8.069284933341459576e-01
8.069305109056592595e-01
8.069279214245200782e-01
8.069275440976203528e-01
8.069267983292360835e-01
8.069256007146814458e-01
8.069246039140856031e-01
8.069224155747679594e-01
8.069216699198007436e-01
8.069217060588862456e-01
8.069166954613199438e-01
8.069120016008614060e-01
8.069082136964323970e-01
8.069066848990231744e-01
8.069068799581904372e-01
8.069094161336358706e-01
8.069065723536542611e-01
8.069058893742483418e-01
8.069072744990017920e-01
8.069036393052287925e-01
8.069028108622601225e-01
8.069016581899323137e-01
8.068948022098599848e-01
8.068933163264515596e-01
8.068927057275611103e-01
8.068929503255904967e-01
8.068925179960082517e-01
8.068896159142960878e-01
8.068875235263935908e-01
8.068878817759342903e-01
8.068852206276979633e-01
8.068855012646425351e-01
8.068881952745178276e-01
8.068820819652016141e-01
8.068778428808788261e-01
8.068804884999397631e-01
8.068782779922484272e-01
8.068767846740561023e-01
8.068769490478546746e-01
8.068790071075169212e-01
8.068770505707967278e-01
8.068742287050315598e-01
8.068739483394564704e-01
8.068691334171740337e-01
8.068648547371578550e-01
8.068611853174025850e-01
8.068552914707085577e-01
8.068532851544257811e-01
8.068512096137352430e-01
8.068492523550931939e-01
8.068473950380339321e-01
8.068476701279644336e-01
8.068488359593578574e-01
8.068471402398759151e-01
8.068490517057741451e-01
8.068383166457538946e-01
8.068315707147355464e-01
8.068279185277721366e-01
8.068262816222320222e-01
8.068262518782096659e-01
8.068232509873254354e-01
8.068231915444206148e-01
8.068226063534593706e-01
8.068228312547195413e-01
8.068214060311352798e-01
8.068214990283024690e-01
8.068245407165638428e-01
8.068212579657687566e-01
8.068196058386744030e-01
8.068164919357116993e-01
8.068161100290061061e-01
8.068191548083821774e-01
8.068180202234171983e-01
8.068134124485030201e-01
8.068124105109971689e-01
8.068075182355656239e-01
8.068057300203467230e-01
8.068055407289508318e-01
8.068053412046044537e-01
8.068054702431113334e-01
8.068056206202679492e-01
8.068080663836794120e-01
8.068036936798053116e-01
8.067957019756606396e-01
8.067933695142411876e-01
8.067930847745226064e-01
8.067922448820168402e-01
8.067922775773920252e-01
8.067910981753954047e-01
8.067915836732194590e-01
8.067872278769568917e-01
8.067851601780030579e-01
8.067835125565776533e-01
8.067797664613794995e-01
8.067837435284718195e-01
8.067792488028070474e-01
8.067776645618603970e-01
8.067760670533388190e-01
8.067819368161696092e-01
8.067770608465762994e-01
8.067735938222213576e-01
8.067735014824369832e-01
8.067690170377795900e-01
8.067633067870848551e-01
8.067587361472974283e-01
8.067573797639734368e-01
8.067572046163071775e-01
8.067568256459607401e-01
8.067568287290024509e-01
8.067559870864093874e-01
8.067558022374485827e-01
8.067558118921983601e-01
8.067551802904482372e-01
8.067575043669118484e-01
8.067583781982334834e-01
8.067488263551219063e-01
8.067429293526151568e-01
8.067382647655996220e-01
8.067341448476351706e-01
8.067322162250614159e-01
8.067329093467314749e-01
8.067286634514774235e-01
8.067237196811712918e-01
8.067206119098894179e-01
8.067151712283584519e-01
8.067103854671328067e-01
8.067056913014694075e-01
8.067009812163397076e-01
8.066998983452442484e-01
8.067001461286881225e-01
8.066963250409054931e-01
8.066929952063304210e-01
8.066882136458543018e-01
8.066846404765680711e-01
8.066813502039933415e-01
8.066811630940597944e-01
8.066798510903057107e-01
8.066733029255063192e-01
8.066680241607484536e-01
8.066649848381359789e-01
8.066627882873136368e-01
8.066608397045784695e-01
8.066605562527594531e-01
8.066567938713440356e-01
8.066556189761707740e-01
8.066595693874825113e-01
8.066547515144968372e-01
8.066541017547330661e-01
8.066465374953425416e-01
8.066452204306235885e-01
8.066450720147317899e-01
8.066408828864782832e-01
8.066355462215238914e-01
8.066371600464631308e-01
8.066347028275725473e-01
8.066337658691091761e-01
8.066348092586788088e-01
8.066299060284184419e-01
8.066298529552826668e-01
8.066298835278480350e-01
8.066320488178377879e-01
8.066302921685380989e-01
8.066317428745096718e-01
8.066336479325234565e-01
8.066253094762433351e-01
8.066233120115692268e-01
8.066239836810927821e-01
8.066291641220753039e-01
8.066238520693932434e-01
8.066165134090891309e-01
8.066112629840309634e-01
8.066097938536309631e-01
8.066098040236800992e-01
8.066028065562855787e-01
8.065965556004416337e-01
8.065916009856330948e-01
8.065889270646715570e-01
8.065880935756020165e-01
8.065908552531104725e-01
8.065835424777851870e-01
8.065844556387334885e-01
8.065842241005983793e-01
8.065778003443058175e-01
8.065767151218591335e-01
8.065752467016048532e-01
8.065733878281611258e-01
8.065736566629572168e-01
8.065704817730621201e-01
8.065697060790769646e-01
8.065696580938958027e-01
8.065651064917758184e-01
8.065650959068590975e-01
8.065650214759533254e-01
8.065653740183384990e-01
8.065643072865449348e-01
8.065658767397584361e-01
8.065657337489833267e-01
8.065597407343723102e-01
8.065562234999368307e-01
8.065556567995225690e-01
8.065577412232539656e-01
8.065512034174108225e-01
8.065476187592547364e-01
8.065476324172557998e-01
8.065478376997082810e-01
8.065465501505435508e-01
8.065464683352209230e-01
8.065453339211445805e-01
8.065453987695524463e-01
8.065465339689139590e-01
8.065486769058174410e-01
8.065417348844372558e-01
8.065381259802009151e-01
8.065383116671782648e-01
8.065432990448007100e-01
8.065336933008326881e-01
8.065266813841450722e-01
8.065242879989014124e-01
8.065220222683958662e-01
8.065207372785233586e-01
8.065196483224642554e-01
8.065174688825691440e-01
8.065194995964920510e-01
8.065197714969730702e-01
8.065122987725898973e-01
8.065064887102098012e-01
8.065031539541829275e-01
8.065005467217558621e-01
8.065010270493354616e-01
8.064967987645180747e-01
8.064977796782845099e-01
8.064983926919813140e-01
8.064970731067413467e-01
8.064980006792930034e-01
8.064983839051775849e-01
8.064925080540495950e-01
8.064887923056106578e-01
8.064851002453947704e-01
8.064833211633335441e-01
8.064804437082361277e-01
8.064844613488465486e-01
8.064729121660304534e-01
8.064666952443169112e-01
8.064620151785309998e-01
8.064585896205529458e-01
8.064553446797027014e-01
8.064561186084996391e-01
8.064558510090706900e-01
8.064536144284172314e-01
8.064531826549111715e-01
8.064523614152543374e-01
8.064520228217046949e-01
8.064514679924049689e-01
8.064513700090687465e-01
8.064501473992952141e-01
8.064497351935652203e-01
8.064491217592976158e-01
8.064441688957009191e-01
8.064462886671117658e-01
8.064439388067732306e-01
8.064358362803540903e-01
8.064297855981594765e-01
8.064275204040642908e-01
8.064276619950477842e-01
8.064274231505761392e-01
8.064313297673317837e-01
8.064302677877929204e-01
8.064198294768397668e-01
8.064185110195298822e-01
8.064188176970814581e-01
8.064176838293551919e-01
8.064183225926658816e-01
8.064157061837650131e-01
8.064178968549939874e-01
8.064170884457069199e-01
8.064163019818935130e-01
8.064178463929159157e-01
8.064161801165671273e-01
8.064107345377306002e-01
8.064068303010972771e-01
8.064061972012491752e-01
8.064004443902319519e-01
8.063946595515896210e-01
8.063982413801557003e-01
8.063963119892402220e-01
8.063880232535112214e-01
8.063830152885147484e-01
8.063772348295363823e-01
8.063727113078131836e-01
8.063719794277026676e-01
8.063725535942780631e-01
8.063728372873461003e-01
8.063714491998255074e-01
8.063703996500406479e-01
8.063698756648227661e-01
8.063678290696661977e-01
8.063677127367112618e-01
8.063670600794591303e-01
8.063661738579073202e-01
8.063621019610254237e-01
8.063659367954796320e-01
8.063647682893727575e-01
8.063555244122229126e-01
8.063512320858837734e-01
8.063481196735137191e-01
8.063398901634146743e-01
8.063361835171198866e-01
8.063328678222555501e-01
8.063316033989131881e-01
8.063307664089950366e-01
8.063321451555192088e-01
8.063292916693305390e-01
8.063224937202015941e-01
8.063185280029101509e-01
8.063183029931180190e-01
8.063173535590931751e-01
8.063168307029838777e-01
8.063166473933724987e-01
8.063162080211172533e-01
8.063166281105500488e-01
8.063159701818439773e-01
8.063154701211520115e-01
8.063147598668768401e-01
8.063147517036707290e-01
8.063143321871623082e-01
8.063068773295283265e-01
8.063051196022632539e-01
8.063053093703034246e-01
8.063099005721163781e-01
8.062977249999104812e-01
8.062945049458466462e-01
8.062934181030216862e-01
8.062857004939320005e-01
8.062834240879939163e-01
8.062808476002244484e-01
8.062808976557421792e-01
8.062815293659149063e-01
8.062807625308049397e-01
8.062811179411080165e-01
8.062806630320056289e-01
8.062805276063959026e-01
8.062809566401947237e-01
8.062809966204579348e-01
8.062806573061426230e-01
8.062804880864176127e-01
8.062808845896843879e-01
8.062743254572110052e-01
8.062708996091985103e-01
8.062792160004560449e-01
8.062747007446032788e-01
8.062617673831159459e-01
8.062588361149201077e-01
8.062539380634025088e-01
8.062574671665798665e-01
8.062538547737754246e-01
8.062562719869079686e-01
8.062556655306704068e-01
8.062535925004084003e-01
8.062540854342740149e-01
8.062461119795023556e-01
8.062399497135371851e-01
8.062326914469361006e-01
8.062286810733654274e-01
8.062258944614549838e-01
8.062250325302412479e-01
8.062252085719369132e-01
8.062243305414220629e-01
8.062245873156095310e-01
8.062228523222840781e-01
8.062228478348012484e-01
8.062195115740570239e-01
8.062146921477337802e-01
8.062171866906544526e-01
8.062162778425910892e-01
8.062058631970894229e-01
8.062012726207666846e-01
8.061990373717810021e-01
8.061990131237249946e-01
8.061960054964129041e-01
8.061943158048527902e-01
8.061932565056170175e-01
8.061898103315702224e-01
8.061925064999087009e-01
8.061902043288912134e-01
8.061871335340635714e-01
8.061874884798236884e-01
8.061872162945136200e-01
8.061876636869792501e-01
8.061877413998024267e-01
8.061871302691413499e-01
8.061877850990077921e-01
8.061922857421330857e-01
8.061809296059274654e-01
8.061767928996330657e-01
8.061687021480921089e-01
8.061649396969255976e-01
8.061641586590136965e-01
8.061639069139653335e-01
8.061658187265917652e-01
8.061653179522745294e-01
8.061604833344404586e-01
8.061639311179203959e-01
8.061599176701683689e-01
8.061539899278878929e-01
8.061467357771654463e-01
8.061462053953023510e-01
8.061463035699147905e-01
8.061451123587791701e-01
8.061448737218228633e-01
8.061440113145237341e-01
8.061440118029941093e-01
8.061435054125025701e-01
8.061434701047748286e-01
8.061407174567185585e-01
8.061389550417885630e-01
8.061435016476824478e-01
8.061357662715781247e-01
8.061288943709903343e-01
8.061252109527056176e-01
8.061178241165798397e-01
8.061172937079755796e-01
8.061172763638211336e-01
8.061150177600011624e-01
8.061146865275636841e-01
8.061124213275037143e-01
8.061083489041759309e-01
8.061018711686047666e-01
8.060949270911166309e-01
8.060901904183266353e-01
8.060879593726039127e-01
8.060863106557735192e-01
8.060821836742123603e-01
8.060795013805032161e-01
8.060793127819565473e-01
8.060761849114040922e-01
8.060771461528217774e-01
8.060754700031645958e-01
8.060698196832511986e-01
8.060661422284771671e-01
8.060608500057424575e-01
8.060587737107562933e-01
8.060575293249023776e-01
8.060500812283419858e-01
8.060471994098348247e-01
8.060474369050913968e-01
8.060468689670778897e-01
8.060418141135627934e-01
8.060333105665962172e-01
8.060267228620913160e-01
8.060236865777425930e-01
8.060187376796112968e-01
8.060143202282074038e-01
8.060122612936069242e-01
8.060123194279323888e-01
8.060099781663633278e-01
8.060074046864327268e-01
8.060069992036685838e-01
8.060050602449019275e-01
8.060013253886970652e-01
8.060050357421402190e-01
8.060033907123690389e-01
8.059970383309559283e-01
8.059962730420657806e-01
8.059875867213535106e-01
8.059819237684292537e-01
8.059806845038257617e-01
8.059811146181766750e-01
8.059773382779459316e-01
8.059751838578935734e-01
8.059744422033249256e-01
8.059754756888398708e-01
8.059791120411526899e-01
8.059742098920604780e-01
8.059769079096548161e-01
8.059755197538064353e-01
8.059744770138873582e-01
8.059724717855105691e-01
8.059675071310669070e-01
8.059700845954568260e-01
8.059649979556084975e-01
8.059580224292466344e-01
8.059556111704292425e-01
8.059553321678566418e-01
8.059499761689513653e-01
8.059503631003150925e-01
8.059488158208439890e-01
8.059419281645160416e-01
8.059378943444683863e-01
8.059366547611106490e-01
8.059365319945067663e-01
8.059367467907636584e-01
8.059358222421114659e-01
8.059324519603140446e-01
8.059327848252715309e-01
8.059291416150838883e-01
8.059267782394105017e-01
8.059266478418138924e-01
8.059217205929830596e-01
8.059194653148589182e-01
8.059190815723182855e-01
8.059144194904208636e-01
8.059057135862038868e-01
8.059029721160471116e-01
8.059001403016432530e-01
8.058968775276230678e-01
8.058904138495327496e-01
8.058811941445016558e-01
8.058754778334650259e-01
8.058729504749528871e-01
8.058736635779238933e-01
8.058719608759236097e-01
8.058723300534057499e-01
8.058709330472637600e-01
8.058709219479337493e-01
8.058692963484977989e-01
8.058690764570693998e-01
8.058687338885702767e-01
8.058678945800709092e-01
8.058695002931398621e-01
8.058679893048986687e-01
8.058711577650475855e-01
8.058663436164865690e-01
8.058584700932432954e-01
8.058576417219233123e-01
8.058565499228493856e-01
8.058621884443768479e-01
8.058556068979289000e-01
8.058470368200219003e-01
8.058408488314935392e-01
8.058391513656980587e-01
8.058387427348404630e-01
8.058404383875851229e-01
8.058380371549876964e-01
8.058377139764080210e-01
8.058384987777700292e-01
8.058386914870513396e-01
8.058369492470841555e-01
8.058302292303620717e-01
8.058265753230791084e-01
8.058269585912239963e-01
8.058273087554717051e-01
8.058262806468424744e-01
8.058190893763572671e-01
8.058167008155815436e-01
8.058133304966664801e-01
8.058134271736863141e-01
8.058131168095961083e-01
8.058120984197891801e-01
8.058104567745365543e-01
8.058055403324944077e-01
8.058094797403179133e-01
8.058036051771124697e-01
8.057962492823188549e-01
8.057933723537568094e-01
8.057925864651768189e-01
8.057902789337548777e-01
8.057901163626579599e-01
8.057873435408181573e-01
8.057870296669356058e-01
8.057831567121467309e-01
8.057793822615657575e-01
8.057806256012741697e-01
8.057799299740942001e-01
8.057800321865703497e-01
8.057783502935167430e-01
8.057795126405854491e-01
8.057803292531705575e-01
8.057811216100718710e-01
8.057791629539595712e-01
8.057781580236911267e-01
8.057766811872937307e-01
8.057676786627875343e-01
8.057601381372639926e-01
8.057571596636708966e-01
8.057564865421213973e-01
8.057567889046085563e-01
8.057570363407378089e-01
8.057569093512642056e-01
8.057560800532573841e-01
8.057594738528367495e-01
8.057532267965551442e-01
8.057467266860753874e-01
8.057428289418320233e-01
8.057428078851016640e-01
8.057365891707194416e-01
8.057367000995805384e-01
8.057324370269048908e-01
8.057311930648034526e-01
8.057309848258560336e-01
8.057288873746990543e-01
8.057290473262878061e-01
8.057241676882156423e-01
8.057233487259742866e-01
8.057214855102692308e-01
8.057261573364845608e-01
8.057247133752286627e-01
8.057126411959052437e-01
8.057124947042686447e-01
8.057129750764351339e-01
8.057099166923459288e-01
8.057120520237006644e-01
8.057034154984866747e-01
8.056995230780648054e-01
8.056973844396060347e-01
8.056974529144915742e-01
8.056959774693923659e-01
8.056959197126599692e-01
8.056967080283138349e-01
8.056953510248353600e-01
8.056965929801082060e-01
8.056950811362091347e-01
8.056972811581453175e-01
8.056903369137105031e-01
8.056842171449657419e-01
8.056794520997498932e-01
8.056764227971152659e-01
8.056766455917635517e-01
8.056711758313328531e-01
8.056697741218288300e-01
8.056700382372516955e-01
8.056696667696404690e-01
8.056691019953886590e-01
8.056699620746592405e-01
8.056691202823690334e-01
8.056725671581251857e-01
8.056734654684757357e-01
8.056726225419856835e-01
8.056686753513901955e-01
8.056625521681730628e-01
8.056611777544466779e-01
8.056610928695475682e-01
8.056602695501601241e-01
8.056589667614055816e-01
8.056522852764805842e-01
8.056521915898990915e-01
8.056535990271584957e-01
8.056533667277283595e-01
8.056507264357379849e-01
8.056517218716010564e-01
8.056512468793807225e-01
8.056460550228563555e-01
8.056415325936429062e-01
8.056387312004492651e-01
8.056364917488726407e-01
8.056363508301477294e-01
8.056367403895057233e-01
8.056360641127843225e-01
8.056303712212798951e-01
8.056304875266233623e-01
8.056255370230626101e-01
8.056242333011861545e-01
8.056243725617184825e-01
8.056231484186960889e-01
8.056255028528612749e-01
8.056178501096271649e-01
8.056194416151554183e-01
8.056157983784979493e-01
8.056125283894681743e-01
8.056057033732502148e-01
8.056025425570619847e-01
8.056018996940140786e-01
8.056018066070872452e-01
8.055987113654550225e-01
8.055966585661706869e-01
8.055963274719121214e-01
8.055960134920339133e-01
8.055958414980148863e-01
8.055966459180078365e-01
8.055958527732672847e-01
8.055979719029618957e-01
8.055961130817808069e-01
8.055961521128270908e-01
8.055960714975234360e-01
8.055967274815700740e-01
8.056019147145812020e-01
8.055896803894413427e-01
8.055828581409579803e-01
8.055797198146776861e-01
8.055743491217390861e-01
8.055746787079262061e-01
8.055741727133216568e-01
8.055743425413272041e-01
8.055745450818738718e-01
8.055761936884576757e-01
8.055747720862376227e-01
8.055695570339944656e-01
8.055681050962228973e-01
8.055677610765809016e-01
8.055605940034806789e-01
8.055581489336083312e-01
8.055596942879423850e-01
8.055576599207496802e-01
8.055572312987526740e-01
8.055554173071858282e-01
8.055552936875827186e-01
8.055552994283103896e-01
8.055559944705323883e-01
8.055474655691059471e-01
8.055422295411832634e-01
8.055396673239972882e-01
8.055329308257445087e-01
8.055305142122625162e-01
8.055300700279660608e-01
8.055272407179316918e-01
8.055272449389851985e-01
8.055258919654885164e-01
8.055262559780587139e-01
8.055208428233904261e-01
8.055151808324565454e-01
8.055123549302865005e-01
8.055128103632289704e-01
8.055126109047412442e-01
8.055109668334465844e-01
8.055116400931106035e-01
8.055072370702222040e-01
8.055041309361106183e-01
8.055024816671351173e-01
8.054993002239323463e-01
8.054939889464287628e-01
8.054869722685253919e-01
8.054815437679602175e-01
8.054816843529105652e-01
8.054820254070317320e-01
8.054807916038215776e-01
8.054810506231659950e-01
8.054805418759520830e-01
8.054820484231248745e-01
8.054814288436085157e-01
8.054789821205696754e-01
8.054767043190322884e-01
8.054685082657899731e-01
8.054635269617023141e-01
8.054633911420649994e-01
8.054653992280945696e-01
8.054600912599156892e-01
8.054597831348546677e-01
8.054596824936023358e-01
8.054600036259242923e-01
8.054554516548381171e-01
8.054487697110190858e-01
8.054468773911099833e-01
8.054434747330132538e-01
8.054422696131815496e-01
8.054458929669449097e-01
8.054434962548191468e-01
8.054417544760678060e-01
8.054387961316576972e-01
8.054367718431671985e-01
8.054324879016474537e-01
8.054327243536680836e-01
8.054324216922841284e-01
8.054245878174823847e-01
8.054205610078626343e-01
8.054179530814570276e-01
8.054160493310770219e-01
8.054156905597862348e-01
8.054153680569309248e-01
8.054160276018684783e-01
8.054133288335514340e-01
8.054115880135765959e-01
8.054126197653361796e-01
8.054128502805844025e-01
8.054039061920713616e-01
8.054021139020846043e-01
8.054021698568822885e-01
8.053993420407756787e-01
8.053994004698603604e-01
8.053985259018988652e-01
8.053984007526877598e-01
8.053956133385508087e-01
8.053947749899719177e-01
8.053937125750119108e-01
8.053946045633830764e-01
8.053944749987151930e-01
8.053954613934711793e-01
8.053940740532578024e-01
8.053908700476529736e-01
8.053894733293115449e-01
8.053867275306035856e-01
8.053834809096177549e-01
8.053773711956305759e-01
8.053764584214582190e-01
8.053755619442539704e-01
8.053708131304201379e-01
8.053678637061070233e-01
8.053701823961308959e-01
8.053672975419379210e-01
8.053682713091794287e-01
8.053669645878219763e-01
8.053667338441483636e-01
8.053655586280344947e-01
8.053693023445325228e-01
8.053683041169981127e-01
8.053602281877839664e-01
8.053604092451062124e-01
8.053578508487213572e-01
8.053580797373753875e-01
8.053530820685440572e-01
8.053502750849235170e-01
8.053449114592623470e-01
8.053433664338285336e-01
8.053463860558700560e-01
8.053455700986007493e-01
8.053423523585940824e-01
8.053454065231223646e-01
8.053387035767424207e-01
8.053322220035684653e-01
8.053306874680181693e-01
8.053298620007841579e-01
8.053274271498478409e-01
8.053278827635212966e-01
8.053246507179497859e-01
8.053255441360653855e-01
8.053248456013296641e-01
8.053225808269173225e-01
8.053222810752638239e-01
8.053221068319403875e-01
8.053217888644057521e-01
8.053243267243539449e-01
8.053243674282641873e-01
8.053196409087517438e-01
8.053136685493007541e-01
8.053222174501184494e-01
8.053145652786936060e-01
8.053060129801455913e-01
8.053038039683881877e-01
8.053034617933189088e-01
8.052980520198624870e-01
8.052931421996836203e-01
8.052927284249207229e-01
8.052934423010966736e-01
8.052934382398988511e-01
8.052945237965895009e-01
8.052940620337560862e-01
8.052926369588148114e-01
8.052888499317647497e-01
8.052913245227887318e-01
8.052880536226021402e-01
8.052879937530560417e-01
8.052876893350270349e-01
8.052891053490501827e-01
8.052868250119613602e-01
8.052794574191667332e-01
8.052746530027515837e-01
8.052691093393010702e-01
8.052642244426750917e-01
8.052614592844068442e-01
8.052612776731938871e-01
8.052548640292779281e-01
8.052504050139918101e-01
8.052451178170954016e-01
8.052391661334190598e-01
8.052358845742142446e-01
8.052364999040312332e-01
8.052357374099575749e-01
8.052309946976412558e-01
8.052280124534921812e-01
8.052261081818350430e-01
8.052260484376939642e-01
8.052252998638943504e-01
8.052252307011742438e-01
8.052247871811923918e-01
8.052240915898942752e-01
8.052198601522756460e-01
8.052149735544563702e-01
8.052103779439508946e-01
8.052097940594323822e-01
8.052100621474074238e-01
8.052061957681060367e-01
8.052121255658817311e-01
8.052074275292775418e-01
8.051980065016967059e-01
8.051945447597672612e-01
8.051914264560880996e-01
8.051903429394774436e-01
8.051904295283148771e-01
8.051905038132480819e-01
8.051911509149689561e-01
8.051934854522758700e-01
8.051899231104252541e-01
8.051873566356528844e-01
8.051877272536546171e-01
8.051892937018417795e-01
8.051876488321683123e-01
8.051890739550534581e-01
8.051872149083832975e-01
8.051822604754887980e-01
8.051775501112597988e-01
8.051768834836501298e-01
8.051767057471379552e-01
8.051789075628991155e-01
8.051758420322231435e-01
8.051726462714671184e-01
8.051749901644095209e-01
8.051705969382958461e-01
8.051659818066136953e-01
8.051634629068994409e-01
8.051659406508907546e-01
8.051605751709877135e-01
8.051588870060997216e-01
8.051588459630832917e-01
8.051581007977975935e-01
8.051581386468400492e-01
8.051559865939672544e-01
8.051551441044605406e-01
8.051550918945837854e-01
8.051540639131050670e-01
8.051549807857402152e-01
8.051546887698318722e-01
8.051530849297272585e-01
8.051480181502137512e-01
8.051414863349753981e-01
8.051423174053239373e-01
8.051415916922082250e-01
8.051416775073556575e-01
8.051413943146773500e-01
8.051361443192028844e-01
8.051325624114147317e-01
8.051329277935336259e-01
8.051320884461825589e-01
8.051347625342897274e-01
8.051321155969551890e-01
8.051316211533856571e-01
8.051309814493428085e-01
8.051320067820070259e-01
8.051310471907643374e-01
8.051262255919764410e-01
8.051276884224718433e-01
8.051265449707888378e-01
8.051259752572296202e-01
8.051223943656292681e-01
8.051173104226666544e-01
8.051161050639917827e-01
8.051169561099802419e-01
8.051143444894973689e-01
8.051133491587250113e-01
8.051105024944289479e-01
8.051151991265955710e-01
8.051130809294464452e-01
8.051034411042788941e-01
8.051016136144178992e-01
8.051014008699468594e-01
8.050993588567000314e-01
8.050992273044277336e-01
8.050988398360349185e-01
8.050988013630518969e-01
8.050968575783666870e-01
8.050973322442070979e-01
8.050968168925404234e-01
8.050962537010908360e-01
8.050957963418686747e-01
8.050961724841414480e-01
8.050945887476181895e-01
8.050898960216676947e-01
8.050868268648541104e-01
8.050809642970720992e-01
8.050791748154624283e-01
8.050791533491050700e-01
8.050781162405969971e-01
8.050781944928266931e-01
8.050742475578674950e-01
8.050707705925739255e-01
8.050682154599648754e-01
8.050692141773486687e-01
8.050681357203383071e-01
8.050685459475135364e-01
8.050687145440295067e-01
8.050701266297444203e-01
8.050681494882354627e-01
8.050717319657361148e-01
8.050695506002476520e-01
8.050641484348405319e-01
8.050652157400377540e-01
8.050623983474606282e-01
8.050605344053448631e-01
8.050568665905082355e-01
8.050553076701694177e-01
8.050533227507405964e-01
8.050541547269987053e-01
8.050533701042045243e-01
8.050533508924314630e-01
8.050561738306653004e-01
8.050523725075687809e-01
8.050535982067010821e-01
8.050518445978321891e-01
8.050498048356348191e-01
8.050452526796790798e-01
8.050429764368648433e-01
8.050418818112867747e-01
8.050374052735285169e-01
8.050375372858384893e-01
8.050329804284148683e-01
8.050312009642146549e-01
8.050313197370078111e-01
8.050292546470461108e-01
8.050297692093506541e-01
8.050322260380384787e-01
8.050334107374934600e-01
8.050291776776448138e-01
8.050223080259232278e-01
8.050199036089837890e-01
8.050196013177173260e-01
8.050177992904017366e-01
8.050179503208731990e-01
8.050167004802333270e-01
8.050170575657402683e-01
8.050159763818728331e-01
8.050160622818767209e-01
8.050148864927739734e-01
8.050148384389349543e-01
8.050152665868424151e-01
8.050139539183586157e-01
8.050181336508178687e-01
8.050137870793702133e-01
8.050103959285552779e-01
8.050158392004628238e-01
8.050131846119876755e-01
8.050045808974058970e-01
8.050020818399170608e-01
8.050001801634201204e-01
8.050013896185154172e-01
8.050004734185391975e-01
8.050009191461958702e-01
8.050003695905924017e-01
8.050038623753227318e-01
8.049993930271451825e-01
8.050017312602723019e-01
8.049991126686586451e-01
8.049946286363643955e-01
8.049920331070669066e-01
8.049896478074619610e-01
8.049896121260841086e-01
8.049918222369394361e-01
8.049901239054430002e-01
8.049902114803789699e-01
8.049903831780825803e-01
8.049893737081083023e-01
8.049871924276759128e-01
8.049886423350849363e-01
8.049838079137477953e-01
8.049789517108573156e-01
8.049759795264020967e-01
8.049734944409517867e-01
8.049736557115428903e-01
8.049730581573210086e-01
8.049730147931910551e-01
8.049716234539197046e-01
8.049715970036053214e-01
8.049708673089005506e-01
8.049710565093433079e-01
8.049730919269839635e-01
8.049724018978215989e-01
8.049710268690094539e-01
8.049700461662713247e-01
8.049657110389667469e-01
8.049652778735756353e-01
8.049644048439813515e-01
8.049641685415108716e-01
8.049677266828315636e-01
8.049588265542029220e-01
8.049563692972070417e-01
8.049578780953526858e-01
8.049564948901839490e-01
8.049579911372648500e-01
8.049552579929026841e-01
8.049521464979145779e-01
8.049488844950536404e-01
8.049488161003514053e-01
8.049497150371629495e-01
8.049487868850420114e-01
8.049473181913709974e-01
8.049460152233580690e-01
8.049447366075510590e-01
8.049447772145887914e-01
8.049433019503042797e-01
8.049437464813981036e-01
8.049390817815678112e-01
8.049378119066623594e-01
8.049374019302042438e-01
8.049368145986990353e-01
8.049385275390618100e-01
8.049372078538153952e-01
8.049299232721027764e-01
8.049277868858323304e-01
8.049277195894252168e-01
8.049259223665495844e-01
8.049268034092268431e-01
8.049264660946759964e-01
8.049276945395649197e-01
8.049258338135399926e-01
8.049253615243030513e-01
8.049256258630143046e-01
8.049246739804177819e-01
8.049247721978181058e-01
8.049252205138662797e-01
8.049247214289940722e-01
8.049239674003042522e-01
8.049280341823661367e-01
8.049199406737514995e-01
8.049187743091362757e-01
8.049195819886099112e-01
8.049196789241529482e-01
8.049190223850708481e-01
8.049140514500352506e-01
8.049122003118591717e-01
8.049115421414047011e-01
8.049112022670910083e-01
8.049061668784160961e-01
8.049092612378772049e-01
8.049044315584407139e-01
8.049013895841345967e-01
8.048996997923990593e-01
8.048995961216957040e-01
8.048994650691169150e-01
8.049001850638068944e-01
8.048985911244518343e-01
8.048984559134262362e-01
8.048972719272532439e-01
8.048975741496342540e-01
8.048946921555384382e-01
8.048927163763576198e-01
8.048929957196956364e-01
8.048908476630494135e-01
8.048892938779536044e-01
8.048879576893087640e-01
8.048879178471595175e-01
8.048895295108428050e-01
8.048846522609656162e-01
8.048787125123608721e-01
8.048737045945104640e-01
8.048707637009897553e-01
8.048694093965264029e-01
8.048693385757197394e-01
8.048689537443062259e-01
8.048691577021610533e-01
8.048690790793701089e-01
8.048689410349619822e-01
8.048681282038435691e-01
8.048685522963212602e-01
8.048691632064737256e-01
8.048683793618510718e-01
8.048669060070821057e-01
8.048678944275596825e-01
8.048633340908191158e-01
8.048726346927880249e-01
8.048633074567961287e-01
8.048592624311474708e-01
8.048569093174334776e-01
8.048545165432832160e-01
8.048570705781081802e-01
8.048542392070805462e-01
8.048592380391145218e-01
8.048539632908605634e-01
8.048511562812528108e-01
8.048520560350970188e-01
8.048528650494833903e-01
8.048512065541958416e-01
8.048510763655915001e-01
8.048514800920852919e-01
8.048507486049251147e-01
8.048507339379734615e-01
8.048462447315604118e-01
8.048433608604729228e-01
8.048424475994199190e-01
8.048428842726781385e-01
8.048411267441276662e-01
8.048409885362959315e-01
8.048382794242011640e-01
8.048386996287144601e-01
8.048354371193037204e-01
8.048309044038252091e-01
8.048292882296459450e-01
8.048294521286051273e-01
8.048292655448522348e-01
8.048283739180026597e-01
8.048285846741466409e-01
8.048284540635697315e-01
8.048281862385051610e-01
8.048286334700316402e-01
8.048283526485533468e-01
8.048280288645033309e-01
8.048290452129973627e-01
8.048270152928262977e-01
8.048233334881198520e-01
8.048238631086442885e-01
8.048234619896034170e-01
8.048241063660930283e-01
8.048237445403862989e-01
8.048268516446086540e-01
8.048211039934533018e-01
8.048166526308511148e-01
8.048138511645429594e-01
8.048142928664584472e-01
8.048143838456232046e-01
8.048127166712091274e-01
8.048126579529046865e-01
8.048141231758679792e-01
8.048133605716243366e-01
8.048120789344613835e-01
8.048121035474238294e-01
8.048120219064989200e-01
8.048119366650139384e-01
8.048144620231166835e-01
8.048128131724892054e-01
8.048078437423779041e-01
8.048047815822928497e-01
8.048048689437754533e-01
8.048045089063958768e-01
8.048034266986561214e-01
8.048033829570215847e-01
8.047998148897416160e-01
8.047962919587776653e-01
8.047930954847443141e-01
8.047907601417964019e-01
8.047883711017329578e-01
8.047873496591794185e-01
8.047866582908947963e-01
8.047829816963928407e-01
8.047803126836976517e-01
8.047776138177753502e-01
8.047747563646105995e-01
8.047727863660787406e-01
8.047723856105775120e-01
8.047727580525875224e-01
8.047719751990960457e-01
8.047735776559262755e-01
8.047669819494048804e-01
8.047631003956987605e-01
8.047597630311597028e-01
8.047600479157760445e-01
8.047607590784503495e-01
8.047561373500464743e-01
8.047538194756699292e-01
8.047515360410395502e-01
8.047520930491532942e-01
8.047523730590920854e-01
8.047530478704575385e-01
8.047516202917274208e-01
8.047525021186078265e-01
8.047516707064691355e-01
8.047520060424108168e-01
8.047514218653579743e-01
8.047514468579139990e-01
8.047513382683920691e-01
8.047484387613691448e-01
8.047460405706927666e-01
8.047456577183685900e-01
8.047457782882426747e-01
8.047458952086734563e-01
8.047460537955279936e-01
8.047445044694825356e-01
8.047449701561465440e-01
8.047447063053584371e-01
8.047466807336041139e-01
8.047421728449134504e-01
8.047399011576070738e-01
8.047391553660189212e-01
8.047390963432489164e-01
8.047397562592459863e-01
8.047390547683102024e-01
8.047394985519739086e-01
8.047391618164672078e-01
8.047393056526902511e-01
8.047389883177138437e-01
8.047397811093921494e-01
8.047385830364317538e-01
8.047410340369128834e-01
8.047407806751371018e-01
8.047371848776646575e-01
8.047369397278553160e-01
8.047368442897652185e-01
8.047380415355782635e-01
8.047335297885661598e-01
8.047339094109299262e-01
8.047331473407876024e-01
8.047324984870833919e-01
8.047346940146355987e-01
8.047332987832932494e-01
8.047329505351306089e-01
8.047286104929758377e-01
8.047270193734428201e-01
8.047268616296046062e-01
8.047261807071345308e-01
8.047261863423706973e-01
8.047248007950086324e-01
8.047248302479682591e-01
8.047273079589956080e-01
8.047249246129353217e-01
8.047228088491048537e-01
8.047228125771850316e-01
8.047227956384265246e-01
8.047225926497137971e-01
8.047229696382189879e-01
8.047220524507949779e-01
8.047242358054829126e-01
8.047234285740519910e-01
8.047184622937889609e-01
8.047170952904229013e-01
8.047184051705791319e-01
8.047168628221147424e-01
8.047181105105316590e-01
8.047166188193528580e-01
8.047143926125250868e-01
8.047130605403021164e-01
8.047132863611862197e-01
8.047132700421210094e-01
8.047143301122872128e-01
8.047134930399919561e-01
8.047139191572115768e-01
8.047131060911661971e-01
8.047127613417224268e-01
8.047130977323346812e-01
8.047123292019261465e-01
8.047123051890975320e-01
8.047123994360009247e-01
8.047120545415586967e-01
8.047124388528230643e-01
8.047123090549975766e-01
8.047136291616809878e-01
8.047112553084917463e-01
8.047081584137278920e-01
8.047083306452339491e-01
8.047080847539659354e-01
8.047091403817846489e-01
8.047085693856369515e-01
8.047096341487993687e-01
8.047080836387553449e-01
8.047071963806656791e-01
8.047072050418349054e-01
8.047073507477332521e-01
8.047076330120015442e-01
8.047063210777726239e-01
8.047067342457323580e-01
8.047050434256790563e-01
8.047036781517695747e-01
8.047038813308537986e-01
8.047030587463043227e-01
8.047032374480825867e-01
8.047029740446104418e-01
8.047026943764462592e-01
8.047073742806664098e-01
8.047038040382352708e-01
8.046992112433696276e-01
8.046997731550946664e-01
8.046992793460168159e-01
8.046997339399323268e-01
8.046994374103423331e-01
8.046989461668406785e-01
8.046990834222372824e-01
8.046998218218271992e-01
8.046988954499048052e-01
8.046994540757717029e-01
8.046988591109777156e-01
8.047009062859894479e-01
8.046990421139057492e-01
8.047025016334069525e-01
8.046991358295536578e-01
8.046950059089674756e-01
8.046938655919348982e-01
8.046939250231174290e-01
8.046943459854156711e-01
8.046938363598314936e-01
8.046962009725963094e-01
8.046947298516677893e-01
8.046919567194296130e-01
8.046912573379839673e-01
8.046912233250099744e-01
8.046912442276928923e-01
8.046915179496709758e-01
8.046911197402222271e-01
8.046910304478013254e-01
8.046909247053296577e-01
8.046909294415739433e-01
8.046908985104783696e-01
8.046910151864565819e-01
8.046912579149498868e-01
8.046912037274864815e-01
8.046959632438344112e-01
8.046893046719909570e-01
8.046866369876103375e-01
8.046863905751197033e-01
8.046863091851683691e-01
8.046871257831262891e-01
8.046863513641854260e-01
8.046899949396836282e-01
8.046877771267850754e-01
8.046894856433407517e-01
8.046863520886394783e-01
8.046851803554539995e-01
8.046851316363226037e-01
8.046821392892579139e-01
8.046812119942760022e-01
8.046815505640448896e-01
8.046815401908059551e-01
8.046810859516003722e-01
8.046810587516792790e-01
8.046810390248738676e-01
8.046809884838989069e-01
8.046812045412274905e-01
8.046855176663437748e-01
8.046806868186325845e-01
8.046792482757785248e-01
8.046788378622774518e-01
8.046785700140185460e-01
8.046790838594025663e-01
8.046786022211962486e-01
8.046791259470114088e-01
8.046787561390902344e-01
8.046796953166757138e-01
8.046781896008325941e-01
8.046844682680558414e-01
