9.967805508102068890e-01
9.963513679215539875e-01
9.962519662947351140e-01
9.970451804055019407e-01
1.002933054139869329e+00
9.991216944762820740e-01
1.074254175535942268e+00
9.890006036549523483e-01
9.692012889761707495e-01
9.718790534584749174e-01
9.731116810276765339e-01
9.699630106571798249e-01
9.674913385917657260e-01
9.742224458475073900e-01
9.944925543707887616e-01
9.685141156894080394e-01
9.656728926555738779e-01
9.498536063088133252e-01
8.909324563836775734e-01
8.802716617246194586e-01
8.802889264554456528e-01
8.802598725866740415e-01
8.771956253490950095e-01
9.177502537570596530e-01
9.920589057014385093e-01
8.628616693897668277e-01
9.313293048358605164e-01
9.145526684427232045e-01
8.628608407898415988e-01
8.605189514650558591e-01
8.607930623791200109e-01
8.787452290329557103e-01
9.159371995191429860e-01
8.617142804330558681e-01
8.636003729257681893e-01
8.603341375937774149e-01
8.686733135895304825e-01
8.664464143615626668e-01
8.630901586227353040e-01
8.603487730413929002e-01
8.603904561388882044e-01
8.585095126487215511e-01
8.566435304013084728e-01
7.910294945826512603e-01
9.053096918690355377e-01
9.354186470458474290e-01
7.967510654147064164e-01
7.910294945826514823e-01
7.910294945826512603e-01
7.910220726982070127e-01
7.962083176003970086e-01
8.942493594155979109e-01
8.191126253826792603e-01
7.910220726982070127e-01
7.912339098410461347e-01
7.887820863507839508e-01
7.754436122373117302e-01
7.754436122373117302e-01
7.754436122373117302e-01
7.754436122373119522e-01
7.778312196357651809e-01
7.769900907668753076e-01
7.906514315386469205e-01
8.680951280852153840e-01
7.754436122373117302e-01
7.754436122373119522e-01
7.754436122373117302e-01
7.754436122373119522e-01
7.754436122373119522e-01
7.848423096660228637e-01
8.209502280315393863e-01
7.754436122373119522e-01
7.754436122373119522e-01
7.754436122373119522e-01
8.085223069123524953e-01
7.754436122373119522e-01
7.754436122373119522e-01
7.213843670123279983e-01
8.086046451422512771e-01
7.221997714115543365e-01
9.699678338414531309e-01
7.330066842849822795e-01
8.191842101123028019e-01
7.255119698345123824e-01
7.557466964954777655e-01
7.210631307143799962e-01
7.203531829694798105e-01
7.252247764957383547e-01
7.683198284395696964e-01
7.215427416302000463e-01
7.389671110979489921e-01
7.206012043458087657e-01
7.181206751629505280e-01
7.201615228792055401e-01
7.224659902390250243e-01
7.323712131867387010e-01
6.666791870493270489e-01
6.623896249807861292e-01
6.900469387128355114e-01
6.622073251071096678e-01
6.774625940967281545e-01
6.623311996994165618e-01
7.032704951685065931e-01
6.649220501197307120e-01
7.351721611171546655e-01
6.622445589243212138e-01
8.236617688825518258e-01
6.627572211924378509e-01
6.678751751104301526e-01
6.603807386083848652e-01
6.835835709110759106e-01
6.792598139912178201e-01
7.054297707553328634e-01
6.615170642553086511e-01
6.608096866995246677e-01
6.621568785838122251e-01
6.583227391347661328e-01
6.583520916132045153e-01
6.579503976303421320e-01
6.627015430383940142e-01
6.669502747693487610e-01
6.421140037860313399e-01
6.372595445298123717e-01
6.367949447805243413e-01
6.948645411248975945e-01
6.367949447805243413e-01
6.539494580269966661e-01
6.367949447805242302e-01
5.941361253693996369e-01
5.923331212469449270e-01
7.348642462067557224e-01
5.923773698915325570e-01
6.519056151773442442e-01
5.923467040842480547e-01
8.345467735705554002e-01
5.923331212469449270e-01
6.389071200215342694e-01
6.038655962570389502e-01
6.338579233331788076e-01
5.917910437298674609e-01
6.236257145644272804e-01
5.920841772610367926e-01
7.329593911339796763e-01
5.917910437298674609e-01
6.776371052656738891e-01
5.917910437298674609e-01
6.834267157804598813e-01
5.917910437298673498e-01
5.786208046584065956e-01
5.786208046584065956e-01
5.755709712350517426e-01
5.755709712350517426e-01
5.755928469349160803e-01
5.755709712350518537e-01
5.768522774119859697e-01
5.755709712350518537e-01
5.820287641378582011e-01
5.755709712350518537e-01
6.401545492296026874e-01
5.630611966485693509e-01
5.861752642804213265e-01
5.641917890713723516e-01
7.432912460496735596e-01
5.701380656665884228e-01
5.920516182053973120e-01
6.066478340041349115e-01
5.802492575664504049e-01
5.593238321772200372e-01
5.612679929607404805e-01
5.595885519919292506e-01
5.625412009843222538e-01
5.626231576923136357e-01
5.542972065555811234e-01
6.442201878351558886e-01
6.544096699126046301e-01
5.639520755370273086e-01
5.933765530445050951e-01
6.431465411400223431e-01
7.511763435589662308e-01
5.528077308673232659e-01
5.341712112353804720e-01
5.351766128866819461e-01
5.302769562193746511e-01
5.325005061471242973e-01
5.347468049079451280e-01
5.312594642406315293e-01
5.588800210674187419e-01
5.291168721529605490e-01
5.604768490179543594e-01
5.293945852799969432e-01
5.276023043536403057e-01
5.275151265465917172e-01
5.215387930683604845e-01
5.213623072246159618e-01
5.197046534971790921e-01
5.195216554081825144e-01
6.067863052043486194e-01
5.124680490245888675e-01
5.292834013622070843e-01
6.177562933635637465e-01
5.796279562099251326e-01
5.139114251506833320e-01
5.680476512520964416e-01
5.124680490245889786e-01
5.971803800510320226e-01
5.124680490245886455e-01
5.937795830874401659e-01
5.236294434542887455e-01
5.964874252240004449e-01
5.152359490127751407e-01
6.003249085157118525e-01
5.300588007651886313e-01
5.856051685912634364e-01
5.536926072736801929e-01
5.717021870404819239e-01
5.119457371601170426e-01
6.769453391642189510e-01
5.129792020377008654e-01
5.723565777486540052e-01
5.120595638929624771e-01
5.678067404572334498e-01
5.119904563658066454e-01
5.328387148785443950e-01
5.119457371601170426e-01
5.156648066387092832e-01
5.147796130205070098e-01
5.697610124013188226e-01
5.095966137535759000e-01
4.985780947967841104e-01
4.985780947967841104e-01
4.939907302191772764e-01
4.939907302191775540e-01
4.970904296131473110e-01
4.943113490184111170e-01
4.930497349195763213e-01
4.937108414134913636e-01
4.992360504252763564e-01
4.927358612764076162e-01
5.011347578220023413e-01
4.923428306886899475e-01
4.952497823330237470e-01
4.923428306886895034e-01
5.039709655511163122e-01
4.947675524278427606e-01
5.075097327281199444e-01
4.922244662737481069e-01
4.946737819320416452e-01
4.923843422776843504e-01
4.954487790614440224e-01
5.829481377815999288e-01
5.567285144860539825e-01
5.286573529521745307e-01
5.344419302564806795e-01
4.953262820389786047e-01
6.087904572500315581e-01
4.947891853386045535e-01
5.223187364106850472e-01
4.902566912493717122e-01
5.244502266891543085e-01
4.897508931692114431e-01
5.057720894136510381e-01
4.852934738981171670e-01
5.596749438986425851e-01
4.938820505554232243e-01
6.210462198900923436e-01
4.838123649522793057e-01
5.690042355670053009e-01
4.834389511680745044e-01
5.341834351514311852e-01
4.814746823714405322e-01
5.391673332652615613e-01
4.816691786074535075e-01
5.379859805524491723e-01
4.803261605018929181e-01
5.610933200347266725e-01
4.802983813690108184e-01
5.482223502009881955e-01
4.817524929710844672e-01
5.855566048876389429e-01
4.799161676647661356e-01
5.621719666831408446e-01
4.798257805758334160e-01
5.522003452789692179e-01
4.979432210786588486e-01
5.337754880302936211e-01
4.856426653231874502e-01
5.355917415518084423e-01
4.796578310085816144e-01
7.148251099822644505e-01
4.815605061740096948e-01
6.288579406878012090e-01
4.793280005060092663e-01
5.509293406742367116e-01
4.759544615254878153e-01
6.003171562011107021e-01
4.759544615254878153e-01
4.810493688710062998e-01
4.759544615254879263e-01
4.782988572140476902e-01
4.767069039063194236e-01
4.744957693077868077e-01
4.767833174349785930e-01
4.821418970191402309e-01
4.745379991339801484e-01
4.754601314639348431e-01
4.746345638061188477e-01
4.796859994197838484e-01
4.744957693077867522e-01
4.778500339609920156e-01
4.797900135154232748e-01
4.767879554792624486e-01
4.744957693077855310e-01
4.790714602643726949e-01
4.740477222172979066e-01
4.763979277064662732e-01
4.744909298916628604e-01
4.947528473578072239e-01
4.761847641655585495e-01
6.073189223990118624e-01
4.932205704170682936e-01
4.930766864178982023e-01
4.683939881775567859e-01
4.952323563810789864e-01
4.674986199203570725e-01
5.235104424021950198e-01
4.667906145121766825e-01
4.756690017386374647e-01
4.654049980413689225e-01
5.825811991730860395e-01
4.697657416241659001e-01
7.088108643166531886e-01
4.654049980413692555e-01
5.785038610142587689e-01
4.754849404820228331e-01
5.495738864837824700e-01
4.809994905229765250e-01
5.349598386937894912e-01
4.651068601269527925e-01
5.227417417539580446e-01
4.652241800316091469e-01
5.441768389578566234e-01
4.668848842870539362e-01
5.104088763534936346e-01
4.644930624264018149e-01
4.956952846488084652e-01
4.683866103505449074e-01
5.488715589150127139e-01
4.641599923935319505e-01
5.888150227219504096e-01
4.635135864473037826e-01
5.395977983074539130e-01
4.636906387158918341e-01
5.515040165380573622e-01
4.633648117144504863e-01
5.571106374621808133e-01
4.672791151743909688e-01
5.551640255074803409e-01
4.632507187307053909e-01
6.887595856387361826e-01
4.617863277390246712e-01
6.096300997606700633e-01
4.615349517500431098e-01
5.314502488653515266e-01
4.612210995273353653e-01
5.803163606968015920e-01
4.716495496262818610e-01
5.145395562754957464e-01
4.609304453603871310e-01
5.708771587288976601e-01
4.611373402229457241e-01
5.163975452607101335e-01
4.589108412991957375e-01
4.724641974091249308e-01
4.645596373230124199e-01
4.653324425861590230e-01
4.590838449830936252e-01
4.713507137081275333e-01
4.586440145132005819e-01
4.717931987613517286e-01
4.586440145132003043e-01
4.588389605619069278e-01
4.586440145132004709e-01
4.703043859738859078e-01
4.581466226188425916e-01
4.604057599919924582e-01
4.592616469967498727e-01
4.619998581002995319e-01
4.580098276113480638e-01
4.597496821878455098e-01
4.579315677592207812e-01
4.793124933712015201e-01
4.603488203388786393e-01
4.807396183308967341e-01
4.579315677592207812e-01
4.687030404509303638e-01
4.579315677592190603e-01
4.687441958730051983e-01
4.578495985210812580e-01
4.615747164448077422e-01
4.574622932245516194e-01
5.639559443703271446e-01
5.025636251063951843e-01
5.031913702178205661e-01
4.539534141798354794e-01
5.586225425389335086e-01
4.844509283865069960e-01
6.316730840826489946e-01
4.527472860580158964e-01
5.182490953133455092e-01
4.546701506777460766e-01
5.220059981063692733e-01
4.527330502825557268e-01
4.947882032475270364e-01
4.471416383838209829e-01
5.503448060352259530e-01
4.503712456049426271e-01
5.691150158238595935e-01
4.420492516353218271e-01
5.475984627043779529e-01
4.404316331757091585e-01
5.363703007621793972e-01
4.404316331757089920e-01
5.239067144937601395e-01
4.402462671954553985e-01
5.440381597448169515e-01
4.401387293087997143e-01
6.536224804417235523e-01
4.396594099487515228e-01
6.186932212453057911e-01
4.389773386003891220e-01
5.060146363645244838e-01
4.419177414261273862e-01
4.918658004313828935e-01
4.389754311259465025e-01
5.728441309294188821e-01
4.401486908775287255e-01
5.274196918937401612e-01
4.390392394662189224e-01
4.868760562955258275e-01
4.389630897236370122e-01
4.654472235726868634e-01
4.394838547974525000e-01
4.452407037566259440e-01
4.409262235518386364e-01
4.502439764262810007e-01
4.505503554858637516e-01
4.526992794297241551e-01
4.384828669220641739e-01
4.494819602374816037e-01
4.383179935562315221e-01
4.490848115846334809e-01
4.380972434989287012e-01
4.431396751853924343e-01
4.385661412256512404e-01
4.400860506931772442e-01
4.396882229847330348e-01
4.513205320479966587e-01
4.378391411281117307e-01
4.422707621350039919e-01
4.378501135587237747e-01
4.396550117580484418e-01
4.417551451573586974e-01
4.539313843149776484e-01
4.378391411281097878e-01
4.845977256948438283e-01
4.378391411281095658e-01
4.449913232775659089e-01
4.368627594725210117e-01
4.426444235534732208e-01
4.379386121328365800e-01
4.400754170306246937e-01
4.369152817762926300e-01
5.376607477760712017e-01
4.368627594725213448e-01
4.650898992543257560e-01
4.441341847749152860e-01
5.876210572272129173e-01
4.368627594725195684e-01
5.399115689434141885e-01
4.366878072632346952e-01
5.018524105690926884e-01
4.364032848629997852e-01
4.978245817660022499e-01
4.609032582616626184e-01
6.084561518111146761e-01
4.365997757674994206e-01
5.572258964610665721e-01
4.607154389768913227e-01
5.398879808821135384e-01
4.357369162955771480e-01
5.461566192916245122e-01
4.478393228615976107e-01
5.334230488500375511e-01
4.345639573912910003e-01
5.189342505170511100e-01
4.348717316738027749e-01
5.463195631124506679e-01
4.409588933650436804e-01
6.481131105536659387e-01
4.341003768915231431e-01
5.955477959392655452e-01
4.331732127401498600e-01
4.753174656123003161e-01
4.331732127401495824e-01
5.046919052277087925e-01
4.330188871987226684e-01
5.922166042728349566e-01
4.322148780303451399e-01
4.795220212165150486e-01
4.408920728229058228e-01
5.173681004572878717e-01
4.349296830565278493e-01
4.611416300312886629e-01
4.323929589846486898e-01
4.448875166332088571e-01
4.298970832833192701e-01
4.661356585753959614e-01
4.293947865408103137e-01
4.424173716474404938e-01
4.291152917290355084e-01
4.349513209447771755e-01
4.293010860153795294e-01
4.347778855799468989e-01
4.309881839581051755e-01
4.408743278710081648e-01
4.290596609138181416e-01
4.378124037096137733e-01
4.290216229471630061e-01
4.316081974905622842e-01
4.304940218543705233e-01
4.538583613858555577e-01
4.291281454353428337e-01
5.072353666117959126e-01
4.285106451285553009e-01
5.326514689777918088e-01
4.277258054943662846e-01
4.760287770558151998e-01
4.327248505816045365e-01
4.469154843961850032e-01
4.286665012996430657e-01
4.421016620045999379e-01
4.273172880806838658e-01
4.355149180855108493e-01
4.288755003306621849e-01
5.799451121459905378e-01
4.268770055916061290e-01
5.271189882711645458e-01
4.272975669876061255e-01
4.873803702736909105e-01
4.268770055916052963e-01
4.820029138865095097e-01
4.268770055916053519e-01
6.055505954618689568e-01
4.255917512456246499e-01
5.081003552396312628e-01
4.261001649160250371e-01
5.569587483781056614e-01
4.255917512456243168e-01
5.451955958138137159e-01
4.224676140250424039e-01
5.363663967348448747e-01
4.225795088949866884e-01
6.273932818547776069e-01
4.224676140250409606e-01
5.159608783834391810e-01
4.227319555336503942e-01
5.128906424171189027e-01
4.222685892274224972e-01
4.982723907144948616e-01
4.230626606819277713e-01
6.245725490779674427e-01
4.211925203298088616e-01
4.995674858591148682e-01
4.280880220326154784e-01
4.867302121522972813e-01
4.210128120027430976e-01
4.903071058247741587e-01
4.272528876251922014e-01
5.461342207026106399e-01
4.272417016272727075e-01
4.950981752601175123e-01
4.303946524751044445e-01
4.510207593208938048e-01
4.246043285220421071e-01
4.691750039815036355e-01
4.204703575225614554e-01
4.528165850175215890e-01
4.204703575225615664e-01
4.366055524343080974e-01
4.204164889382034365e-01
4.257844393648625991e-01
4.212069559220644743e-01
4.465514981332971978e-01
4.201608512519787730e-01
4.263574194667693051e-01
4.193780386507942604e-01
4.379534242254053966e-01
4.231230560848365796e-01
4.331069954622426832e-01
4.194033547283020358e-01
4.972973864857682669e-01
4.203641957026559850e-01
4.529255285761935035e-01
4.199547055540077123e-01
5.409756370060549990e-01
4.191814724846761875e-01
4.830489343357386445e-01
4.192474966952044468e-01
4.335451922446149076e-01
4.193110288021006937e-01
4.371934270195353411e-01
4.214791716546777423e-01
5.532464113512043369e-01
4.199032220221033396e-01
5.196353230783549160e-01
4.191808556474946323e-01
4.868321172409517117e-01
4.192648177686065791e-01
5.886173046570510881e-01
4.183473343412021928e-01
4.672194357062345871e-01
4.194189026892394812e-01
5.554817700222011156e-01
4.177938953854122839e-01
5.137378666750757050e-01
4.200077046931881553e-01
5.315315490987382319e-01
4.181148879868688550e-01
6.379775768077065035e-01
4.174539067327661668e-01
5.196477782248895005e-01
4.178047148965322033e-01
5.099507828462608305e-01
4.172191398797647777e-01
5.498378931157835714e-01
4.172191398797638340e-01
5.949298297284856263e-01
4.172191398797641115e-01
5.013635055525029749e-01
4.177727413507721366e-01
4.783521837845460811e-01
4.162353695560409017e-01
4.841186639085148791e-01
4.162353695560406242e-01
4.852135828282825303e-01
4.169625130602740426e-01
4.342413191845865827e-01
4.165747197690248815e-01
4.621939154271939021e-01
4.131167359945927542e-01
5.725044230585338845e-01
4.138908615453672502e-01
4.819885830071890531e-01
4.131167359945906448e-01
4.348217343475154761e-01
4.147204875413675329e-01
4.203574312006626013e-01
4.125716062882716084e-01
4.501367336244296302e-01
4.153103480376194589e-01
4.406684486539673151e-01
4.158800976825469120e-01
4.457355386692936072e-01
4.186955302231992193e-01
4.332777686043329801e-01
4.198416509942243802e-01
5.299132439604524736e-01
4.255230125028684474e-01
4.446425206776249972e-01
4.101255455688717633e-01
5.341498357268064101e-01
4.111452963707058483e-01
4.811190047426175953e-01
4.155848130759101089e-01
4.709094066788980792e-01
4.232140769097414990e-01
4.213663200275915011e-01
4.114174440640827601e-01
4.298576727468185199e-01
4.144993391109233483e-01
4.232232662934286571e-01
4.124385033752561713e-01
4.560943779545142962e-01
4.138961911370168112e-01
5.632206785807826188e-01
4.449622408880125057e-01
4.110863699919037328e-01
4.152270239173453392e-01
4.101255455688719853e-01
4.176361021946047858e-01
4.101352693602743904e-01
4.093388265451206043e-01
4.095358003446876727e-01
4.156816362571293388e-01
4.090697653762995212e-01
4.716412917083098733e-01
4.088481609544556972e-01
4.328542171404046734e-01
4.096928968205929000e-01
4.397107509183941221e-01
4.088982176984196082e-01
4.145645504625347644e-01
4.092908674528034085e-01
4.298059389472529968e-01
4.082277797183143098e-01
4.431084921252879116e-01
4.077806717726514263e-01
4.338665107133764520e-01
4.077385369021334638e-01
4.391850579948977651e-01
4.082659671604680351e-01
4.266094506078725312e-01
4.084476823191502404e-01
4.238089541480309919e-01
4.081880308284001613e-01
4.116450935986228910e-01
4.069654596372739297e-01
4.183261350263499656e-01
4.073057627273913295e-01
4.126437049357466469e-01
4.076855840756538618e-01
4.367212293623269348e-01
4.068403460570363395e-01
4.227801729898328364e-01
4.063328148888829539e-01
4.079939420493423063e-01
4.061857272082627368e-01
4.083504694223907272e-01
4.060207644074334543e-01
4.376669938335542298e-01
4.067158078753279615e-01
4.132997636273274544e-01
4.051709089711377776e-01
4.040375187095984755e-01
4.079245880943960789e-01
4.065243101038030216e-01
4.062145674400968742e-01
4.288626143688492043e-01
4.075840282696498451e-01
4.160716152004499957e-01
4.074841645044660066e-01
4.172879833272539751e-01
4.049344753167332112e-01
4.205675988321296854e-01
4.102175990597255462e-01
4.084664874995200257e-01
4.045485305256327213e-01
4.325428457242811442e-01
4.023572039392442901e-01
4.034220029416281106e-01
4.023572039392447341e-01
4.105098089103949577e-01
4.019076804973564787e-01
4.078956551010097797e-01
4.036507725577282990e-01
4.247754268110863762e-01
4.035550967299657565e-01
4.117860993788977630e-01
4.040659357062730273e-01
4.063248525077271522e-01
4.037857683722413382e-01
4.053659805217132428e-01
4.026413658421176267e-01
4.123477632753927979e-01
4.014943749035860265e-01
4.008611011101047006e-01
4.015430215818008297e-01
4.021081680682713211e-01
4.008611011101047006e-01
4.396510594738376465e-01
4.015187562904623531e-01
4.262179872121733548e-01
4.127849500730900179e-01
4.108423439299986324e-01
4.144719567021247775e-01
4.411738406246616950e-01
4.005706165245194184e-01
4.335234814255932712e-01
4.005907222542599011e-01
4.237416272692992036e-01
4.033896404132398250e-01
4.103934377047281923e-01
4.113229300848195713e-01
4.301796734084617491e-01
4.017940534715299661e-01
4.136118472509517363e-01
4.003210364316216463e-01
4.008687724853821077e-01
4.005042537192322061e-01
4.173475649875295068e-01
4.005642691595369120e-01
4.153823160889005828e-01
4.016277269973907438e-01
4.229808638613971050e-01
4.002716513516761943e-01
4.023278528659012254e-01
3.993931599318437664e-01
4.005679328332163447e-01
3.998833444730455766e-01
4.005420491777128000e-01
3.995724654838993528e-01
4.079667049801170009e-01
3.998140970505202341e-01
4.019243416367540012e-01
3.990199246700080193e-01
3.997242815809562422e-01
3.990195146991438735e-01
4.002874051770177743e-01
3.983305727104958782e-01
4.046065759451937249e-01
3.996994396900981905e-01
4.260609653092586324e-01
4.011901972996254062e-01
4.157838400454990646e-01
3.946979195680269670e-01
4.313659218293562914e-01
3.964889485586874374e-01
3.952204533838517553e-01
3.981885713282266037e-01
4.172652048147314496e-01
3.948779929038718217e-01
3.977640531583341299e-01
3.999094379431007984e-01
4.062371922110312727e-01
3.983773973238884936e-01
4.081384709494648710e-01
3.950275516320348457e-01
3.968770825750691511e-01
3.967157226454288144e-01
4.004739683517177240e-01
3.972792670853911856e-01
3.965203572505268670e-01
3.955285970386054895e-01
4.079411037889150715e-01
3.941089572199147351e-01
4.112290938675446927e-01
3.942675579752445425e-01
4.012466647662649710e-01
3.972717007618073448e-01
3.941654088633428366e-01
4.098114092045670454e-01
3.932597745589747062e-01
4.019620561873726849e-01
3.954467866449830615e-01
3.953550939929312280e-01
3.939459064214722583e-01
3.943159925936520205e-01
3.936712028964534649e-01
3.937687753287320014e-01
3.933408862991747412e-01
3.950829308150909935e-01
3.928912782926620162e-01
3.951838282743069253e-01
3.930283714546707330e-01
3.929601962735239096e-01
3.937099029858749377e-01
3.959648523820035182e-01
3.945913700274419900e-01
3.992241955121717534e-01
3.931192138808256020e-01
3.982209821663025839e-01
3.927695218652627607e-01
3.934343441152283738e-01
3.932586066561010729e-01
4.020647169896609530e-01
3.923438355739622407e-01
3.962621969334608196e-01
3.924208692165570556e-01
4.010654048279450046e-01
3.922630379146563873e-01
3.987723413291251462e-01
3.919008096818627496e-01
3.931198710571240929e-01
3.919676855716406338e-01
3.968126272124168907e-01
3.920207210757422622e-01
3.924704385604235735e-01
3.922482336582169826e-01
3.923878910380643736e-01
3.920664627024786353e-01
3.922293343170751290e-01
3.916353769990673639e-01
3.920579376478512956e-01
3.913757118682892333e-01
3.917703250472380216e-01
3.944642089835949661e-01
3.948278094955079420e-01
3.912600507945607764e-01
3.957934987003747795e-01
3.911111128822949978e-01
3.921803891032443756e-01
3.925631665507923196e-01
3.915034829561432894e-01
3.917187827950072698e-01
3.971051200654652780e-01
3.914500822124378776e-01
3.875816051357041658e-01
3.873804552134222923e-01
3.830594386867732792e-01
3.824767961828600682e-01
3.838130659041696924e-01
3.825223219602638669e-01
3.812447772618735020e-01
3.811025451599433511e-01
3.842017442870188648e-01
3.821760293850235968e-01
3.841958551362573138e-01
3.815941808082096709e-01
3.837500194853938895e-01
3.816090171394119768e-01
3.803282731244133075e-01
3.810509137174790117e-01
3.802226308863244086e-01
3.808091094566786183e-01
3.888123712250169395e-01
3.812082973920550844e-01
3.889888700036013836e-01
3.803840009788408416e-01
3.893842443854909630e-01
3.809941517126286259e-01
3.837554657629800858e-01
3.807238185538268094e-01
3.843079838633225442e-01
3.798876547623325495e-01
3.869613878003683727e-01
3.798720524557546163e-01
3.815148458508330065e-01
3.802524455400969616e-01
3.888305672303110638e-01
3.803836746070627939e-01
3.815365749273846308e-01
3.822879941738367426e-01
3.795380175659078259e-01
3.796236214029939382e-01
3.804503396004096372e-01
3.805387406891365676e-01
3.839278066292522995e-01
3.789973725540664584e-01
3.811131012668941831e-01
3.793572549197027355e-01
3.846254400128299999e-01
3.788975327365651236e-01
3.805864835453797168e-01
3.800815869718451312e-01
3.826085526931191083e-01
3.790687741715218495e-01
3.796492312292472082e-01
3.805788688055904423e-01
3.803594389844763834e-01
3.786286557846034184e-01
3.794030136943466469e-01
3.783243907338704748e-01
3.792407616456471287e-01
3.784833924456368903e-01
3.812447812344180176e-01
3.780801712015343652e-01
3.814870994544943272e-01
3.782368800207644433e-01
3.852851485391369790e-01
3.777849283770031708e-01
3.812180367519855673e-01
3.777497119667453940e-01
3.802520248394515856e-01
3.777361197855831354e-01
3.781116369585029169e-01
3.774282902045701382e-01
3.770930014672109198e-01
3.764499292512663020e-01
3.773308731481603284e-01
3.766116019385302160e-01
3.790589627170220521e-01
3.766567833341022409e-01
3.774469684653955492e-01
3.770859410008124968e-01
3.913334387742196663e-01
3.777661383350496838e-01
3.827026616682870919e-01
3.764749514424839960e-01
3.793734441225993792e-01
3.769093304693120206e-01
3.794593899007273619e-01
3.764251598565228618e-01
3.794209881948396035e-01
3.762341369972475036e-01
3.778484951479523235e-01
3.762916131017141619e-01
3.770318310751877289e-01
3.762912649922902641e-01
3.792131032472317309e-01
3.759294331475125372e-01
3.847479118027119505e-01
3.782657154581320347e-01
3.812381542615091989e-01
3.763060404558828953e-01
3.813728458039339353e-01
3.790631534955467563e-01
3.787887034155676957e-01
3.760141419775064331e-01
3.772298924149888877e-01
3.772320456125809462e-01
3.826682855831316510e-01
3.763647964380927857e-01
3.765022874596546942e-01
3.760770678527471933e-01
3.765651658171292882e-01
3.762595926828348203e-01
3.787203795987138522e-01
3.761606795612713605e-01
3.790541788929572831e-01
3.762332103302015729e-01
3.779891728265998840e-01
3.770137666226840989e-01
3.814007166537304316e-01
3.763539674097747256e-01
3.777774595747213082e-01
3.756844142522163810e-01
3.789371626497488599e-01
3.761817264327521615e-01
3.784308653562570290e-01
3.756135875572924054e-01
3.759260615723769017e-01
3.761242176801558590e-01
3.773092589992746437e-01
3.763215791417544587e-01
3.762782096985324287e-01
3.758789333351118533e-01
3.815450860732558236e-01
3.770920374908474093e-01
3.789834008626945527e-01
3.760554392255249789e-01
3.778157741304438710e-01
3.767274101400820419e-01
3.763115854585664111e-01
3.773485040620490061e-01
3.795692477282907595e-01
3.763820965367506988e-01
3.801369853349905736e-01
3.766648739137189450e-01
3.890624259476184732e-01
3.758435945396275124e-01
3.752849014515083348e-01
3.757925228484715885e-01
3.752886301353912657e-01
3.762562507161928971e-01
3.752375092330076378e-01
3.755511118217211841e-01
3.751866450716623835e-01
3.751972163060769971e-01
3.751645494079652865e-01
3.750011854728761418e-01
3.748588373578919386e-01
3.756982522644543021e-01
3.748807580717278820e-01
3.748942766110073266e-01
3.749407012604045741e-01
3.749990465206858303e-01
3.751317193991409171e-01
3.750272727856065469e-01
3.747285257513007228e-01
3.757152176115012288e-01
3.751569828794878991e-01
3.768598089373333959e-01
3.746674000956406458e-01
3.755786009732458020e-01
3.748744414233324829e-01
3.755979102206329356e-01
3.746397877696372447e-01
3.747583452644882573e-01
3.747509419579620471e-01
3.746692502766469923e-01
3.743567312487002807e-01
3.750392758022603745e-01
3.742942036517558080e-01
3.744240048029913170e-01
3.744972896474220714e-01
3.744774783091434078e-01
3.744189313594724622e-01
3.749883978886369151e-01
3.743583967254679457e-01
3.746741054323424747e-01
3.766456592300013728e-01
3.745039164234863494e-01
3.749735018664360764e-01
3.744207476429782799e-01
3.751240171498765874e-01
3.739392071470361567e-01
3.735342186071973214e-01
3.737222510252511953e-01
3.736389152613815434e-01
3.738199287930593639e-01
3.737736425034959842e-01
3.737383154854202472e-01
3.736487828070219064e-01
3.741136462559402354e-01
3.741554130682467894e-01
3.736485575623203492e-01
3.737779934618563615e-01
3.745417309102004877e-01
3.737292567107975416e-01
3.741840925398255968e-01
3.737000579150372981e-01
3.738992976570043036e-01
3.734953386739199854e-01
3.739846040071271860e-01
3.734120747198278467e-01
3.735074358287397422e-01
3.741003857565938229e-01
3.744325374202596146e-01
3.732948172755173322e-01
3.733970951045348374e-01
3.735791991838465775e-01
3.740573027463489630e-01
3.732742586550807373e-01
3.731518796880448630e-01
3.731725674213095534e-01
3.734754391756349712e-01
3.733064511074645209e-01
3.735769975488394956e-01
3.735778688410434367e-01
3.731194579619597773e-01
3.734530145113558186e-01
3.729305842794590764e-01
3.730444375672684609e-01
3.730809473071325932e-01
3.729235186766447496e-01
3.729450222087624667e-01
3.729706055423440691e-01
3.739010955550582382e-01
3.729330274205728268e-01
3.730557299387264325e-01
3.729025025235324087e-01
3.741019149959405321e-01
3.729306967629800740e-01
3.731640807630314804e-01
3.731426194680677599e-01
3.732139248352726035e-01
3.729092859974815766e-01
3.728529758656734527e-01
3.728749372023262287e-01
3.740550800779600671e-01
3.731770925567577946e-01
3.735231679218209422e-01
3.730015003381798588e-01
3.741399249324822152e-01
3.732801343740099198e-01
3.728986481741444758e-01
3.730434936373028809e-01
3.732586297549488896e-01
3.728306748200281850e-01
3.743101612444272863e-01
3.731560255390622971e-01
3.739785771120469060e-01
3.731573852840459060e-01
3.757131519777899276e-01
3.731116636072923654e-01
3.745363783942657898e-01
3.728948099870162403e-01
3.737364374556734758e-01
3.728689327053040237e-01
3.730868113546886300e-01
3.727978589295669609e-01
3.733043248016416626e-01
3.729529615414436949e-01
3.738292067841854083e-01
3.739254435623833861e-01
3.724863139747357499e-01
3.727268218984094439e-01
3.728671003879477919e-01
3.726710540085730328e-01
3.723673697146850925e-01
3.721462318020922755e-01
3.723629655678173389e-01
3.719108627932500855e-01
3.736143494307189172e-01
3.724260564703995025e-01
3.732944596004806326e-01
3.719121417778432637e-01
3.726618812832481198e-01
3.720147483887724094e-01
3.733356939759826520e-01
3.720645495233415589e-01
3.722831053427974601e-01
3.719554847052703450e-01
3.719690005464856286e-01
3.720152139575078620e-01
3.739085728187136470e-01
3.720211736110227152e-01
3.721828413948549130e-01
3.720899162558820583e-01
3.726851059090274254e-01
3.724657899026850849e-01
3.719413394752320023e-01
3.718538350786460001e-01
3.718363047161962198e-01
3.720998482208817681e-01
3.721664305103739023e-01
3.716440762372068551e-01
3.729275486842271725e-01
3.716768150734627851e-01
3.717682386618131885e-01
3.718704514342753842e-01
3.714716279911354779e-01
3.714608202505405576e-01
3.729921065831532379e-01
3.713753071391456828e-01
3.716276478521550741e-01
3.716625181914500198e-01
3.715108243103485419e-01
3.714338717738960294e-01
3.717136434016446445e-01
3.713206308961625179e-01
3.723387045159542441e-01
3.714654408452309764e-01
3.720280805784791367e-01
3.714353513693938735e-01
3.726464227088967518e-01
3.712881906436356627e-01
3.719027856402850052e-01
3.713595596110234598e-01
3.716122210362583500e-01
3.711269130445805642e-01
3.710194341469927326e-01
3.712359548657824249e-01
3.724364993251656486e-01
3.708321039907562788e-01
3.714144500382318137e-01
3.709242668552844013e-01
3.713101978552108551e-01
3.711205058706137927e-01
3.728756771248064039e-01
3.721577328900753101e-01
3.711557036212248528e-01
3.709281930672770899e-01
3.717851045767883722e-01
3.709085481124068662e-01
3.713975540321652891e-01
3.712892206717169352e-01
3.725781921145174813e-01
3.708412317604634079e-01
3.704323460305896654e-01
3.703263438332852209e-01
3.707947149016369570e-01
3.704280188129724927e-01
3.707646701472048223e-01
3.709454220479325159e-01
3.722927604078189456e-01
3.704789080522483680e-01
3.725807519687650005e-01
3.707108450315544923e-01
3.709762557816028705e-01
3.701771238867210823e-01
3.706261203298633622e-01
3.701162728526224410e-01
3.704992628975846691e-01
3.701522690836264728e-01
3.702399774366498808e-01
3.704636019017199522e-01
3.713908805946007918e-01
3.706318582575904297e-01
3.719245549998540512e-01
3.702993841547484455e-01
3.715416153926257015e-01
3.702333998441479368e-01
3.703704506326663815e-01
3.701505071741597597e-01
3.706454881239399368e-01
3.699908198245437929e-01
3.710758972277291012e-01
3.700535739807132574e-01
3.700117288300448504e-01
3.703728106497343187e-01
3.701341175192131017e-01
3.700005235053234198e-01
3.714835163902521775e-01
3.703528789859268366e-01
3.702106224658640032e-01
3.701582581057893950e-01
3.706841187920945635e-01
3.710007719057487607e-01
3.693891312747109579e-01
3.694911238120047181e-01
3.705175432886415599e-01
3.695734768644135526e-01
3.710575357075093783e-01
3.694892694513101650e-01
3.698263419473067914e-01
3.700945268452856540e-01
3.694052894869416237e-01
3.701038711078781795e-01
3.698702628610254783e-01
3.693395943154917926e-01
3.692320493256472380e-01
3.691457781249918857e-01
3.695073634797891859e-01
3.691671801652394169e-01
3.700873443708335153e-01
3.691580442590607913e-01
3.694097218481622313e-01
3.687039074547165951e-01
3.704835383357935608e-01
3.690714739101630393e-01
3.699049787317590376e-01
3.689711591768926047e-01
3.689373934928623644e-01
3.685594103874454963e-01
3.689741182128899455e-01
3.685796136906294151e-01
3.696230089765176752e-01
3.687560543900468835e-01
3.709501004874527497e-01
3.685359251297244398e-01
3.687328641876928548e-01
3.685230766510713130e-01
3.686750067441068590e-01
3.690271991299678978e-01
3.689178874554003285e-01
3.686849635680247150e-01
3.698490129499077406e-01
3.692036540681211121e-01
3.697140329059681596e-01
3.688090707582899475e-01
3.691052144394658674e-01
3.686446231818807373e-01
3.697146418771543597e-01
3.690392809515841144e-01
3.694047077882953722e-01
3.687487878585494205e-01
3.688504998101518328e-01
3.685930787922038765e-01
3.688209352903977778e-01
3.684799877273501889e-01
3.691617818856957056e-01
3.686335056208734362e-01
3.692107916996986705e-01
3.685117534362626346e-01
3.684238427602943289e-01
3.684871791506630911e-01
3.687307658619541906e-01
3.684364504308288990e-01
3.685843294274057103e-01
3.685474382116577519e-01
3.695247283216476775e-01
3.684995808337460099e-01
3.696781511456846969e-01
3.683212297620199194e-01
3.683571949926051636e-01
3.684129021493440792e-01
3.686192261878366017e-01
3.683488592895979297e-01
3.711062148983756415e-01
3.683568272147786926e-01
3.686392977347005551e-01
3.687212393437405145e-01
3.689117461444893498e-01
3.683501799226944207e-01
3.687393441134429461e-01
3.692390330885152450e-01
3.681563193308726722e-01
3.684358135152447922e-01
3.698132910172103882e-01
3.683255359278855279e-01
3.680407695443243532e-01
3.680689000271173406e-01
3.695999213819695095e-01
3.682225870579818872e-01
3.683698466931436544e-01
3.683682866002681577e-01
3.681449205011997350e-01
3.679847930857593763e-01
3.685449828549317575e-01
3.681656446716121689e-01
3.682204831669625422e-01
3.683768024284952980e-01
3.686651696970945080e-01
3.681756515052399537e-01
3.694431729531435504e-01
3.680191510207536654e-01
3.685710797128732286e-01
3.682225428869814188e-01
3.703555248121461196e-01
3.680987723550702695e-01
3.680180530688560436e-01
3.680208942520334370e-01
3.682863983025702059e-01
3.679711962508763756e-01
3.692139413555904914e-01
3.680053925077200194e-01
3.692474053416687219e-01
3.678932978380287655e-01
3.693289945912118788e-01
3.679811015778098882e-01
3.682189411232003051e-01
3.679657923574143896e-01
3.682152242938418474e-01
3.679507135602755885e-01
3.680838051438891090e-01
3.682910359746486284e-01
3.689129856663249662e-01
3.683751706865028841e-01
3.688531702320309025e-01
3.679500635024565147e-01
3.683712456772120780e-01
3.680654446645313937e-01
3.686358130300070868e-01
3.682078594083827427e-01
3.680137016125855642e-01
3.680339911357856097e-01
3.681495886607147883e-01
3.679373329954693794e-01
3.678171760695115866e-01
3.678369384892385963e-01
3.679866407429298603e-01
3.685673231321639487e-01
3.681852792763896098e-01
3.679751962131562193e-01
3.696405543390903214e-01
3.679993634179014039e-01
3.694538051624997044e-01
3.680646695775124377e-01
3.679387265484010405e-01
3.679560959303345147e-01
3.680754532588845218e-01
3.679310809397706161e-01
3.680356631460285910e-01
3.679840743856693797e-01
3.674307484664841028e-01
3.673868564903456368e-01
3.680341055000744821e-01
3.673071348282449522e-01
3.680911163146201037e-01
3.673324628825385130e-01
3.682176898285400846e-01
3.673375652275331915e-01
3.677393036482429212e-01
3.671229301039491966e-01
3.673273617156255777e-01
3.671849132121705050e-01
3.685885980866197009e-01
3.673013791972892794e-01
3.685308893187104751e-01
3.672572194764875397e-01
3.698925486301963828e-01
3.671912728557290562e-01
3.682388973647789943e-01
3.670364685177846531e-01
3.690313824885872451e-01
3.673054649414166373e-01
3.671584292042820441e-01
3.671388520445713066e-01
3.674106441578340876e-01
3.678551051898822921e-01
3.684460104051220375e-01
3.671000094907815314e-01
3.677531841155313730e-01
3.670485447482138563e-01
3.673547629877492171e-01
3.672579143342318830e-01
3.677901445642569600e-01
3.675015468940823204e-01
3.683230093474613165e-01
3.668986470215293560e-01
3.674730037000879523e-01
3.669805749028914876e-01
3.681146453659860929e-01
3.669580864098779815e-01
3.669418774433375607e-01
3.670779455909023437e-01
3.669443408634101012e-01
3.669527820810870034e-01
3.670375336536898514e-01
3.670197470658508321e-01
3.669156897093033276e-01
3.670274093542162386e-01
3.669362317458477185e-01
3.669646640187527176e-01
3.669809953703940253e-01
3.669574337840730283e-01
3.669620512305439286e-01
3.670893477163612029e-01
3.669268131371459241e-01
3.669631753539278618e-01
3.669247254360120114e-01
3.672006982996264823e-01
3.669074105339533709e-01
3.671707007989781779e-01
3.669111652397741286e-01
3.669753533687848401e-01
3.668543063669850168e-01
3.670453178924398818e-01
3.668710559250585868e-01
3.672616573710129617e-01
3.669108658578220661e-01
3.670967964887151824e-01
3.668829549025758863e-01
3.672439569398998627e-01
3.669083875843438536e-01
3.669722965670959569e-01
3.668911051772504317e-01
3.669270067044849148e-01
3.668763141810809092e-01
3.669756020241207728e-01
3.668591710486140411e-01
3.669788016007321518e-01
3.668395751679365269e-01
3.670181993565286849e-01
3.668336390920731160e-01
3.670555564845822683e-01
3.668735688776980641e-01
3.671506014040799015e-01
3.669016543326342750e-01
3.671423500962204267e-01
3.668409041455497621e-01
3.667969011664157786e-01
3.669346485857000184e-01
3.670464733057084983e-01
3.666391954761925587e-01
3.665635048026931742e-01
3.665724459952920955e-01
3.666274364210100889e-01
3.665540232355045669e-01
3.664359976627433180e-01
3.663551327116535417e-01
3.662166657859363683e-01
3.661586141014003259e-01
3.669637428762575482e-01
3.661047062730849455e-01
3.664284792595533524e-01
3.660754434086077036e-01
3.666999309187757849e-01
3.660364161942548655e-01
3.660155715220397288e-01
3.661405588648111165e-01
3.661841314022257210e-01
3.661012559370248054e-01
3.662276920371209665e-01
3.660496589824434599e-01
3.662879992320220990e-01
3.660669437286908079e-01
3.661677422543152538e-01
3.660823881826887893e-01
3.662916082663352224e-01
3.660741684295379939e-01
3.664166626640913971e-01
3.660497445445528020e-01
3.659314811642429000e-01
3.659558753216757832e-01
3.661016150699757943e-01
3.661204776802026162e-01
3.659090560810577819e-01
3.657070609637727565e-01
3.656258884935325026e-01
3.656437651542676637e-01
3.660207754763560861e-01
3.656838006420387588e-01
3.657827025398954213e-01
3.656378538700235659e-01
3.658515507573924519e-01
3.656348974993748890e-01
3.658837636758876521e-01
3.656446638945186622e-01
3.658084823702471011e-01
3.658043662199548240e-01
3.658085438076987828e-01
3.657598783965712586e-01
3.657889471650554447e-01
3.656818022133397905e-01
3.659013785200231350e-01
3.655970452049504549e-01
3.655770585573439035e-01
3.657032524260022122e-01
3.656414973692992398e-01
3.657219244639078326e-01
3.658654494565953819e-01
3.655740157704517324e-01
3.656014853747771021e-01
3.656718091398470927e-01
3.660179049091547010e-01
3.657395342622146717e-01
3.655632172770864052e-01
3.656350817334775849e-01
3.656373341424147272e-01
3.656046237400467080e-01
3.655570515345735738e-01
3.655617834331235660e-01
3.658576924694225130e-01
3.656787199444228031e-01
3.656916896299319264e-01
3.656776969808041566e-01
3.655187357880130272e-01
3.655229112453928231e-01
3.657185331330694567e-01
3.652617120574851994e-01
3.658433717399037777e-01
3.650520761533997960e-01
3.650519629784469977e-01
3.651605508367717912e-01
3.654030408617951475e-01
3.652439423662072748e-01
3.654182347160899180e-01
3.650924376166813645e-01
3.654293370407748487e-01
3.650539096536978279e-01
3.651374146211380234e-01
3.650336481883011963e-01
3.653187291064946551e-01
3.651264832402910110e-01
3.651460235479743188e-01
3.650923985846120656e-01
3.651695082468612297e-01
3.650495325109136546e-01
3.650128215365212037e-01
3.650175956421304324e-01
3.651392011518289626e-01
3.651270299962927068e-01
3.652870614844573316e-01
3.650117877733364824e-01
3.652899089070664185e-01
3.650390225876163908e-01
3.652404619931920449e-01
3.650080104795868086e-01
3.652185159951834015e-01
3.648572844305518759e-01
3.649940951138680445e-01
3.648986779938116487e-01
3.651287742898996491e-01
3.648990607099110717e-01
3.652715449702893524e-01
3.649790809010369785e-01
3.646364959385903215e-01
3.646299063105198357e-01
3.646306520913475402e-01
3.647695306284732264e-01
3.643743892084539415e-01
3.644246134443115959e-01
3.642628546337692841e-01
3.646115870187206509e-01
3.643488223955460570e-01
3.642651535193019430e-01
3.642206911848063777e-01
3.642389986139117353e-01
3.643477753286523124e-01
3.642005905353406514e-01
3.642312715305506821e-01
3.642091694594902229e-01
3.643700034500608198e-01
3.642211194312696687e-01
3.644335732492641755e-01
3.643329806989142328e-01
3.643464950039038142e-01
3.642214181066620315e-01
3.642584426287579502e-01
3.641931005146958888e-01
3.642399259736641137e-01
3.642251025646870977e-01
3.643029531176833480e-01
3.642448304857171526e-01
3.641740789381652244e-01
3.642172620140106121e-01
3.644705655718910031e-01
3.642051462417136842e-01
3.644420837555118475e-01
3.641737541201428008e-01
3.643266475901259516e-01
3.642155755127184369e-01
3.649214912728525606e-01
3.642797783778911058e-01
3.646024236669245244e-01
3.641464503040293121e-01
3.643376803963538357e-01
3.641259188422183435e-01
3.649252314039591605e-01
3.641304239780444041e-01
3.641881264518418426e-01
3.641610315018605215e-01
3.642623479679612530e-01
3.640022096987913791e-01
3.640370078833087275e-01
3.640551771033897488e-01
3.639729272547408967e-01
3.639176256344184845e-01
3.639621211129455691e-01
3.639547466659700525e-01
3.639165575125363206e-01
3.638817233274994623e-01
3.639957761566287586e-01
3.638749554050011992e-01
3.639929805903970306e-01
3.639518627880750090e-01
3.641992023446234406e-01
3.639321036057793224e-01
3.639056503201191783e-01
3.640396067107822820e-01
3.638235261756528338e-01
3.638673956767477513e-01
3.638954146782856780e-01
3.638057145087867927e-01
3.638849702713705114e-01
3.637954847967905248e-01
3.638502776886208823e-01
3.639515242596594313e-01
3.641565519467439005e-01
3.637682153141849617e-01
3.640662887911347845e-01
3.637903307025859290e-01
3.638714873110420189e-01
3.638701467010755364e-01
3.640510057930177457e-01
3.638525003810670899e-01
3.640223057430980180e-01
3.639037913000282565e-01
3.639501420795883124e-01
3.638570716899423574e-01
3.641374207213468606e-01
3.637308710800224998e-01
3.646811274953213333e-01
3.637156481079249493e-01
3.636338452990431902e-01
3.635961507102487555e-01
3.635675185111910679e-01
3.636893375543890916e-01
3.638304008075855522e-01
3.634960120646226756e-01
3.634647079702679195e-01
3.635392093952967141e-01
3.636588641018950741e-01
3.634826681525830105e-01
3.640462329046648682e-01
3.634651886208263294e-01
3.637069233296541526e-01
3.634699828377290776e-01
3.637502060960566830e-01
3.635001277796246488e-01
3.636194136827305412e-01
3.634535234815669535e-01
3.635416243445078743e-01
3.635258845126745353e-01
3.635473078151964521e-01
3.634355302827753098e-01
3.637337428934856454e-01
3.634821728556857368e-01
3.645270777611055446e-01
3.638062372388281562e-01
3.634613775418012449e-01
3.634716275208842995e-01
3.634636635336203070e-01
3.634637610643340344e-01
3.636580556898420524e-01
3.634449435597952305e-01
3.635131215275145267e-01
3.634335107535967002e-01
3.636674838158762135e-01
3.634404414746494338e-01
3.640103423606825261e-01
3.636180263286923342e-01
3.641587120891645601e-01
3.633253788334800949e-01
3.634691805343943094e-01
3.631591542866094424e-01
3.631426486087225847e-01
3.632538155622163090e-01
3.629861316586050490e-01
3.630105419881675122e-01
3.632146700232015690e-01
3.631186651983442926e-01
3.633548563146756782e-01
3.629927970257311731e-01
3.632192050048016485e-01
3.630466290001471141e-01
3.628300767332769960e-01
3.627794256829439679e-01
3.629509290262189491e-01
3.627217317009834296e-01
3.627970647597963394e-01
3.627131397283017700e-01
3.631483611192475314e-01
3.627838722045799713e-01
3.628382327679818276e-01
3.628764273964812936e-01
3.627709281546667164e-01
3.627422743760576607e-01
3.628043897294717657e-01
3.627278999695273676e-01
3.627000408980096680e-01
3.626784613949580738e-01
3.630018071297821391e-01
3.626880532252461098e-01
3.628877881038972131e-01
3.627233395626479617e-01
3.627818089248802114e-01
3.626421128029571062e-01
3.625604326019690737e-01
3.625508591550630211e-01
3.625286623397847019e-01
3.625498991269683891e-01
3.626801592287784426e-01
3.626027471504681965e-01
3.627496046810805841e-01
3.625760469236362082e-01
3.626398894574566212e-01
3.625909362585969520e-01
3.630017815040068596e-01
3.624868748347806480e-01
3.624468821957410047e-01
3.624809488288049941e-01
3.623625602153672243e-01
3.624760766909438936e-01
3.626982488602077392e-01
3.623184655047148039e-01
3.626880352545314712e-01
3.623317607503148130e-01
3.625058689758540176e-01
3.623832131943342527e-01
3.624272713198735119e-01
3.622596787803502028e-01
3.623733958133578126e-01
3.621889352168751741e-01
3.623696521125322478e-01
3.621798919297449793e-01
3.627125515754511254e-01
3.621834521079775326e-01
3.625917826682898415e-01
3.621846391046626978e-01
3.624621117436997997e-01
3.621698532624900158e-01
3.623822891100205723e-01
3.622246126055312376e-01
3.622543181019576841e-01
3.622874785557232413e-01
3.622322381518531809e-01
3.621838012674050700e-01
3.622182134173982937e-01
3.622333979236838086e-01
3.623648840344550481e-01
3.623660066728231488e-01
3.627299075356902880e-01
3.621487206437659090e-01
3.623079082999037803e-01
3.621660842123336499e-01
3.621788913813123179e-01
3.620639368621220711e-01
3.622314643702588821e-01
3.621789039303714985e-01
3.622635822994166865e-01
3.620356136376490230e-01
3.621652642685161960e-01
3.620532929287580970e-01
3.624103678887368729e-01
3.622199637109292936e-01
3.618690535315576828e-01
3.619609418384158728e-01
3.620352662422873236e-01
3.619707436880850726e-01
3.619732919111215419e-01
3.619525140473607849e-01
3.622802349898194829e-01
3.619871787159945620e-01
3.622250476723500312e-01
3.619556424031176167e-01
3.619167729770131903e-01
3.618391749168001770e-01
3.621223609257173681e-01
3.618703031835061035e-01
3.617997908200913382e-01
3.618070830920869230e-01
3.620774682035076686e-01
3.618543911719662720e-01
3.618454105201937554e-01
3.620245688050434119e-01
3.619506728868843726e-01
3.618712752424477763e-01
3.623649364910505599e-01
3.617415277005135987e-01
3.618749581924724512e-01
3.618428746973790799e-01
3.617932164551591057e-01
3.617057344593799240e-01
3.620917485033486871e-01
3.616713864008672674e-01
3.617998076437384247e-01
3.618543941574478007e-01
3.619165718703143408e-01
3.615118268654098355e-01
3.614616781282584124e-01
3.614598547922018845e-01
3.614195202039477972e-01
3.614405669100816398e-01
3.611748597600475397e-01
3.612770445254442353e-01
3.611089809517296634e-01
3.611221094109278162e-01
3.617314593304314929e-01
3.611986459055823717e-01
3.610541470172076162e-01
3.610410240991302477e-01
3.611016664283263622e-01
3.611768238493927030e-01
3.611484451877008950e-01
3.610510623195618551e-01
3.610020070996019514e-01
3.611749243726003478e-01
3.610258296244437948e-01
3.609091983583349039e-01
3.609017607512641779e-01
3.609370638806946308e-01
3.610816738421992467e-01
3.611003800891815496e-01
3.609040579288163575e-01
3.609369060698294218e-01
3.612999716560446051e-01
3.609444839659455839e-01
3.613128847746375771e-01
3.609110688310585013e-01
3.611514508638113963e-01
3.609099488087560426e-01
3.611031711484586904e-01
3.608740388209496497e-01
3.609829535466684280e-01
3.608750197460595666e-01
3.610555846882578801e-01
3.608552150786788482e-01
3.609824478749047993e-01
3.609401760485298483e-01
3.611186525629304644e-01
3.609201440264863114e-01
3.609071239392366293e-01
3.607831452043950837e-01
3.606744098898398976e-01
3.606657954239216868e-01
3.606953961603442949e-01
3.609554323103587592e-01
3.617138270978016434e-01
3.606974125411757659e-01
3.604872213200450148e-01
3.604866173776462568e-01
3.604225720227078322e-01
3.604993710142004315e-01
3.606224345728430980e-01
3.603292904690352794e-01
3.606819574418287933e-01
3.603894633578277329e-01
3.602528244091419141e-01
3.602337808796704510e-01
3.606340586379284119e-01
3.604890733104377798e-01
3.603182739660925615e-01
3.602429930465562147e-01
3.604479192940462928e-01
3.603528403851771755e-01
3.604671997978819986e-01
3.602109490256665270e-01
3.602758365956770792e-01
3.602526011871914347e-01
3.603917641215193535e-01
3.602968490100157961e-01
3.603481153261420267e-01
3.602607093383305426e-01
3.606378830000073754e-01
3.602403173940557646e-01
3.612998088245800155e-01
3.600034716668468748e-01
3.598329046466559045e-01
3.598918048463497499e-01
3.601844495700938786e-01
3.596359496786051269e-01
3.597242056583374037e-01
3.595582438104741319e-01
3.597192795138145494e-01
3.595705675076037999e-01
3.595748449393878499e-01
3.596101964517819938e-01
3.597264791287558272e-01
3.595132088492580813e-01
3.596643720528830412e-01
3.595613217433209496e-01
3.596573603674717567e-01
3.596718700003084801e-01
3.597594815865293727e-01
3.595841838783583877e-01
3.593112064535702310e-01
3.594057671735940707e-01
3.592000365944783002e-01
3.592962989614672531e-01
3.593802237664510679e-01
3.592154983361877663e-01
3.594000684557348002e-01
3.592974532983047586e-01
3.593444445201426918e-01
3.591782458443318893e-01
3.592744547729430082e-01
3.591669392345067102e-01
3.595017947583647455e-01
3.593047361635448578e-01
3.597656754329778828e-01
3.591702004992352038e-01
3.596487324724149115e-01
3.593350429791911105e-01
3.591835929021745533e-01
3.591394897705962319e-01
3.598745170403861993e-01
3.591920120567427821e-01
