1.336668043776402026e+00
1.327555091261224174e+00
1.333776317331372363e+00
1.299173226694672056e+00
1.338344484285575398e+00
9.695630143628710673e-01
8.776699439061442787e-01
8.269187746709207865e-01
8.228276288319911203e-01
8.328387265860147659e-01
8.239444659940602378e-01
8.233907866960034072e-01
8.311827407279940294e-01
8.530937435818198855e-01
8.299990217469753739e-01
8.238598451811300905e-01
8.200163394810212614e-01
9.370763850316995436e-01
7.816251202123161157e-01
7.841314859487648059e-01
7.824327636654986318e-01
7.806236385998200911e-01
7.813495336776861144e-01
7.889971410381526606e-01
8.791594663185952063e-01
9.351928043796300383e-01
7.911030353790687863e-01
7.989585022068707021e-01
7.781160946689459346e-01
7.793607136095924703e-01
7.802895601998010022e-01
7.856669013781099054e-01
8.237261246760755329e-01
7.920198041487483964e-01
7.806125254109642642e-01
7.755990009258773021e-01
8.729191062205472473e-01
7.802271446469042360e-01
7.787537577836926017e-01
7.756637133109384186e-01
7.750112728517587479e-01
7.760577641794083048e-01
7.686947125743640585e-01
9.384352165333079698e-01
9.651637816157400129e-01
7.967606778837473813e-01
7.740501083805846338e-01
7.686947125743640585e-01
7.686947125743640585e-01
7.709604315341351821e-01
7.646996062407103167e-01
7.846125873797556993e-01
7.804104193205250173e-01
7.646996062407105388e-01
7.646883347069215464e-01
7.966958883873263009e-01
7.548112967989856203e-01
7.548112967989855093e-01
7.548112967989855093e-01
7.548112967989855093e-01
7.528834279507305993e-01
7.518064984041711307e-01
7.826901237406455047e-01
8.546804336139967040e-01
7.518064984041712417e-01
7.518064984041711307e-01
7.518064984041711307e-01
7.518064984041710197e-01
7.518064984041711307e-01
7.577584327567067346e-01
9.130789392672915561e-01
7.518064984041711307e-01
7.518064984041711307e-01
7.518064984041711307e-01
7.710470227809720356e-01
7.518064984041710197e-01
7.518064984041711307e-01
7.261382563838839621e-01
7.254786427372114099e-01
7.061624919135979228e-01
7.074718981870250500e-01
7.296260943792801656e-01
7.965722066205778162e-01
8.337948182214393045e-01
7.225902867487594694e-01
7.215582597466470016e-01
6.943324423048051752e-01
7.297825355415694659e-01
6.936037739940915658e-01
7.576879129269569191e-01
6.942570053256874596e-01
6.989033699516278286e-01
7.064959016129644942e-01
7.097330192992463704e-01
6.938830584605475416e-01
6.929715804390751410e-01
6.935138236084373853e-01
6.976584557167916367e-01
6.965681102558574089e-01
7.488302774029357289e-01
6.948185847035620588e-01
7.719879704100842677e-01
6.933491863385731202e-01
6.973732860507479980e-01
6.926018715766715239e-01
7.337993780754852313e-01
6.938663750205973368e-01
7.210265001493110226e-01
6.925382102470036827e-01
7.080314028982270802e-01
6.927078609029683198e-01
7.971441317371819046e-01
6.921551936831343843e-01
7.480707639999339964e-01
6.945469155988630572e-01
8.196845041030281775e-01
7.199410004239021887e-01
7.514814177115453075e-01
6.966088388047554369e-01
7.146450855866598451e-01
6.917481679489120294e-01
6.961030005870008086e-01
6.915671800396331337e-01
6.899487177484381339e-01
6.907130395493293884e-01
6.883479023201540814e-01
6.883479023201540814e-01
6.871311333719249959e-01
6.871311333719249959e-01
7.128508010422900387e-01
6.903212552058440865e-01
6.811092866271589719e-01
6.811092866271588608e-01
7.191215157956023507e-01
6.798607550766808671e-01
6.473064774358218143e-01
6.776177715001155955e-01
7.612356851407754421e-01
6.473064774358213702e-01
6.996185974095919802e-01
6.473064774358213702e-01
7.146760109845264886e-01
6.473064774358214812e-01
6.517046561019517181e-01
6.466331329656669347e-01
6.441496774905300926e-01
6.441496774905302036e-01
6.630984182815771177e-01
6.441496774905300926e-01
6.497184050237981845e-01
6.441496774905299816e-01
6.507513776740746492e-01
6.441496774905300926e-01
6.585862910075300780e-01
6.441496774905300926e-01
6.750471842540950451e-01
6.455466598842141135e-01
6.964531594770789757e-01
6.252087941686957917e-01
6.382904636260474662e-01
6.485348217287204564e-01
6.638472213000089495e-01
6.364265105708598602e-01
7.416200346028867241e-01
6.346386764742926179e-01
7.711798471664249588e-01
6.273594642259299192e-01
6.880555414267172099e-01
6.165377990225308080e-01
6.663526708715187263e-01
6.190928716867137860e-01
6.760257564532514696e-01
6.262755509075513816e-01
6.905377156178595932e-01
6.163441577526646009e-01
6.478069352594403307e-01
6.252752432790960047e-01
6.991475004939380344e-01
6.232702428944663087e-01
7.859917119965632581e-01
6.144512637160181034e-01
7.254872382672412634e-01
6.365709036345530425e-01
6.874472794443019508e-01
6.089960834293725034e-01
6.383492356048168226e-01
6.067076561899127363e-01
6.446777020183774853e-01
6.073065189565706179e-01
6.700950613694596214e-01
6.075793864159185764e-01
6.233845185671210709e-01
6.069880819160143881e-01
6.251302272479769551e-01
6.092719830777126866e-01
6.128062960727039821e-01
6.070115929648569608e-01
6.072881822709776944e-01
6.068935385656301085e-01
6.071660404000509548e-01
6.068657574072314764e-01
6.068172664012435602e-01
6.053536482932093676e-01
6.117763793601275202e-01
6.053536482932093676e-01
6.036495569991937593e-01
6.036192144906326051e-01
6.129929868902572743e-01
6.199693992771383444e-01
6.581947801815795085e-01
6.036192144906318280e-01
7.835767255751083793e-01
6.051506502947338051e-01
7.191870617920974595e-01
6.386769785125954169e-01
6.485408997386907792e-01
6.052710025096820212e-01
7.150209408356120733e-01
6.036192144906318280e-01
6.239520136383499560e-01
6.036192144906318280e-01
6.094096391045698002e-01
6.036192144906319390e-01
6.607360098166648044e-01
6.060797596414738697e-01
6.371422276438041266e-01
6.057715912303149874e-01
6.192392969576341333e-01
6.060777031929356351e-01
6.467673558994433414e-01
6.045773884461937975e-01
7.171252487405825882e-01
6.039919689220759613e-01
7.094268566291606071e-01
5.971947760040881015e-01
6.604520217596432374e-01
5.920482498138731620e-01
6.183148231235064962e-01
5.993739748493595032e-01
6.835422309011415232e-01
6.037483218961938736e-01
6.588050111110822504e-01
6.097273734152386382e-01
6.209282469903275592e-01
5.899637375626747282e-01
7.372231659254173675e-01
5.899637375626745062e-01
6.652993038988331831e-01
5.899637375626745062e-01
6.220667574282174872e-01
5.919233056683437244e-01
6.028317906512505875e-01
5.899637375626746172e-01
6.468773808344108200e-01
6.127188815226124463e-01
6.862276412230747802e-01
6.151975383387731089e-01
5.882021342404966102e-01
5.927365837974015728e-01
5.963209003335433467e-01
5.941994531027431359e-01
5.869352410693011723e-01
5.894500577183483525e-01
5.869945921434173153e-01
6.139334954749660067e-01
5.837158254516199296e-01
5.909353919854060111e-01
5.864192841822474245e-01
5.880749234152423677e-01
5.835146047814873116e-01
6.043632713021156455e-01
5.794635185217676954e-01
5.602924478854246493e-01
5.604881040531205505e-01
5.514069527539516846e-01
5.521695479255684935e-01
6.117551628326763913e-01
5.508827666830090619e-01
5.703656153541165619e-01
5.499136751314546157e-01
5.516956371930537006e-01
5.485505486569030031e-01
5.340660204502550856e-01
5.331544534627227216e-01
5.246755726873634229e-01
5.245380397147946239e-01
5.438830907357560251e-01
5.240782984865618443e-01
5.469192954031115717e-01
5.248353109674722683e-01
5.302855308732136175e-01
5.250139973950654904e-01
5.276981769412376622e-01
5.240517643765687517e-01
5.267836726421094573e-01
5.233679340970348592e-01
5.162703693833085028e-01
5.162703693833085028e-01
5.483120603084985500e-01
5.134254887740443696e-01
5.437340059028434869e-01
5.103323462797335619e-01
5.322456579616501315e-01
5.111864228404314758e-01
5.220497866936212317e-01
5.187351154285750887e-01
5.334780148155088275e-01
5.096316378826694082e-01
5.430948039746338329e-01
5.123697930528363642e-01
5.207647405293259757e-01
5.103855727750719051e-01
5.271717085715426077e-01
5.085085723853060014e-01
5.045451809276212396e-01
5.076964047204948205e-01
5.195835890231929044e-01
5.069445055830025249e-01
5.102761636173047677e-01
5.036576093263475107e-01
5.087221537496610102e-01
5.036576093263471776e-01
5.105503309756068697e-01
5.090725150134794985e-01
5.087030307453761502e-01
5.057161584016084399e-01
5.174903749616245330e-01
5.102761250278033955e-01
5.067497187316762908e-01
5.032991053074793442e-01
5.074549747717822523e-01
5.032991053074794552e-01
5.180437811413762805e-01
5.032991053074793442e-01
5.278597392991536408e-01
5.032991053074793442e-01
5.264162078590103322e-01
4.971209969716141042e-01
5.072803588339734882e-01
4.917026642578310458e-01
4.947687380024577974e-01
4.913028231676305757e-01
4.983426923057682756e-01
4.916571629214560590e-01
4.956257306451317679e-01
4.929860113264863952e-01
5.039126366640482857e-01
4.929089795023107179e-01
4.919084829237199141e-01
5.020698439357764720e-01
4.948419982101880943e-01
4.908814310004391279e-01
5.119843232416564360e-01
4.971308679001694708e-01
5.467339145672619471e-01
4.912040689858171993e-01
4.977594057330994581e-01
4.911871614445773582e-01
4.937644306322300780e-01
4.905281956439019320e-01
5.146600505193621444e-01
4.978120143253543795e-01
4.971646143009628149e-01
4.951840808461626664e-01
5.017252313953121101e-01
4.932300283292315179e-01
5.152166004323612825e-01
4.918416827377540823e-01
5.276643551823356759e-01
4.908909133076925224e-01
4.934588586988247760e-01
4.913830376231569375e-01
5.090756368407093335e-01
4.904022666111957363e-01
4.965487110205371590e-01
4.901777963487503054e-01
4.967971551249050766e-01
4.900147240142065930e-01
5.075443954186543705e-01
4.894686458669612050e-01
5.000849666100206647e-01
4.894686458669612050e-01
5.131868245784513283e-01
4.877752110322076673e-01
5.074357371577641329e-01
4.883980579130966504e-01
4.907921267162301815e-01
4.883985258918633887e-01
4.910864388921412638e-01
4.886712516227860181e-01
4.977288073228465781e-01
4.868001982985734055e-01
4.898030540050787862e-01
4.883056614175073640e-01
5.050862800670211650e-01
4.833782209261793805e-01
4.936368471023062643e-01
4.855595601637401892e-01
4.900728390561734926e-01
4.867832299062405110e-01
4.919538952111001118e-01
4.853224804848294549e-01
4.830719242677363190e-01
4.888678350977638809e-01
5.039666453872024832e-01
4.874155232184780862e-01
5.072494692421734008e-01
4.924290679860499620e-01
4.886662759489202590e-01
4.867281520888928070e-01
4.862679208843361245e-01
4.846412883080430389e-01
4.899887793515640966e-01
4.831548027034370807e-01
4.876505538562675435e-01
4.822964423786707533e-01
4.872779551569603740e-01
4.822964423786709198e-01
4.935391702471536024e-01
4.822964423786708643e-01
4.825164927618028066e-01
4.822964423786710864e-01
4.871069057111489520e-01
4.841835447967661743e-01
4.889652226856873729e-01
4.818620732251225336e-01
5.516799264123817270e-01
4.846314347668017608e-01
5.043125618808735888e-01
4.819537693242021414e-01
4.983885124028152869e-01
4.849710382114367779e-01
4.960808851439673095e-01
4.816923500057956886e-01
4.956728516677591512e-01
4.847101049014700402e-01
4.985406954254318901e-01
4.797395294427633239e-01
4.914967295313751316e-01
4.842807199420035569e-01
5.009942253118417899e-01
4.816772090518167682e-01
4.909231834182559151e-01
4.825239893825234994e-01
4.945549648721841440e-01
4.782051997979059332e-01
4.779883265745345500e-01
4.776748295323691718e-01
4.916479609844957577e-01
4.775055564423069665e-01
4.976702864805923610e-01
4.775149387379630239e-01
4.889123874090987032e-01
4.764108184078182928e-01
4.863912523436924040e-01
4.766008381687973361e-01
4.760017724040522813e-01
4.874287072536716003e-01
4.860500632604221050e-01
4.809339391529383612e-01
4.931514833623647509e-01
4.794017765515909968e-01
5.033320176045465999e-01
4.751185565933833677e-01
4.845483647666499194e-01
4.757255675855970312e-01
4.753937356708354822e-01
4.747832998241802716e-01
4.793453937402735732e-01
4.754692914214551092e-01
4.833052089790625949e-01
4.747832998241801050e-01
4.810165187539015563e-01
4.755582347040256952e-01
4.773812069748054610e-01
4.738839788739989678e-01
4.807645551731709599e-01
4.763154637434895977e-01
4.816277004148644680e-01
4.770147159417953420e-01
4.857348518369185575e-01
4.732828134035011458e-01
4.891104274830770926e-01
4.736666155510620979e-01
4.774889141359259237e-01
4.777269996041951794e-01
4.855487206066659844e-01
4.761066213644756795e-01
4.793942200795542341e-01
4.733693022768363790e-01
4.861303467510241227e-01
4.717849230547512263e-01
4.712096842338878155e-01
4.670293908760990154e-01
5.286632789398600929e-01
4.658919912182220013e-01
4.759949667477816337e-01
4.677226631127472389e-01
4.717390823399051913e-01
4.671485914735348244e-01
5.021709711011791422e-01
4.714802093278964157e-01
4.760330479434667916e-01
4.680377582257164715e-01
4.717267403645583057e-01
4.634908233402439959e-01
5.039525162564013616e-01
4.647139004735307277e-01
4.682723927367375971e-01
4.626409397765220421e-01
4.675260317678229249e-01
4.601436960888991012e-01
4.647598691144232408e-01
4.584339879629817927e-01
4.685044097220536496e-01
4.596591110176075357e-01
4.692022073653345227e-01
4.594719388841247421e-01
4.593283951684747346e-01
4.583152361069260938e-01
4.738774018292680745e-01
4.600788339325552756e-01
4.703384001009031645e-01
4.709696914651694266e-01
4.771768902343203611e-01
4.583812961689260335e-01
4.725032676424786304e-01
4.584929196186525724e-01
4.615686730639153024e-01
4.586001989950799218e-01
4.729118929190289089e-01
4.589933977975295676e-01
4.689208416318078054e-01
4.571182852370256899e-01
4.726793595231106870e-01
4.570665666514965864e-01
4.573227241422403444e-01
4.592587072685792582e-01
4.648371490971218156e-01
4.592880928842253963e-01
4.682275427754006847e-01
4.584721978710126211e-01
5.077983162614396750e-01
4.599205216506606075e-01
4.717656556148337454e-01
4.565595190482835686e-01
4.594057190816722147e-01
4.571292748404675588e-01
4.751206874375786260e-01
4.540628597253092424e-01
4.623354868556964203e-01
4.538357659723634696e-01
4.619736988494472230e-01
4.551234717003587171e-01
4.601635129085219766e-01
4.547150466155337467e-01
4.621577650856919517e-01
4.535494638730973582e-01
4.544543985751389736e-01
4.535494638730973582e-01
4.615203859962007660e-01
4.519264280650305277e-01
4.597335119163485917e-01
4.528588834098630223e-01
4.631662058111965519e-01
4.537436615557761121e-01
4.911822421974930131e-01
4.559392818329680575e-01
4.760134194904146465e-01
4.553767519963943244e-01
4.626129569573095290e-01
4.556799015783039586e-01
4.575385069533646210e-01
4.549099762458788110e-01
4.554254088672217704e-01
4.546527267459773980e-01
4.633400094651467516e-01
4.527808930324104808e-01
4.550866528721531079e-01
4.618732586844210841e-01
4.792575119800993599e-01
4.528280404418692506e-01
4.602733600312681750e-01
4.528576247814710132e-01
4.526368991533174513e-01
4.514434640682584154e-01
4.645509663213150953e-01
4.531244160969646328e-01
4.663943179143539841e-01
4.564143950403367067e-01
4.519703459581060345e-01
4.571498845282250811e-01
4.523358907369868787e-01
4.548075184332865395e-01
4.513812749883664988e-01
4.548322848329651724e-01
4.520956099284758056e-01
4.556160253432177676e-01
4.520289573962922303e-01
4.533486465110964092e-01
4.522401643521651304e-01
4.528230970361675212e-01
4.519920185536663859e-01
4.527334104141273463e-01
4.547333457425648540e-01
4.521499385040523289e-01
4.497094780552362003e-01
4.514064130522750240e-01
4.499040064064518951e-01
4.524592013946158175e-01
4.498921095298538120e-01
4.550411287194138787e-01
4.500297653727657332e-01
4.530525950893228848e-01
4.506066549107126673e-01
4.520158949139936322e-01
4.494385827575484438e-01
4.546524984232876432e-01
4.498559971783673284e-01
4.514215443299444130e-01
4.497290803200316156e-01
4.519793276462025777e-01
4.499451140025689244e-01
4.495381937794296068e-01
4.498924310222854883e-01
4.522167436585391442e-01
4.506484857701789082e-01
4.510409345630951305e-01
4.489947023620045052e-01
4.519429484951523746e-01
4.491003895451550210e-01
4.495909881439866251e-01
4.491512466829714612e-01
4.511663470463161407e-01
4.488558419735413918e-01
4.509814983441956526e-01
4.495899659754858391e-01
4.569134641375621197e-01
4.548403416265662247e-01
4.508769107657990549e-01
4.490858888381593084e-01
4.509270120107848889e-01
4.496052800821785378e-01
4.491930534989328483e-01
4.493355783905089162e-01
4.514869232612395700e-01
4.488249599063972028e-01
4.490840823578360896e-01
4.489281083440031517e-01
4.510124783795987913e-01
4.492086799785816043e-01
4.500117997568867656e-01
4.488249599063970363e-01
4.483885565063032708e-01
4.485806781983399105e-01
4.570584666661758888e-01
4.483370971455505338e-01
4.507161121141544102e-01
4.492029197904763294e-01
4.515124143666441880e-01
4.486107218655305262e-01
4.491408713926645646e-01
4.487112347802121870e-01
4.493142387633644042e-01
4.481996977448798880e-01
4.501546829791613358e-01
4.497187914817314947e-01
4.470937330170617896e-01
4.501431257007696418e-01
4.513579506430190902e-01
4.475950171446753667e-01
4.478137831022486193e-01
4.469843726205114387e-01
4.498292839770142160e-01
4.489096725897819273e-01
4.492574403733425870e-01
4.482569241937113258e-01
4.504341729174434761e-01
4.483248033887262118e-01
4.480129685203290135e-01
4.468858487739118535e-01
4.477594611648668677e-01
4.460229199309601045e-01
4.496925694785908756e-01
4.466539280075833007e-01
4.496601370635951445e-01
4.454503633854344780e-01
4.472452638454691987e-01
4.459942515245084449e-01
4.466769098093240076e-01
4.467790093292880460e-01
4.490382770415767277e-01
4.456669178197767422e-01
4.466530472863225465e-01
4.457410982378924302e-01
4.471916699504226433e-01
4.462313188914278084e-01
4.476243097349187350e-01
4.455345455420817724e-01
4.504335002880832661e-01
4.468429755865829800e-01
4.467898643879024689e-01
4.473223725971660070e-01
4.475123513531056307e-01
4.467624599862434764e-01
4.457733381030752895e-01
4.454765805078795826e-01
4.486511207473814489e-01
4.454908621565542570e-01
4.468030731791647336e-01
4.448226457466690209e-01
4.475025545630534340e-01
4.447524498052222164e-01
4.450554162380742640e-01
4.450217852507172278e-01
4.458760613094805980e-01
4.453423466835016997e-01
4.463460443010229817e-01
4.454799804405628616e-01
4.453549902040909170e-01
4.450269213082578279e-01
4.565185307787955060e-01
4.445720457400849090e-01
4.537213141083462631e-01
4.443164695789418306e-01
4.473468051718607619e-01
4.454943985544220220e-01
4.442583778944230732e-01
4.439282620903329812e-01
4.436208622790716594e-01
4.436321457628720766e-01
4.428858464030155373e-01
4.428858464030153708e-01
4.427182553210190497e-01
4.428126330276798694e-01
4.445099494148803121e-01
4.438290207130227150e-01
4.438408580294891381e-01
4.425003663401741449e-01
4.435186951337745653e-01
4.436887153196424349e-01
4.432068928198359403e-01
4.427547896008784956e-01
4.468005152657622547e-01
4.423018231887932972e-01
4.456338350649340918e-01
4.432310385856326751e-01
4.453541827478133541e-01
4.441463622047616688e-01
4.446393551136010869e-01
4.418182998024602348e-01
4.426703698611805238e-01
4.440431465671086930e-01
4.478810276360860598e-01
4.425845400043118549e-01
4.440527456960670638e-01
4.419869551377968997e-01
4.475211696233170056e-01
4.436620496193776630e-01
4.430223533201845254e-01
4.421562384348614039e-01
4.474955140567508094e-01
4.449080606311039965e-01
4.420066029302965882e-01
4.417626911554629054e-01
4.430794990244669718e-01
4.426109358727217113e-01
4.425048728423794375e-01
4.417753645703075271e-01
4.430719746030921669e-01
4.428577428994586729e-01
4.418837273779415709e-01
4.417809503617969868e-01
4.443798489757666004e-01
4.423872587392707056e-01
4.492852264443933374e-01
4.415941725760752501e-01
4.485537924708516977e-01
4.428091916052547816e-01
4.450773014745155187e-01
4.416963871244050654e-01
4.442987852839618279e-01
4.413458989528972198e-01
4.441024613591748049e-01
4.424328355736581453e-01
4.462113471959825994e-01
4.418349271991598992e-01
4.451177456110898545e-01
4.415582475808634833e-01
4.421245317204668401e-01
4.420279297805074226e-01
4.412716725700703835e-01
4.419048373038125810e-01
4.431497877735855462e-01
4.415373885965844236e-01
4.437519052225847305e-01
4.411785215732961785e-01
4.431038932368692729e-01
4.410797694280101378e-01
4.416453666609455042e-01
4.412991377334084531e-01
4.429619192104680137e-01
4.408394609621976712e-01
4.420228107185916189e-01
4.414391943294100895e-01
4.426667245607781576e-01
4.413497894674852096e-01
4.421777047855622866e-01
4.411321983436276573e-01
4.416561059763826069e-01
4.408394609621976712e-01
4.409893714788256092e-01
4.417093819934772569e-01
4.427356672212730548e-01
4.398773329815967581e-01
4.399452030768303268e-01
4.397222050912004687e-01
4.433509868705775570e-01
4.401749203827236556e-01
4.409505117023910792e-01
4.393973391396348016e-01
4.421663687860631908e-01
4.401953727755774093e-01
4.426816919158918506e-01
4.381557245527157862e-01
4.452523487756435139e-01
4.377648128021841001e-01
4.417081187124829444e-01
4.391527709660231760e-01
4.388524322151346468e-01
4.385795437307146161e-01
4.469842973535516073e-01
4.387718185585245401e-01
4.443971743944383213e-01
4.380125186102750701e-01
4.381195100660397190e-01
4.379411951070585896e-01
4.375082024814641590e-01
4.378958609728105245e-01
4.387064226332781369e-01
4.378193291977697799e-01
4.385275400299240567e-01
4.366651022819114103e-01
4.440624869822675236e-01
4.371826231895861725e-01
4.396382369515837718e-01
4.374854681922482058e-01
4.372953886311397032e-01
4.374269009249139861e-01
4.400034118112061132e-01
4.374482042743446653e-01
4.404703954446800851e-01
4.374657513599772285e-01
4.447460097749502683e-01
4.361859273953576643e-01
4.407919398551788936e-01
4.363700680235253482e-01
4.386928663321027488e-01
4.356720823934207010e-01
4.381387773776446726e-01
4.363267251621205101e-01
4.360830741193643667e-01
4.359238738500608723e-01
4.368799979886599516e-01
4.364647098479564891e-01
4.378870593564873070e-01
4.358085236292150166e-01
4.387380645564629145e-01
4.362372437088725685e-01
4.363503674587752568e-01
4.377671463480793390e-01
4.361083993292788619e-01
4.359722342680379392e-01
4.380100327141458472e-01
4.358820528629224755e-01
4.369725324620509777e-01
4.357486931501841076e-01
4.357655837190186343e-01
4.361062728370009300e-01
4.358544693687553262e-01
4.360092876258097050e-01
4.358444324738900422e-01
4.359122963501172454e-01
4.353889173635112075e-01
4.357298449065127310e-01
4.358566958365463484e-01
4.347496199904862801e-01
4.346293257254615905e-01
4.346437150192616339e-01
4.346909242667996165e-01
4.349963993988253952e-01
4.350457442487878912e-01
4.342621156148482875e-01
4.347925782544674878e-01
4.352682203318241072e-01
4.343921007227981024e-01
4.354542512832037526e-01
4.340348908539530259e-01
4.355885992136438456e-01
4.332936744772009074e-01
4.340948307116453408e-01
4.339595443673199271e-01
4.350027684188026433e-01
4.332568718873980873e-01
4.361612230001269408e-01
4.333727718174374410e-01
4.344248458287856551e-01
4.335447529848718284e-01
4.351606069988370185e-01
4.336601310059404746e-01
4.348648099799637401e-01
4.334256841327367993e-01
4.337709203152109727e-01
4.332691727740425880e-01
4.331370026399909978e-01
4.331218572548686252e-01
4.332552454370326989e-01
4.331992171654954205e-01
4.337046666608118106e-01
4.327497442069831446e-01
4.316124739832915003e-01
4.316684318630771844e-01
4.314590540809628560e-01
4.321904929772283355e-01
4.324907204361323476e-01
4.323904979210673183e-01
4.314726350251098519e-01
4.314637914786660366e-01
4.307942769088011215e-01
4.314246319377669225e-01
4.305613881701529921e-01
4.305807312182638458e-01
4.298727036793577594e-01
4.302327316321494788e-01
4.298964010019363791e-01
4.301559587559899978e-01
4.294865076532652370e-01
4.292778409235892267e-01
4.295245136046187406e-01
4.297313643946054640e-01
4.305530952848589665e-01
4.299859409775793062e-01
4.295720723441351918e-01
4.294612575815942024e-01
4.294392052757741163e-01
4.296937299713226577e-01
4.288402061987729996e-01
4.290841792781075470e-01
4.286909427901064440e-01
4.286999404778861766e-01
4.291540012852640418e-01
4.291538297889986864e-01
4.292703433227103016e-01
4.289128992823186270e-01
4.293469082824971639e-01
4.290850372009267222e-01
4.287871200190302989e-01
4.286606619729177448e-01
4.286775692951428351e-01
4.287911485729661853e-01
4.286824509404675299e-01
4.286828231100444642e-01
4.288623051027107835e-01
4.286463768539060526e-01
4.288254285187848014e-01
4.293703767912903091e-01
4.289140782584412448e-01
4.287716370683952727e-01
4.286762127806054146e-01
4.286553746877823090e-01
4.283585217889230301e-01
4.283434567444779906e-01
4.313792431780951175e-01
4.281652417734477245e-01
4.287525639686476375e-01
4.276432698351566586e-01
4.277717055607946350e-01
4.288373975714085407e-01
4.279593960827257626e-01
4.276184423187633921e-01
4.276961001462337153e-01
4.279454335881283100e-01
4.272782301055156329e-01
4.282528072929926988e-01
4.274852411584592060e-01
4.273571178961828587e-01
4.281023618437393430e-01
4.274013671141038695e-01
4.273983190462777304e-01
4.276213426496283110e-01
4.272883820126828214e-01
4.273829568366154241e-01
4.273383466619061211e-01
4.274068052811439422e-01
4.272423325775759895e-01
4.273739858096894939e-01
4.277917241193260334e-01
4.280981501166928882e-01
4.275244103570652321e-01
4.272900711875634583e-01
4.271954097362615776e-01
4.271687530651178122e-01
4.271355985917513198e-01
4.273786467435470304e-01
4.277314259106230754e-01
4.273394107471200631e-01
4.271256886630194760e-01
4.271839579760484118e-01
4.278568073599601229e-01
4.272393172817040563e-01
4.285715561346382652e-01
4.275913890909559534e-01
4.273965525905754070e-01
4.273641049280098025e-01
4.274735285585216094e-01
4.275015145196122690e-01
4.269502725677437605e-01
4.274763560263241113e-01
4.266751050244648735e-01
4.263640793706254817e-01
4.265928229391328652e-01
4.266456918775790030e-01
4.276928898432612591e-01
4.267920026413992707e-01
4.266153602661998945e-01
4.262210077480278470e-01
4.268080440689053234e-01
4.263307307661684531e-01
4.259310661696158462e-01
4.264280615350684589e-01
4.258218552986413608e-01
4.259342350733519855e-01
4.257434878262329470e-01
4.255276048527041333e-01
4.253989887739785258e-01
4.253095161250285416e-01
4.242612538749284123e-01
4.249717308122536452e-01
4.241384774395671742e-01
4.244790720115395044e-01
4.242709669778239601e-01
4.249548074430151701e-01
4.238998426856875335e-01
4.243842658386101085e-01
4.240144491298471485e-01
4.241529041071134265e-01
4.246064128404206661e-01
4.243608153577949071e-01
4.242432033263846547e-01
4.242950229731181078e-01
4.244571513565320031e-01
4.253408073124839150e-01
4.243447191810689190e-01
4.250723685717658351e-01
4.236416257623081272e-01
4.240335880029075799e-01
4.240873376782552384e-01
4.260791638421191907e-01
4.235307107548242356e-01
4.239437929944487871e-01
4.237542264213638998e-01
4.236690602343062273e-01
4.235279877607567300e-01
4.232643250762004317e-01
4.226669242306330676e-01
4.234083326518712220e-01
4.230522565181569217e-01
4.231357651644923612e-01
4.226674122459283534e-01
4.232197351430818655e-01
4.226936535709048814e-01
4.226196717814841297e-01
4.229158877530813099e-01
4.227712074897954642e-01
4.229063353349819532e-01
4.232094152045510760e-01
4.229679611777077963e-01
4.228073642992619119e-01
4.225856471743257292e-01
4.234337394263998355e-01
4.227283096810641183e-01
4.234730117184237752e-01
4.226095821356309346e-01
4.230015134144766153e-01
4.233007881246386717e-01
4.229802360071510670e-01
4.226533546145026521e-01
4.230877332134821978e-01
4.229357228822803183e-01
4.238325971366849187e-01
4.225929833395817292e-01
4.229604060824362910e-01
4.226605831272414737e-01
4.230359497478313746e-01
4.226276596598106949e-01
4.230723906137585089e-01
4.223814635606008561e-01
4.226009030503924402e-01
4.225378783438711316e-01
4.226167803391558953e-01
4.223155440370360281e-01
4.228714352892769535e-01
4.226495495518034495e-01
4.234193641931818242e-01
4.224054395298450504e-01
4.226637148027695967e-01
4.223087915495017386e-01
4.234073834144708171e-01
4.222797610950563829e-01
4.222167190990278596e-01
4.224738934670961288e-01
4.225416110473975140e-01
4.225136840435609331e-01
4.246534946944017230e-01
4.225239397122206308e-01
4.230026304436064755e-01
4.224348333368931896e-01
4.225438720263330339e-01
4.234255707201018959e-01
4.225953155719133769e-01
4.223294117370499645e-01
4.220558496271765159e-01
4.221265473410804048e-01
4.226784630822579270e-01
4.221906863540352828e-01
4.221172897423439707e-01
4.220481770083756579e-01
4.225009464058783748e-01
4.223835252628403425e-01
4.220655373585524006e-01
4.220167197962740868e-01
4.226829814130067531e-01
4.219612091566372625e-01
4.228193614621961194e-01
4.221959786891300581e-01
4.227297208863211586e-01
4.222103692004345321e-01
4.223250561819031912e-01
4.220451051580737523e-01
4.224482694937985450e-01
4.221068433363425743e-01
4.223596613890299722e-01
4.221351284976821439e-01
4.221461231572715134e-01
4.223627242889881894e-01
4.234950288318384826e-01
4.219730070217634910e-01
4.233279735528793220e-01
4.220378218454717278e-01
4.222499718202470387e-01
4.219169977826960349e-01
4.225512984936036776e-01
4.221031930871009252e-01
4.220918611911009255e-01
4.221595874038775453e-01
4.215093797576894286e-01
4.217372320512504102e-01
4.222261927886464816e-01
4.217231148595363965e-01
4.214864147820889251e-01
4.217904452516695324e-01
4.215547091298277316e-01
4.213078592242577303e-01
4.213216607884576748e-01
4.214897358629126067e-01
4.219556381819399293e-01
4.217020828985422742e-01
4.222016954770022035e-01
4.212227496471565025e-01
4.220082802306024394e-01
4.211759716095430650e-01
4.227121458245915453e-01
4.214703885385420734e-01
4.216609884405423947e-01
4.215809038377315021e-01
4.216253511667216181e-01
4.211473938563968233e-01
4.212974936668012482e-01
4.212906017198940201e-01
4.216537350872460177e-01
4.212503159298355837e-01
4.219683085315423243e-01
4.211025156228160871e-01
4.213909376268549778e-01
4.211766059883065849e-01
4.231560127041298358e-01
4.210308411886300450e-01
4.221871410425221405e-01
4.225436758707538099e-01
4.206711979679492175e-01
4.205361927610344885e-01
4.211128435780746582e-01
4.206513903668482879e-01
4.209318799543628198e-01
4.206990820401469988e-01
4.222158533287002080e-01
4.206555583664536857e-01
4.204163289468307307e-01
4.203746884236021497e-01
4.226567963184155730e-01
4.207591353949302060e-01
4.197590482907692655e-01
4.199834200523410721e-01
4.204713591990041910e-01
4.200746174928384202e-01
4.206401696399953427e-01
4.195611771232565235e-01
4.198549378917358355e-01
4.198836145007304732e-01
4.194777037460891700e-01
4.196718853237403346e-01
4.203526811308248567e-01
4.198256928727343573e-01
4.200135212438265153e-01
4.196844785291661828e-01
4.196769047790373519e-01
4.198411812840315283e-01
4.203704665214275105e-01
4.193814574973565579e-01
4.201473479586811943e-01
4.196996447590444768e-01
4.208611492361751250e-01
4.196643559739394180e-01
4.197895930669207631e-01
4.194207534690790884e-01
4.202862913161967695e-01
4.194839868815947170e-01
4.195510709382300751e-01
4.195351899236196003e-01
4.196293241702910848e-01
4.194874061929197429e-01
4.194857585771818442e-01
4.193428485781846571e-01
4.207469369904989209e-01
4.191987144432233192e-01
4.202702442055549215e-01
4.195011982374142745e-01
4.199092965334593752e-01
4.191513885108337223e-01
4.195131608932676226e-01
4.196072900178304810e-01
4.196450700321514016e-01
4.193696188261634705e-01
4.210080404175074453e-01
4.191829910881508248e-01
4.189798492207464919e-01
4.193255886181147529e-01
4.195797560024292494e-01
4.193920910279145819e-01
4.193566708692658129e-01
4.189076861585678269e-01
4.193551053496423209e-01
4.188285720408674306e-01
4.194004512962995479e-01
4.192855582700240058e-01
4.195891856871963865e-01
4.188760660259285840e-01
4.196684011480472098e-01
4.189642624292195250e-01
4.195906920854844957e-01
4.189738436063647486e-01
4.192986741652296456e-01
4.188977516137722956e-01
4.218243253846509777e-01
4.186830023766803799e-01
4.200051183976684088e-01
4.187830794241187982e-01
4.189753088052732277e-01
4.190546807898729020e-01
4.198911587442005766e-01
4.187013965213291500e-01
4.192268841111110311e-01
4.194012410467566343e-01
4.183773682983394360e-01
4.183653674286672008e-01
4.191381921057705795e-01
4.184171388527221369e-01
4.194885398538849564e-01
4.180874527890339754e-01
4.193233884118576782e-01
4.184176028837726657e-01
4.187088955975930560e-01
4.182187405392420176e-01
4.192614758772867378e-01
4.182520685492902568e-01
4.192238345862710491e-01
4.183505437449476783e-01
4.186060481877025286e-01
4.180467567079535485e-01
4.180350956856364042e-01
4.182884865468349811e-01
4.192241012795996369e-01
4.181566162146653221e-01
4.195641783228086230e-01
4.180541040680067488e-01
4.184316598611741433e-01
4.184382802412339730e-01
4.179623097249586805e-01
4.183253540313506824e-01
4.192232269190079297e-01
4.180363028244987733e-01
4.191987287671659623e-01
4.182133259736159903e-01
4.184146047348485387e-01
4.179304206625396034e-01
4.186330254862506983e-01
4.180155849753027231e-01
4.189149889094638257e-01
4.178164817185230362e-01
4.178989117415057297e-01
4.182290163645585590e-01
4.185220837397822247e-01
4.178845380525548769e-01
4.181358639200992711e-01
4.176914050353883745e-01
4.180138020953020339e-01
4.178313862989116445e-01
4.185827102412241207e-01
4.179165047061707550e-01
4.188214979456673093e-01
4.177041381102058470e-01
4.194428748162200016e-01
4.181428840286832149e-01
4.185089499276911651e-01
4.176889941124121153e-01
4.192802546406075304e-01
4.177616044679569041e-01
4.184611548802135705e-01
4.179368100650039941e-01
4.192240413211540395e-01
4.176819782542187665e-01
4.178940874871449607e-01
4.181452824503886223e-01
4.177773658188544958e-01
4.180495811013764107e-01
4.186483121915658967e-01
4.180934655027502278e-01
4.176388547646582294e-01
4.179874311362229422e-01
4.183009917944253142e-01
4.181811835056374327e-01
4.178933880709759241e-01
4.177045051945635357e-01
4.179389390622015310e-01
4.177099815884181000e-01
4.186800730388123282e-01
4.177331288344515725e-01
4.183056056519428578e-01
4.175248707217910082e-01
4.182414007300778724e-01
4.175691074538621650e-01
4.175797100832611131e-01
4.177336554013132974e-01
4.185148132464459048e-01
4.173953406769178587e-01
4.189452302438858577e-01
4.174089361616965532e-01
4.173665896996802682e-01
4.174173930832269508e-01
4.182108805641596705e-01
4.174117273225907421e-01
4.183953254919299258e-01
4.175762302581792484e-01
4.180242000953121595e-01
4.174912057675304045e-01
4.177951346850313774e-01
4.178123267728554024e-01
4.178736483590885786e-01
4.173708070970056916e-01
4.175245862124039031e-01
4.173973774117508695e-01
4.180007153715304957e-01
4.173221980252260210e-01
4.188174395592473287e-01
4.173899916009204958e-01
4.183582938092959558e-01
4.173806765238132765e-01
4.177901545886694157e-01
4.174200124214439422e-01
4.179813613242731596e-01
4.175337473183087234e-01
4.179238307503456706e-01
4.176167889167398117e-01
4.183458238927470485e-01
4.174992562209441926e-01
4.174541668414438744e-01
4.174130143244485502e-01
4.176738090654233959e-01
4.174039914324015332e-01
4.174426088271176449e-01
4.174760784292065319e-01
4.180894810218513946e-01
4.173343780552921656e-01
4.180130580786633465e-01
4.179003919379625787e-01
4.177409336606691670e-01
4.172766778156873357e-01
4.178677519832996734e-01
4.174288301166200199e-01
4.186426410097051631e-01
4.173986585759385526e-01
4.176018625210818347e-01
4.174024255641332060e-01
4.181699253055080057e-01
4.172435950674645011e-01
4.172312127415262473e-01
4.173476207911400171e-01
4.171542906788331395e-01
4.176302987941459821e-01
4.172416221779079448e-01
4.173081096756436348e-01
4.171677823750689074e-01
4.172785025813022242e-01
4.172091484931160776e-01
4.175487816056267509e-01
4.172469596988621077e-01
4.172496273184857496e-01
4.171652196979225846e-01
4.172008749185731058e-01
4.171845183385328726e-01
4.173537261385803498e-01
4.171279399582301095e-01
4.173491093591676360e-01
4.173267802249386871e-01
4.172494406574448478e-01
4.168160583276593889e-01
4.169952158815121157e-01
4.167958212377749772e-01
4.169413158913761186e-01
4.167914677505341614e-01
4.168508031174069095e-01
4.167568301444147805e-01
4.170101165470495586e-01
4.167895307813524464e-01
4.168579512806463994e-01
4.168584238991901447e-01
4.171281520403285481e-01
4.169100754853227175e-01
4.168811017202263547e-01
4.168028446701144696e-01
4.166379277548410975e-01
4.166736556670199154e-01
4.166318797292433151e-01
4.167252386437380607e-01
4.171181680607390918e-01
4.167371012038615374e-01
4.163811118518322418e-01
4.164072917375590266e-01
4.163161774422393102e-01
4.162802435128790113e-01
4.159694545156057410e-01
4.160187043310467625e-01
4.161747836879709506e-01
4.160245943314979655e-01
4.160469906823197062e-01
4.160141994928602815e-01
4.158263765103655807e-01
4.160372407566276798e-01
4.156396329465990580e-01
4.156050831569997883e-01
4.158655259653791791e-01
4.157874747714036534e-01
4.156998734005172280e-01
4.157923018836384710e-01
4.160556432621177469e-01
4.158403252186909094e-01
4.156425012395825735e-01
4.155343049485459295e-01
4.154374229168348309e-01
4.153986109615936395e-01
4.153269177619637320e-01
4.153571286178300848e-01
4.154040282784366434e-01
4.154552842497019616e-01
4.155238211041390461e-01
4.153741201230866098e-01
4.153307216704727467e-01
4.153649092488175820e-01
4.155772093244168297e-01
4.153541175356812443e-01
4.152246348578242374e-01
4.151885410200327753e-01
4.149437207425578089e-01
4.148370597493637457e-01
4.149207332821382987e-01
4.148959006397562321e-01
4.149950415253477187e-01
4.149824917003872571e-01
4.147158270766934662e-01
4.147692842215487952e-01
4.149845814571523350e-01
4.146660479025848223e-01
4.147486233096481789e-01
4.146284485637054540e-01
4.145912014509127164e-01
4.146787569233473247e-01
4.146985923933491636e-01
4.145741153251367717e-01
4.145986235554546262e-01
4.145808218795694056e-01
4.145855755933111619e-01
4.146825042728315980e-01
4.144266675583976878e-01
4.144877464141581425e-01
4.148340917786813575e-01
4.144823256028762892e-01
4.144234672044825318e-01
4.144967944832876339e-01
4.146072624432828313e-01
4.144555777938968011e-01
4.147568280225182313e-01
4.144228338596685490e-01
4.147169082240556581e-01
4.145599764449580671e-01
4.144914316313557667e-01
4.144085027239817198e-01
4.144656241677585062e-01
4.143039147391657240e-01
4.146430035178057527e-01
4.142715201159736238e-01
4.143414322920943027e-01
4.142743366545263428e-01
4.143429871159403644e-01
4.143361849504885175e-01
4.147486578213473996e-01
4.143427937304138275e-01
4.146112820748114602e-01
4.146288988088226990e-01
4.144251853243243744e-01
4.143670254352047055e-01
4.141813900950886973e-01
4.142105325222339984e-01
4.141526196227768297e-01
4.143414751381242489e-01
4.142213394977091734e-01
4.139794859697336626e-01
4.139713989305568442e-01
4.140215347647410726e-01
4.139691261174928694e-01
4.139891010252645942e-01
4.137428371857853615e-01
4.137475468472922024e-01
4.137084523171481454e-01
4.137145613609802819e-01
4.137783345152638570e-01
4.137273670099565481e-01
4.138339902846651097e-01
4.136919854906089267e-01
4.136838270485962976e-01
4.137033522048627066e-01
4.137293764111162342e-01
4.137474344892489997e-01
4.137092440348359434e-01
4.136950186286613707e-01
4.139048833122779825e-01
4.136985097618272600e-01
4.136553031455874607e-01
4.139345361266564827e-01
4.137106390469154071e-01
4.136758215046819065e-01
4.138353867225521010e-01
4.136736852616985094e-01
4.136684326309500448e-01
4.136810300462873680e-01
4.138437084498083895e-01
4.135097403988132747e-01
4.134419206017573845e-01
4.134087753208765537e-01
4.137109309656791800e-01
4.134505547065969178e-01
4.134622886928351893e-01
4.133050606071223543e-01
4.133999495276115543e-01
4.134190897958542332e-01
4.135354330136816192e-01
4.135069517252383808e-01
4.133787539341402528e-01
4.133646551702366834e-01
4.133388333905315126e-01
4.134042659123975949e-01
4.137523391829385777e-01
4.135582313550135725e-01
4.131392349269372710e-01
4.129307138523805043e-01
4.128012375900539377e-01
4.128413184924549784e-01
4.128596482477407403e-01
4.128079507078407095e-01
4.126686884843086545e-01
4.127289967902061374e-01
4.128808196306060774e-01
4.127317408338034288e-01
4.124300511238547240e-01
4.124260922616346248e-01
4.127105343921784741e-01
4.124293008700882779e-01
4.129711007395951983e-01
4.124404420602923449e-01
4.129242699972726638e-01
4.124833943614633069e-01
4.126004442320115873e-01
4.123176166997867820e-01
4.122271775152153150e-01
4.121888408128980830e-01
4.123270368571585465e-01
4.121692754490990929e-01
4.124128943203751452e-01
4.122693260998934739e-01
4.122293893997913683e-01
4.121023893807652660e-01
4.121238655723294397e-01
4.119955471947312486e-01
4.129089919812069520e-01
4.119467581682609847e-01
4.118316457990583435e-01
4.118824296431833898e-01
4.117607463542413138e-01
4.117161255492151617e-01
4.118843502107438770e-01
4.118044246443315903e-01
4.116440624383899127e-01
4.117061799092728291e-01
4.117178852166936132e-01
4.116127362107911414e-01
4.116466586717473786e-01
4.115921922552392975e-01
4.117060351119445905e-01
4.116047533163310623e-01
4.115913164495457188e-01
4.115213628412436320e-01
4.114986453151860957e-01
4.115116141621453782e-01
4.115165719550261114e-01
4.115518246353407905e-01
4.116076609356773552e-01
4.114759145549702346e-01
4.115402326360516616e-01
4.114357628727508542e-01
4.118371786498535858e-01
4.114195896082499804e-01
4.116762677897469747e-01
4.114669853229085961e-01
4.115762816268067059e-01
4.114876066531918952e-01
4.117080146503417359e-01
4.114550969183650153e-01
4.114185487683637565e-01
4.114697765607203128e-01
4.115324967355681873e-01
4.114787493071963564e-01
4.113282965049024353e-01
4.113948889560106181e-01
4.121717986183337512e-01
4.114875465847950831e-01
4.116052858486937138e-01
4.114782687476428724e-01
4.116645832664594384e-01
4.114379724385076598e-01
4.115544848160970770e-01
4.113805362459729276e-01
4.120677926109611589e-01
4.115593792326784905e-01
4.123015387196452552e-01
4.113899132175823370e-01
4.110909020883680709e-01
4.108587766927433438e-01
4.104068692602281798e-01
4.104179510488689120e-01
4.107220812167987622e-01
4.103579174318709999e-01
4.105291240973474309e-01
4.103696022557033474e-01
4.103937187314007917e-01
4.103264927941323026e-01
4.105220068941805578e-01
4.103455921309009380e-01
4.106554549530276876e-01
4.103748929094553910e-01
4.105449591781125673e-01
4.103059994133466670e-01
4.104710672983843955e-01
4.102707513043301613e-01
4.111248767867533571e-01
4.102225185246181627e-01
4.102380476142092336e-01
4.102674569806623595e-01
4.103473800194151200e-01
4.102114171581118796e-01
4.102895317131741160e-01
4.102103618187481482e-01
4.103564729641238085e-01
4.102732412748731350e-01
4.105419507960766379e-01
4.101608860946535651e-01
4.104810125683687194e-01
4.101679735415942885e-01
4.104073657752190241e-01
4.102157211543752124e-01
4.101606405162381286e-01
4.102093104876544105e-01
4.101997689200587160e-01
4.101127673898430914e-01
4.102802567251151999e-01
4.101893113200911212e-01
4.101408134040085973e-01
4.100825619820952506e-01
4.100401850994855879e-01
4.100896469524811239e-01
4.103064393106067853e-01
4.099256804720661229e-01
4.100496640261318548e-01
4.098602820747738185e-01
4.099704255680544640e-01
4.098003110192910969e-01
4.097673837284254716e-01
4.097872319897405968e-01
4.099208283625439542e-01
4.097071070491333233e-01
4.099343522305143317e-01
4.096464782833648677e-01
4.097330720054196407e-01
4.096495032424406491e-01
4.097343401930640949e-01
4.096443512264132392e-01
4.096019633536980842e-01
4.096756100088652652e-01
4.100097561159803949e-01
4.096450485656357721e-01
4.098296304118511091e-01
4.095941696573917601e-01
4.096980023690920403e-01
4.095891242633754037e-01
4.097027239491926043e-01
4.095886769087829227e-01
4.099328015038108952e-01
4.096551255597268293e-01
4.098827302152987517e-01
4.096078797016278195e-01
4.098787605801842981e-01
4.095732552075401212e-01
4.098221161950925118e-01
4.095699292023499138e-01
4.106238366267206952e-01
4.097350492930851851e-01
4.102118118633758526e-01
4.096165650491002674e-01
4.092501544679680858e-01
4.092726909931756474e-01
4.095336207239926862e-01
4.091952652652720013e-01
4.094215365892932557e-01
4.092301053571955616e-01
4.091686773624034212e-01
4.094268132874245292e-01
4.094049461278961854e-01
4.091121631313099916e-01
4.093673063904412213e-01
4.091305402013513115e-01
4.092345189533877492e-01
4.092410052101993490e-01
4.091261851799764537e-01
4.090954904195950315e-01
4.092971381120107388e-01
4.092237278746800877e-01
4.094367382627635554e-01
4.091432906327402419e-01
4.095239028987269769e-01
4.090402969896559937e-01
4.090996384665813723e-01
4.090615853560124471e-01
4.090878306435664080e-01
4.089538632805487794e-01
4.090264387552740022e-01
4.089635498327486296e-01
4.090537078472794019e-01
4.090139729077968411e-01
4.088119035422892456e-01
4.089194108200928657e-01
4.089340215415339652e-01
4.089314791186228204e-01
4.089871706406226770e-01
4.087725473962561251e-01
4.090649058285104611e-01
4.087290991414637142e-01
4.088578596269952237e-01
4.088352159505653782e-01
4.087646063090152326e-01
4.087192994462525708e-01
4.091238955114048781e-01
4.086696680096286172e-01
4.089507229814826617e-01
4.085767269703436955e-01
4.086354276061114899e-01
4.086801426300371021e-01
4.086932349196042980e-01
4.085311208535715166e-01
4.084933313085812312e-01
4.085395710082058707e-01
4.085000990833044243e-01
4.085741235017002482e-01
4.084736767682390912e-01
4.085586712368248219e-01
4.085556250701025682e-01
4.085116048093361263e-01
4.084514381619084311e-01
4.085693137212187964e-01
4.091603122047794971e-01
4.086046659288075089e-01
4.085914423161866038e-01
4.084564736013514552e-01
4.088637387945397439e-01
4.084832149962074332e-01
4.087805525543953822e-01
4.084645500828331666e-01
4.086111504877688039e-01
4.085381881852749308e-01
4.086422032914399649e-01
4.085314061814073749e-01
4.085094242160869915e-01
4.084941822428245217e-01
4.087255947619651830e-01
4.084731330948427330e-01
4.084674787137507757e-01
4.086832296378228868e-01
4.088589072727279450e-01
4.084553977826888560e-01
4.084604272636243594e-01
4.085896700806211923e-01
4.085987217025226492e-01
4.082774956062419913e-01
4.085819724194984515e-01
4.082862436264749761e-01
4.083876605814898419e-01
4.083622500133078925e-01
4.081930276021570880e-01
4.082136379894948930e-01
4.084410364382889957e-01
4.082449994719244968e-01
4.086159629297712592e-01
4.082318688579795185e-01
4.084789132716620252e-01
4.082443275684041195e-01
4.084421654512632172e-01
4.082570730658413583e-01
4.083082964053910691e-01
4.081912624069681250e-01
4.085199214362193465e-01
4.081503247517034860e-01
4.082321662785227123e-01
4.081476978183222748e-01
4.082731131803848945e-01
4.082423284054308987e-01
4.084003524824718068e-01
4.081339748078867125e-01
4.084403835026413354e-01
4.081190641937433305e-01
4.085496356440438404e-01
4.081752427189000998e-01
4.083037126429935881e-01
4.081903788274021672e-01
4.082676627282679216e-01
4.080711010135080197e-01
4.084381607138790615e-01
4.080802442178979583e-01
4.085243907323675150e-01
4.081412928019250153e-01
4.081859855858087638e-01
4.081053082555716749e-01
4.080783162000279907e-01
4.080927502008949159e-01
4.083749743837839508e-01
4.081013109498035640e-01
4.087113103909419953e-01
4.080125283122180702e-01
4.080773896674567691e-01
4.081834936558542126e-01
4.080355059313309773e-01
4.079131588009490827e-01
4.078686332734409170e-01
4.078777782181019496e-01
4.077817453266192604e-01
4.077484677065317253e-01
4.083157237779967419e-01
4.078244514795503761e-01
4.083926214864219695e-01
4.077323200616232435e-01
4.076907828319591420e-01
4.078051267618045261e-01
4.078478014276696872e-01
4.076867849402797117e-01
4.076400014150320383e-01
4.077556174903065322e-01
4.077818431015180489e-01
4.076910463840586196e-01
4.076925890775432437e-01
4.078418161613235338e-01
4.082932232957249830e-01
4.076391406845579768e-01
4.078644519257313972e-01
4.076741524599142297e-01
4.080015360451638151e-01
4.076622561584593574e-01
4.081238531154091076e-01
4.076733038308231194e-01
4.080533336547109702e-01
4.076931619363025061e-01
4.076801384752032908e-01
4.076569960643255941e-01
4.086105504511041708e-01
4.076831363029824185e-01
4.079364333792489528e-01
4.075092889055015322e-01
4.074729803449689824e-01
4.075084214352004408e-01
4.074945647093832224e-01
4.075060529877741478e-01
4.077025702598248147e-01
4.074953628934792071e-01
4.076361319070124778e-01
4.075778835840912495e-01
4.078211352592643890e-01
4.075204081925442035e-01
4.078174122410255786e-01
4.073814749326544193e-01
4.075500384891131422e-01
4.073932600768474521e-01
4.076742850761404524e-01
4.073448713701351975e-01
4.078256258562742431e-01
4.074651927695606690e-01
4.074841998521129272e-01
4.073654215926077460e-01
4.073699281122401539e-01
4.073768118990246934e-01
4.077709330323725512e-01
4.073372090517889399e-01
4.077572276364813120e-01
4.075978681493913069e-01
4.075271195393912471e-01
4.073561403565179040e-01
4.074246459989298019e-01
4.074557786743925880e-01
4.074535833778101801e-01
4.072733200786063934e-01
4.073556700983128609e-01
4.072433545010804568e-01
4.073433552887134601e-01
4.073454531841850246e-01
4.073468588259095413e-01
4.072720292588286606e-01
4.072634583695891597e-01
4.073576165137194893e-01
4.072080886270643685e-01
4.073264391800029971e-01
4.078811548778518703e-01
4.071889854456169355e-01
4.075115315339463695e-01
4.071403382504593105e-01
4.069230732745117707e-01
4.068423583582609915e-01
4.070514583043625123e-01
4.068199821559618790e-01
4.068455030186179933e-01
4.068085698339358736e-01
4.069104193583416018e-01
4.069268635837790526e-01
4.070612213464867013e-01
4.068323434671864969e-01
4.078634345991837273e-01
4.067455030658813087e-01
4.071228057797829369e-01
4.067374202954007201e-01
4.068263107336097528e-01
4.066883444627411581e-01
4.068343934281836716e-01
4.067602227364414125e-01
4.067979107375038761e-01
4.067442167873367986e-01
4.070365078967531081e-01
4.067110391737155384e-01
4.068356074626494068e-01
4.067044012335255809e-01
4.068956621397850637e-01
4.067182223076665770e-01
4.069441819750677092e-01
4.067060167392344550e-01
4.067124607008854031e-01
4.066801978362150072e-01
4.071459118755877404e-01
4.067021904207329674e-01
4.067878207223790121e-01
4.069415456441276002e-01
4.068471440312113607e-01
4.064496804206121361e-01
4.064546676065232123e-01
4.064890142007867024e-01
4.065098060850871331e-01
4.065252581279844013e-01
4.065562059419140506e-01
4.066482594412214047e-01
