8.654971262021543543e-01
8.654654918071464920e-01
8.653463467218157623e-01
8.673649945113391935e-01
8.731934276752663093e-01
1.007294760541158629e+00
9.146020215249232033e-01
8.675484404088686929e-01
8.762208331699871122e-01
8.652898204905011825e-01
8.652904529211680185e-01
8.651807377301572455e-01
8.717651524957963360e-01
8.458164367801094263e-01
8.258238989703088340e-01
8.258236854818025163e-01
8.270000567397475244e-01
8.393619374684139212e-01
9.198322097137353603e-01
8.262215492188311750e-01
8.257713817580126792e-01
8.257427086622883827e-01
8.260894521124978462e-01
8.222477324967665258e-01
8.231668686126590861e-01
9.473595265626880702e-01
8.297007596669503382e-01
8.184260753941198230e-01
8.184260753941198230e-01
8.184260753941200450e-01
8.185338116194336155e-01
8.197078761610276931e-01
7.628731174274593352e-01
7.915346190077402477e-01
7.628731174274595572e-01
7.626197323606340728e-01
7.625988247477012427e-01
7.361243895946546489e-01
7.361243895946546489e-01
7.361243895946546489e-01
7.361243895946546489e-01
7.336912141521986230e-01
7.339312322391952081e-01
7.546070763077458166e-01
8.242132777130157795e-01
7.336912141521986230e-01
7.336912141521986230e-01
7.336912141521986230e-01
7.336912141521987341e-01
7.336912141521986230e-01
7.392351068048107487e-01
7.031598513185416399e-01
7.031598513185417509e-01
7.031598513185417509e-01
7.031598513185416399e-01
7.250355828295982352e-01
7.031598513185416399e-01
7.031598513185416399e-01
7.778274298122496155e-01
7.029017441127244359e-01
7.915548881142910886e-01
7.031759977515337212e-01
6.873596677253054343e-01
6.963869384556595765e-01
7.235464691851275498e-01
6.894799044172216229e-01
7.975363964916035719e-01
6.334935189615744644e-01
6.776798521680890142e-01
6.336081274453198020e-01
6.709579263347149602e-01
6.309020426605792542e-01
6.546677401736848978e-01
6.311677347194336596e-01
6.541122978707454294e-01
6.337754026099594595e-01
6.749215202298315397e-01
6.303871678552530611e-01
6.359951153248294409e-01
6.217306879187208812e-01
6.519401787854851582e-01
6.218263079222242640e-01
6.285814390601353052e-01
6.216812439277883406e-01
6.636502780474409224e-01
6.221157152763695519e-01
6.301623741418023172e-01
6.274094998356758435e-01
6.576465128748195665e-01
6.216571686957832465e-01
6.477719505691561519e-01
6.216571686957833576e-01
6.784787324871471847e-01
6.217600157208458267e-01
6.966287247488711643e-01
6.216571686957833576e-01
6.732540192302197690e-01
6.216571686957834686e-01
7.090199068085966116e-01
6.216571686957833576e-01
7.017119675762538700e-01
6.152498608729316532e-01
5.806724682534665227e-01
5.805551460095733640e-01
6.013075186930623151e-01
5.795554346730300566e-01
5.878963904603535795e-01
5.795554346730300566e-01
5.983138067657287618e-01
5.795554346730300566e-01
6.564054340768680218e-01
5.795554346730300566e-01
6.144383396956839549e-01
5.795554346730300566e-01
6.671321427559371298e-01
5.795554346730300566e-01
6.561101550515844316e-01
5.795554346730300566e-01
6.391747918832693109e-01
5.795554346730300566e-01
6.164743219813618724e-01
5.798839475785089181e-01
6.480404507152354165e-01
5.793243231854410258e-01
6.206487194261809393e-01
5.669164258567922499e-01
5.958750040998316289e-01
5.740459708811768147e-01
5.731256244996183469e-01
5.745117720395549465e-01
5.966303179719801841e-01
5.745305957424332588e-01
6.135129754032632166e-01
5.709194240886590332e-01
6.087705714566712389e-01
5.822074919230791901e-01
5.764574765803287537e-01
5.708745724013546408e-01
5.661570362492790442e-01
5.755712918650411902e-01
5.668176106062224884e-01
5.673625937698935084e-01
5.685710063263635927e-01
5.770064564706828270e-01
5.660000156488845802e-01
5.733536731275952203e-01
5.671899077438306014e-01
5.830654955804754902e-01
5.621571504243877415e-01
5.777026518118744125e-01
5.608679973982911848e-01
5.692692632683061804e-01
5.602725565680219955e-01
5.648910296942037945e-01
5.611835611634076182e-01
5.694626554846321520e-01
5.603800372375717931e-01
5.639364299925664348e-01
5.602725565680221065e-01
5.624965338734061460e-01
5.602725565680219955e-01
5.730451105782703447e-01
5.590146325104790037e-01
5.704868617194174263e-01
5.505947566936360005e-01
5.563224527893266824e-01
5.530260295450065700e-01
5.658663061997101229e-01
5.516047278813663857e-01
5.691975802521680450e-01
5.492936153078792350e-01
5.687224911093258228e-01
5.526844793132470457e-01
5.602578369107480416e-01
5.499847317089964216e-01
5.563964482200580708e-01
5.518967214711575364e-01
5.519882752216579425e-01
5.497395136206846278e-01
5.581977010135068529e-01
5.495791514352406093e-01
5.556888860227191529e-01
5.492538279045878769e-01
5.600614895166385887e-01
5.491957250104355648e-01
5.551762434540127300e-01
5.491391524842169636e-01
5.515368271344018858e-01
5.490386326302282294e-01
5.574375681765092461e-01
5.491644821293911738e-01
5.540702134427197834e-01
5.494329552317330778e-01
5.479786331870130089e-01
5.587026482430101915e-01
5.585989128178555641e-01
5.539735899087444571e-01
5.566587981890950276e-01
5.672543624119763539e-01
5.511241139816992485e-01
5.544331229627518232e-01
5.523071559438885725e-01
5.559376379737639429e-01
5.606855874374063742e-01
5.487231777475272132e-01
5.507874859569609205e-01
5.438887282724311767e-01
5.770102591703090145e-01
5.476511446369010105e-01
5.544206781579708032e-01
5.446377842343927966e-01
5.437488338698827084e-01
5.445334496012953496e-01
5.436121615004326779e-01
5.433019471713496085e-01
5.432446447087567742e-01
5.447725654008522822e-01
5.437123037994553432e-01
5.424767313389464718e-01
5.439947904430607606e-01
5.455873335282349634e-01
5.416358453388127048e-01
5.418773467042298231e-01
5.445949747377943906e-01
5.369353800240501684e-01
5.371367477857386108e-01
5.406988578637171861e-01
5.374851529514840243e-01
5.426934532943666900e-01
5.368066580138511901e-01
5.378036995912975904e-01
5.369269534059524229e-01
5.392155999086214457e-01
5.371477517146776570e-01
5.370064091211389501e-01
5.348497997456505004e-01
5.316410377631444195e-01
5.320036447542685343e-01
5.309051448132322548e-01
5.313496219153510669e-01
5.340980457242057167e-01
5.318309430035912388e-01
5.327066704423610854e-01
5.340967284760973488e-01
5.283095109980859849e-01
5.281013018405861237e-01
5.268739537923797789e-01
5.267946312833072797e-01
5.219463702218587464e-01
5.234534322975457066e-01
5.217557995744812604e-01
5.120160630936960722e-01
5.168340748078137370e-01
5.120678837208828549e-01
5.165324222439500179e-01
5.120106868980676129e-01
5.116822447776725458e-01
5.114746925574825687e-01
5.111711679411281573e-01
5.114134435192733141e-01
5.114099811561778619e-01
5.109903582038602954e-01
5.130461201512861447e-01
5.122061149237923106e-01
5.150736367980316421e-01
5.104839740412702165e-01
5.110788638257153238e-01
5.111961868544092624e-01
5.108132029513454686e-01
5.106886902099567749e-01
5.122040276219191890e-01
5.099117029517457045e-01
5.090820820878294573e-01
5.091595378978567288e-01
5.089774000535003395e-01
5.091733436901545451e-01
5.089203002824800315e-01
5.112862350009983459e-01
5.079650307029216494e-01
5.118475887557020210e-01
5.056878621812019858e-01
5.056201971877706258e-01
5.056196491029226747e-01
5.073031481491629968e-01
5.124206462705723775e-01
5.085457104521978744e-01
5.055979347655262801e-01
5.062126680642967669e-01
5.064076649211385339e-01
5.056931309156887933e-01
5.064292465987941805e-01
5.054515521033634551e-01
5.062600187938652851e-01
5.083113016967720776e-01
5.130301645288414258e-01
5.056255040032109349e-01
5.076522490687166433e-01
5.038367470743266852e-01
5.034750639829271845e-01
5.040810821800365549e-01
5.062463168988857731e-01
5.030346459243743018e-01
5.031119292800477760e-01
5.035502376982844419e-01
5.150161125441594656e-01
5.052171031682679558e-01
5.036116377840771374e-01
5.026659819471017698e-01
5.027034309957199021e-01
5.059599778641074019e-01
4.992434570202539112e-01
4.992359048172796965e-01
4.998524622139844387e-01
4.992296772373511771e-01
4.962576830063226696e-01
4.961569097910345505e-01
4.968544807039753097e-01
4.967428977824090430e-01
4.956984150040645853e-01
4.965874275963622630e-01
4.959369538890081031e-01
4.932262439930240050e-01
4.939555914600256559e-01
4.934810205032404418e-01
5.010416203481534714e-01
4.938582427427347654e-01
4.938879579102880557e-01
4.927612512519192189e-01
4.943011561231818729e-01
4.918708525728177072e-01
4.950202547952035070e-01
4.917308393148516199e-01
4.922111900940582263e-01
4.918142341352914060e-01
5.010762285137180250e-01
4.911389942217115889e-01
4.946092675171895325e-01
4.907577213983201347e-01
4.923593032545118264e-01
4.904629326130842126e-01
4.932266247527331560e-01
4.913584337863747264e-01
4.920617747186866175e-01
4.920872166075703769e-01
4.921832895518300499e-01
4.903583930516780542e-01
4.910345623295802597e-01
4.913073826867061511e-01
4.908210348011706192e-01
4.905693163414404090e-01
4.906125944745507450e-01
4.901752452670606885e-01
4.924644766093072001e-01
4.908842315223000963e-01
4.891099282042205010e-01
4.894858139515237405e-01
4.940554603999886552e-01
4.898290722433196187e-01
4.897213751337933796e-01
4.905406834661575344e-01
4.890089323301325952e-01
4.891897113349450432e-01
4.913725490469470492e-01
4.920927353090157608e-01
4.943255956014264707e-01
4.899708752217424301e-01
4.947413076433404000e-01
4.888284386186678709e-01
4.901212566948272564e-01
4.945168781670727931e-01
4.984298022764169223e-01
4.888277679094329420e-01
4.885743346727431935e-01
4.914333884376712036e-01
4.876322098428041985e-01
4.875724380242224543e-01
4.914075442910004199e-01
4.874818853504447880e-01
4.869750082087877519e-01
4.892828973443947849e-01
4.919246345844315305e-01
4.886729354947177972e-01
4.868687549096488709e-01
4.876045144409334453e-01
4.823407670745123443e-01
4.824390353920064989e-01
4.862253951179836275e-01
4.858193134702669114e-01
4.876776176351955705e-01
4.825098424168578481e-01
4.830401879133882637e-01
4.861502450921399987e-01
4.821741322933685292e-01
4.855477702159461950e-01
4.787481256107148364e-01
4.782744515537649677e-01
4.781610241468411959e-01
4.782191545826683376e-01
4.802400493794301006e-01
4.770284885972232991e-01
4.771735343754480163e-01
4.769416379777209336e-01
4.778396882018952629e-01
4.777583008659613273e-01
4.826733718450298971e-01
4.775799616305019812e-01
4.790935530268423115e-01
4.774776914773155578e-01
4.780409215483799046e-01
4.763644968758019571e-01
4.710447529069485273e-01
4.710139030841552499e-01
4.724385353635416895e-01
4.713094973698475076e-01
4.789416699957992352e-01
4.709355853822026483e-01
4.753408909583096698e-01
4.707605061243635425e-01
4.730796479883591643e-01
4.700759293966493835e-01
4.685613310698126810e-01
4.675135778884770832e-01
4.674836743445993648e-01
4.687190065815013407e-01
4.736001244495169904e-01
4.677788672106276135e-01
4.714098829049150896e-01
4.675573200242388316e-01
4.703768104564372554e-01
4.685221000889403520e-01
4.723830691748725497e-01
4.674853967871760996e-01
4.674983838138457304e-01
4.691196632629373586e-01
4.670457002801023383e-01
4.675084104827703091e-01
4.678149053567902116e-01
4.671299224528128180e-01
4.673571168403902187e-01
4.666687579199158553e-01
4.665888893779137625e-01
4.683717878912307953e-01
4.706480033428471210e-01
4.671611552137294177e-01
4.690348618691513316e-01
4.663110488154725841e-01
4.693744984331583714e-01
4.658830408085088970e-01
4.717192149302637527e-01
4.667090036952564192e-01
4.706167091697232019e-01
4.657508475151890814e-01
4.703978661250579618e-01
4.659779641064712985e-01
4.673396369395438898e-01
4.654921906602350612e-01
4.685682091893421664e-01
4.681048800717311775e-01
4.651996137245160146e-01
4.660665476497958259e-01
4.652711059415248762e-01
4.655249141952894631e-01
4.675343805695079125e-01
4.650469756722503956e-01
4.660496523871139884e-01
4.643504348615460908e-01
4.654160338440513356e-01
4.640833940113352485e-01
4.690925693435370469e-01
4.672881358346334668e-01
4.714611597803331500e-01
4.669216828753104953e-01
4.617740932422391142e-01
4.612629392438395426e-01
4.701693792249629911e-01
4.615487143757443511e-01
4.597284510042554673e-01
4.598709648782027815e-01
4.657144248246255502e-01
4.594372836862451459e-01
4.638868981002134406e-01
4.596524308922245727e-01
4.632696622091730942e-01
4.596588291425571238e-01
4.607530480700611775e-01
4.603720764548658861e-01
4.613812873938498704e-01
4.595282402500218688e-01
4.657846181708513167e-01
4.595080322748699153e-01
4.606887465181727093e-01
4.592812946295276588e-01
4.600637572821659194e-01
4.592853101938062510e-01
4.606383560625100237e-01
4.593707895762131899e-01
4.609314759561045638e-01
4.598518336759651048e-01
4.657669031741220045e-01
4.588949560659206783e-01
4.605045216072177761e-01
4.590887149103918818e-01
4.600195490852889701e-01
4.615268457456869755e-01
4.620189692222294031e-01
4.582251026290113383e-01
4.604416539863631641e-01
4.593197593619398056e-01
4.590198810343985580e-01
4.585008296563832242e-01
4.580597847387390953e-01
4.581755230115905353e-01
4.594629829244120112e-01
4.586963777041163648e-01
4.622584232587420017e-01
4.585238808232332541e-01
4.577166232307342542e-01
4.579852216871510562e-01
4.582976246363361650e-01
4.583718558535978538e-01
4.637892117463884301e-01
4.579760840175831071e-01
4.617199251676812888e-01
4.575244674116951682e-01
4.590639771193707475e-01
4.577810748975078003e-01
4.585551796285557979e-01
4.590353903211799036e-01
4.643357108559126867e-01
4.570373809421893196e-01
4.564383350995316335e-01
4.565332380615975683e-01
4.580841794772763653e-01
4.564025516601958321e-01
4.613240931787016552e-01
4.562960204525263741e-01
4.573837857945098340e-01
4.588315341751350029e-01
4.574967067224414707e-01
4.583012033186177336e-01
4.620807719807690228e-01
4.562405295184513987e-01
4.585786599339609637e-01
4.560473293113907478e-01
4.576717174460915305e-01
4.559522240681867511e-01
4.615991154189222345e-01
4.601794668710029179e-01
4.541608112229656991e-01
4.541546357690406377e-01
4.585428144092760783e-01
4.553658871273567610e-01
4.549397723563140539e-01
4.538547427570832071e-01
4.563281257537928348e-01
4.540889262164724549e-01
4.551218605362652436e-01
4.539493215660568848e-01
4.557370618558567732e-01
4.544240044975373372e-01
4.547451696126996734e-01
4.538593525291303443e-01
4.575941008934871768e-01
4.535162582343465476e-01
4.561764772122388623e-01
4.535322736410262179e-01
4.540041394004695197e-01
4.535655942870239210e-01
4.583951522221777486e-01
4.539392795756337362e-01
4.546727992080921155e-01
4.537539574429699796e-01
4.584068037762195069e-01
4.535475239827364002e-01
4.572670608223028954e-01
4.534064455769198365e-01
4.576615358244151555e-01
4.539356009939244929e-01
4.607547615918285988e-01
4.534626446082619111e-01
4.546792433018351232e-01
4.531484055527486010e-01
4.546727440487939309e-01
4.527429820753970380e-01
4.535216279135755313e-01
4.528333245240885874e-01
4.532693439193233864e-01
4.520460514880396685e-01
4.601649563239243457e-01
4.558043680754179094e-01
4.530924432473150687e-01
4.518730427412662176e-01
4.555788600757374462e-01
4.512525986158310021e-01
4.525918500760160446e-01
4.513753799597235439e-01
4.519433868738108595e-01
4.516321232323678436e-01
4.571925100818939325e-01
4.517528104479782702e-01
4.516125439883297843e-01
4.510502914988017142e-01
4.541198097853196280e-01
4.516752816413998062e-01
4.578826027980889557e-01
4.511675789847235940e-01
4.514829647335514284e-01
4.513722175808186354e-01
4.520642767727511835e-01
4.522473564531163670e-01
4.531799440804755164e-01
4.516345623532619924e-01
4.513943934899257715e-01
4.510331131543342531e-01
4.511531853403297765e-01
4.525446707847436967e-01
4.512311849345162496e-01
4.507727322801868830e-01
4.509389700943459145e-01
4.491443254226738513e-01
4.492431624558723691e-01
4.504640713171230715e-01
4.490632654583817107e-01
4.499715398255890175e-01
4.487412597314471840e-01
4.497953630835977434e-01
4.490697166095323212e-01
4.490224941767961275e-01
4.487695341332374466e-01
4.494702483201321042e-01
4.486615894265581495e-01
4.487739494792526984e-01
4.488498013522371766e-01
4.492507584749293459e-01
4.486167621665799743e-01
4.494452838640947134e-01
4.487489940771711150e-01
4.486153267389604293e-01
4.483166918520479771e-01
4.483491400826702944e-01
4.483667489863455979e-01
4.484388599938937681e-01
4.485538078547720575e-01
4.492904526021567757e-01
4.482015212955419714e-01
4.488128693745289666e-01
4.482157714623774547e-01
4.476266093586278028e-01
4.487514040471175525e-01
4.479002588805625629e-01
4.473874944052458336e-01
4.467358217467396475e-01
4.466932478550582619e-01
4.462211305368211645e-01
4.462984412660923050e-01
4.459378236795962236e-01
4.467429222299239000e-01
4.457746454571672734e-01
4.463130416951588408e-01
4.455934023915784081e-01
4.453017487887321879e-01
4.472410263598813884e-01
4.452055030293280424e-01
4.449096665645077553e-01
4.447858133494784205e-01
4.443098865837788458e-01
4.443302169586066386e-01
4.444030634451746620e-01
4.445182987623756965e-01
4.450623504443734224e-01
4.446663960715961372e-01
4.448615951538619773e-01
4.441878684297325686e-01
4.447622022935362462e-01
4.436486825179901672e-01
4.449156697285013284e-01
4.436966689188676649e-01
4.437567941281933548e-01
4.440815324379984164e-01
4.441406733394659967e-01
4.432762714309377294e-01
4.430077475748868676e-01
4.434892445251648052e-01
4.424182148630139699e-01
4.425956144493230493e-01
4.426113339544316960e-01
4.423891784365547863e-01
4.428206568445923752e-01
4.425129664252177575e-01
4.427225445921098013e-01
4.424464061209222865e-01
4.432445100778803493e-01
4.425670907787085384e-01
4.420494761593409816e-01
4.422054984210123108e-01
4.428585306655785092e-01
4.422325299772574825e-01
4.417621968621606721e-01
4.418367698516609265e-01
4.419960813077705164e-01
4.420550030624378901e-01
4.418095231590929983e-01
4.417665369298913181e-01
4.428878133454679511e-01
4.414452833222009542e-01
4.414818373023022269e-01
4.414026489398234498e-01
4.415469442092370134e-01
4.427211984839952152e-01
4.440125933359876376e-01
4.417821671162202590e-01
4.426765958188660921e-01
4.414746020569241813e-01
4.419940610170199347e-01
4.415861965588200322e-01
4.427928165836007013e-01
4.416255445001417423e-01
4.405087565647714531e-01
4.406085991580791505e-01
4.397127197167565726e-01
4.400209473729796428e-01
4.405875635482396357e-01
4.399230642423579418e-01
4.399584289052638764e-01
4.398226038293909790e-01
4.395234441989264162e-01
4.399892837925102329e-01
4.393401756324383234e-01
4.390239197934946991e-01
4.394533304019753173e-01
4.392129789034789344e-01
4.385607647488042882e-01
4.393273782342815292e-01
4.388589172524055004e-01
4.389811431426046129e-01
4.393007416041791457e-01
4.385033113185815012e-01
4.381065649110129634e-01
4.381633296798417843e-01
4.387085695130057417e-01
4.377247542672884628e-01
4.381783564910786133e-01
4.380045463956475094e-01
4.376948079323185192e-01
4.378643417078083577e-01
4.379249956723723081e-01
4.376430407499529718e-01
4.378939111948890184e-01
4.377389410554978211e-01
4.373168831471015428e-01
4.374306859253287438e-01
4.394522489438551505e-01
4.372583040363142715e-01
4.370152370640710826e-01
4.368160340001068231e-01
4.372212550680734666e-01
4.368704950752980154e-01
4.387644807420639781e-01
4.372809552670472444e-01
4.379952751809469969e-01
4.366174603168368473e-01
4.363400068667087073e-01
4.362020049407837052e-01
4.379078099301941251e-01
4.362312278156610934e-01
4.366369240438103816e-01
4.364693158691627661e-01
4.368180043779263388e-01
4.363157051903167605e-01
4.365204306922249589e-01
4.359937180655873989e-01
4.370788134129545699e-01
4.363032782894246675e-01
4.366560050511566482e-01
4.360087690338845801e-01
4.366800715623481155e-01
4.363356891460019038e-01
4.360817627260369922e-01
4.369358335571404961e-01
4.366739373429114335e-01
4.359952023210815208e-01
4.360228688989830625e-01
4.358921902391500458e-01
4.359198831454450529e-01
4.357721396463007379e-01
4.368033508649799002e-01
4.356221645806201970e-01
4.371897759607236145e-01
4.359374713088001174e-01
4.359343805658150717e-01
4.358727001426620506e-01
4.365009184269600939e-01
4.355225112852150748e-01
4.368223460756874288e-01
4.356600184559408784e-01
4.349961772966856044e-01
4.353638161822627195e-01
4.356970370993672459e-01
4.353816277664109835e-01
4.357370478187977403e-01
4.351717911055312804e-01
4.354230304160737752e-01
4.347944803432654548e-01
4.349697286831069043e-01
4.351682750007204725e-01
4.353085358431750262e-01
4.347315116099684240e-01
4.351890816868860812e-01
4.347915201345940450e-01
4.349482159872258835e-01
4.348173472373054738e-01
4.353105016550808948e-01
4.344586879230460386e-01
4.355332127935684361e-01
4.346136339343105726e-01
4.355885385575005153e-01
4.344651268962037016e-01
4.348104893158799000e-01
4.346322672775848606e-01
4.352095070035439939e-01
4.346334740178980360e-01
4.352366842038052908e-01
4.344748297826227512e-01
4.345947530882514620e-01
4.344060720770180906e-01
4.345558429792882316e-01
4.345484258842608472e-01
4.352927874027961441e-01
4.343976052095633866e-01
4.346605575813330402e-01
4.345044910845659580e-01
4.345113710204560609e-01
4.343865297263939107e-01
4.346065895105027943e-01
4.343275748823046678e-01
4.348746143424622734e-01
4.349478631793101679e-01
4.340520131291009109e-01
4.340210005098365520e-01
4.350994992758069890e-01
4.341969505670725260e-01
4.343353815539927609e-01
4.339437704693769327e-01
4.348521756035642061e-01
4.344094429061603480e-01
4.340890711639988075e-01
4.339277745150009191e-01
4.347076668214961415e-01
4.339381717421881279e-01
4.344591560223124982e-01
4.339830607769896154e-01
4.337245269945317894e-01
4.336147255440792048e-01
4.340217849708831732e-01
4.335718671708803651e-01
4.344107184474541583e-01
4.336123378609545442e-01
4.356041933289813706e-01
4.334401141357382414e-01
4.333217107249222044e-01
4.341494890991038358e-01
4.326752344718651777e-01
4.328527520769421266e-01
4.337397826634873388e-01
4.331741117708539646e-01
4.323687116496208183e-01
4.321132134351844956e-01
4.331652739624554660e-01
4.322185519333204273e-01
4.334053413325095194e-01
4.323286231583939321e-01
4.328667483013629580e-01
4.324113486297951892e-01
4.324775946896450285e-01
4.318847386204455741e-01
4.335529422142131439e-01
4.319076039857246418e-01
4.321162493149111605e-01
4.320686485447363112e-01
4.319129895889565751e-01
4.321955007465995147e-01
4.320383040240964867e-01
4.318186573742746059e-01
4.327279746804454374e-01
4.318548324358225665e-01
4.321782480449655184e-01
4.319282309239746986e-01
4.313835791888266380e-01
4.314886689958339350e-01
4.315908730491921363e-01
4.314774672144815471e-01
4.318721742343824554e-01
4.315656226118834149e-01
4.316806620278713091e-01
4.313882404725200570e-01
4.320811954048975889e-01
4.320600291906606105e-01
4.310366209695203343e-01
4.310183560688397586e-01
4.311729504398779111e-01
4.309948997225737100e-01
4.315366435380416088e-01
4.310351303936662548e-01
4.310712168103527642e-01
4.310818393496448353e-01
4.311449567447161457e-01
4.308345872203441229e-01
4.324960358849225805e-01
4.310015321291137957e-01
4.314019322566559622e-01
4.309950634098982936e-01
4.310685266535787541e-01
4.310503247434276375e-01
4.309894213510356287e-01
4.313385581985830219e-01
4.315077175678015409e-01
4.308430266134922193e-01
4.319490624465571749e-01
4.309320532578488905e-01
4.307392851140026124e-01
4.317024809631543336e-01
4.324683795212991844e-01
4.309712084607471572e-01
4.312907228853504193e-01
4.316732934453376136e-01
4.301217271916214502e-01
4.302592587892576370e-01
4.316591638992426927e-01
4.306471651888489349e-01
4.301992142029941180e-01
4.305762537408330815e-01
4.303884552371965988e-01
4.299195185959199250e-01
4.306052522276293537e-01
4.299153178362814520e-01
4.309648741626904145e-01
4.301556616828176027e-01
4.307760050806943020e-01
4.300962419177692952e-01
4.304989339929210512e-01
4.298375413266045109e-01
4.301628870497969381e-01
4.299204802244307455e-01
4.301237520635847744e-01
4.301193868901346251e-01
4.301801813135667230e-01
4.298707118603718458e-01
4.307750540123183036e-01
4.297637583549916429e-01
4.297817783515671120e-01
4.300495740968532932e-01
4.305837282230959850e-01
4.296366960922345934e-01
4.296949073586975310e-01
4.298599149025531529e-01
4.297765679938551076e-01
4.298267421619045292e-01
4.299011316580018116e-01
4.305233981465326765e-01
4.294413325051616992e-01
4.295676775602443875e-01
4.299052867703422320e-01
4.295173529984599448e-01
4.298027653445978258e-01
4.292731559279109321e-01
4.293618499233786134e-01
4.294972105324894596e-01
4.296093933926062869e-01
4.293243917229202511e-01
4.293342489116077076e-01
4.293327122790549510e-01
4.294514949325239361e-01
4.294693449747234437e-01
4.298660848954518610e-01
4.294281914642922304e-01
4.297555357996771797e-01
4.293725845603569291e-01
4.299482901937331514e-01
4.293020754887782453e-01
4.317044065336134162e-01
4.292182074233708011e-01
4.301089479601349352e-01
4.292728132424044607e-01
4.295314458803423663e-01
4.291206846050237833e-01
4.296348462462842854e-01
4.293493952652063239e-01
4.294983832348275854e-01
4.292268174208347942e-01
4.297678338764948647e-01
4.292612190913633885e-01
4.299603993492485676e-01
4.292536675460980611e-01
4.296418547372177210e-01
4.292931724266902394e-01
4.296305019583815943e-01
4.296571444345835822e-01
4.296113224552521870e-01
4.293813925489355365e-01
4.292216733992813005e-01
4.294044540039724245e-01
4.292726415599117940e-01
4.291925471920752244e-01
4.291602870862112895e-01
4.293607432174044725e-01
4.292299715963468487e-01
4.289343206165084355e-01
4.290102142007367059e-01
4.293673442426595432e-01
4.289645113682463706e-01
4.290532077401702504e-01
4.291655823028368566e-01
4.292707649527428004e-01
4.291177432314657869e-01
4.295315392270875332e-01
4.288845644499016396e-01
4.291132607044091940e-01
4.288397981299852946e-01
4.293569023756890202e-01
4.289054706777123971e-01
4.290361360642710453e-01
4.289153248448937528e-01
4.289915999654352885e-01
4.288697544737380407e-01
4.288168778803396752e-01
4.287639418142088488e-01
4.289239672000046966e-01
4.286741441263568486e-01
4.288616224460449211e-01
4.287064085956551196e-01
4.289211188079652404e-01
4.287098597708961512e-01
4.283254146728496248e-01
4.282843835535967703e-01
4.282179763671095651e-01
4.284303335656452494e-01
4.280352237712851671e-01
4.280968777274803960e-01
4.282739131096461871e-01
4.280468413192115018e-01
4.281420727136794335e-01
4.281321511030261040e-01
4.281933873181834049e-01
4.280564140351500457e-01
4.283125406366795063e-01
4.279936841402443570e-01
4.283765159314652515e-01
4.279368135201102596e-01
4.282769226116118211e-01
4.279348867183759841e-01
4.280404339594590102e-01
4.279237254946173796e-01
4.280585796691805944e-01
4.278329032530924780e-01
4.279270951571242376e-01
4.278687102251435004e-01
4.280460838832033654e-01
4.279218753635816164e-01
4.276853161053787988e-01
4.277319996346135578e-01
4.277723576800152028e-01
4.276660269970438133e-01
4.281294089400951020e-01
4.277177375730011333e-01
4.279857749641178821e-01
4.276843318812367234e-01
4.277733347020526433e-01
4.278901633463336185e-01
4.272445532325272466e-01
4.273913103151958381e-01
4.272227580280731907e-01
4.272349548088446580e-01
4.271970189912209226e-01
4.271132722555911476e-01
4.271425512073242503e-01
4.275179922031162039e-01
4.270712508164771770e-01
4.270665459908701278e-01
4.270349711458007458e-01
4.271365576116987195e-01
4.271678944723012461e-01
4.270935838934118989e-01
4.268585431053321111e-01
4.269194009050345517e-01
4.268870915583051762e-01
4.267551799228270215e-01
4.268350531366128520e-01
4.267868909464983540e-01
4.267701085365564473e-01
4.267050326725984610e-01
4.267293472850970937e-01
4.271740408529517974e-01
4.267276598855818115e-01
4.270536764450853506e-01
4.269457940336124357e-01
4.266809672017859434e-01
4.265028491383957565e-01
4.263562391568436749e-01
4.264216426766098134e-01
4.266557608381458255e-01
4.264257459676565332e-01
4.264510372150790429e-01
4.262683806023914723e-01
4.262677632765158320e-01
4.263267854684640867e-01
4.262803371217165904e-01
4.262434659868330478e-01
4.264416287134585315e-01
4.261373332252040846e-01
4.262058776079050704e-01
4.261629228059800600e-01
4.260295691689485187e-01
4.259855483077565896e-01
4.263166377487293546e-01
4.260255483996172599e-01
4.262938637066354119e-01
4.260407196444181976e-01
4.259691911528398767e-01
4.262484239385019857e-01
4.258277624633901581e-01
4.258317668958429003e-01
4.259188269996329046e-01
4.258679417722243676e-01
4.256226839074757629e-01
4.256628380272758916e-01
4.257095404970608343e-01
4.255979935018135984e-01
4.259560635993486777e-01
4.256212959859586031e-01
4.254641348039097659e-01
4.254743765832361135e-01
4.254549557240581703e-01
4.253741332779599760e-01
4.256560640351160218e-01
4.253849965690584822e-01
4.253898809622305710e-01
4.254580438012108834e-01
4.252942045772890589e-01
4.254739295607550820e-01
4.253160966687654088e-01
4.252913349850562241e-01
4.261100081731878930e-01
4.252879056132607416e-01
4.253251563698379756e-01
4.251636241092658919e-01
4.250062186207744230e-01
4.250278465241524306e-01
4.251939196220074213e-01
4.250507084432949556e-01
4.252274233110849844e-01
4.250557101927341375e-01
4.252063552977705108e-01
4.250515909497882272e-01
4.253224806858785234e-01
4.249883431839912573e-01
4.248343682277342936e-01
4.248401349523289183e-01
4.253250249594796584e-01
4.248959858705832482e-01
4.248522292326837868e-01
4.249180879879442818e-01
4.247544062239705931e-01
4.250175049580133257e-01
4.245856130393934613e-01
4.245709047462924435e-01
4.245403900308779011e-01
4.245906532379719600e-01
4.246631843111680626e-01
4.246539868331686840e-01
4.245143820509553745e-01
4.245315935945863095e-01
4.244216396783524470e-01
4.243812170521036875e-01
4.245113549409359477e-01
4.242996611708762522e-01
4.244032963131270653e-01
4.243327567995677230e-01
4.246697217845641914e-01
4.245099158533212069e-01
4.244856801599258267e-01
4.243512694629117954e-01
4.245089724606272985e-01
4.243317883365171350e-01
4.244530631927609932e-01
4.243574840902716305e-01
4.244120453938439175e-01
4.243639611041886139e-01
4.244170620245497627e-01
4.242704609829012763e-01
4.247988583201357526e-01
4.243014472756277966e-01
4.241460525628492628e-01
4.243252618213088634e-01
4.243874065056441047e-01
4.240298864357048836e-01
4.246692421407202711e-01
4.242454577873376875e-01
4.244807542447627258e-01
4.241131447957232625e-01
4.241510895109203427e-01
4.240760526499292582e-01
4.238039792066297662e-01
4.239242716090785290e-01
4.240338969015519099e-01
4.237590681633478518e-01
4.233930140935607822e-01
4.232502392047698403e-01
4.232905777025542937e-01
4.232565587818716835e-01
4.237412955491407507e-01
4.232509049026028647e-01
4.237798525546531136e-01
4.233407504630464224e-01
4.235314585249124741e-01
4.232668055464396950e-01
4.234176994366571911e-01
4.232700666360169062e-01
4.233460188876690400e-01
4.233359689406995807e-01
4.236545316648669957e-01
4.231010068427011883e-01
4.229267320096474214e-01
4.229748684081826582e-01
4.230870856223888921e-01
4.229047822191902561e-01
4.229428462615790751e-01
4.228172157650966767e-01
4.229134655325335057e-01
4.227302096272672616e-01
4.230229706506299370e-01
4.227502678341012454e-01
4.225703270382282772e-01
4.226288531663623393e-01
4.225916656054944376e-01
4.225177690682297982e-01
4.224592675006166864e-01
4.224840833425685394e-01
4.225852679634911624e-01
4.223676855228812310e-01
4.225180395595425908e-01
4.223620120496324182e-01
4.223345758621639412e-01
4.222905363655308775e-01
4.223129638182702705e-01
4.223147956417249160e-01
4.222522656311091249e-01
4.222144277584088390e-01
4.226926333703526772e-01
4.222332741959816116e-01
4.225448420677557770e-01
4.221980614651151820e-01
4.224723399532916979e-01
4.225071138859415321e-01
4.226896768697813722e-01
4.221996958603567163e-01
4.221054114100460386e-01
4.221065535192652929e-01
4.223585865962685704e-01
4.220884805382575378e-01
4.219185513960259648e-01
4.219311448034920864e-01
4.223626259725580256e-01
4.219655243168417558e-01
4.226599868754956635e-01
4.219888903077316233e-01
4.218889892712280876e-01
4.219293273851864035e-01
4.224089207836254634e-01
4.219438579851412241e-01
4.220663498479916842e-01
4.220465962366374835e-01
4.223540817288474192e-01
4.219287662851023413e-01
4.218461563304088391e-01
4.219527076724271519e-01
4.220509970683905543e-01
4.219123837639817687e-01
4.220204995880922350e-01
4.216982209736500620e-01
4.223828457873895492e-01
4.217121753074984936e-01
4.221481247419767158e-01
4.215583553126338034e-01
4.215193825051286036e-01
4.215106024781000160e-01
4.216108671091746141e-01
4.216179700825273824e-01
4.219394965660900887e-01
4.215468048071427387e-01
4.215129544450723076e-01
4.217403136540391340e-01
4.218187805320809947e-01
4.216521911991419347e-01
4.215354310336238974e-01
4.219100365989061907e-01
4.219305932128901704e-01
4.214564154133938478e-01
4.215573660475545603e-01
4.215461887422203291e-01
4.212949718065832627e-01
4.212783351873529147e-01
4.212448655517074814e-01
4.214657883542264893e-01
4.214833803339512741e-01
4.212326151549186659e-01
4.213194939845319453e-01
4.212934366498911065e-01
4.215200713398423171e-01
4.212476935360882635e-01
4.217109590480283554e-01
4.212614926691750639e-01
4.212409205926112565e-01
4.212468593741394152e-01
4.213662647363503599e-01
4.212855692175915268e-01
4.215897565734980645e-01
4.211240003744525784e-01
4.206544862608763147e-01
4.206691251162528733e-01
4.209153246095548861e-01
4.206788604201215920e-01
4.208680836509859358e-01
4.207468373819219232e-01
4.207762612523061607e-01
4.206776067696135213e-01
4.204208891712918894e-01
4.204670237869288507e-01
4.205154019472134297e-01
4.204200031132120374e-01
4.204651947064321216e-01
4.205131682109950475e-01
4.202815238806844600e-01
4.202862593079570996e-01
4.202684405509507504e-01
4.203765596598633691e-01
4.204246046612764576e-01
4.203036616650347446e-01
4.202942638694006638e-01
4.203410783195257738e-01
4.205321914462465394e-01
4.203285625018581828e-01
4.205595031358501101e-01
4.203466668881931656e-01
4.202490076980169853e-01
4.202092572133418469e-01
4.205523229208411595e-01
4.203021253608601460e-01
4.203676434190907196e-01
4.202327654940932189e-01
4.202743035224630330e-01
4.202891580021403950e-01
4.202105291468878345e-01
4.203058149230694540e-01
4.204114830534149139e-01
4.202449025708683839e-01
4.201539565712292812e-01
4.201102217625638513e-01
4.205595710722099256e-01
4.201620231003107553e-01
4.201147988899339714e-01
4.201346627444683124e-01
4.200697198917201503e-01
4.201467196957107131e-01
4.203448499308173325e-01
4.200905496324073285e-01
4.204987042526370233e-01
4.201978479046307724e-01
4.205493467023237453e-01
4.200435612931012197e-01
4.202168801801241527e-01
4.200637521671390373e-01
4.199795037618834215e-01
4.199687099379952882e-01
4.200065349013755167e-01
4.199403871178516989e-01
4.206121405408224656e-01
4.200754124018376556e-01
4.198573537785197374e-01
4.198211627942511348e-01
4.202003244470344789e-01
4.198620692955671307e-01
4.198239613499983314e-01
4.198723136975364145e-01
4.197198300021750539e-01
4.200190672519173996e-01
4.199297262883409099e-01
4.194803657843947375e-01
4.196288170717285548e-01
4.195297408711510245e-01
4.196923691942284762e-01
4.195440382380966060e-01
4.196485390071283961e-01
4.194921570033113833e-01
4.195287654708683145e-01
4.196152409439551367e-01
4.196467783783195959e-01
4.194756290441775115e-01
4.196281835383109393e-01
4.195387646185138597e-01
4.196730343480559178e-01
4.194650999800230151e-01
4.195623048891003459e-01
4.194857946714750097e-01
4.195424118938824165e-01
4.194757336984273333e-01
4.194604168306451664e-01
4.195045084692440862e-01
4.196150220352838356e-01
4.194455857405214316e-01
4.197906864421734885e-01
4.194927138992077253e-01
4.196251219385520592e-01
4.194772530968227664e-01
4.199227590339681404e-01
4.193909890715293853e-01
4.193551686604576889e-01
4.195471399915933763e-01
4.191900507172602874e-01
4.192726609793808734e-01
4.191517096611646620e-01
4.192600520644091944e-01
4.191067481777886461e-01
4.193207180207747520e-01
4.189996454688033056e-01
4.191828463170930719e-01
4.191780374386029906e-01
4.189680815135837788e-01
4.190033804874866985e-01
4.190135734124239564e-01
4.190407011709413321e-01
4.189063435727914397e-01
4.191211362992958156e-01
4.189476800219472108e-01
4.189215647453828906e-01
4.189437775299277855e-01
4.188129891685221651e-01
4.187572314232750337e-01
4.190181864471828055e-01
4.188170441851412074e-01
4.188702656997295715e-01
4.187820983555094467e-01
4.187737251889847578e-01
4.186883189021707863e-01
4.189557764511360194e-01
4.188083897936178412e-01
4.185733002208131825e-01
4.185618457020366945e-01
4.184358956911720107e-01
4.185343896984258794e-01
4.184915059367929069e-01
4.183722184307413494e-01
4.184375314389045530e-01
4.184365844615976493e-01
4.184137509805909150e-01
4.184536285817933576e-01
4.184950355891480234e-01
4.184204769245524203e-01
4.184558827214357457e-01
4.184618220029347468e-01
4.185744361903432353e-01
4.183485807714037996e-01
4.183625032731588256e-01
4.184107199043530234e-01
4.184540221315113939e-01
4.184169075419844064e-01
4.183490599457849179e-01
4.183431906989557580e-01
4.184259497113729798e-01
4.183617779254470981e-01
4.184850854785715502e-01
4.183605242473453223e-01
4.182304239222726094e-01
4.182499039646740413e-01
4.183305552757108359e-01
4.181305597474785918e-01
4.186367710628262073e-01
4.180064568145547832e-01
4.180569399324055024e-01
4.181620990947848560e-01
4.182452364265010214e-01
4.181972777913047223e-01
4.180922089582080337e-01
4.180074141182837377e-01
4.179737829232407220e-01
4.180241577207985948e-01
4.179728077577776202e-01
4.179907157603683920e-01
4.181294891654702695e-01
4.180142725953263083e-01
4.178851967355237673e-01
4.178642285995237682e-01
4.180305026016063463e-01
4.179022707004404480e-01
4.180573759738969164e-01
4.179914816752056117e-01
4.180967938046895038e-01
4.178399523552077666e-01
4.185166867893403975e-01
4.180018753358756833e-01
4.180482183249112915e-01
4.178207127653159603e-01
4.182259926345675005e-01
4.177704379882197783e-01
4.180106856116975744e-01
4.177731668971079171e-01
4.173675848750140194e-01
4.176521965968976180e-01
4.172480151899066736e-01
4.173099554467165073e-01
4.171328874764265726e-01
4.172106709388527235e-01
4.172145854534153320e-01
4.172205419492902023e-01
4.170400692104775930e-01
4.171773376154785939e-01
4.171906093875961119e-01
4.170829467785414080e-01
4.170714849107480804e-01
4.171010463720726813e-01
4.172649570560170718e-01
4.169968690907026598e-01
4.175648790059912630e-01
4.170163810325183129e-01
4.170284403314802324e-01
4.170392257405970970e-01
4.171022550196663015e-01
4.170821836610126843e-01
4.172853425135242822e-01
4.169728397246152962e-01
4.172054598140662041e-01
4.169909802873987825e-01
4.171662865309406776e-01
4.169960244777811131e-01
4.171653806610720050e-01
4.172223294519338821e-01
4.172637126613715775e-01
4.170998542583734814e-01
4.172438239039671926e-01
4.169905106829532304e-01
4.175717758719450501e-01
4.170258923988160449e-01
4.171745162755032821e-01
4.172320474575290650e-01
4.169279604416299412e-01
4.167580636743358768e-01
4.167719134483496846e-01
4.167851242980879500e-01
4.165501133627250163e-01
4.165874226657088064e-01
4.164980560524813025e-01
4.166081630892097820e-01
4.165114620804662993e-01
4.165221218543005421e-01
4.168544796521967966e-01
4.165524792778583230e-01
4.168399220387422055e-01
4.165538072901088240e-01
4.166490396941465169e-01
4.164723228115727038e-01
4.170818305149181504e-01
4.164844682997151382e-01
4.164769165665077599e-01
4.164778018554171068e-01
4.166202725788488159e-01
4.166206696199229453e-01
4.166353025260253196e-01
4.164817398760051192e-01
4.173010775547099649e-01
4.162863953064535605e-01
4.162685936117223595e-01
4.163588274618640339e-01
4.172451024939948239e-01
4.162328049783041162e-01
4.160037947241674305e-01
4.159512059774674309e-01
4.164433143962230077e-01
4.159324964002226177e-01
4.159297970794471611e-01
4.159085573620545095e-01
4.163137587210919976e-01
4.159075676828902779e-01
4.165179778646755371e-01
4.158870912817155818e-01
4.161477181200425868e-01
4.158756525226136591e-01
4.160372107624806803e-01
4.158690809173032910e-01
4.159401266104303385e-01
4.158464614904572865e-01
4.158598663618113811e-01
4.158823393025416482e-01
4.166130726337672341e-01
4.158923421710835067e-01
4.164778973301767051e-01
4.159311704435013080e-01
4.161965168596921671e-01
4.158643216289433231e-01
4.159875024307574942e-01
4.159355854532943431e-01
4.159992856688584095e-01
4.158262123511119457e-01
4.160222305658939912e-01
4.158486539723002529e-01
4.164186577222172558e-01
4.157547229596484373e-01
4.154196460954029391e-01
4.155664747363584932e-01
4.162011234518013247e-01
4.154819699616076889e-01
4.153559596579662339e-01
4.154484920463160091e-01
4.155450408469461565e-01
4.154093958299946432e-01
4.154307210008540419e-01
4.154527769480345079e-01
4.154344498062885749e-01
4.153747592076194595e-01
4.154837765912186565e-01
4.153880207834653726e-01
4.153831350467779293e-01
4.153118566333175998e-01
4.159309870453790636e-01
4.153461014356719661e-01
4.157317695709491501e-01
4.152600934241004182e-01
4.156387324310379938e-01
4.152884389077154959e-01
4.158792026269838016e-01
4.151570125886200890e-01
4.152518849185414807e-01
4.150938607748827502e-01
4.158158257219635168e-01
4.150190655908648774e-01
4.148668791390924260e-01
4.148828398471310352e-01
4.150034430859528278e-01
4.149618610960801313e-01
4.151196436771694143e-01
4.148938364756963870e-01
4.149258018868252629e-01
4.149176486781747109e-01
4.151613759233337420e-01
4.148899246910802141e-01
4.150393421941068750e-01
4.149197946377797264e-01
4.151971888563357749e-01
4.149160401919123609e-01
4.150645216265539950e-01
4.149451050487214521e-01
4.149283252859866100e-01
4.148469387604840630e-01
4.149916751394934766e-01
4.149010467612986308e-01
4.149575255447960909e-01
4.148429411311500559e-01
4.149070621781113521e-01
4.148631261423377237e-01
4.148238184135116247e-01
4.148551781097862268e-01
4.149656001948769379e-01
4.148221267485033281e-01
4.150236129824558806e-01
4.148623932391802827e-01
4.156387168041978941e-01
4.147925847599934213e-01
4.154047572828735158e-01
4.149702315403079877e-01
4.145831771103750119e-01
4.145788174460025011e-01
4.144647210800534443e-01
4.145067018406204395e-01
4.147309417005352605e-01
4.145424862303805913e-01
4.144944070763221800e-01
4.144717141716243725e-01
4.146073107317504447e-01
4.144775492075059020e-01
4.145741864836420820e-01
4.146057975067525825e-01
4.147466936972634688e-01
4.144910309386256597e-01
4.145753278022306643e-01
4.144902182642653532e-01
4.149649785071601316e-01
4.143974292351706445e-01
4.148307772978539476e-01
4.143976487361817340e-01
4.144053316417104504e-01
4.144766163451754637e-01
4.145382756174884054e-01
4.144207094866818597e-01
4.145463530939516583e-01
4.145796845336371383e-01
4.142715699086340631e-01
4.142003876471671009e-01
4.141228559140171517e-01
4.141860785684848834e-01
4.140922020940682735e-01
4.141321222612901476e-01
4.140906199224380635e-01
4.141131581621528279e-01
4.141854950427055759e-01
4.140666435329757866e-01
4.141914144934409348e-01
4.139903146396012312e-01
4.141532546054055297e-01
4.139824167481848671e-01
4.141143528292302589e-01
4.140275344705954264e-01
4.140306061403309923e-01
4.139524315071691496e-01
4.141789873029326219e-01
4.140181446358032757e-01
4.141743475534495622e-01
4.139991163082162307e-01
4.140828770283438987e-01
4.139827332206483801e-01
4.140870940363627351e-01
4.140048796784192575e-01
4.140350207772658386e-01
4.139543162206093529e-01
4.141026952129949201e-01
4.139466647744550754e-01
4.142004911583553883e-01
4.139173298750179475e-01
4.139931952352153832e-01
4.139250077741073452e-01
4.141786312059412278e-01
4.141013673666503747e-01
4.138176096949580107e-01
4.139425706543042316e-01
4.141030313918283023e-01
4.138468942460322153e-01
4.138964958203399935e-01
4.138842729482277161e-01
4.141155196293636043e-01
4.137878742985193758e-01
4.138847545853985843e-01
4.139440929281151260e-01
4.140673809414696649e-01
4.138491881824480911e-01
4.141826607122290893e-01
4.137735175190400128e-01
4.137454956982015153e-01
4.137445209638946908e-01
4.139330641135273714e-01
4.138283189197809464e-01
4.141114269004999016e-01
4.138030397086033263e-01
4.137933525152313052e-01
4.138203452877060595e-01
4.142202522413543364e-01
4.136811010191928095e-01
4.138665876090464879e-01
4.137998033348135873e-01
4.142033124670387867e-01
4.138112516235465943e-01
4.135525521023141193e-01
4.135982078498525727e-01
4.133984042580020057e-01
4.134125623871917066e-01
4.134785039550853414e-01
4.134302258830021559e-01
4.138925711398164231e-01
4.134157933991205458e-01
4.137278661659928303e-01
4.133714536903532188e-01
4.134256467494080711e-01
4.134935941452129726e-01
4.133661102753149463e-01
4.133465526073145657e-01
4.136104081088478601e-01
4.133595037477568734e-01
4.135260043124774354e-01
4.134698219135431452e-01
4.132336758840112201e-01
4.132865547571877851e-01
4.134803203237587543e-01
4.132957286004739217e-01
4.133611283340372644e-01
4.132671952204419741e-01
4.133199093326107021e-01
4.132618940241936656e-01
4.134326502340243126e-01
4.132048889865517771e-01
4.133300043715304462e-01
4.131870473362586615e-01
4.132341666874870811e-01
4.131612050803695202e-01
4.133398191234795571e-01
4.132154145250689914e-01
4.134902859580318335e-01
4.131993121854135587e-01
4.134841801521441096e-01
4.131520691716971116e-01
4.135589962611270209e-01
4.131554787451010013e-01
4.132765475793130916e-01
4.131450749597339045e-01
4.131902660153585760e-01
4.131241200356695065e-01
4.132960880554258920e-01
4.131161907202463568e-01
4.133153406672248620e-01
4.131135211394234563e-01
4.136601178261814504e-01
4.131501778070358899e-01
4.132579884022855032e-01
4.130866466538945514e-01
4.132562550232579679e-01
4.131193420792788618e-01
4.131311212237816499e-01
4.130728960625696944e-01
4.134057820938643601e-01
4.131137069136565088e-01
4.134042669209747611e-01
4.131186837999257788e-01
4.129639655090548422e-01
4.130686943838988157e-01
4.130963760115851091e-01
4.130020530264630896e-01
4.129856441129414191e-01
4.130359773244696164e-01
4.129864597838881490e-01
4.129504159976638555e-01
4.129982991360397482e-01
4.129106376407643553e-01
4.130311351589684432e-01
4.128555880140740153e-01
4.128698951578330112e-01
4.128353808026550276e-01
4.130252090369750384e-01
4.128692547448267192e-01
4.128898496312366495e-01
4.129393720970502835e-01
4.131736108567387045e-01
4.128899248795144250e-01
4.131864192633854516e-01
4.129336587728237862e-01
4.126801495054347457e-01
4.127742230265063483e-01
4.129105901422081559e-01
4.126558988420537810e-01
4.129793707980479733e-01
4.127964118850574460e-01
4.128708123794838092e-01
4.126793699603698018e-01
4.126913692007558865e-01
4.126587705456891131e-01
4.129339079440811910e-01
4.126787834208775485e-01
4.128329005421538245e-01
4.126969361987243845e-01
4.127745250582529057e-01
4.125452332406229772e-01
4.126706200331710095e-01
4.126084627154407714e-01
4.127975822784503146e-01
4.126064737717504705e-01
4.127506433170150535e-01
4.126093810890498759e-01
4.126758933640038429e-01
4.125978697567542208e-01
4.126235305718651825e-01
4.125540200675750224e-01
4.129878514513336540e-01
4.125297907378979723e-01
4.127764362821993438e-01
4.125310461134131801e-01
4.125589208391689522e-01
4.124837349866893321e-01
4.126330616172057542e-01
4.124927895538516576e-01
4.125133483126982026e-01
4.124053343863425813e-01
4.124751890337758908e-01
4.123949798211214990e-01
4.124854592606029269e-01
4.124687554133328882e-01
4.125245405065641746e-01
4.124491848179179243e-01
4.127182339212643325e-01
4.123285579566322023e-01
4.123454794839416793e-01
4.121976557267543195e-01
4.127462503816763939e-01
4.122366232977670575e-01
4.122311863237729801e-01
4.122204582587463695e-01
4.124034840225259124e-01
4.122539380011922550e-01
4.124501977796375951e-01
4.122849121555072771e-01
4.122226819290465971e-01
4.122663791133353017e-01
4.121980348418564644e-01
4.121926518407258988e-01
4.121735403969232214e-01
4.121990568625613638e-01
4.121785419145832519e-01
4.122479700227875132e-01
4.121912545313578535e-01
4.122673342712814271e-01
4.122044021735487007e-01
4.124874970558907172e-01
4.121437200304041149e-01
4.120714260761733083e-01
4.120758246852775364e-01
4.120944466591933697e-01
4.121070684416051622e-01
4.120924783359563581e-01
4.120735461397484478e-01
4.121481955691049803e-01
4.120669523339343665e-01
4.120587814191991605e-01
4.120570359050261811e-01
4.120574223317070572e-01
4.120607876210803933e-01
4.121852453206619749e-01
4.120628506395069279e-01
4.120881158195840999e-01
4.120677700020596301e-01
4.121050494410003484e-01
4.120492950023116885e-01
4.121147643088617918e-01
4.121000566017916644e-01
4.120551773167765996e-01
4.120674501689348124e-01
4.120665036626517952e-01
4.120642250084683433e-01
4.120951886903878592e-01
4.120474047904799098e-01
4.121107288229935439e-01
4.120502768915973446e-01
4.122008175142791719e-01
4.120517976004681726e-01
4.120729324692650186e-01
4.120619733011040564e-01
4.121409320859021341e-01
4.120680873957839885e-01
4.118178296431813101e-01
4.118553946727102066e-01
4.118006885195414912e-01
4.117869131785975578e-01
4.117979837597123827e-01
4.118119760420159703e-01
4.118147988057241360e-01
4.118601347395443035e-01
4.118016656581965917e-01
4.117986297303097842e-01
4.118030773474763429e-01
4.118095172431101014e-01
4.117755818441248272e-01
4.120073244021007497e-01
4.117915661969706043e-01
4.118627015477040465e-01
4.117868275694450131e-01
4.118389119042131785e-01
4.117778641697018571e-01
4.118891953536231720e-01
4.118103094071409731e-01
4.118080662524736812e-01
4.117906645853415815e-01
4.118469893462837206e-01
4.116746836882411720e-01
4.116036806748998855e-01
4.116315038086295619e-01
4.115854226510403668e-01
4.115879553648157385e-01
4.115918085902713908e-01
4.115985479412956893e-01
4.116297045698187884e-01
4.115832034798651562e-01
4.115996673055496990e-01
4.115919995139176724e-01
4.116523048012413200e-01
4.116063972390016090e-01
4.116022820119955572e-01
4.115926607904000223e-01
4.116016995617436391e-01
4.115739526259567516e-01
4.116007920544239584e-01
4.115837338498719022e-01
4.116414546440513300e-01
4.115864040727387207e-01
4.115564830035844390e-01
4.115618356564714753e-01
4.115721808134492621e-01
4.115624757008627954e-01
4.116026642289600801e-01
4.115644928469239794e-01
4.115610767914847923e-01
4.115604438060593839e-01
4.115671868673496658e-01
4.115597853728071298e-01
4.115764263960299263e-01
4.115642032740002287e-01
4.117309591234986077e-01
4.115710837311889470e-01
4.119121832177691234e-01
