1.101368569519764806e+00
1.101368569519764806e+00
1.101368569519764806e+00
1.104838355091333879e+00
1.085341315181837629e+00
1.045237809494726777e+00
1.008389040059644914e+00
1.008389040059644914e+00
1.008389040059644914e+00
1.008389040059644914e+00
1.008389040059644914e+00
1.008389040059644914e+00
1.019619222985152174e+00
1.011940490693732819e+00
1.008389040059644914e+00
1.008389040059644914e+00
1.008389040059644914e+00
9.657034546622647042e-01
9.657034546622644822e-01
9.657034546622644822e-01
1.115089167548547033e+00
9.657034546622644822e-01
1.115089167548547033e+00
9.657034546622644822e-01
1.115089167548547033e+00
9.642113150798204968e-01
1.115133681013722011e+00
9.592537563773791964e-01
9.738070070269835288e-01
1.081689243569777803e+00
1.019921719237617319e+00
9.592537563773794185e-01
9.572593399094030397e-01
9.572593399094030397e-01
9.723911827753293213e-01
9.572593399094030397e-01
9.550314876242377293e-01
9.550314876242376183e-01
9.538730555361883967e-01
9.538730555361883967e-01
9.532091564565251529e-01
9.590206672226079254e-01
9.570481151584606661e-01
9.532091564565253750e-01
9.232073692277011912e-01
9.016986420472831165e-01
9.032179669013815637e-01
9.016986420472831165e-01
9.237544082765655196e-01
9.016986420472831165e-01
8.906425266694827370e-01
8.906425266694824039e-01
8.764815868497708440e-01
8.764815868497708440e-01
8.825413933923608178e-01
8.764815868497708440e-01
8.720152051896900014e-01
8.720152051896890022e-01
8.579828518979634167e-01
8.605113237044699215e-01
8.877891764366436789e-01
8.579828518979634167e-01
8.706661081842048677e-01
8.548278343740097762e-01
8.643899448640125494e-01
8.855512869627925054e-01
8.276475807352235980e-01
8.182159005647449135e-01
8.426422951940469863e-01
8.458547115601640076e-01
8.086960359690952282e-01
8.086960359690952282e-01
8.097508902148000676e-01
8.087956749391516098e-01
8.150912881110849995e-01
8.086960359690952282e-01
8.046379510122431133e-01
8.046379510122431133e-01
8.080924157616160564e-01
8.046379510122421141e-01
8.265389249264624150e-01
8.038927160386603044e-01
7.960679237104619776e-01
7.954384358426045409e-01
8.097702014853699337e-01
7.954384358426045409e-01
7.908332169220552155e-01
7.870823216811243528e-01
8.216644339816328024e-01
7.839047249755781710e-01
8.227325878218850752e-01
7.850606700485422973e-01
7.710242021226020315e-01
7.724059174293749219e-01
7.701054055921939812e-01
7.704080272348605707e-01
7.963164168178428204e-01
7.701054055921939812e-01
7.825102768971942124e-01
7.701054055921938701e-01
7.825102768971939904e-01
7.710772382608004349e-01
7.979329311226462940e-01
7.720129925273928606e-01
7.731181837910776622e-01
7.701054055921939812e-01
7.823778796125500090e-01
7.701054055921985331e-01
8.198906349569011764e-01
7.722878978802608652e-01
7.651138203081564448e-01
7.651138203081564448e-01
7.763059729205318282e-01
7.647433192572643534e-01
7.688694001771210207e-01
7.679122037862873285e-01
7.675213382633145898e-01
7.628113016461152140e-01
7.638122506273358203e-01
7.659640285318867203e-01
7.648489524992134747e-01
7.608888666816887580e-01
7.609004843984459310e-01
7.660182114204330261e-01
7.609664428148019688e-01
7.608683115040723033e-01
7.608683115040723033e-01
7.618052500008138939e-01
7.610637074668954449e-01
7.618550760565119262e-01
7.608683115040721923e-01
7.612062728390248667e-01
7.608683115040723033e-01
7.630189191618790279e-01
7.608453537243448084e-01
7.666316629772568225e-01
7.624744325906824827e-01
7.662449924496771425e-01
7.625903908129749720e-01
7.605590364300984785e-01
7.617769490849747305e-01
7.608892198152469311e-01
7.604122414543179609e-01
7.603978440457263011e-01
7.606264674143576876e-01
7.606250341607293519e-01
7.605955928646034314e-01
7.603529268232646077e-01
7.604425893937830638e-01
7.615861034386004480e-01
7.611713213543849221e-01
7.604238663949919319e-01
7.608103566814979901e-01
7.602712795361364906e-01
7.603533559755802917e-01
7.602712795361364906e-01
7.609386687986745557e-01
7.603191209276274343e-01
7.601308000642590379e-01
7.603786566140073866e-01
7.601308000642591489e-01
7.602214348908160613e-01
7.602075525467576478e-01
7.602432806143551991e-01
7.601436971910238150e-01
7.605329253918901022e-01
7.600851193001636474e-01
7.604793503141928923e-01
7.600799213290651002e-01
7.599209740507690825e-01
7.601786037792797046e-01
7.601112589035712297e-01
7.599140249547131631e-01
7.599704965128603051e-01
7.599090950986708837e-01
7.599949738406230892e-01
7.599090950986708837e-01
7.600788022700177837e-01
7.599543610043613118e-01
7.603769125315992250e-01
7.599108283781675910e-01
7.597658635826624041e-01
7.595722952648265025e-01
7.596219999770867926e-01
7.595763151576293559e-01
7.595522985989214826e-01
7.595299276207845285e-01
7.594900545811316128e-01
7.594978710867750227e-01
7.595081677373658469e-01
7.595416103307971456e-01
7.594172191783841175e-01
7.595042944083265635e-01
7.594556676033020759e-01
7.593765027711247839e-01
7.593765181067910763e-01
7.593418502765656442e-01
7.593354845931279407e-01
7.593000691912246136e-01
7.593239351128659997e-01
7.593853630037838975e-01
7.593965644427040917e-01
7.592025591358820824e-01
7.592449020381037972e-01
7.591940404759848215e-01
7.591931238144103977e-01
7.591597248760800776e-01
7.591750023072167952e-01
7.591731642411569947e-01
7.592627896112541519e-01
7.591623746306600529e-01
7.590543845297558212e-01
7.592820279843037756e-01
7.590560216398144489e-01
7.590312287187145346e-01
7.590126690495742068e-01
7.589865075195504351e-01
7.589834992536080849e-01
7.590129886103131884e-01
7.589978061730737746e-01
7.590100753263294697e-01
7.589841809653320448e-01
7.589565083453578831e-01
7.590257815514136475e-01
7.589572729267896056e-01
7.589637883085911252e-01
7.589513117188191327e-01
7.588883226085804123e-01
7.588619161103468125e-01
7.588452348820459159e-01
7.588718630420996369e-01
7.588422760354383012e-01
7.589642793711611768e-01
7.588815117411280564e-01
7.589240631665745695e-01
7.588674254608158698e-01
7.589074079948502360e-01
7.589481958560566621e-01
7.587467394991603831e-01
7.587362303852227541e-01
7.586937768309828245e-01
7.586874487462025307e-01
7.588329624982432797e-01
7.587062869439716861e-01
7.586174300010127824e-01
7.587615814797592506e-01
7.586191933411408073e-01
7.585731137844416994e-01
7.585788024100524884e-01
7.588092468513413236e-01
7.585776784519187022e-01
7.584864140325762172e-01
7.585168156020998254e-01
7.585232604667746514e-01
7.585282471562733164e-01
7.585642726902209754e-01
7.584666733965622631e-01
7.584424024228372252e-01
7.584415601119796069e-01
7.585622050121457738e-01
7.584344666905630250e-01
7.583718835516820578e-01
7.583513482977167763e-01
7.583701026891762620e-01
7.583462796288013008e-01
7.583680061687242402e-01
7.583373851312230629e-01
7.583022635048014548e-01
7.583030101133783063e-01
7.585199974797726119e-01
7.583247431267702288e-01
7.583634750412419079e-01
7.583119658392721840e-01
7.582749325246508354e-01
7.582562716910123957e-01
7.582677668762404233e-01
7.582513072181963354e-01
7.581461445135433408e-01
7.581258351905497683e-01
7.581541693079012489e-01
7.581488984383401020e-01
7.581266840138117802e-01
7.581203474848224877e-01
7.581990658827315599e-01
7.579941452743577113e-01
7.579133652989289427e-01
7.578632312068962484e-01
7.578649397805400367e-01
7.578460603663226269e-01
7.578545829124904154e-01
7.579276242922297069e-01
7.578458230280391561e-01
7.578361315792393471e-01
7.578592101750880605e-01
7.577998983228999563e-01
7.578048130671156679e-01
7.577590740583848294e-01
7.577908606922980628e-01
7.577391243027301604e-01
7.576917550425500414e-01
7.575627407882129516e-01
7.575471961513593477e-01
7.575533060412632524e-01
7.575346689484196983e-01
7.575656110625418327e-01
7.575398833512626551e-01
7.575553128582981355e-01
7.575118894026888761e-01
7.575045106345336121e-01
7.574599916634875418e-01
7.574789867281788158e-01
7.575379570486214797e-01
7.574564125586860097e-01
7.574385770107368021e-01
7.574551499926018838e-01
7.574652449169073654e-01
7.574523551161769230e-01
7.574033517603551147e-01
7.574450169561044444e-01
7.575257762732752198e-01
7.574044280449351296e-01
7.573520622317260198e-01
7.573520799312335461e-01
7.573552381241109854e-01
7.573562609705078996e-01
7.573787482467212451e-01
7.573777017906285769e-01
7.574011423618043359e-01
7.573705020889288653e-01
7.573806007829565479e-01
7.573800366305927234e-01
7.573564128804413098e-01
7.573530297617393492e-01
7.573243157171601903e-01
7.573082860945190564e-01
7.573091388960589976e-01
7.573020559636661764e-01
7.573019510360459172e-01
7.573021380329436614e-01
7.573166098037982241e-01
7.572873991719427655e-01
7.572675346435610022e-01
7.572481349065425249e-01
7.572473229557380447e-01
7.572364785574015045e-01
7.572003392522965726e-01
7.571916953551144358e-01
7.571776087754386042e-01
7.572414970911193199e-01
7.572020159938870343e-01
7.571464692546746589e-01
7.571211399818754684e-01
7.571020188914593385e-01
7.571129481614438106e-01
7.570840206090480029e-01
7.570567256891200802e-01
7.570334980280538639e-01
7.570311085808290041e-01
7.570298681399050267e-01
7.570400507060971451e-01
7.570177517545148005e-01
7.570128294003297675e-01
7.570029385862679927e-01
7.570126846835176782e-01
7.570070618316232514e-01
7.570065573319951779e-01
7.569773278815927764e-01
7.569552570813978809e-01
7.569609404916908257e-01
7.569799264325600685e-01
7.569398786312773186e-01
7.568874671066854187e-01
7.568780518397129065e-01
7.568660623647532892e-01
7.568393514735838323e-01
7.568332073580146258e-01
7.568337815143364455e-01
7.568017840205378821e-01
7.567904156717734088e-01
7.567915548327120989e-01
7.567866888928936886e-01
7.567816126872010107e-01
7.567768811320240152e-01
7.567819301165278345e-01
7.567602641133405195e-01
7.567599002277480835e-01
7.567408194616038752e-01
7.567424125202754093e-01
7.567608205404803279e-01
7.567195421014448753e-01
7.567093662883126459e-01
7.566932063815641207e-01
7.566405750229963090e-01
7.566615618950064404e-01
7.566285849547617071e-01
7.566253883332967334e-01
7.566256928954633310e-01
7.566494134495541646e-01
7.566275676120612914e-01
7.566402689168680862e-01
7.566360181889633107e-01
7.566212049750253854e-01
7.566257608925963662e-01
7.566241342370255696e-01
7.566164372554036177e-01
7.566371120927121163e-01
7.566181237677019888e-01
7.565888990921360024e-01
7.566091992321347659e-01
7.565810566602159115e-01
7.566064821234554927e-01
7.565900786466187578e-01
7.565635493031681591e-01
7.565685966620864233e-01
7.565824474765756591e-01
7.565393851748442033e-01
7.565419238862906015e-01
7.565377856497469411e-01
7.565315650506063694e-01
7.565307282051694227e-01
7.565011984924148170e-01
7.564968412313125556e-01
7.564969421006922934e-01
7.564938707801687201e-01
7.564923429826734269e-01
7.564910942997509213e-01
7.564901966829525870e-01
7.564910080678700632e-01
7.565012562079541647e-01
7.564811209171646844e-01
7.564799565842135198e-01
7.564672833031236276e-01
7.564781258613807458e-01
7.564892056330562164e-01
7.564385758685093775e-01
7.564777904419134336e-01
7.564430532748679381e-01
7.564282261314239086e-01
7.564184493643081320e-01
7.564134192999660833e-01
7.564135444118581519e-01
7.564147498216277077e-01
7.564126587692039383e-01
7.564080599797635696e-01
7.564035889645539523e-01
7.564105906365027332e-01
7.564126547039795589e-01
7.564027956479200121e-01
7.564091895094515738e-01
7.564008085686564353e-01
7.564069606357057829e-01
7.563912036283578777e-01
7.563910386280442433e-01
7.564004493396306872e-01
7.563741551279461461e-01
7.563713237094937814e-01
7.563708360338637915e-01
7.563981993792824321e-01
7.563616315774254195e-01
7.563997784343781117e-01
7.563639134586167545e-01
7.563760238692418536e-01
7.563608769890718397e-01
7.563313021143873716e-01
7.563250280057260966e-01
7.563261336159572412e-01
7.563275804826554705e-01
7.563232898427171280e-01
7.563241118570698251e-01
7.563228632355218917e-01
7.563384706122480150e-01
7.563324442595019681e-01
7.563185812599846347e-01
7.563192637163027587e-01
7.563963473755299649e-01
7.563182944617311554e-01
7.563072552493926848e-01
7.563040808384935421e-01
7.563109708070614445e-01
7.563113436843172943e-01
7.563062871064584192e-01
7.563055406255829727e-01
7.563233834221024798e-01
7.563522772551398710e-01
7.563105399390354089e-01
7.563039481663651475e-01
7.563103124601349148e-01
7.563049045556635708e-01
7.562831776868014222e-01
7.562893819378557758e-01
7.562825901448273491e-01
7.562687387155831997e-01
7.562666210250426069e-01
7.562670007343030854e-01
7.562614520614380220e-01
7.562613112186511444e-01
7.562646123747193139e-01
7.562610568276975087e-01
7.562646763123382909e-01
7.562627229823378761e-01
7.562773314747287534e-01
7.562603313156402995e-01
7.562515384796570928e-01
7.562509580125433839e-01
7.562531053179990526e-01
7.562575838516419902e-01
7.562506174047599616e-01
7.562493105703895768e-01
7.562517873154319670e-01
7.562408308706597415e-01
7.562439953558461880e-01
7.562393681257784106e-01
7.562494952743427090e-01
7.562406835575303798e-01
7.562303322228005609e-01
7.562316224594644032e-01
7.562288849617582187e-01
7.562270984220896830e-01
7.562269353816442052e-01
7.562270275912741369e-01
7.562276190961260136e-01
7.562293603684099308e-01
7.562294414599952663e-01
7.562291067594767435e-01
7.562274347994277779e-01
7.562284234760481283e-01
7.562268976789342512e-01
7.562291024041140064e-01
7.562257513280766785e-01
7.562435721998769234e-01
7.562264897177404244e-01
7.562143731392497736e-01
7.562148465658397045e-01
7.562140443236794463e-01
7.562269074552914194e-01
7.562160551288085175e-01
7.562062743275373977e-01
7.562035684106911404e-01
7.562034657311436092e-01
7.562034312440832906e-01
7.562040233639193421e-01
7.562013522071046046e-01
7.562030828803034677e-01
7.562064358250629725e-01
7.562013906697738763e-01
7.562043692727846711e-01
7.562006349965363361e-01
7.562014028844069591e-01
7.562003248694625368e-01
7.562008649084627221e-01
7.562002694966162286e-01
7.562243400312210762e-01
7.562026229480047768e-01
7.561878634972838409e-01
7.561893069192292538e-01
7.561883104742576078e-01
7.561972923911662869e-01
7.561918937649251271e-01
7.561862631189273376e-01
7.561861738068381689e-01
7.561775555849670205e-01
7.561713782146858298e-01
7.561687285278847481e-01
7.561704825728687851e-01
7.561692998936906385e-01
7.561707947728715240e-01
7.561742148466246149e-01
7.561698568662837960e-01
7.561701636267821325e-01
7.561674641710807165e-01
7.561640277134792365e-01
7.561633999106982529e-01
7.561580640193358294e-01
7.561607964660755909e-01
7.561595671150757036e-01
7.561530209669029556e-01
7.561551915682832581e-01
7.561537320594334810e-01
7.561565491473336564e-01
7.561525426102670977e-01
7.561571002273409503e-01
7.561540721294013334e-01
7.561522125747576206e-01
7.561541970393450551e-01
7.561517078560870964e-01
7.561532838833494585e-01
7.561512337431732789e-01
7.561505453674142174e-01
7.561458075435579795e-01
7.561454434304664129e-01
7.561460184604237300e-01
7.561458440243933321e-01
7.561549514934189364e-01
7.561354639531332467e-01
7.561320388919547941e-01
7.561352396348107741e-01
7.561336268633732649e-01
7.561329150643661956e-01
7.561282506613684617e-01
7.561283970222462125e-01
7.561356992187719950e-01
7.561283416913371358e-01
7.561302073744613494e-01
7.561292144093689771e-01
7.561292038657017045e-01
7.561273581061708216e-01
7.561249404648224814e-01
7.561250129479640814e-01
7.561273833401227495e-01
7.561259529582771144e-01
7.561206048852028294e-01
7.561260606885958913e-01
7.561206428905474786e-01
7.561300726481591239e-01
7.561280025670450433e-01
7.561161671064018375e-01
7.561180269040429502e-01
7.561132059301343133e-01
7.561155597205779788e-01
7.561134324754447134e-01
7.561192893068570120e-01
7.561105859806280804e-01
7.561073729842993085e-01
7.561076416590990501e-01
7.561083465011024796e-01
7.561095800936019629e-01
7.561075832876118508e-01
7.561081082621058380e-01
7.561031452684869869e-01
7.561034160631837642e-01
7.561031729915852484e-01
7.561055363510293947e-01
7.561069275885523577e-01
7.560990831037986970e-01
7.560979274558989882e-01
7.560979119886584998e-01
7.561047201632056236e-01
7.560940189500301445e-01
7.560940129022982736e-01
7.560938057864109441e-01
7.560914178509962058e-01
7.560908269409689630e-01
7.560949874699307571e-01
7.560917558779088887e-01
7.560901806346744802e-01
7.560908749993042743e-01
7.560888020921419095e-01
7.560898915407848753e-01
7.560894871894110469e-01
7.560894050843465219e-01
7.560899880107843085e-01
7.560897438979430341e-01
7.560923536511098275e-01
7.560932264919103529e-01
7.560832905883062560e-01
7.560877204727671774e-01
7.560833336954507766e-01
7.560858438371258483e-01
7.560833357976908253e-01
7.560774549886781770e-01
7.560786673348947051e-01
7.560773434192574749e-01
7.560801643704602171e-01
7.560780094543492202e-01
7.560793087541957114e-01
7.560772604709329325e-01
7.560781946317719493e-01
7.560778408190820254e-01
7.560745845891203576e-01
7.560752737273942481e-01
7.560735995040098745e-01
7.560725817651439140e-01
7.560782531395574546e-01
7.560698873000079034e-01
7.560673942068427689e-01
7.560677753045428329e-01
7.560730938993140970e-01
7.560680236583651181e-01
7.560638296320038032e-01
7.560623777773012311e-01
7.560631865302719357e-01
7.560631733536252730e-01
7.560635730182085901e-01
7.560610465118760004e-01
7.560611768872118610e-01
7.560615322388443138e-01
7.560606926913485681e-01
7.560629701488387200e-01
7.560617403325644581e-01
7.560675482574070738e-01
7.560610307759206838e-01
7.560554832708848982e-01
7.560567538314967306e-01
7.560558921824823697e-01
7.560569215926826736e-01
7.560558935176799888e-01
7.560562112259366918e-01
7.560556977261679856e-01
7.560563894090500670e-01
7.560563318284440060e-01
7.560570899974646819e-01
7.560546166312237526e-01
7.560548741749701929e-01
7.560546636068880000e-01
7.560541607684674315e-01
7.560548187668297837e-01
7.560540825736197235e-01
7.560545200843308278e-01
7.560545590750549216e-01
7.560540749626216694e-01
7.560541433261850353e-01
7.560548034686642715e-01
7.560544357038048169e-01
7.560553057407296551e-01
7.560522623545078424e-01
7.560522339591060348e-01
7.560519004766722562e-01
7.560517369335956195e-01
7.560530325125462969e-01
7.560494647341866603e-01
7.560491695767060927e-01
7.560496183664581205e-01
7.560484649596451723e-01
7.560493724940093863e-01
7.560478155572822878e-01
7.560479988476982438e-01
7.560483281546955814e-01
7.560486554764636047e-01
7.560448810905877615e-01
7.560453736061788499e-01
7.560447742784022207e-01
7.560462384826438509e-01
7.560450489993648659e-01
7.560442777837835804e-01
7.560439213346408227e-01
7.560437132580952735e-01
7.560437344663222259e-01
7.560425445106885300e-01
7.560419129556440465e-01
7.560420522844646385e-01
7.560432891064937655e-01
7.560414094649440253e-01
7.560421014195715106e-01
7.560406148397664783e-01
7.560405032896212463e-01
7.560401344393061773e-01
7.560397482262976032e-01
7.560408595853681524e-01
7.560399866803715341e-01
7.560407201248708908e-01
7.560372019992555037e-01
7.560374299825407540e-01
7.560372376935079464e-01
7.560372058251396687e-01
7.560373655658113590e-01
7.560378037182915456e-01
7.560374259867989055e-01
7.560384764601171259e-01
7.560367004874007923e-01
7.560360834371466776e-01
7.560360001883608128e-01
7.560369367219296199e-01
7.560359329751693558e-01
7.560376911318971160e-01
7.560355231169259005e-01
7.560367688595108770e-01
7.560363365034367122e-01
7.560348507429622833e-01
7.560349642299171169e-01
7.560338107032350541e-01
7.560363371332018412e-01
7.560336549551089913e-01
7.560341056398760529e-01
7.560337253138691427e-01
7.560343045838849863e-01
7.560338658856492478e-01
7.560343863292656730e-01
7.560336891818072447e-01
7.560352425432713686e-01
7.560347624970964464e-01
7.560329474557700991e-01
7.560324793430388546e-01
7.560334251151760165e-01
7.560324445867818710e-01
7.560333633015214883e-01
7.560324940330835908e-01
7.560332182263759249e-01
7.560326895372340150e-01
7.560326807951514017e-01
7.560319316005517098e-01
7.560317143088758352e-01
7.560317150428959021e-01
7.560315803066934848e-01
7.560316364100235775e-01
7.560318312667169138e-01
7.560319135099743404e-01
7.560315974221282209e-01
7.560313760691850238e-01
7.560305064758219284e-01
7.560304196719807024e-01
7.560305486427061350e-01
7.560301254455065179e-01
7.560295833462544746e-01
7.560294037789223598e-01
7.560294842724701869e-01
7.560290076160021133e-01
7.560290492669163864e-01
7.560289834525993902e-01
7.560292071677255921e-01
7.560289689632750942e-01
7.560290533865285934e-01
7.560289666286015287e-01
7.560290868465017189e-01
7.560288095522244012e-01
7.560282390593068280e-01
7.560282695716878942e-01
7.560285786681769649e-01
7.560280411386249844e-01
7.560282626995252775e-01
7.560277857486623621e-01
7.560278208757139629e-01
7.560275441920571993e-01
7.560279142405056385e-01
7.560277140017338526e-01
7.560278419596168087e-01
7.560279653197941041e-01
7.560268856160115014e-01
7.560267866001867398e-01
7.560268181337995719e-01
7.560265352332831146e-01
7.560265660971859925e-01
7.560263497184124271e-01
7.560263032798705263e-01
7.560263554496104987e-01
7.560263267049647240e-01
7.560263237925572977e-01
7.560266798547908840e-01
7.560264696063189183e-01
7.560262390261202059e-01
7.560264244042801396e-01
7.560262763726284252e-01
7.560256974062309343e-01
7.560255939951638915e-01
7.560255761690821696e-01
7.560254569296097626e-01
7.560254957515702978e-01
7.560260951161781318e-01
7.560253311478498661e-01
7.560248945119515396e-01
7.560246769871307171e-01
7.560247064105664050e-01
7.560246694218925034e-01
7.560247665563452069e-01
7.560246309959046673e-01
7.560244581192718805e-01
7.560245143250677868e-01
7.560247744382452284e-01
7.560245641885818824e-01
7.560243500551250273e-01
7.560243286732353241e-01
7.560243139226439091e-01
7.560241458204283171e-01
7.560248672141827164e-01
7.560243482181051577e-01
7.560235950643411362e-01
7.560235961176242636e-01
7.560237047554365653e-01
7.560241261876397001e-01
7.560234749033440949e-01
7.560235904864176515e-01
7.560234986336491492e-01
7.560236335396202101e-01
7.560234084544653621e-01
7.560234603813628107e-01
7.560233864358190115e-01
7.560234938740207911e-01
7.560234055754827542e-01
7.560236266090549773e-01
7.560235489484513627e-01
7.560230443661842825e-01
7.560227303443511904e-01
7.560228812625554573e-01
7.560228020681705186e-01
7.560230933605913695e-01
7.560228524338833411e-01
7.560228589318123138e-01
7.560227956349512279e-01
7.560224143891973725e-01
7.560221888357412379e-01
7.560219705028414783e-01
7.560219524387685741e-01
7.560221441466380421e-01
7.560219311349710702e-01
7.560218048650312328e-01
7.560217989343420708e-01
7.560218929885452743e-01
7.560217810607823274e-01
7.560218709424381123e-01
7.560217920233096578e-01
7.560218229409263468e-01
7.560216024489567754e-01
7.560213395261612401e-01
7.560211827611645896e-01
7.560211586302320041e-01
7.560210783474389240e-01
7.560210338572151967e-01
7.560210910333726719e-01
7.560209790897948201e-01
7.560217121695699261e-01
7.560214681963183248e-01
7.560205297838210603e-01
7.560203900587988413e-01
7.560203784719633502e-01
7.560206288486087667e-01
7.560204947094848471e-01
7.560203519490538149e-01
7.560203189228695830e-01
7.560205609574078833e-01
7.560203995196282944e-01
7.560203737907852384e-01
7.560204130365577591e-01
7.560210357963985661e-01
7.560205268220078212e-01
7.560198977989674995e-01
7.560198578651542434e-01
7.560198202432993897e-01
7.560193868763532832e-01
7.560198205194669230e-01
7.560195975364409904e-01
7.560195384540634445e-01
7.560194875630763534e-01
7.560194066876183561e-01
7.560195869172849914e-01
7.560190946839299153e-01
7.560190055273652288e-01
7.560190255745972143e-01
7.560190334387433264e-01
7.560190112993461220e-01
7.560189785283653041e-01
7.560189881811330004e-01
7.560191412612357054e-01
7.560189866660473879e-01
7.560191196806894665e-01
7.560187660548105537e-01
7.560191675149040558e-01
7.560186544754345928e-01
7.560185767803737633e-01
7.560186953751462102e-01
7.560185021886897117e-01
7.560184895081251133e-01
7.560187867254108962e-01
7.560186943514207725e-01
7.560184718206781618e-01
7.560184993383906038e-01
7.560190563455579937e-01
7.560185725658703504e-01
7.560179938172849612e-01
7.560178249283052709e-01
7.560178559918896424e-01
7.560176625537624595e-01
7.560179016143451225e-01
7.560176723131574184e-01
7.560177392081897096e-01
7.560176296584091293e-01
7.560176462108040285e-01
7.560176427736433613e-01
7.560178570099576056e-01
7.560176938077756148e-01
7.560173523810252982e-01
7.560174783702245938e-01
7.560173527673231808e-01
7.560175946542517789e-01
7.560173308561859429e-01
7.560173941424368493e-01
7.560173267100782635e-01
7.560174810303581516e-01
7.560174186372385918e-01
7.560175916873236313e-01
7.560173947147396101e-01
7.560173522682188674e-01
7.560171628633348684e-01
7.560173872252289318e-01
7.560171430088644673e-01
7.560170096902777415e-01
7.560170500483304190e-01
7.560170081968324851e-01
7.560169811008583540e-01
7.560169738675009965e-01
7.560171880599592109e-01
7.560170966679357063e-01
7.560168563353277804e-01
7.560166658333160594e-01
7.560166637534083689e-01
7.560166865994166763e-01
7.560166674015235122e-01
7.560166670404764311e-01
7.560166821240799084e-01
7.560166283750179295e-01
7.560166268431641745e-01
7.560166310833803527e-01
7.560166155561557355e-01
7.560166154196299448e-01
7.560167753945480351e-01
7.560166191130186508e-01
7.560167690268313478e-01
7.560166160725628748e-01
7.560164166262347551e-01
7.560162345875612866e-01
7.560162202450252389e-01
7.560162437159873017e-01
7.560161620513143887e-01
7.560161750989587981e-01
7.560161558427491713e-01
7.560161930231514837e-01
7.560160443751761106e-01
7.560160731065816986e-01
7.560160309270054224e-01
7.560158942340522437e-01
7.560159760024307563e-01
7.560158779239128934e-01
7.560158859831037637e-01
7.560158782042313286e-01
7.560158563011524224e-01
7.560157924694473897e-01
7.560157690581326140e-01
7.560157697160393431e-01
7.560157524569357523e-01
7.560156893238714204e-01
7.560156297273702419e-01
7.560155720016774605e-01
7.560156338057142378e-01
7.560154208775339280e-01
7.560153943204052096e-01
7.560153680328325354e-01
7.560153513397328551e-01
7.560153526458206485e-01
7.560153311853683444e-01
7.560153672752655263e-01
7.560152945524758472e-01
7.560154932961608010e-01
7.560153146845413064e-01
7.560153162015385009e-01
7.560152932187889085e-01
7.560153354093840372e-01
7.560152882662409812e-01
7.560152869209557647e-01
7.560154210922908069e-01
7.560151486703257095e-01
7.560152449880593872e-01
7.560151728015990225e-01
7.560150954889359731e-01
7.560150770772240403e-01
7.560151438288813530e-01
7.560150606278462915e-01
7.560151794694525140e-01
7.560150310201757540e-01
7.560149501846753495e-01
7.560149860950489131e-01
7.560149117275413166e-01
7.560150471649416115e-01
7.560149249854172249e-01
7.560148730522544547e-01
7.560148772773092052e-01
7.560148687785072097e-01
7.560148749040566107e-01
7.560148435494198349e-01
7.560148570331449713e-01
7.560149667644034954e-01
7.560148359674775387e-01
7.560148944914157898e-01
7.560149507491726872e-01
7.560147742812168836e-01
7.560146733768905447e-01
7.560146796029059146e-01
7.560147128415325435e-01
7.560146658465785041e-01
7.560148173606274780e-01
7.560146794083687505e-01
7.560147843205117235e-01
7.560146837587411461e-01
7.560146855747905681e-01
7.560146723716179018e-01
7.560147124620153480e-01
7.560146634786717446e-01
7.560145551807287978e-01
7.560145519739265296e-01
7.560145599035916764e-01
7.560146379811646389e-01
7.560145460713323384e-01
7.560145523689699720e-01
7.560145532484187081e-01
7.560145237181956634e-01
7.560145164339880930e-01
7.560145571930235731e-01
7.560146564587505447e-01
7.560143989736716197e-01
7.560144289901695736e-01
7.560144535627744133e-01
7.560143853116139123e-01
7.560143936731911207e-01
7.560144211881165699e-01
7.560143878231813108e-01
7.560143917713403328e-01
7.560143832490276994e-01
7.560146105661190719e-01
7.560143543331826477e-01
7.560142630924293616e-01
7.560142723364885464e-01
7.560142971011249990e-01
7.560142645251337612e-01
7.560143771452468853e-01
7.560142601635394533e-01
7.560142931283208023e-01
7.560142782709062814e-01
7.560143775969346835e-01
7.560142435331174138e-01
7.560142676676719908e-01
7.560143740123672629e-01
7.560142400219683756e-01
7.560142437035838325e-01
7.560142047071154447e-01
7.560142220916836742e-01
7.560142057833770801e-01
7.560142101384360602e-01
7.560142064851044230e-01
7.560142048575978491e-01
7.560142009893072723e-01
7.560142106002488704e-01
7.560142208050169010e-01
7.560142463657874012e-01
7.560141755059580637e-01
7.560141233316299836e-01
7.560141060300535898e-01
7.560141071395036771e-01
7.560141121283541210e-01
7.560141054140052663e-01
7.560140919310308627e-01
7.560140883370779497e-01
7.560140883351996743e-01
7.560140926984739718e-01
7.560141569411291673e-01
7.560140952289635674e-01
7.560140353958041404e-01
7.560140060195689182e-01
7.560140037305967953e-01
7.560140031257143178e-01
7.560140044837636575e-01
7.560140054919600727e-01
7.560140130208116149e-01
7.560140051991771637e-01
7.560140018821488450e-01
7.560140046716691264e-01
7.560140788034898085e-01
7.560140216692500248e-01
7.560139411044339841e-01
7.560139662458313925e-01
7.560139408981292330e-01
7.560139501594358435e-01
7.560139416481104213e-01
7.560139452430962859e-01
7.560139358551050126e-01
7.560139484707176782e-01
7.560139351802538377e-01
7.560139672906526220e-01
7.560138876684699971e-01
7.560138712583645004e-01
7.560138769650560642e-01
7.560138772580395905e-01
7.560138704238559271e-01
7.560138835370874277e-01
7.560138763964530106e-01
7.560138516411265552e-01
7.560138221092271849e-01
7.560138263424205363e-01
7.560138174362267538e-01
7.560138081591810666e-01
7.560138089193326749e-01
7.560138015627181352e-01
7.560138066516974842e-01
7.560137818201188020e-01
7.560137931337639339e-01
7.560137829308453128e-01
7.560137849423650414e-01
7.560137831144744247e-01
7.560137822308865552e-01
7.560138083324373648e-01
7.560137397258492875e-01
7.560137392813317536e-01
7.560137475611901081e-01
7.560137254954822916e-01
7.560137244104255805e-01
7.560137419527992453e-01
7.560137424326009992e-01
7.560137262134946079e-01
7.560137230571262190e-01
7.560136943744787397e-01
7.560136853753406383e-01
7.560136818557355864e-01
7.560136802696832969e-01
7.560136851861896101e-01
7.560136799208369007e-01
7.560136815242824992e-01
7.560136932875897164e-01
7.560136830860236801e-01
7.560136925543523567e-01
7.560136786417757104e-01
7.560137301128684317e-01
7.560136642888910519e-01
7.560136351587491976e-01
7.560136432674007256e-01
7.560136153781200630e-01
7.560136086467716954e-01
7.560136200479240509e-01
7.560136127948988705e-01
7.560136229941404329e-01
7.560136074645358306e-01
7.560136659341917253e-01
7.560136059622265536e-01
7.560136025802470794e-01
7.560136053931060252e-01
7.560135832649204080e-01
7.560135701415803267e-01
7.560135661896409953e-01
7.560135701141629250e-01
7.560135670148822040e-01
7.560135832779573128e-01
7.560135629226877318e-01
7.560135987290722559e-01
7.560135753475968334e-01
7.560135927885132112e-01
7.560135466757215150e-01
7.560135116723766258e-01
7.560135027678220876e-01
7.560134978519359450e-01
7.560134942750410536e-01
7.560134916507240677e-01
7.560134964006766101e-01
7.560134966015641389e-01
7.560135065523490017e-01
7.560134891155582126e-01
7.560135289538253422e-01
7.560134653021252094e-01
7.560134360597897674e-01
7.560134257260173740e-01
7.560134269498318682e-01
7.560134279023406068e-01
7.560134226422595694e-01
7.560134240582920828e-01
7.560134228991820526e-01
7.560134418336512674e-01
7.560134230107602438e-01
7.560134659501798193e-01
7.560134122262376355e-01
7.560133960506638662e-01
7.560134047603356278e-01
7.560133910144632985e-01
7.560134238395639361e-01
7.560133867994240919e-01
7.560133867571372512e-01
7.560133818205942990e-01
7.560133942934481599e-01
7.560133749821529303e-01
7.560134108055083235e-01
7.560133655807880215e-01
7.560133518114720008e-01
7.560133539750759635e-01
7.560133566109726866e-01
7.560133549710312817e-01
7.560133486421702909e-01
7.560133498333850843e-01
7.560133511304143461e-01
7.560133602760042981e-01
7.560133470482736096e-01
7.560133658290291159e-01
7.560133569282275756e-01
7.560133720329991203e-01
7.560133495644092427e-01
7.560133459377835763e-01
7.560133522752104929e-01
7.560133404726673279e-01
7.560133242605927562e-01
7.560133275766768302e-01
7.560133244957781828e-01
7.560133299577510568e-01
7.560133259022051577e-01
7.560133292223751855e-01
7.560133304485917582e-01
7.560133189742863635e-01
7.560133199998624320e-01
7.560133039376570885e-01
7.560132941126508355e-01
7.560132906980444600e-01
7.560132949153322013e-01
7.560132914459153364e-01
7.560132906139734876e-01
7.560132832011712267e-01
7.560132832886193865e-01
7.560132823871960062e-01
7.560132828369328095e-01
7.560132798985662594e-01
7.560132710485151231e-01
7.560132658356469859e-01
7.560132520090456776e-01
7.560132482215744520e-01
7.560132483129337055e-01
7.560132444691338716e-01
7.560132485678195957e-01
7.560132466847332422e-01
7.560132421286265281e-01
7.560132352544963741e-01
7.560132300448849652e-01
7.560132413024265308e-01
7.560132272200623671e-01
7.560132184687593515e-01
7.560132204939229439e-01
7.560132192675235174e-01
7.560132109271391343e-01
7.560132106344531477e-01
7.560132088207990320e-01
7.560132047805868671e-01
7.560132047417335022e-01
7.560132138891392239e-01
7.560132043908878163e-01
7.560131952895682295e-01
7.560131867762345248e-01
7.560131844492176123e-01
7.560131868846970971e-01
7.560131899551110202e-01
7.560131833124129619e-01
7.560131872899534811e-01
7.560131787740842491e-01
7.560131703272814363e-01
7.560131629536221975e-01
7.560131578620309378e-01
7.560131541637576946e-01
7.560131513918294521e-01
7.560131510701839641e-01
7.560131539264547396e-01
7.560131365554900729e-01
7.560131354774022316e-01
7.560131342679061728e-01
7.560131282539341857e-01
7.560131390062297951e-01
7.560131336348224762e-01
7.560131182667927385e-01
7.560131123684052934e-01
7.560131108825515200e-01
7.560131151227700297e-01
7.560131093142155034e-01
7.560131109055433507e-01
7.560131085763982517e-01
7.560131100913517477e-01
7.560131085130414874e-01
7.560131090604542692e-01
7.560131091288356808e-01
7.560131089371828761e-01
7.560131078013846428e-01
7.560131065668753703e-01
7.560131013323532212e-01
7.560130999410598074e-01
7.560130991303497527e-01
7.560130914372084066e-01
7.560130962583324621e-01
7.560130875163171282e-01
7.560130845851348314e-01
7.560130973157326295e-01
7.560130856899879292e-01
7.560130717158387581e-01
7.560130717704276471e-01
7.560130711716828156e-01
7.560130703842951050e-01
7.560130709857201259e-01
7.560130715156586634e-01
7.560130685751813573e-01
7.560130706500038933e-01
7.560130676685993256e-01
7.560130689723802977e-01
7.560130687244153158e-01
7.560130705963915565e-01
7.560130665436267661e-01
7.560130697712093006e-01
7.560130677455763060e-01
7.560130700128990799e-01
7.560130674631890813e-01
7.560130587934351665e-01
7.560130585882325338e-01
7.560130592169395092e-01
7.560130630262511531e-01
7.560130588424597287e-01
7.560130484469462786e-01
7.560130489333704018e-01
7.560130482056683920e-01
7.560130512441354256e-01
7.560130480204142467e-01
7.560130461529253054e-01
7.560130467274234212e-01
7.560130463351720786e-01
7.560130451124290607e-01
7.560130411781610382e-01
7.560130425981176350e-01
7.560130414024637258e-01
7.560130424366030555e-01
7.560130426045079677e-01
7.560130390598981398e-01
7.560130438271025488e-01
7.560130355070845409e-01
7.560130306266820144e-01
7.560130238480112785e-01
7.560130243124559835e-01
7.560130248140820575e-01
7.560130295738886064e-01
7.560130237932861652e-01
7.560130236792209635e-01
7.560130242056668504e-01
7.560130233338546724e-01
7.560130240823182968e-01
7.560130233392690080e-01
7.560130273771166198e-01
7.560130284353493435e-01
7.560130248526584218e-01
7.560130270093776694e-01
7.560130217764162719e-01
7.560130206380635265e-01
7.560130216682012794e-01
7.560130131341209481e-01
7.560130248569303379e-01
7.560130142771834816e-01
7.560130170498410296e-01
7.560130128293899299e-01
7.560130093983189470e-01
7.560130096484221074e-01
7.560130091749324155e-01
7.560130103005686664e-01
7.560130074826602042e-01
7.560130071738738744e-01
7.560130092396436519e-01
7.560130073143038754e-01
7.560130078714140112e-01
7.560130072469218865e-01
7.560130086761516210e-01
7.560130071531465656e-01
7.560130080296200150e-01
7.560130076785596120e-01
7.560130087319839598e-01
7.560130049401136976e-01
7.560130099124064973e-01
7.560130042449086929e-01
7.560130012941093103e-01
7.560130043212016648e-01
7.560130018942258223e-01
7.560130194288371408e-01
7.560130060616183645e-01
7.560129929846644004e-01
7.560129944592244300e-01
7.560129926359370200e-01
7.560129880306737382e-01
7.560129888778778229e-01
7.560129873950075519e-01
7.560129876353725020e-01
7.560129855803555676e-01
7.560129889975998330e-01
7.560129799953527741e-01
7.560129743275778580e-01
7.560129736552025914e-01
7.560129734220064623e-01
7.560129727368157804e-01
7.560129730303492002e-01
7.560129736688311342e-01
7.560129714440104731e-01
7.560129713279873931e-01
7.560129733070135583e-01
7.560129830227774184e-01
7.560129728860511822e-01
7.560129649611171399e-01
7.560129649687427067e-01
7.560129639872562590e-01
7.560129650132522139e-01
7.560129640480566238e-01
7.560129682303112775e-01
7.560129633280409100e-01
7.560129608738735962e-01
7.560129624031792783e-01
7.560129663955308388e-01
7.560129604325437347e-01
7.560129568780672438e-01
7.560129569176945452e-01
7.560129569046615261e-01
7.560129609216121871e-01
7.560129564863787843e-01
7.560129552189056579e-01
7.560129556231728332e-01
7.560129556536298034e-01
7.560129546037094306e-01
7.560129627142235798e-01
7.560129575074365782e-01
7.560129517197816673e-01
7.560129519546519017e-01
7.560129525574141862e-01
7.560129526814295398e-01
7.560129589379480652e-01
7.560129525069935186e-01
7.560129608270385049e-01
7.560129539684589117e-01
7.560129530946075871e-01
7.560129489487096288e-01
7.560129480556556647e-01
7.560129480011580361e-01
7.560129491549191227e-01
7.560129481672001051e-01
7.560129491827923820e-01
7.560129477801096343e-01
7.560129479456167978e-01
7.560129475632161311e-01
7.560129454984224617e-01
7.560129472724843591e-01
7.560129455057934544e-01
7.560129459434646870e-01
7.560129451594492789e-01
7.560129467552418880e-01
7.560129448270446195e-01
7.560129436265954350e-01
7.560129429021528180e-01
7.560129427319678408e-01
7.560129421389945037e-01
7.560129416509437927e-01
7.560129418934603551e-01
7.560129420778380904e-01
7.560129413478902105e-01
7.560129419050672928e-01
7.560129416799533653e-01
7.560129412031703078e-01
7.560129415473465508e-01
7.560129413373177787e-01
7.560129419670789108e-01
7.560129415115299789e-01
7.560129402702496781e-01
7.560129373107139505e-01
7.560129367458727767e-01
7.560129368418258000e-01
7.560129356990756833e-01
7.560129347149585621e-01
7.560129337968732877e-01
7.560129337988001907e-01
7.560129340194862158e-01
7.560129334542877722e-01
7.560129332842441263e-01
7.560129339401027160e-01
7.560129334101227672e-01
7.560129329675695509e-01
7.560129326620357304e-01
7.560129341192655117e-01
7.560129330458755792e-01
7.560129323371052035e-01
7.560129324940509932e-01
7.560129321012686310e-01
7.560129342172220435e-01
7.560129297843435348e-01
7.560129292732546968e-01
7.560129293250037463e-01
7.560129300285609588e-01
7.560129293467763301e-01
7.560129296148705436e-01
7.560129291172126287e-01
7.560129304230109870e-01
7.560129295604185451e-01
7.560129274697198198e-01
7.560129275015807782e-01
7.560129277446987484e-01
7.560129272117875887e-01
7.560129285309877822e-01
7.560129271362495684e-01
7.560129263045858306e-01
7.560129264555538464e-01
7.560129244566347051e-01
7.560129244497522105e-01
7.560129243823716649e-01
7.560129229852762256e-01
7.560129231083145829e-01
7.560129222719081943e-01
7.560129216556316090e-01
7.560129214477298021e-01
7.560129215271529368e-01
7.560129213586582742e-01
7.560129213134330062e-01
7.560129215911034484e-01
7.560129222502175450e-01
7.560129212747909166e-01
7.560129207007441066e-01
7.560129207384800321e-01
7.560129207303525334e-01
7.560129209774234527e-01
7.560129212577334501e-01
7.560129206931931467e-01
7.560129208319485983e-01
7.560129198743972267e-01
7.560129198134717399e-01
7.560129207522537920e-01
7.560129191542765970e-01
7.560129198177671928e-01
7.560129201184112580e-01
7.560129196581948374e-01
7.560129196618963210e-01
7.560129175109286948e-01
7.560129171415850280e-01
7.560129171005141036e-01
7.560129169724900677e-01
7.560129169049039088e-01
7.560129179166027447e-01
7.560129169553204687e-01
7.560129163202656821e-01
7.560129161960048583e-01
7.560129162861587426e-01
7.560129162455927476e-01
7.560129163721132084e-01
7.560129162397635216e-01
7.560129169148883665e-01
7.560129161463949865e-01
7.560129150763418293e-01
7.560129156507222614e-01
7.560129149610658184e-01
7.560129147991304643e-01
7.560129141916696049e-01
7.560129156988534271e-01
7.560129144735900919e-01
7.560129142159511817e-01
7.560129137814871614e-01
7.560129127219074041e-01
7.560129129077018950e-01
7.560129128940156207e-01
7.560129126714697501e-01
7.560129126633114982e-01
7.560129125387760052e-01
7.560129129314536733e-01
7.560129123929305583e-01
7.560129123828209785e-01
7.560129126503452035e-01
7.560129123396415185e-01
7.560129132286241838e-01
7.560129122307698291e-01
7.560129128298653800e-01
7.560129122392835743e-01
7.560129112526782214e-01
7.560129114689720931e-01
7.560129115213798379e-01
7.560129110502012972e-01
7.560129108808568699e-01
7.560129133264799073e-01
7.560129113834260783e-01
7.560129103176882470e-01
7.560129103440985654e-01
7.560129108104366447e-01
7.560129102527570755e-01
7.560129104976590630e-01
7.560129102178423377e-01
7.560129101787653738e-01
7.560129104235743247e-01
7.560129097865351255e-01
7.560129098456330743e-01
7.560129112836853071e-01
7.560129096242541591e-01
7.560129097769368034e-01
7.560129093769051289e-01
7.560129113633958786e-01
7.560129086219481431e-01
7.560129079575971245e-01
7.560129088948469578e-01
7.560129078578869954e-01
7.560129084597456695e-01
7.560129077120361085e-01
7.560129089621558940e-01
7.560129074774033509e-01
7.560129067999694641e-01
7.560129068590598633e-01
7.560129068240631911e-01
7.560129070435299692e-01
7.560129060266042034e-01
7.560129055087774219e-01
7.560129055131348252e-01
7.560129056761202282e-01
7.560129062347075157e-01
7.560129054497999324e-01
7.560129052066701938e-01
7.560129051105740627e-01
7.560129060547695623e-01
7.560129045113477275e-01
7.560129044224586092e-01
7.560129048909425276e-01
7.560129038533265344e-01
7.560129041387440019e-01
7.560129040545993107e-01
7.560129040000039824e-01
7.560129038482764630e-01
7.560129042831851276e-01
7.560129039872410806e-01
7.560129040533121181e-01
7.560129038375402732e-01
7.560129054607787058e-01
7.560129039893010994e-01
7.560129043526033765e-01
7.560129040757106456e-01
7.560129023770768564e-01
7.560129036017160242e-01
7.560129024192752123e-01
7.560129028673046037e-01
7.560129026686097653e-01
7.560129019774357584e-01
7.560129021314112574e-01
7.560129021947393779e-01
7.560129015404255526e-01
7.560129013688142718e-01
7.560129013783416507e-01
7.560129016807347613e-01
7.560129012129810366e-01
7.560129017173180532e-01
7.560129012104305213e-01
7.560129010264783345e-01
7.560129010267845340e-01
7.560129015142142972e-01
7.560129010979349529e-01
7.560129012567894380e-01
7.560129020384203091e-01
7.560129003618600851e-01
7.560129008216808222e-01
7.560129004151336929e-01
7.560129007754079478e-01
7.560129010151597218e-01
7.560129001070644561e-01
7.560129001411259875e-01
7.560129008948687224e-01
7.560128996903584531e-01
7.560128998063690986e-01
7.560128996780892674e-01
7.560128996340002017e-01
7.560128995893838910e-01
7.560128995329356005e-01
7.560128994462995689e-01
7.560129010655410875e-01
7.560128994992113549e-01
7.560128988601615418e-01
7.560128989221430729e-01
7.560128987764488384e-01
7.560128989451811998e-01
7.560129002142215171e-01
7.560128983852503204e-01
7.560128987416631086e-01
7.560128984296337062e-01
7.560128989245070708e-01
7.560128988011057816e-01
7.560128982225059469e-01
7.560128985559932957e-01
7.560128988846093190e-01
7.560128982525046171e-01
7.560128976231501596e-01
7.560128984613114778e-01
7.560128978122306886e-01
7.560128981359223177e-01
7.560128977128834915e-01
7.560128976346207619e-01
7.560128976653356370e-01
7.560128977396433081e-01
7.560128978381105425e-01
7.560128975776988502e-01
7.560128972955016957e-01
7.560128967492274477e-01
7.560128969537238675e-01
7.560128966315732280e-01
7.560128969970562052e-01
7.560128965509297361e-01
7.560128965289605318e-01
7.560128971538654374e-01
7.560128967682196999e-01
7.560128962294577759e-01
7.560128965676169432e-01
7.560128961765695266e-01
7.560128970355971534e-01
7.560128962761207827e-01
7.560128963389975976e-01
7.560128962749497195e-01
7.560128963307407579e-01
7.560128963704604299e-01
7.560128961100539557e-01
7.560128961315037976e-01
7.560128967293564539e-01
7.560128971647271934e-01
7.560128959395255865e-01
7.560128957651878201e-01
7.560128954368628973e-01
7.560128954832650017e-01
7.560128957408612793e-01
7.560128954550111580e-01
7.560128975155923081e-01
7.560128955490100777e-01
7.560128951229797556e-01
7.560128955628727665e-01
7.560128955521454586e-01
7.560128950565612183e-01
7.560128953728481038e-01
7.560128951990533475e-01
7.560128948696405171e-01
7.560128947638258268e-01
7.560128954423821490e-01
7.560128949518402086e-01
7.560128952289306703e-01
7.560128945998535466e-01
7.560128937270236271e-01
7.560128937553619588e-01
7.560128936864448645e-01
7.560128938344918836e-01
7.560128941138597458e-01
7.560128937597827559e-01
7.560128936480509099e-01
7.560128938458119396e-01
7.560128940170899314e-01
7.560128941003908531e-01
7.560128933934247009e-01
7.560128935822159058e-01
7.560128936798824473e-01
7.560128931493232951e-01
7.560128931838718813e-01
7.560128935091924296e-01
7.560128933302280307e-01
7.560128933128003048e-01
7.560128933507564986e-01
7.560128932170734339e-01
7.560128942413828490e-01
7.560128933323666534e-01
7.560128931050373868e-01
