1.021534886246997953e+00
1.032167146091021781e+00
1.040977906375947226e+00
9.996493605928522541e-01
9.785477758210138211e-01
1.035848967580127677e+00
1.001191019107813274e+00
9.914197706904936958e-01
1.019900862842897160e+00
9.753407662892376040e-01
9.759554606751298378e-01
9.674018126771408710e-01
9.597087136353728010e-01
9.645877429987281815e-01
9.923531700697368896e-01
9.587976242067868249e-01
9.421037273027266234e-01
9.049260587935712419e-01
8.982018026508102881e-01
9.006033076976723839e-01
9.022468699988372975e-01
9.027409346755832509e-01
9.021823621455948850e-01
9.343592657338213314e-01
9.041500384781256949e-01
9.019056905185875994e-01
8.948917310687862781e-01
9.004321151551650804e-01
8.950934010237041605e-01
8.957009199390879584e-01
8.969281101620205643e-01
8.737645132557942951e-01
8.948247002852818266e-01
8.896794409457745578e-01
8.726110005159487537e-01
9.084476438446190683e-01
8.875163455302335080e-01
8.984240600754724859e-01
8.690130106751254857e-01
8.777738302904445344e-01
8.697267727613590127e-01
9.255149280939767298e-01
9.281652877084997089e-01
8.898342517246378147e-01
8.553250080306837866e-01
8.981729271679229631e-01
8.693620043120275920e-01
8.553250080306836756e-01
8.553250080306837866e-01
8.547968699003017923e-01
8.840910339100841453e-01
8.684963829035746707e-01
8.735311228430592267e-01
8.547968699003020143e-01
8.558926797201363845e-01
9.336139726132343108e-01
8.886871953583980188e-01
8.547968699003016813e-01
8.547968699003016813e-01
8.547968699003016813e-01
9.134863424239030305e-01
8.425058261536404469e-01
8.398938501602659645e-01
8.761181200049305007e-01
8.398938501602659645e-01
8.398938501602659645e-01
8.398938501602659645e-01
8.398938501602659645e-01
8.398938501602659645e-01
8.552813172743436443e-01
8.478849314850572805e-01
8.398938501602659645e-01
8.398938501602659645e-01
8.398938501602659645e-01
8.655974826944646816e-01
8.398938501602659645e-01
8.398938501602659645e-01
8.070761156084407251e-01
8.316830225656337561e-01
8.061137553442436765e-01
8.172018236534790425e-01
7.966875651339968556e-01
8.552920816787709102e-01
8.108901538683428445e-01
8.925567076830472901e-01
7.908236764778767691e-01
7.802298773514014796e-01
7.803032602987542976e-01
7.826838720781872372e-01
7.890782746194117125e-01
7.886353572234509057e-01
7.791826078615490259e-01
7.787057090921380986e-01
7.813870543696872506e-01
8.089480433878462051e-01
7.758922700081021251e-01
8.136710005868155182e-01
7.992106404032646161e-01
7.830081440021895434e-01
7.722986378061320600e-01
7.809936884826232939e-01
7.724004194293598857e-01
7.919513575092286262e-01
7.740235855475329219e-01
8.002810802316140393e-01
7.705778997503818228e-01
7.858225103510181331e-01
7.713951774720306798e-01
8.054256654376528157e-01
7.787238812735476357e-01
8.046724704916367044e-01
7.630214551786784760e-01
8.130527567368255326e-01
7.625347275527775137e-01
7.882252931995752387e-01
7.903635242652222725e-01
7.832766747770705251e-01
7.625721816137387421e-01
8.081455380057465110e-01
7.632450962193896293e-01
8.027410315275947950e-01
7.649504290860738021e-01
7.696833417988608872e-01
7.625347275527778468e-01
8.131660859520126738e-01
7.625347275527777358e-01
7.941383134264305976e-01
7.640469483391162386e-01
7.788376708391717695e-01
7.768477533083306685e-01
7.634723621846380981e-01
7.663453094087069317e-01
7.621892115117310240e-01
7.606980144261443755e-01
7.052687447554131239e-01
7.052687447554134570e-01
7.768035344551696975e-01
7.052687447554132349e-01
7.305052626284452844e-01
7.052687447554131239e-01
6.845210826089490608e-01
6.892206771264606235e-01
7.507711013976219316e-01
6.841463126917078919e-01
6.975318335103821710e-01
6.841463126917078919e-01
6.896440197845481457e-01
6.841463126917080029e-01
6.912407880438030672e-01
6.841463126917080029e-01
6.941205220620416672e-01
6.841463126917080029e-01
7.008089977102764934e-01
6.841463126917078919e-01
7.326390092011084709e-01
6.995361975125896636e-01
6.906455051770623577e-01
6.943452536172551870e-01
7.844933520847096053e-01
6.806668699903634101e-01
6.692178712347197633e-01
6.844448555682184354e-01
6.907577025556009831e-01
6.699506990882714286e-01
6.381504163857789624e-01
6.392919373339828182e-01
6.487845980639044274e-01
6.380779401048749522e-01
6.498517549401670035e-01
6.431306200939146400e-01
6.276919902290289954e-01
6.253893653923043860e-01
6.700438207266379287e-01
6.333402830925388693e-01
6.574213493835145972e-01
6.262664298628644044e-01
6.656165044960646870e-01
6.549717444861453686e-01
6.525216527483096440e-01
6.279690472661775269e-01
6.430686379850149015e-01
6.561628039288082137e-01
6.510825363591297155e-01
6.373675150395787803e-01
7.289898942780128621e-01
6.446335594818246584e-01
6.363838045908546404e-01
6.361055472578756032e-01
7.220113766100860753e-01
6.308001372828880848e-01
6.537850568817115127e-01
6.434806026175957649e-01
6.257034374061029025e-01
6.245569495288771922e-01
6.055853052630408850e-01
6.016199425262197531e-01
6.468377105554273809e-01
6.031373863988739314e-01
6.764672423620708974e-01
6.173334361223901112e-01
6.347254306877891938e-01
6.078658252959052710e-01
7.492818269980643375e-01
6.010671635365498755e-01
6.082899950946362155e-01
6.265916838377409981e-01
6.633214790077870404e-01
6.019281575511902238e-01
6.689551833380631418e-01
6.018566893156910291e-01
5.351384310039067893e-01
5.444835739682625242e-01
5.673241461680602615e-01
5.351384310039066783e-01
5.854842177654642210e-01
5.351384310039069003e-01
5.476150395280614536e-01
5.351384310039064562e-01
5.995011098881204425e-01
5.351384310039059011e-01
5.420909940533453764e-01
5.351384310039060122e-01
5.610685121630870631e-01
5.350573025836020680e-01
5.451050412125132416e-01
5.269979415370531495e-01
5.937686925347124278e-01
5.443766562365495165e-01
5.857787378564717207e-01
5.355988420542869832e-01
5.236644549395962356e-01
5.236644549395963466e-01
5.345180412194933117e-01
5.236644549395960135e-01
5.407741330493457399e-01
5.236644549395960135e-01
5.323591038543528109e-01
5.236644549395960135e-01
5.227536166825953456e-01
5.280807130904627833e-01
6.323385659208213827e-01
5.433929440090133900e-01
5.566845710002373826e-01
5.228527920579464361e-01
5.747078445067513863e-01
5.229768346765562015e-01
5.990596097313426460e-01
5.656788323894281767e-01
6.063395099204724747e-01
5.478756277207612602e-01
5.328757528170038338e-01
5.370454924145063869e-01
5.425705015447063184e-01
5.243954827596253310e-01
5.477309197197333113e-01
5.369034998428935390e-01
6.666185323650855032e-01
5.282396974190907146e-01
6.283013150269143310e-01
5.465018620075163813e-01
6.178732291792575770e-01
5.302079223309374978e-01
5.434158634399273158e-01
5.181828092562124066e-01
5.339779917515330432e-01
5.152784820117559672e-01
5.285676306192822471e-01
5.128359931472574740e-01
5.319092803272219561e-01
5.275835650397278087e-01
5.962060135478545186e-01
5.143254618589389038e-01
5.612444415392797703e-01
5.131524626591178473e-01
5.206193259608804524e-01
5.037641716128768987e-01
5.275870684373602515e-01
5.057334658173163744e-01
5.775957229229773393e-01
5.022641101014279075e-01
5.582140227836144275e-01
5.018481670618756274e-01
5.350671377438165344e-01
5.016062495698381252e-01
5.118782765845877325e-01
5.018686030401079412e-01
5.149400537442295755e-01
5.255258381856696692e-01
5.525151476178490340e-01
5.014905364253828823e-01
5.357783474211272878e-01
5.155268648976116808e-01
5.934192622783273086e-01
5.067643846660536688e-01
5.204169875534607748e-01
5.014905364253825493e-01
5.040050683659671460e-01
5.014905364253825493e-01
5.470380916842942920e-01
5.014905364253829934e-01
5.337497122898385848e-01
5.014905364253825493e-01
5.697598469993563342e-01
5.014905364253838815e-01
5.151765413188548193e-01
5.015524838475039493e-01
5.440154286174079257e-01
5.017595966323165069e-01
5.044787136923245541e-01
5.046236298569287682e-01
5.363126414014265375e-01
5.187314218960169532e-01
5.812550336606981949e-01
5.089910654690351643e-01
5.255959111942595241e-01
5.100610872841077059e-01
5.384800297154768156e-01
6.200729718215228781e-01
5.275734990884510811e-01
5.028044821524695340e-01
5.260116662472351656e-01
5.014905364253825493e-01
5.074016782300765360e-01
5.014905364253834374e-01
5.119573192956958785e-01
5.014905364253825493e-01
4.953187615801670773e-01
4.953187615801669663e-01
5.096828018724107734e-01
5.002645299917638511e-01
5.152550565144875527e-01
4.963943616343102216e-01
4.916098399298918786e-01
4.902549579623777798e-01
4.931285303864038072e-01
4.896830608432505283e-01
5.001620302655653827e-01
4.890842346914298644e-01
5.144922854344893270e-01
4.943051539490784241e-01
5.110198691089452572e-01
4.852495059214024242e-01
4.946091457200936792e-01
4.823633221219174594e-01
4.927113637293751292e-01
4.885656779485640366e-01
4.887748107592018720e-01
4.822392953812837391e-01
4.915745427130093770e-01
4.776763299009866848e-01
4.873800265636417661e-01
4.787129928142028756e-01
4.817383690285769182e-01
4.796993667144476836e-01
4.905531080226386842e-01
4.773192296856423877e-01
4.911334754370233480e-01
4.768651714012502874e-01
4.953551169470111204e-01
4.769372697379562487e-01
4.852447457334332359e-01
4.774681368480300780e-01
4.874214564314473530e-01
4.756407028352821476e-01
4.804620372034281717e-01
4.747087130936329391e-01
4.757875474903682789e-01
4.807500596551563810e-01
4.831698536749086115e-01
4.837015710717170180e-01
4.856106176158813126e-01
4.760666614374600147e-01
4.835823750154208955e-01
4.785059376162124067e-01
4.820499567506041361e-01
4.722544679923944000e-01
4.728928763801515389e-01
4.758318107905940009e-01
4.914581172034246936e-01
4.733601257943955698e-01
4.841960901347857060e-01
4.741390576652516065e-01
4.738257235832504244e-01
4.723957224608777983e-01
4.827665163914254265e-01
4.723178124794567556e-01
4.891132543185434667e-01
4.710705949821619720e-01
4.960807240973399423e-01
4.743084423683218698e-01
4.801661641223494148e-01
4.716744064098616906e-01
4.764513037399686901e-01
4.737395658971130796e-01
4.697168031308707747e-01
4.697084140476934233e-01
4.713909990957930729e-01
4.697084140476933123e-01
4.706316581055903225e-01
4.697084140476935898e-01
4.704269924576793271e-01
4.697084140476939229e-01
4.721864960323106652e-01
4.745707475356819027e-01
4.832678511868123694e-01
4.701088263363417674e-01
4.901387679217697468e-01
4.717966970396448856e-01
4.796547827112446760e-01
4.697084140476934233e-01
4.717889276206473359e-01
4.692600572940799908e-01
4.818201885945589402e-01
4.744409051487744056e-01
4.842531139978105692e-01
4.670928389194026198e-01
4.694562101195708381e-01
4.698064854525610401e-01
4.648905400669963717e-01
4.670131759273059013e-01
4.704588727440984219e-01
4.698126906314826767e-01
4.760362514734456374e-01
4.717790420059299050e-01
4.744630520624910086e-01
4.675580953299406928e-01
4.768880812047986417e-01
4.689504489865675696e-01
4.730527666755138250e-01
4.682881364188870577e-01
4.781462032362804870e-01
4.649864155628818385e-01
4.717437035624110764e-01
4.688591283927412978e-01
4.756904287901833062e-01
4.675589687980570841e-01
4.683450573567531916e-01
4.695445683802814130e-01
4.712441547397191455e-01
4.640627450833053613e-01
4.738593856227154011e-01
4.645522518068330720e-01
4.859759988347657211e-01
4.645638964915426716e-01
4.860192054695534614e-01
4.661806825160114687e-01
4.725499435617458444e-01
4.642883621835772745e-01
4.732588263498444525e-01
4.660550390366898221e-01
4.661656331205830672e-01
4.645414057541473740e-01
4.750168055384665355e-01
4.657599016945832004e-01
4.664366605344859584e-01
4.632584049434615991e-01
4.659953572969693369e-01
4.667441539798624639e-01
4.752849753366509833e-01
4.720333646686545315e-01
4.755599793116176421e-01
4.686580667895077768e-01
4.689584162331779105e-01
4.671285880340843022e-01
4.668584101801878661e-01
4.633252784659616652e-01
4.686659003394225143e-01
4.649220040177340918e-01
4.659442642308628812e-01
4.622696003765819905e-01
4.755321716775179341e-01
4.618627808654686140e-01
4.774012966795955770e-01
4.592885571238972675e-01
4.714425974363847804e-01
4.586153345188911379e-01
4.621295871144066036e-01
4.589593426721343405e-01
4.631778193579806358e-01
4.583861082822798250e-01
4.621266972903076420e-01
4.586229605012062116e-01
4.711309007469902110e-01
4.615192480483678583e-01
4.616024808414704306e-01
4.624766826862420355e-01
4.579742670400217541e-01
4.561515902451310223e-01
4.571673810694373286e-01
4.591850645432164479e-01
4.563096062961080612e-01
4.592974017717806889e-01
4.567716740854214641e-01
4.617219291074657339e-01
4.561528087149858135e-01
4.562209284523472963e-01
4.556578274296033682e-01
4.563689614057929167e-01
4.556578274296033682e-01
4.598313286040924264e-01
4.565438491714001179e-01
4.604286990760363407e-01
4.552843309955479922e-01
4.572957065642335728e-01
4.555338980977342578e-01
4.575610231916000248e-01
4.538504799516897004e-01
4.563636838160207709e-01
4.539693494898580650e-01
4.537095757028223320e-01
4.529450690190514051e-01
4.535117383856404616e-01
4.520584089419473206e-01
4.578599030787766089e-01
4.554699663089915584e-01
4.496996461987383675e-01
4.529876336835913508e-01
4.470346176764715129e-01
4.474033662475033202e-01
4.467777119236507333e-01
4.473206939177544195e-01
4.498197857294882196e-01
4.491242252057324746e-01
4.475265557221718149e-01
4.471320665068636013e-01
4.496562186285903984e-01
4.469703717741185800e-01
4.529867650469012186e-01
4.486835355535860326e-01
4.492954071646448888e-01
4.446444625605217027e-01
4.481702188912780049e-01
4.448524964012848248e-01
4.454560440832222024e-01
4.434289260503126440e-01
4.414649502774135037e-01
4.407312923751135481e-01
4.395100529071530593e-01
4.393150578585258148e-01
4.434672526987413210e-01
4.400372061340058205e-01
4.377399245668989192e-01
4.385868604139552263e-01
4.429396113146681357e-01
4.386513784531677063e-01
4.380610038081617086e-01
4.377707274786025726e-01
4.406191027317450937e-01
4.378865740634333981e-01
4.402055474145856739e-01
4.377035620308329378e-01
4.421784777429897950e-01
4.376152049307082126e-01
4.331963248460747873e-01
4.322575499213591188e-01
4.330712006599012898e-01
4.325082846181255714e-01
4.365702925449567173e-01
4.331924214212096724e-01
4.368936528822180976e-01
4.323461476482846622e-01
4.355165943806916795e-01
4.328275887373490560e-01
4.309001458912940508e-01
4.304258927567985449e-01
4.302021243626777403e-01
4.308348362037895396e-01
4.311812815965936352e-01
4.299803174512215054e-01
4.338617966751734389e-01
4.297738628238128022e-01
4.316075178177739557e-01
4.310555316887736410e-01
4.282366011899030878e-01
4.267076445748389513e-01
4.260103248350232685e-01
4.257519902182708704e-01
4.284695482217126261e-01
4.257459795227134247e-01
4.277411367356877547e-01
4.257459795227134247e-01
4.280153821308307904e-01
4.270224637831246950e-01
4.293712145305002559e-01
4.270455026597006487e-01
4.293248395110506044e-01
4.259030031735164812e-01
4.305736338044563460e-01
4.233030963158546656e-01
4.271523000425094807e-01
4.234266130073403578e-01
4.257550269410083077e-01
4.230383608456110278e-01
4.237767735782379530e-01
4.224894093804018591e-01
4.282321466586062608e-01
4.252867665191041313e-01
4.255413855578255578e-01
4.218579945382018859e-01
4.228239924358442869e-01
4.225677241269809037e-01
4.223708591261804424e-01
4.213811681109377871e-01
4.234073287372807637e-01
4.252446417371770759e-01
4.236972930673323368e-01
4.222641028257719809e-01
4.257605129309603997e-01
4.209205813937846319e-01
4.258121266871270905e-01
4.238754125850568433e-01
4.253204010796490797e-01
4.209495450018522211e-01
4.196990944861269668e-01
4.194518326185203705e-01
4.233294551145188045e-01
4.203577017715120490e-01
4.203143692110010154e-01
4.200275060248718217e-01
4.187087709620990195e-01
4.182737181074664967e-01
4.207613668119788430e-01
4.191746334510443317e-01
4.242830588077480258e-01
4.187747404431166331e-01
4.174920364068215872e-01
4.176935626468252782e-01
4.186560884228601731e-01
4.179250210718673531e-01
4.192271280795858979e-01
4.189177011936774386e-01
4.226263530014224279e-01
4.186236369701042959e-01
4.175931529366813111e-01
4.177772464549814879e-01
4.174522121572045164e-01
4.176636447606722480e-01
4.181603554009639678e-01
4.175193862046353566e-01
4.175637068603426649e-01
4.178691140060846743e-01
4.238833902276357146e-01
4.165209703491870585e-01
4.168375842387464503e-01
4.166502645021688545e-01
4.198625393250234317e-01
4.184377583011107959e-01
4.203061253170163325e-01
4.167386546434228012e-01
4.184922640077550215e-01
4.185232296685180153e-01
4.177118459820344243e-01
4.162213633906872157e-01
4.181973808396272085e-01
4.187568249575252533e-01
4.160886706553761916e-01
4.156544510338636145e-01
4.130765997760205699e-01
4.147563267566210521e-01
4.147316609757302763e-01
4.128857179784200526e-01
4.153933005053832006e-01
4.126652897197004011e-01
4.182044579168662790e-01
4.135301049506297510e-01
4.137174570699704845e-01
4.121155537189807871e-01
4.140323252023873080e-01
4.121215474635856468e-01
4.157897532639948657e-01
4.129944734701557207e-01
4.157004284744576506e-01
4.152246629499739550e-01
4.149891607655222248e-01
4.131355729899340856e-01
4.152127686083366132e-01
4.118895556209021258e-01
4.108498662508496824e-01
4.107507304887678123e-01
4.157123620994016555e-01
4.107170736878150707e-01
4.162587342313302519e-01
4.114799840441289991e-01
4.160893691614693801e-01
4.105837189326396741e-01
4.120429703082349460e-01
4.124992512372824827e-01
4.109340422183914709e-01
4.112336978990273617e-01
4.120333321845685570e-01
4.116880319086141382e-01
4.150117930414404799e-01
4.117347341152616802e-01
4.121935602166069690e-01
4.110554530274169172e-01
4.170812923929666516e-01
4.103898728762458425e-01
4.138407335188065139e-01
4.105870510601296597e-01
4.117743864919005681e-01
4.108147733747439245e-01
4.115964386776054806e-01
4.103782372306491455e-01
4.118009842292214562e-01
4.100095245269566591e-01
4.104604591824466131e-01
4.122658892440889122e-01
4.118338104413173939e-01
4.101829782194550966e-01
4.136871447532252666e-01
4.104752212018099589e-01
4.120494107906185199e-01
4.102406280634139368e-01
4.110749519562073573e-01
4.104104320618172652e-01
4.100834284940426677e-01
4.099124939953810998e-01
4.108051013043761412e-01
4.099741038156013984e-01
4.122684619037668141e-01
4.098563275983947984e-01
4.128143492904626788e-01
4.102743597256018893e-01
4.103104648628023154e-01
4.094142049524102100e-01
4.135599325864274256e-01
4.096248065846703201e-01
4.132756570266198359e-01
4.091191349838390057e-01
4.149308478500547404e-01
4.093497850992035558e-01
4.074655711844939465e-01
4.077321820702809463e-01
4.098991758540206365e-01
4.080587852995296583e-01
4.113851635948326257e-01
4.081890825375156795e-01
4.071363129963228022e-01
4.079091169232775815e-01
4.107584209453764568e-01
4.078655725644544372e-01
4.142072732352700681e-01
4.085807623290066970e-01
4.106837502767907710e-01
4.071059508026491081e-01
4.131506865068341194e-01
4.082111182485246292e-01
4.082556843300098603e-01
4.077057010472859844e-01
4.130711809512509491e-01
4.071892055563535728e-01
4.078841193791243880e-01
4.071047379105494635e-01
4.098706563833919292e-01
4.075236031202027487e-01
4.142400076372320661e-01
4.058791199762429303e-01
4.059143926214360265e-01
4.068283723037575128e-01
4.047030944087887105e-01
4.047824258332354264e-01
4.083667343706690600e-01
4.039619535652190230e-01
4.038990552396847789e-01
4.037648244341226489e-01
4.018717082173308142e-01
4.015449107121710215e-01
4.030298011026906546e-01
4.019996978032861490e-01
4.012972135232414916e-01
4.024710871340805851e-01
4.051786098455066321e-01
4.015557885058826382e-01
4.040046920366342498e-01
4.007791353838316417e-01
4.021948312901010847e-01
4.012598016409301693e-01
4.042515881992397864e-01
4.014990766691596269e-01
4.008866993962272307e-01
4.005063014488197126e-01
4.008664652273177809e-01
4.005152194163315027e-01
4.002969635141524485e-01
4.022128213479090886e-01
4.014349445853040987e-01
4.009451245657703611e-01
4.028386459232060623e-01
4.006207792837166437e-01
4.036637606685730129e-01
4.009332775496297074e-01
4.050565575031728760e-01
3.996355376207225141e-01
4.044302615971553383e-01
3.998506423504366580e-01
4.011276822636992700e-01
3.992197406193672693e-01
4.003834240761860452e-01
3.988763349443774087e-01
3.993931973043662320e-01
3.995575842508360398e-01
3.998862158371471742e-01
3.986600843274729078e-01
3.995112954479893563e-01
3.991594606846352589e-01
4.002474095089265660e-01
3.997478199541604216e-01
3.996452786942714663e-01
3.974589550413896166e-01
4.006431684354107570e-01
4.012078958367867876e-01
3.978453392725316284e-01
3.976783521133657739e-01
3.984132694052783252e-01
3.993031472052298581e-01
4.014028549925564016e-01
3.979215415543032042e-01
3.989990551929135654e-01
4.001206328906103948e-01
4.001285677081918846e-01
3.978499609108403501e-01
3.997203393493282131e-01
3.984561031098983186e-01
3.966199905469793840e-01
3.964173061062629677e-01
3.976301012525497725e-01
3.985465613252133776e-01
3.996187317062951383e-01
3.959651539265164888e-01
3.983297772442463414e-01
3.960797748050451372e-01
3.979859524547911809e-01
3.961026540443658983e-01
3.975898538344225797e-01
3.959369346403460166e-01
3.998918225543328653e-01
3.970676697725532556e-01
3.979552365031807648e-01
3.966907955603397595e-01
3.950924107419965803e-01
3.952806861763901169e-01
3.979821343436932835e-01
3.965284218793695414e-01
3.954420122731009402e-01
3.943639863548097924e-01
3.973919695135799124e-01
3.959999067614548562e-01
3.956852553340609591e-01
3.943631137048331237e-01
3.963306440166931566e-01
3.948968189137308515e-01
3.942197598399750369e-01
3.942277990791083209e-01
3.968855209095455416e-01
3.943119639654122932e-01
3.966216559379173168e-01
3.946918260042799886e-01
3.984732082563388622e-01
3.939984307063488234e-01
3.952263999300389408e-01
3.945908916584497939e-01
3.959296698559416905e-01
3.953766913124572291e-01
3.952681760909376174e-01
3.940389633485806287e-01
3.971305650261632292e-01
3.950242993394540991e-01
3.948007471667301371e-01
3.939608554388525641e-01
3.962374769019570975e-01
3.934589432487750615e-01
3.952262339583289541e-01
3.942981069369263514e-01
3.928859280880622196e-01
3.934078480957841073e-01
3.939441503167920855e-01
3.933384909456278389e-01
3.939283159811159396e-01
3.931874303023856765e-01
3.953006823567521422e-01
3.933693554717943575e-01
3.973738495569094642e-01
3.929655122793811461e-01
3.950048831095279711e-01
3.938753934466209250e-01
3.936028457134623237e-01
3.925344897857311333e-01
3.951939105663266893e-01
3.927587161655546333e-01
3.928168673198301764e-01
3.925756524296802330e-01
3.951815957058061879e-01
3.933392370403299698e-01
3.980857191833945818e-01
3.931542209037178770e-01
3.975595861398096842e-01
3.937197867266468698e-01
3.933689175568367835e-01
3.926219974596359408e-01
3.939756896894828220e-01
3.928120268057137543e-01
3.957360214923606456e-01
3.923968228446388928e-01
3.947274241276260698e-01
3.929545145215013191e-01
3.942961126663278026e-01
3.942657605281937871e-01
3.976574372367506771e-01
3.924297695040783185e-01
3.969806642983721434e-01
3.921625436480051241e-01
3.966667367970686531e-01
3.923454594040096111e-01
3.944737516757316764e-01
3.933193266658784326e-01
3.940253874053497585e-01
3.920023547272328823e-01
3.936185698698387858e-01
3.931553413857176160e-01
3.935145072027873003e-01
3.918909361579454020e-01
3.918297165205869015e-01
3.933062372337164936e-01
3.977154406497500072e-01
3.924226108127146229e-01
3.939884175392896482e-01
3.923018764860455310e-01
3.934578331514940186e-01
3.940812715075375228e-01
3.952141829786429694e-01
3.921819975215405929e-01
3.925450574309392038e-01
3.948971099319034117e-01
3.918744473486096003e-01
3.926605461632949323e-01
3.919715384468190900e-01
3.927597687453434627e-01
3.922130345434959309e-01
3.908718705395300419e-01
3.920950157251015811e-01
3.908647700698421046e-01
3.965452216194786383e-01
3.912295755941473385e-01
3.933422972566911757e-01
3.906856745039077872e-01
3.956070634718941714e-01
3.920851684048080044e-01
3.915471478530503369e-01
3.916648692685279487e-01
3.919244541305751950e-01
3.909503549371374231e-01
3.933708319141068221e-01
3.910006786459706563e-01
3.925396835195464895e-01
3.905276353995998373e-01
3.914645052936134295e-01
3.898859131572984249e-01
3.906862798297578432e-01
3.904076937675231562e-01
3.934562777725880700e-01
3.902375000512558478e-01
3.913600492497997796e-01
3.903731698455186749e-01
3.922703394661816167e-01
3.900603219308608760e-01
3.933402358282563904e-01
3.906414939060318670e-01
3.910921627791875688e-01
3.891841684476129437e-01
3.928399210200865799e-01
3.898242660321540876e-01
3.945656631916690804e-01
3.898250637397669971e-01
3.924839744763887750e-01
3.892320761169512644e-01
3.898621118463113100e-01
3.894812459543984251e-01
3.894146090393902360e-01
3.890032605621031037e-01
3.904752512874109516e-01
3.898051284196081268e-01
3.893528106609227546e-01
3.893519607347861733e-01
3.911750111595068136e-01
3.905191066766385832e-01
3.888345468670294514e-01
3.892376643249794155e-01
3.887748543343615415e-01
3.885227886219724813e-01
3.885597978534002239e-01
3.885007006931917029e-01
3.885216272717561536e-01
3.895090372993368355e-01
3.881417412113414844e-01
3.884642936607028418e-01
3.884936768080012870e-01
3.897347714075851122e-01
3.879461538940966459e-01
3.886051367095064712e-01
3.881315893974084941e-01
3.888674590453457536e-01
3.882511961722629468e-01
3.883549284866643081e-01
3.885806031744872824e-01
3.878670162673769073e-01
3.880827132307911320e-01
3.883221995961183559e-01
3.878979177162545922e-01
3.887726110125934720e-01
3.879107275859435822e-01
3.886008618535037318e-01
3.875123210317704125e-01
3.893015811020609784e-01
3.880924249457594066e-01
3.879230320856626446e-01
3.878300282622967887e-01
3.879293499960419500e-01
3.876102335744198712e-01
3.888791229798901905e-01
3.874449959360402596e-01
3.881272902518856927e-01
3.876550168623123516e-01
3.881810345500595893e-01
3.876067072380712797e-01
3.869995654481697689e-01
3.869835934392296672e-01
3.874345345172168220e-01
3.870215161503984258e-01
3.870716466314825244e-01
3.866139231579940327e-01
3.865412285855193142e-01
3.865209941741014621e-01
3.862323086777267878e-01
3.868643888759449312e-01
3.858909219147974023e-01
3.859600542870773587e-01
3.842630377494653526e-01
3.841968463877005746e-01
3.841303212678187640e-01
3.843064396150212558e-01
3.833451749142843812e-01
3.832183713162259364e-01
3.831077457915357809e-01
3.834144479935788774e-01
3.825634847795238436e-01
3.826435426987800925e-01
3.825148181143410153e-01
3.825693894496505765e-01
3.830467839623791781e-01
3.826143221855912158e-01
3.841544746898921669e-01
3.825046435074687667e-01
3.826516987176089013e-01
3.822779120003926279e-01
3.825310680606134328e-01
3.823517333051709710e-01
3.840337064136180589e-01
3.824834441035842580e-01
3.836558765499912260e-01
3.823176499580091536e-01
3.829957267322532943e-01
3.819950293659902241e-01
3.826948508603290056e-01
3.820647790237823860e-01
3.817355139181902723e-01
3.819815979724235366e-01
3.814490821429269429e-01
3.816306723739730233e-01
3.813820972058052372e-01
3.814871860984199725e-01
3.820051612669142505e-01
3.814614768708385895e-01
3.819704300608217085e-01
3.816814616266579474e-01
3.821029390392963188e-01
3.811762040439236610e-01
3.814076607838072230e-01
3.813485988134001081e-01
3.815443112582876939e-01
3.811537985920703808e-01
3.821425895932692440e-01
3.810202280904640970e-01
3.809700586755845331e-01
3.809372911860328670e-01
3.815245249978073128e-01
3.808683659174442182e-01
3.808164786828091009e-01
3.810418034250230845e-01
3.814360022673004558e-01
3.815578681637114555e-01
3.802916534978811880e-01
3.801905792227058267e-01
3.803809943639663849e-01
3.803612544975693566e-01
3.802190251835025903e-01
3.799390851655812251e-01
3.811502181160592029e-01
3.804364065344473245e-01
3.801585648569013043e-01
3.801263796642653792e-01
3.811902501491587492e-01
3.804086820510364508e-01
3.805397887140043456e-01
3.797877852316193792e-01
3.812783180757115531e-01
3.800040533365056650e-01
3.805116062259295551e-01
3.797607697280459549e-01
3.816180633714714721e-01
3.797598064673436968e-01
3.801904799777952593e-01
3.800364438327737959e-01
3.812910830584558819e-01
3.794024586691216450e-01
3.805284681372984035e-01
3.790244953604119948e-01
3.793022552622712373e-01
3.793207746488274634e-01
3.789300270522889535e-01
3.788233406326232400e-01
3.792539762597418318e-01
3.794624381775941191e-01
3.785597555739327880e-01
3.786878722730319113e-01
3.794473238719454633e-01
3.790170430722619721e-01
3.779148214771622660e-01
3.780155440662419930e-01
3.786375425457811916e-01
3.780655460872234808e-01
3.779172479424182107e-01
3.779033148018971500e-01
3.778942332096156820e-01
3.783294135063489660e-01
3.782329841912573376e-01
3.779666748062589510e-01
3.785315295395151880e-01
3.776843462387426409e-01
3.774622388424370145e-01
3.774262664584759897e-01
3.772459310167393665e-01
3.775564825913272360e-01
3.779736371532896322e-01
3.776443254461243071e-01
3.786195399794603511e-01
3.774197680558246670e-01
3.766281673857750367e-01
3.763020193283034831e-01
3.767700759049920078e-01
3.764860209698525639e-01
3.764384117738571733e-01
3.763603709607754033e-01
3.759778804477905134e-01
3.766185571843121416e-01
3.756814992905662676e-01
3.757303679887836201e-01
3.769895128198126888e-01
3.755802542290010426e-01
3.761131703128238191e-01
3.759100403195888007e-01
3.767193412707823263e-01
3.758361219109030982e-01
3.760534123312150312e-01
3.758868932008276320e-01
3.750868784598561656e-01
3.750321243015974360e-01
3.763409928137327887e-01
3.755193315010150190e-01
3.761435702780318580e-01
3.751264232140289479e-01
3.759826104408118819e-01
3.751302812185074997e-01
3.750743020302932940e-01
3.757894236766214924e-01
3.749576336503079865e-01
3.755104099923252114e-01
3.745743476422799256e-01
3.745129062809530729e-01
3.740922689044625660e-01
3.740318105756842981e-01
3.738874595375351051e-01
3.740220113725931661e-01
3.746830714782072302e-01
3.743909513081223883e-01
3.737413390839545158e-01
3.738270684976803260e-01
3.739958935223386405e-01
3.737557545376796742e-01
3.736772565768137766e-01
3.738712294275633452e-01
3.741045235756194076e-01
3.740084597177715242e-01
3.749205721187490181e-01
3.737156174461174762e-01
3.748811968356865476e-01
3.735667631416377255e-01
3.740203742447589241e-01
3.735864967025424588e-01
3.729474958948530428e-01
3.732090116321052919e-01
3.743368860572547918e-01
3.738704305144125994e-01
3.743841179469778457e-01
3.724741342696397672e-01
3.728731520173651504e-01
3.731986706850485835e-01
3.732174147566176270e-01
3.722904064217756881e-01
3.718651225372836544e-01
3.721900696375273765e-01
3.713683595314267727e-01
3.711800596213470360e-01
3.720014340899546745e-01
3.712986813547135001e-01
3.711292412529169082e-01
3.714303515630398844e-01
3.725810208333630857e-01
3.711243840872359145e-01
3.709353009717031857e-01
3.714683552790963850e-01
3.709124789090226249e-01
3.715347022371678354e-01
3.716120897512092403e-01
3.711584674624057167e-01
3.707459463511344477e-01
3.712986971530241043e-01
3.709434672899354357e-01
3.706038958631727165e-01
3.709331149137810035e-01
3.719417489388933129e-01
3.707554789793670591e-01
3.707962537319028362e-01
3.697184886586649677e-01
3.694525080401929729e-01
3.701005007485521081e-01
3.693681411033654660e-01
3.693589266757475453e-01
3.696986835194746024e-01
3.702860358384872375e-01
3.693168783413112721e-01
3.686426371467876884e-01
3.685735502747597980e-01
3.694227758953690377e-01
3.682764336446224251e-01
3.698544470957735308e-01
3.694273042310808330e-01
3.687811351967056339e-01
3.685016604475939705e-01
3.698870720589295114e-01
3.685226543171316593e-01
3.682184657962230823e-01
3.681541335306477980e-01
3.692094509167703764e-01
3.680840357386136463e-01
3.694735776920227144e-01
3.684983381083813403e-01
3.698420016140073763e-01
3.684612527607269983e-01
3.688228376883659898e-01
3.681279359649353156e-01
3.691787815442424958e-01
3.687515598653407500e-01
3.687984178020660142e-01
3.677359895986235805e-01
3.685404876205820579e-01
3.680670804710941546e-01
3.680105269649415756e-01
3.672589429295188834e-01
3.683490843510635604e-01
3.670921125759698533e-01
3.683844272052332891e-01
3.670495552379282600e-01
3.673892500407777706e-01
3.674504841379373499e-01
3.660935944707491840e-01
3.660730641447050293e-01
3.665978286445057410e-01
3.664205286403902639e-01
3.684808837434704887e-01
3.659955966646223358e-01
3.669573325437617828e-01
3.662193077226656435e-01
3.665947160309119823e-01
3.660200346872489185e-01
3.689994388889039634e-01
3.666553909542626388e-01
3.672519436334007459e-01
3.659453163616741556e-01
3.660105148615406256e-01
3.656375898255347368e-01
3.640956849622724589e-01
3.645270391597932869e-01
3.644867386937991616e-01
3.641525156513421568e-01
3.646576958181718120e-01
3.640417486984990347e-01
3.646094518952706087e-01
3.641313830093080295e-01
3.645424310902757314e-01
3.640349725027449690e-01
3.643143741922897916e-01
3.640988718244188016e-01
3.648478685673616773e-01
3.641886869408378358e-01
3.646617955734414163e-01
3.641388522141215667e-01
3.653483683373587310e-01
3.640559167558497511e-01
3.639261024572577052e-01
3.639355468669680516e-01
3.651753928987150344e-01
3.636781050231617796e-01
3.646734534088920676e-01
3.634451070498545544e-01
3.635035562411879639e-01
3.630530435442951287e-01
3.639438484324363787e-01
3.634515929811599211e-01
3.635849580180986473e-01
3.633192377366060710e-01
3.633035170519664514e-01
3.632350085539727824e-01
3.637014764384328136e-01
3.634234283174507807e-01
3.652327878705394770e-01
3.632841235635877464e-01
3.640477887762641473e-01
3.636182359330990543e-01
3.628828909901302691e-01
3.629436903104381051e-01
3.630714655697202531e-01
3.629226309033212194e-01
3.623815342030887177e-01
3.624432685465163728e-01
3.622100132472662604e-01
3.622742313549138227e-01
3.624902821989855473e-01
3.619891706327652559e-01
3.629114858377311403e-01
3.617477297837394801e-01
3.619508295904165229e-01
3.620827692184920288e-01
3.623044018276379008e-01
3.619630180284123533e-01
3.624983512079871240e-01
3.620276985515731849e-01
3.621093839277745308e-01
3.618663080402928500e-01
3.625576234224394123e-01
3.617639648546222553e-01
3.630840992344341878e-01
3.612745100547725130e-01
3.618419880492357299e-01
3.617308859854361236e-01
3.630181510230727215e-01
3.613095323079992816e-01
3.625093389757608753e-01
3.616641714435032684e-01
3.614270879163926642e-01
3.612797237731310007e-01
3.617881420168218010e-01
3.613181944817893676e-01
3.629083398794588633e-01
3.615912257145889042e-01
3.618513013234102571e-01
3.613948693359790298e-01
3.625716038938683328e-01
3.622394402266699842e-01
3.631293042199648102e-01
3.613358213841881827e-01
3.606796309081690688e-01
3.612281836838449611e-01
3.599654640248357018e-01
3.600169836689088854e-01
3.602761548980683570e-01
3.598899338370331602e-01
3.600301845909628096e-01
3.600942402661021502e-01
3.616051958499881258e-01
3.596088571565480008e-01
3.598451834684525119e-01
3.595951304364404244e-01
3.598175345214044141e-01
3.596521524813725557e-01
3.596852818028476451e-01
3.595375119872346592e-01
3.603591009313377724e-01
3.595305979821062370e-01
3.602446911294078236e-01
3.597654902340842176e-01
3.601260150461028653e-01
3.595937242726648941e-01
3.601583833811904389e-01
3.595395057261876470e-01
3.596232560473187068e-01
3.596890759521357284e-01
3.603161537726530805e-01
3.596742785599442715e-01
3.607229364701922125e-01
3.594293699667642228e-01
3.602050405840173108e-01
3.592508467399763705e-01
3.596311463741858061e-01
3.592969501357331508e-01
3.594406510521807596e-01
3.591310288090750480e-01
3.599005339384764857e-01
3.591548646066795025e-01
3.598972345324079614e-01
3.597910452580051488e-01
3.595514163708647404e-01
3.591495561588472496e-01
3.605549890680930236e-01
3.591177883005244875e-01
3.602783281774677993e-01
3.592532252285043914e-01
3.599177053661566372e-01
3.595631768120282068e-01
3.594857414792271832e-01
3.591940946464203255e-01
3.596691416234776839e-01
3.591292444564898045e-01
3.596172955648972991e-01
3.599125571218285691e-01
3.596075392970530804e-01
3.592432632913219459e-01
3.599017271783713223e-01
3.592777249680490503e-01
3.590013044133066877e-01
3.593493224148820442e-01
3.587885027177719066e-01
3.587443957903391767e-01
3.588102007488779277e-01
3.590754177707545791e-01
3.594431465593013186e-01
3.591485185870230690e-01
3.592701723368602607e-01
3.588581204981134420e-01
3.594220799571342106e-01
3.590246307655947100e-01
3.601189969582271888e-01
3.590626058797546927e-01
3.593338260949544560e-01
3.590017055953036995e-01
3.594530746033718360e-01
3.588159104985604309e-01
3.594720628032110343e-01
3.585558857548181710e-01
3.588257796389606735e-01
3.584594601715609952e-01
3.597977166338709454e-01
3.585747661762405114e-01
3.588598885684171624e-01
3.590486317100668456e-01
3.586959652274413490e-01
3.586108323059350456e-01
3.588019595415166130e-01
3.582513042471922038e-01
3.586864046960600572e-01
3.584754577733454961e-01
3.590220726705929399e-01
3.587112323950535919e-01
3.588063596267621613e-01
3.586677550463377440e-01
3.580879067150319339e-01
3.584582503741727821e-01
3.584063918915071367e-01
3.584011825136216856e-01
3.584240662882176576e-01
3.580950204193563691e-01
3.578689069788509869e-01
3.580458427576622693e-01
3.580133127653289393e-01
3.582425831368432068e-01
3.593540779458414547e-01
3.577771169339536428e-01
3.587603035743602287e-01
3.578994121609967438e-01
3.575749415802310094e-01
3.578381111255336533e-01
3.576263521793262012e-01
3.579591884335813767e-01
3.583853480625364685e-01
3.579980517188421363e-01
3.579496053956304213e-01
3.579688337719958424e-01
3.580206320103729301e-01
3.577726243797113570e-01
3.569451698126759887e-01
3.572207552497751459e-01
3.565694627353805379e-01
3.563625697985931540e-01
3.569730693415699707e-01
3.565683590307908157e-01
3.579421224447199568e-01
3.565571002655021360e-01
3.563194343547385623e-01
3.564801858310502891e-01
3.573690519306566560e-01
3.564944634129396106e-01
3.569301029015020110e-01
3.566006075130316866e-01
3.565066399893060400e-01
3.564296322102956105e-01
3.570849729224065405e-01
3.565464840428431148e-01
3.565556596066357664e-01
3.561852448542116578e-01
3.561472500389838425e-01
3.562816918745836947e-01
3.559865588904517208e-01
3.566086883533881036e-01
3.560217995437758853e-01
3.560559263918787742e-01
3.556374653526499507e-01
3.556953583151764020e-01
3.579067456729540520e-01
3.554129626189080904e-01
3.552757611348859590e-01
3.553538341567632486e-01
3.557677743100942092e-01
3.554050961040258749e-01
3.555259948314829499e-01
3.552782418774609874e-01
3.559729591960739681e-01
3.554330226225405620e-01
3.562779477534039341e-01
3.559612224710504980e-01
3.552334247509437160e-01
3.559857000762277623e-01
3.561027647393004147e-01
3.557756300145093475e-01
3.561016130992465945e-01
3.554253711615799061e-01
3.561129630829827364e-01
3.556368581392190253e-01
3.558339179729524959e-01
3.557431816960300308e-01
3.561679312584565271e-01
3.556638503730084055e-01
3.555797839197464838e-01
3.553419525869695450e-01
3.557593059322246565e-01
3.555083683647152215e-01
3.552265685363580894e-01
3.551308092032423036e-01
3.554265429169174428e-01
3.552184075200895408e-01
3.545505246721556980e-01
3.548562552753994903e-01
3.549049713264048056e-01
3.546596695869881355e-01
3.545328360410684998e-01
3.548804967762015927e-01
3.544574838673839046e-01
3.543763280787245451e-01
3.537219346487893712e-01
3.538144010835027609e-01
3.542884971633299962e-01
3.542207351421649553e-01
3.541897157022270148e-01
3.536658245082823226e-01
3.544029614014986840e-01
3.539626693568711513e-01
3.539921230428482168e-01
3.558070443178322773e-01
3.536182097582172834e-01
3.533179686748549320e-01
3.530881266274067398e-01
3.529938556046341991e-01
3.536599631999446380e-01
3.533422730856405347e-01
3.530803534042589176e-01
3.531982285865391535e-01
3.531747869469705203e-01
3.532689582916823667e-01
3.537915437185330525e-01
3.534207616704629906e-01
3.531075812438094208e-01
3.528399464177601197e-01
3.531331083984681207e-01
3.531146394206770012e-01
3.531956350335401784e-01
3.528777320032727705e-01
3.536017411041309511e-01
3.528981686000733364e-01
3.530936793525171202e-01
3.527046816309218902e-01
3.537937765939532797e-01
3.530886882817104722e-01
3.527525703175404814e-01
3.528846523761207665e-01
3.529315871337080912e-01
3.526549505251407868e-01
3.537650723250592155e-01
3.528552223886219918e-01
3.532013849760766711e-01
3.528656297188755842e-01
3.533021507979878795e-01
3.524792900444978505e-01
3.538534678091914687e-01
3.526436586926311456e-01
3.530225619671629733e-01
3.526990941831930626e-01
3.528934547689756562e-01
3.528620207888480964e-01
3.533173393402812001e-01
3.526298395053281687e-01
3.525050918347640283e-01
3.526618557058426862e-01
3.524626962189479906e-01
3.523327142714719473e-01
3.533501556811212696e-01
3.525694253804940725e-01
3.528854351489072450e-01
3.527119964476391756e-01
3.525143465910751117e-01
3.523536555762622480e-01
3.524513094235542376e-01
3.523389966966813391e-01
3.532704280441141820e-01
3.528026266036317082e-01
3.529172616371569760e-01
3.522555283457721176e-01
3.524983017285798770e-01
3.525331257383480521e-01
3.528692166376724004e-01
3.523216390687493593e-01
3.523027942969934601e-01
3.522645221446171204e-01
3.537310192271449494e-01
3.525634521185632142e-01
3.525556956086264293e-01
3.525164256191380963e-01
3.538268823149631759e-01
3.524464012957992942e-01
3.526060908560049167e-01
3.521914070557709553e-01
3.536442487814525082e-01
3.524766916069775879e-01
3.529340632295391300e-01
3.523304731629741671e-01
3.519831976061361667e-01
3.518818976451784097e-01
3.524000187288957031e-01
3.518307943884647626e-01
3.524247987584134267e-01
3.526261707998712969e-01
3.521715291315732910e-01
3.520557642635503415e-01
3.523814326193184243e-01
3.525468363056887822e-01
3.520995834239283306e-01
3.518986290796611849e-01
3.516951952245911950e-01
3.518956713679550208e-01
3.523329587127795870e-01
3.519426274956573564e-01
3.519735037842521841e-01
3.517333066068425995e-01
3.524187815557321413e-01
3.516369850774272998e-01
3.523080074231834669e-01
3.517564974893466756e-01
3.519586811899137468e-01
3.518520436603893575e-01
3.530625166165463069e-01
3.515217872865978310e-01
3.516719174258237102e-01
3.516141062760184122e-01
3.518094387260912170e-01
3.515231499682474614e-01
3.519003896508460794e-01
3.519995373201624811e-01
3.526290534848029457e-01
3.516603999401822223e-01
3.518746893945418619e-01
3.518736129867530704e-01
3.524588363809164071e-01
3.515637677785968807e-01
3.519767331603372851e-01
3.515776751866196426e-01
3.518665733680983454e-01
3.518519686570750760e-01
3.516909503179094232e-01
3.516865396995130233e-01
3.519247874916988095e-01
3.517078102269376449e-01
3.522366123320477271e-01
3.517914787137478849e-01
3.521564622271520784e-01
3.518138052562446161e-01
3.523478093613151008e-01
3.521146643757323558e-01
3.528064763855245922e-01
3.518471349370996260e-01
3.520137549117292597e-01
3.516521364449209375e-01
3.521698450917443157e-01
3.517399333536297412e-01
3.521743679607751143e-01
3.518092034333075158e-01
3.517665087204555618e-01
3.514800322114894904e-01
3.512389121475528175e-01
3.517482568131812259e-01
3.517645345737474005e-01
3.514253468203343833e-01
3.514198152988277646e-01
3.514623569138285997e-01
3.522502126029075642e-01
3.512957560751411301e-01
3.516456474612915661e-01
3.512875478498934667e-01
3.518909306121134062e-01
3.514595052202179604e-01
3.525397809817142347e-01
3.512469817550772366e-01
3.519008855631791666e-01
3.512556309332301452e-01
3.517147727078354102e-01
3.514413416689373126e-01
3.511782160170706102e-01
3.515913890893324067e-01
3.511085415260131737e-01
3.513899420942591667e-01
3.511096674869024215e-01
3.508567876683105213e-01
3.509667906254775316e-01
3.513146753945138312e-01
3.508595943648944449e-01
3.509073211539638915e-01
3.509163425703843986e-01
3.510487992919351097e-01
3.509652926265933726e-01
3.509335850415254976e-01
3.507682147824049967e-01
3.505740691039596624e-01
3.504281731291725710e-01
3.506008870248237819e-01
3.506411696377024767e-01
3.502914097865363341e-01
3.502067429477991323e-01
3.502185770490331973e-01
3.500476171156264305e-01
3.502127033106522402e-01
3.499599503054731664e-01
3.499526158829532330e-01
3.499642004283580188e-01
3.499217304134658590e-01
3.500644872618851045e-01
3.499676913798914213e-01
3.499420817613284052e-01
3.500946878361942960e-01
3.500051439948462240e-01
3.498203755619179178e-01
3.498695209346533441e-01
3.499733009923979843e-01
3.497764945748814691e-01
3.498958842501291300e-01
3.497360933952088358e-01
3.500227974773181816e-01
3.497169716427889763e-01
3.497406298020585003e-01
3.498201199425021168e-01
3.498371854248434332e-01
3.498465925066013282e-01
3.498901109415905042e-01
3.496467478688468078e-01
3.498267565522336087e-01
3.496388835077655077e-01
3.496493397907420864e-01
3.496664281334756486e-01
3.499873615751872835e-01
3.496496057735762331e-01
3.499686188720217417e-01
3.496919134966527398e-01
3.497524392288974271e-01
3.496062166623737921e-01
3.496671926849597156e-01
3.498463196044379053e-01
3.493715787919989824e-01
3.493985610055701518e-01
3.494720060834716202e-01
3.493741475369884775e-01
3.493978673449199546e-01
3.493980758346595938e-01
3.495105621859821432e-01
3.495072396145031401e-01
3.494002221145233733e-01
3.493791471707168861e-01
3.495260386995808766e-01
3.493842374193103506e-01
3.493366725814314733e-01
3.493339241212796153e-01
3.494960452342810719e-01
3.493423231565058185e-01
3.489845866182617051e-01
3.491075350396015131e-01
3.491423620711438525e-01
3.490938325385486429e-01
3.492455225159159515e-01
3.490276750760575863e-01
3.491709395224678603e-01
3.490487478515169606e-01
3.492454853836911011e-01
3.489895664624220184e-01
3.490096529305716233e-01
3.489008695917072411e-01
3.491019616076294629e-01
3.489492640017716196e-01
3.491386939597061478e-01
3.489583923858721737e-01
3.489722378180466489e-01
3.492779515051480654e-01
3.491786012811892159e-01
3.489074815795066842e-01
3.488609337963615720e-01
3.488729990089615707e-01
3.494044136723419292e-01
3.488981659169019811e-01
3.486378182169645457e-01
3.486816208410449813e-01
3.490561969862936431e-01
3.486618669413361626e-01
3.486701721958286315e-01
3.486477340886960374e-01
3.490918994035276945e-01
3.486483969855520559e-01
3.486821078164583643e-01
3.487247997733650684e-01
3.485517756203265760e-01
3.485688440692721324e-01
3.486153724736626991e-01
3.486384371144164995e-01
3.485925323406849907e-01
3.486028999140164952e-01
3.484462938514718000e-01
3.485723249140951774e-01
3.487644647988550339e-01
3.485140252354507751e-01
3.484031769901225206e-01
3.484615483994236707e-01
3.485107028650569760e-01
3.484992566549096615e-01
3.483273198649018965e-01
3.483477644520228678e-01
3.484936124057551599e-01
3.483705405879651273e-01
3.484013226848247102e-01
3.483608314995534916e-01
3.483922881421940287e-01
3.484776930181291421e-01
3.483648858420054228e-01
3.484106548338924969e-01
3.483041545680868878e-01
3.483294906934194524e-01
3.481417945639913580e-01
3.481984672833969841e-01
3.484308216941626735e-01
3.481642631420137080e-01
3.482596706581461699e-01
3.482392306157626183e-01
3.484073225007166541e-01
3.482252456542718200e-01
3.482358180913186496e-01
3.481810781480288997e-01
3.481257395376632369e-01
3.480759912500004383e-01
3.484255690851029708e-01
3.483002603511931028e-01
3.481833484671306156e-01
3.480464014377289694e-01
3.481648126011765432e-01
3.483324503050221899e-01
3.483401713987627768e-01
3.480788969232476160e-01
3.480722380485753442e-01
3.479456538596305548e-01
3.480920808627563368e-01
3.480353113474234927e-01
3.480032901799646750e-01
3.479129948393543392e-01
3.478861046091565323e-01
3.478477439794263049e-01
3.482123684049066581e-01
3.478958472864568385e-01
3.480882285979792212e-01
3.478604816608514838e-01
3.479078137995871289e-01
3.478345571052717800e-01
3.482147162499481530e-01
3.478412237517561900e-01
3.482462063934623764e-01
3.477785499355957599e-01
3.480650607667284957e-01
3.477820269818860943e-01
3.477848019251345013e-01
3.478944876564468713e-01
3.476619089722947087e-01
3.476591213682510006e-01
3.479150854737171339e-01
3.477066716577664751e-01
3.477965253274108437e-01
3.477619761057427761e-01
3.477722469796321048e-01
3.477503130780930651e-01
3.476840335623545553e-01
3.476429411357596089e-01
3.479788630269309291e-01
3.477228534067342558e-01
3.476968599308893904e-01
3.476785374086811542e-01
3.477735122713411231e-01
3.476042579890878947e-01
3.477399505170450378e-01
3.476480356184915022e-01
3.476310533400749359e-01
3.475284742769021995e-01
3.476414901702024052e-01
3.475877514278338798e-01
3.478807176344413388e-01
3.475266637319858742e-01
3.475985181080122333e-01
3.475945464317027889e-01
3.474709060138105321e-01
3.474556301047387330e-01
3.475582746276515422e-01
3.474575163364391206e-01
3.475035877286589692e-01
3.474656474262943773e-01
3.477093926084206532e-01
3.475105282716529631e-01
3.477191806166058385e-01
3.475219970942491909e-01
3.475611349258446170e-01
3.476363311646053500e-01
3.473701230242294824e-01
3.473445043712100055e-01
3.474582445593523694e-01
3.473907954556781918e-01
3.475521083321423954e-01
3.473481702887005751e-01
3.473205709094545623e-01
3.473401405305625578e-01
3.472165615208738787e-01
3.473186030758439458e-01
3.473332910063343659e-01
3.472940797347464637e-01
3.473921919481044451e-01
3.474792133816954065e-01
3.474322029861888761e-01
3.472956392259655134e-01
3.476211178395203216e-01
3.472693099070986444e-01
3.473141424314552528e-01
3.473087102476192789e-01
3.473327324859575849e-01
3.472161188268956811e-01
3.477806035379334970e-01
3.472372956289754287e-01
3.470216262253128514e-01
3.470346993098676336e-01
3.471497039418918185e-01
3.471046709158707722e-01
3.471524921156701193e-01
3.471698133515934703e-01
3.473483235482509590e-01
3.471372324105103657e-01
3.471273938945625970e-01
3.470668465726987062e-01
3.472666715659293302e-01
3.470146859352793989e-01
3.476576025567761907e-01
3.471595926268885024e-01
3.474859934418724206e-01
3.470894516694794096e-01
3.474977807371509853e-01
3.470452481806849954e-01
3.472570836187741650e-01
3.470985425220266540e-01
3.470354250656842443e-01
3.471193389706205279e-01
3.472409765118354419e-01
3.468272753739135017e-01
3.468487299928891820e-01
3.468523846887069384e-01
3.468900669497084199e-01
3.468226498776339484e-01
3.467741428237213763e-01
3.468467497096112129e-01
3.469043221722274417e-01
3.467666194560782289e-01
3.468357063215445901e-01
3.467946927555123904e-01
3.469222910031100615e-01
3.467443594165058318e-01
3.470780406063633250e-01
3.468588772514148988e-01
3.469326181256142116e-01
