1.057990107394352286e+00
1.062330326138445802e+00
1.051745690702470704e+00
1.045366388596045804e+00
1.054625330189927324e+00
1.031434514990909435e+00
1.057023818083495215e+00
1.019388440073333513e+00
1.019564399088530360e+00
1.019394486454660687e+00
1.019389713766802874e+00
9.980618304340108660e-01
1.001869313455821642e+00
1.008615494360573406e+00
9.984891610764796699e-01
9.980596198180317069e-01
1.020049798293426901e+00
9.617765970590846925e-01
9.397857765929503726e-01
9.397898674719885603e-01
9.223895166868226747e-01
9.164378834397055584e-01
9.111402699736476096e-01
9.562854404065229685e-01
9.686826623023214733e-01
9.912124041751116943e-01
9.109232191992000516e-01
9.110705951116638834e-01
9.109232191992000516e-01
9.109232191992000516e-01
9.074688358539284572e-01
9.186574002087378732e-01
9.119581617943159912e-01
9.074291966232262974e-01
9.074291966232262974e-01
9.028916947585580166e-01
9.258302375673879148e-01
9.043323731607776361e-01
9.028916947585579056e-01
9.028916947585580166e-01
9.028916947585580166e-01
9.419704723899210430e-01
9.122686434677392819e-01
8.961482511068756818e-01
9.294851102650819596e-01
8.961482511068756818e-01
8.961482511068756818e-01
8.961482511068756818e-01
8.961482511068756818e-01
8.961482511068756818e-01
9.045283964577212066e-01
8.732573042553701814e-01
8.732573042553701814e-01
8.732573042553701814e-01
8.732573042553701814e-01
8.881771888817749927e-01
8.732573042553701814e-01
8.732573042553701814e-01
8.472679098343606219e-01
9.475999397833658744e-01
8.728508441605685730e-01
9.179468515750082158e-01
8.457601163980899006e-01
9.095958478174492878e-01
8.536203896703039584e-01
8.578320344852448098e-01
8.458455263167071747e-01
8.681143725619604457e-01
8.457615204411842447e-01
8.453102508571949114e-01
8.536618651632843502e-01
8.610151686464995180e-01
8.388681184984925210e-01
8.897655533708773712e-01
8.416058559332149080e-01
8.318585519112915438e-01
8.322152537049308796e-01
8.564766148663145451e-01
8.318758886074151260e-01
8.603227446284397173e-01
8.488397934952797153e-01
8.135710932086714919e-01
8.147121820815499404e-01
8.233376073630861436e-01
8.138222084392401356e-01
8.385665257150618501e-01
8.135046300910230288e-01
8.860733171846397749e-01
8.135046300910231398e-01
8.726009952490469956e-01
8.135046300910231398e-01
8.117547487086019808e-01
8.117937813350616372e-01
8.334006213017675080e-01
8.171161000774292971e-01
8.277338177431962096e-01
7.895954317753066665e-01
8.725440112598435993e-01
7.895954317753066665e-01
8.522504464378922728e-01
7.895954317753063334e-01
8.171040915796241588e-01
7.895954317753060003e-01
7.758045329372874610e-01
7.758045329372874610e-01
7.884105281879537630e-01
7.758045329372874610e-01
7.923057566358967518e-01
7.758045329372874610e-01
7.921204034976232489e-01
7.758045329372874610e-01
7.995022636866906396e-01
7.758045329372874610e-01
8.332261457348441036e-01
7.758045329372874610e-01
8.135926518743901159e-01
7.758045329372874610e-01
8.543983577105072058e-01
7.758045329372874610e-01
7.917210935510856640e-01
8.001643573146253186e-01
7.699821501177442906e-01
7.672614489649247638e-01
7.967890534250235968e-01
7.710895888487124816e-01
7.961726658970527115e-01
7.684959630243467510e-01
8.253494282153835959e-01
7.672544928887590210e-01
7.853025823354129464e-01
7.735881648695213109e-01
7.690836362374443569e-01
7.701984891836124447e-01
7.814457259095458630e-01
7.784486293491659215e-01
8.099799208723804655e-01
7.873911574465214391e-01
7.803027194636291686e-01
7.672620331796747850e-01
8.050563087416814367e-01
7.671365532855851654e-01
8.511158428573641910e-01
7.768964124068366006e-01
8.083832259269227993e-01
7.724806850821330784e-01
7.728931440029672695e-01
7.672156074489800970e-01
7.699139510161110422e-01
7.670954812068779827e-01
8.048330543315368457e-01
7.670954812068777606e-01
7.853219917436649045e-01
7.670954812068776496e-01
7.856077266499109646e-01
7.687871632010674361e-01
7.724954550945523080e-01
7.670990306005327497e-01
8.469128448697108569e-01
7.662588575516319223e-01
8.318607141273297589e-01
7.662588575516318112e-01
7.851672057081928724e-01
7.662588575516315892e-01
8.195813833579135288e-01
7.662588575516321443e-01
7.841676183185675164e-01
7.720580572194523095e-01
7.806067493412010005e-01
7.732340133112567404e-01
7.808556675649993561e-01
7.844643660019934295e-01
8.296148763073322163e-01
7.653910263148537840e-01
8.049882829987718980e-01
7.658617510590320920e-01
7.772497284180944765e-01
7.572706485814988397e-01
7.798117811882512296e-01
7.630881558938242826e-01
7.589037483480828294e-01
7.924277849063804391e-01
7.611961452376094783e-01
7.576585805308942989e-01
7.640264798310542060e-01
7.573069595656740649e-01
7.539120707355573270e-01
7.542601027722662943e-01
7.601538423500930897e-01
7.535681198957846494e-01
7.428920635730809074e-01
7.442521909059615082e-01
7.453604754509056685e-01
7.446494388925475327e-01
7.655880869841391601e-01
7.459301467434887867e-01
7.606052100994097342e-01
7.543685812265360502e-01
7.459386752446863778e-01
7.424879657300215152e-01
7.499363830889028693e-01
7.403149529305772525e-01
7.384641441218444680e-01
7.365104842231124938e-01
7.626077063359586461e-01
7.359731163048659486e-01
7.410825741497943930e-01
7.402409827843929868e-01
7.440361599033471496e-01
7.325035464091542714e-01
7.447186251930620893e-01
7.280600161415028415e-01
7.166492986313464097e-01
7.152764103960420616e-01
7.233263564454934791e-01
7.149826647721200246e-01
7.336253627222066864e-01
6.992133721072717467e-01
6.832473633346692887e-01
6.797768590447648140e-01
7.004226958955633853e-01
6.796778386198366606e-01
6.898358261533782398e-01
6.784401311580776639e-01
6.856870531316627826e-01
6.784673363129984924e-01
6.798592231012557940e-01
6.787664846945111741e-01
6.931763677422756453e-01
6.775233446072523869e-01
6.830683019289016666e-01
6.775233446072521648e-01
6.774923438595619185e-01
6.802695143741870343e-01
6.816055918381354051e-01
6.787477415214645537e-01
6.818232086391046165e-01
6.783540134125335408e-01
6.768523272820048398e-01
6.765695158893293426e-01
6.817752343123872905e-01
6.749086154420022021e-01
6.656619171545825608e-01
6.656330680083283324e-01
6.717724139511777048e-01
6.657578681310981628e-01
6.691102316891662793e-01
6.654550439440966025e-01
6.787124195467844068e-01
6.662135665482886715e-01
6.815567952813933461e-01
6.716731431381353090e-01
6.636615056622052755e-01
6.642886591286052411e-01
6.764025996468244761e-01
6.637098750986423212e-01
6.644743835041845292e-01
6.609278610181242852e-01
6.620437411032087383e-01
6.624022603193928660e-01
6.679723014351716115e-01
6.561392623474651131e-01
6.560525320680725692e-01
6.549038533925113370e-01
6.787951585828961854e-01
6.561318173566929035e-01
6.606062215368881940e-01
6.557197214675830610e-01
6.651549714272917413e-01
6.524335934084140032e-01
6.882006250353863708e-01
6.547693537996323032e-01
6.690742456122317217e-01
6.519944226833404022e-01
6.750897044449660767e-01
6.603435691093531013e-01
6.787902895987846241e-01
6.491350017558139562e-01
6.636258655545850260e-01
6.485491443034675507e-01
6.619787070642357829e-01
6.490291001350467770e-01
6.654378523981352433e-01
6.435794894261339660e-01
6.540986976656920637e-01
6.436365884845718366e-01
6.517285352131475529e-01
6.442825208244800095e-01
6.482211700250727349e-01
6.435794894261339660e-01
6.459071786478017829e-01
6.466347160071630462e-01
6.512946426485182183e-01
6.458311763935985494e-01
6.441474488609501003e-01
6.445820497024203899e-01
6.538345383085566453e-01
6.443105153407069352e-01
6.433868374712207183e-01
6.426707483539528809e-01
6.555256641224372904e-01
6.447307409907522269e-01
6.480518910440884461e-01
6.511662799699108328e-01
6.429545708803485748e-01
6.429408035201151783e-01
6.615298927799768691e-01
6.426970724733511720e-01
6.533206287928449152e-01
6.544648598274857010e-01
6.395932752776956054e-01
6.390692226907697115e-01
6.414823080690167378e-01
6.410450323684179219e-01
6.508304630558768844e-01
6.388648277739312764e-01
6.395038476355295876e-01
6.389769983532734843e-01
6.414526337561414771e-01
6.437160180016213706e-01
7.068557613409950369e-01
6.420545535664217152e-01
6.503805386998680049e-01
6.414466583183184856e-01
6.611144902059274964e-01
6.425990925643857432e-01
6.502067045810537849e-01
6.353222088488337249e-01
6.509395812617611021e-01
6.384373685239455032e-01
6.463221101049282380e-01
6.385743670356062163e-01
6.484461339857967577e-01
6.387283878897080935e-01
6.457870657328694808e-01
6.441859584350430046e-01
6.355847951773593296e-01
6.380514271440619334e-01
6.526813636936970031e-01
6.369946688096257414e-01
6.393117069260485508e-01
6.339313464844249513e-01
6.332770238856333389e-01
6.353696070597203427e-01
6.334547448707739115e-01
6.345512766157573870e-01
6.350294576999852003e-01
6.329363949432564862e-01
6.327565100804806164e-01
6.361912257311614916e-01
6.335789666323909941e-01
6.359175248996200569e-01
6.338436598549924694e-01
6.359556071354010021e-01
6.334577975623003621e-01
6.331828414988874831e-01
6.338230598553126205e-01
6.351750682000352199e-01
6.323078954060923351e-01
6.360836725451785023e-01
6.324652253347233799e-01
6.362398148675910692e-01
6.326299412661396948e-01
6.457003631647885156e-01
6.334338242049308842e-01
6.380554062434048435e-01
6.313508348291053673e-01
6.336504671645386555e-01
6.316561439115735421e-01
6.352864776879236786e-01
6.316077007187735903e-01
6.394809031792304532e-01
6.324964943997836153e-01
6.305959900507279725e-01
6.304058115511546045e-01
6.308262494399252684e-01
6.307778884524236629e-01
6.346597587122163597e-01
6.305427929740572424e-01
6.309277593914558446e-01
6.303388092172346191e-01
6.331444695236628784e-01
6.263164367820761580e-01
6.272524839510836836e-01
6.268393403125650520e-01
6.266676387943456161e-01
6.254329795483650756e-01
6.260776146495317107e-01
6.266542290022653061e-01
6.307428320177745906e-01
6.241343573106522546e-01
6.259623689846081085e-01
6.249482332825818665e-01
6.277018569969703421e-01
6.246950405593157951e-01
6.262303366314013742e-01
6.230344676547530103e-01
6.242730637815930850e-01
6.227225903124175010e-01
6.219844165200293373e-01
6.222243483219787041e-01
6.206791790687462562e-01
6.208532767425465337e-01
6.223953958229508920e-01
6.202954995172118569e-01
6.274902751644882981e-01
6.203532758895858867e-01
6.229683257125034901e-01
6.209799272575966533e-01
6.234099892323337055e-01
6.203358305073778389e-01
6.209516812238081718e-01
6.218374531499509805e-01
6.202744853461750196e-01
6.236954803974829042e-01
6.184616434849110611e-01
6.205506047329449881e-01
6.146482968819050319e-01
6.145901707760808019e-01
6.167147213618752177e-01
6.153653452025436010e-01
6.180133719919342905e-01
6.148427172378505556e-01
6.139768523897922714e-01
6.144835314453059860e-01
6.143510904190413457e-01
6.138404504115284599e-01
6.123961404906341777e-01
6.124076086846245159e-01
6.124444420588684990e-01
6.117606012498795209e-01
6.086326056639308479e-01
6.110372523789164845e-01
6.098074169899702079e-01
6.115740179400317444e-01
6.074920483156651674e-01
6.056554022768969592e-01
6.026040892149714390e-01
6.037836911047574917e-01
6.049977297902200402e-01
6.027185626349129688e-01
6.057041755625471868e-01
6.080064320769039687e-01
6.014827031072863539e-01
6.015749961232293996e-01
6.019902961975095446e-01
6.020572856494009750e-01
6.009060556706676826e-01
6.019123457241950526e-01
6.012407837487818707e-01
6.016376466756118147e-01
6.015505569778635264e-01
6.010578332935141432e-01
6.006948597087675701e-01
6.003227623143777558e-01
6.010026959648536726e-01
5.997841019202881929e-01
6.029735636548183564e-01
6.003329070116163457e-01
6.032696644074292402e-01
6.002313981803953924e-01
6.021989374163709829e-01
5.995616055305895697e-01
6.016185935141896701e-01
6.009666829589817016e-01
6.056800016344521254e-01
6.003499505638109079e-01
6.008637752239598395e-01
6.004669629402356046e-01
6.003721808499383750e-01
5.999609490948701884e-01
6.053352266696963024e-01
5.972851239055230188e-01
6.032808842641904645e-01
5.993988011072968192e-01
6.018850999761249376e-01
5.985256772719660390e-01
5.999852276481210112e-01
5.972871652519592400e-01
5.977890893750356094e-01
5.975636218849037506e-01
5.972795545339328882e-01
5.971891023519216857e-01
5.981808974622671027e-01
5.969226187136713602e-01
5.969124252284145893e-01
5.973335488919316871e-01
5.965414816042655666e-01
5.963366730630654811e-01
6.057136214729292867e-01
5.962529725092662325e-01
5.990867475614993776e-01
5.961750427739502811e-01
5.974715188534750476e-01
5.990838593671772294e-01
6.050239535028000271e-01
5.966270699590678905e-01
5.984548772822366747e-01
5.955784131578081286e-01
5.969217481847263196e-01
5.956266642825397417e-01
5.970149862266332930e-01
5.959597380813290712e-01
5.975610069868005914e-01
5.965169229298820097e-01
5.950242341983793537e-01
5.945907135079537831e-01
5.936331113833187567e-01
5.937438734334804513e-01
5.964325694350904872e-01
5.940555288402420420e-01
5.941803506003269231e-01
5.929330853665371048e-01
5.949008009705523126e-01
5.921276081888717790e-01
5.963043723949256192e-01
5.927111635113464505e-01
5.978729579913746317e-01
5.947902575387374879e-01
5.928457361587652352e-01
5.930225272189848518e-01
5.938719074639260409e-01
5.924161211357347190e-01
5.948239296522537245e-01
5.927166805439377795e-01
5.933794279941668748e-01
5.926623596069072741e-01
5.935627754901586783e-01
5.925081156852561870e-01
5.967962852513254424e-01
5.919827535900288318e-01
5.923793644113275469e-01
5.928640910431510758e-01
5.930427806910639754e-01
5.950204815891103616e-01
5.987510149375770974e-01
5.929028193842927896e-01
5.936243025918582772e-01
5.914535482387893728e-01
5.926028043368997134e-01
5.917985779403662772e-01
5.940685228686556352e-01
5.916054413767179998e-01
5.931111590578109771e-01
5.917145439679103447e-01
5.923627514742501043e-01
5.924329148394931188e-01
5.911789863466809791e-01
5.946745144022419494e-01
5.913808766901220704e-01
5.950588267099790052e-01
5.883126223167091107e-01
5.901799545920896062e-01
5.880921907132906634e-01
5.874853757199460791e-01
5.916456925873742057e-01
5.865552977174408600e-01
5.899146927158197551e-01
5.880330897116737843e-01
5.867051322456214857e-01
5.855388667490140087e-01
5.886176383807042445e-01
5.860135375129198465e-01
5.886025339895949449e-01
5.864663397282663393e-01
5.862811088036410379e-01
5.857576852390350419e-01
5.870612878807597301e-01
5.842522122876060431e-01
5.859592042964060221e-01
5.872384514230356567e-01
5.842296526135472012e-01
5.860408753854449149e-01
5.963473398787665358e-01
5.853453279004786625e-01
5.864412619459701270e-01
5.866705083965731982e-01
5.847687291564068746e-01
5.859569323680254849e-01
5.851979194769407755e-01
5.848416657478873182e-01
5.855372784614299997e-01
5.832453908678619792e-01
5.839291371894710370e-01
5.829860135056414983e-01
5.863465643912197933e-01
5.824324921538506228e-01
5.868933241193790007e-01
5.825850684846524130e-01
5.852039423424283404e-01
5.824344159064677173e-01
5.880813795017092449e-01
5.843760996281860409e-01
5.829709277200990636e-01
5.821658494773866988e-01
5.818670853705601997e-01
5.825713340915230631e-01
5.837465720236854061e-01
5.826995729067137031e-01
5.861648822208561649e-01
5.813773485760732607e-01
5.851217641794228541e-01
5.819166547268156409e-01
5.823871395590526356e-01
5.810975626034208252e-01
5.812659145692723461e-01
5.804922597562459652e-01
5.855041998116552460e-01
5.816796635906875679e-01
5.836031807674398886e-01
5.815113081815835860e-01
5.849057866482239021e-01
5.804135096675823169e-01
5.832289394085503620e-01
5.818973237709997859e-01
5.823886611266327895e-01
5.810538830058830095e-01
5.820570056323690622e-01
5.796612812797747871e-01
5.811008827359732676e-01
5.785128311829476067e-01
5.794257996090580454e-01
5.801036617054430300e-01
5.811881187480427702e-01
5.786379815254596437e-01
5.797942807616325300e-01
5.782121025409033832e-01
5.846008619910690873e-01
5.795832757267047608e-01
5.809710884747252280e-01
5.795653394715947204e-01
5.790581386294990640e-01
5.780668796602602688e-01
5.796404352105021252e-01
5.791517269448442917e-01
5.786525847363304109e-01
5.791384048005453478e-01
5.804269509836311736e-01
5.805218902055587771e-01
5.828127602396021567e-01
5.786507044319458837e-01
5.807473106241387573e-01
5.795514241546536605e-01
5.819344226892038119e-01
5.781428808672943731e-01
5.779660092268190663e-01
5.779083197655244808e-01
5.800815915423134239e-01
5.778529126957527851e-01
5.834563203741656157e-01
5.787557709465778188e-01
5.798057103373581711e-01
5.776487798671775531e-01
5.779614872041938245e-01
5.788715062207415718e-01
5.793574490054439474e-01
5.786418267973867380e-01
5.781382319515093737e-01
5.778389831003925003e-01
5.785429353988394974e-01
5.774396583274375994e-01
5.793414264933641755e-01
5.780339687277992189e-01
5.790133080220756234e-01
5.788489940064357464e-01
5.782196216461813476e-01
5.770226008917843652e-01
5.819232101599947082e-01
5.773531620892529137e-01
5.790898953915389891e-01
5.779363020952933416e-01
5.781359528335474618e-01
5.777238263679811414e-01
5.785040233216005578e-01
5.772798540833495862e-01
5.826437118506346824e-01
5.773811276754668986e-01
5.773569128410411810e-01
5.774809733568494474e-01
5.773502341726823861e-01
5.776352812433380723e-01
5.766902379495223441e-01
5.770560953288355055e-01
5.767158253432567161e-01
5.769812460253058717e-01
5.765798225217990680e-01
5.764404178609351392e-01
5.776589990503462335e-01
5.757249798159296272e-01
5.748338371166801242e-01
5.761425582476717988e-01
5.753588595334369060e-01
5.760752411216721880e-01
5.751730244118059554e-01
5.752699981234531412e-01
5.756686006059391625e-01
5.748712758411984591e-01
5.745764130216570731e-01
5.753676151591163856e-01
5.744853625341473924e-01
5.750826826888418841e-01
5.745558412539677473e-01
5.760725797454909758e-01
5.739824585513589872e-01
5.748526827095878922e-01
5.741792946739494585e-01
5.729847662776027528e-01
5.737823787761748839e-01
5.702707669372615307e-01
5.698200309589923629e-01
5.699431014545196517e-01
5.701421566342608216e-01
5.700880435000057478e-01
5.707277744363733474e-01
5.702873314239313984e-01
5.693399192427955890e-01
5.703783426460826700e-01
5.697089018788743520e-01
5.698172557833802720e-01
5.701210343943008407e-01
5.695629499947214569e-01
5.703015431806028879e-01
5.702144900841912278e-01
5.681900936840660332e-01
5.681805020272159279e-01
5.681387678112914674e-01
5.686693761833454541e-01
5.694226713671622919e-01
5.689388201859705285e-01
5.686199945942898015e-01
5.682300662793299262e-01
5.694031729759183591e-01
5.682535846946401570e-01
5.673250723498737269e-01
5.681317112018939852e-01
5.675537124189732330e-01
5.675463246974807863e-01
5.664907124935557592e-01
5.658878275487224663e-01
5.665386692947743663e-01
5.654844331904774757e-01
5.671574815394558877e-01
5.656888014747185611e-01
5.668001098797973425e-01
5.649774953570771974e-01
5.635005742834706677e-01
5.632867815934546885e-01
5.644868893815834232e-01
5.632602703324683935e-01
5.629464735230120809e-01
5.637899915303049569e-01
5.623353504792322211e-01
5.625136076824409637e-01
5.623548511860901877e-01
5.628569903476471348e-01
5.614704563192847164e-01
5.619562556579502655e-01
5.614153437671939306e-01
5.618440316180676186e-01
5.605375709219396763e-01
5.602962729734427549e-01
5.605339498722644587e-01
5.605727470316763661e-01
5.616938288558779302e-01
5.611845715493233300e-01
5.592122330702549160e-01
5.597670895053189488e-01
5.595559848650927259e-01
5.589264047619723064e-01
5.592512211574788283e-01
5.590577821698758942e-01
5.584993001083679021e-01
5.590073228254132109e-01
5.582310610594222178e-01
5.578128992001989417e-01
5.571307774982000582e-01
5.561475392600774281e-01
5.563203175068104356e-01
5.563578229589364321e-01
5.562777808220072950e-01
5.558349027614839510e-01
5.559580337393391636e-01
5.563531455012713511e-01
5.571861656824402820e-01
5.554141425925758213e-01
5.563771172056396486e-01
5.553919980778841969e-01
5.550652877861192991e-01
5.552235005676050550e-01
5.556334975500264450e-01
5.551794706618246034e-01
5.568876386029418812e-01
5.558667482612195121e-01
5.554700119468812813e-01
5.551230600565548734e-01
5.543117908200582145e-01
5.543777958403490747e-01
5.551359016619079600e-01
5.536777622479378547e-01
5.540918864104990016e-01
5.539037897704145452e-01
5.550925488785085626e-01
5.539268664435160749e-01
5.558438518548026730e-01
5.537623951307786285e-01
5.532510508548184047e-01
5.533597316036331648e-01
5.540046398172144837e-01
5.532777588037290917e-01
5.529139914907388320e-01
5.536646438680934423e-01
5.537166466059127989e-01
5.523891003750813766e-01
5.531024691070920429e-01
5.519650635360487945e-01
5.520917169443384509e-01
5.518821312598244377e-01
5.511555670740888591e-01
5.512906833667160500e-01
5.510470234581662519e-01
5.509704054793412853e-01
5.514804288402893606e-01
5.511096526061700640e-01
5.531902846649744410e-01
5.513818634215869041e-01
5.501940381373130462e-01
5.511793685996493330e-01
5.500531275072463311e-01
5.503970292179610757e-01
5.501004202270243226e-01
5.495813228011926510e-01
5.503229971371708107e-01
5.489992321341046200e-01
5.517176787196319543e-01
5.500542207329631728e-01
5.469786231463720227e-01
5.473270674544513659e-01
5.470965614281373401e-01
5.475082409128368965e-01
5.473385029110990896e-01
5.472048314549882164e-01
5.472419306783840032e-01
5.469764886683310401e-01
5.476699388576304894e-01
5.469220130206747799e-01
5.479564504829399496e-01
5.467938314509576125e-01
5.460150735347450990e-01
5.464627094311860223e-01
5.470453810133625305e-01
5.457913726333540883e-01
5.452822952771320120e-01
5.452500325997412522e-01
5.441963332505020956e-01
5.443998190216514654e-01
5.449463168896402365e-01
5.444796748332378922e-01
5.444994205391777697e-01
5.446297296587543357e-01
5.461373217604437169e-01
5.441943101622412904e-01
5.442900401589942927e-01
5.442731324164868933e-01
5.438327113407659397e-01
5.437213597159965550e-01
5.453198370999535749e-01
5.445085186833518165e-01
5.441283755993866489e-01
5.436770158142338882e-01
5.445904364643288087e-01
5.441458548650677240e-01
5.452672944074202777e-01
5.442580756133532649e-01
5.447394317071745373e-01
5.432151562517979482e-01
5.435495465916665436e-01
5.433300221181978085e-01
5.430051055056116516e-01
5.427141485883637539e-01
5.420362368602458236e-01
5.423596127255119193e-01
5.415381748993924882e-01
5.414535327223066741e-01
5.406906942151229467e-01
5.410143292563474038e-01
5.420275922443741345e-01
5.406048354600327954e-01
5.403993977151657635e-01
5.406757739237990634e-01
5.402753091788831119e-01
5.409945832231106699e-01
5.402962790319827402e-01
5.402829310047684297e-01
5.428444571192634349e-01
5.401429382000634272e-01
5.389288717945592833e-01
5.394755081580790979e-01
5.395184601931234392e-01
5.398562092874361618e-01
5.388379788656719738e-01
5.393739149281748801e-01
5.393690611747965491e-01
5.389278517446450811e-01
5.394326650571423798e-01
5.390064581232186791e-01
5.398187262745929305e-01
5.390603032652622195e-01
5.402514933308557588e-01
5.389400146994757224e-01
5.401007583640490273e-01
5.391202677368291951e-01
5.388924075777317135e-01
5.400480123667236176e-01
5.404432859472265704e-01
5.396061962332479034e-01
5.382948598158220355e-01
5.387547413052711232e-01
5.392293392257382356e-01
5.379580123458249652e-01
5.377186628258302514e-01
5.373347692250651786e-01
5.378872006227256586e-01
5.369689955623923039e-01
5.373713051034345600e-01
5.369510993761194007e-01
5.370105989940819891e-01
5.366867707868566706e-01
5.365789470910431458e-01
5.364512482014015538e-01
5.363924285312657858e-01
5.368416834498881407e-01
5.363481641686339563e-01
5.366811597502122444e-01
5.371868759519551340e-01
5.364222896149064557e-01
5.371754875795046180e-01
5.365245793908919314e-01
5.392157967610401448e-01
5.372490483440174325e-01
5.374590748834149334e-01
5.355570589135851822e-01
5.343531108383732242e-01
5.345863029919678544e-01
5.368379673345418102e-01
5.346917631368995893e-01
5.334137678202255373e-01
5.336715893238315189e-01
5.335032922626679053e-01
5.335728557423401464e-01
5.334714021544876283e-01
5.337736352643811522e-01
5.354417042511899760e-01
5.333233589677870423e-01
5.361181575338102023e-01
5.325419080194786492e-01
5.328747388416890107e-01
5.324844823132744986e-01
5.331094245225783679e-01
5.322369887022512236e-01
5.317537593950690811e-01
5.322216418761844814e-01
5.313446339652513339e-01
5.314279285267952124e-01
5.317104129361462928e-01
5.305658617975643754e-01
5.306985224916789257e-01
5.304333801148219951e-01
5.321203908094446211e-01
5.306093195325667367e-01
5.319765501441336975e-01
5.309815555983330437e-01
5.300047717529258184e-01
5.300967936397583680e-01
5.303453494375398591e-01
5.300706874641879507e-01
5.301424655665909480e-01
5.301423011317660805e-01
5.303297776487470028e-01
5.298175862988198093e-01
5.297779065979227875e-01
5.300462527115584743e-01
5.300920785343253838e-01
5.295567007752177702e-01
5.308072396411254168e-01
5.293984692652730084e-01
5.296011057055830529e-01
5.291999404506488869e-01
5.295306538489218395e-01
5.287312928179359606e-01
5.296190701936469569e-01
5.290550718320818913e-01
5.286092319917231608e-01
5.287354176550710383e-01
5.290890998633973608e-01
5.286884361824351064e-01
5.282853586127014278e-01
5.285070098728479326e-01
5.297841436957015926e-01
5.289426981260624272e-01
5.290664325497772547e-01
5.294495595718343717e-01
5.306520956521678656e-01
5.279665976490716117e-01
5.277803916297468811e-01
5.269710545116256251e-01
5.264298825224895673e-01
5.267610900162754684e-01
5.266718812447402920e-01
5.265764334170967009e-01
5.270573991095715005e-01
5.267994964608100350e-01
5.264494084117332662e-01
5.260870293552259991e-01
5.265377077268218464e-01
5.261140380564599539e-01
5.282790450012265770e-01
5.259167359725301916e-01
5.275457053651179118e-01
5.256741087788076028e-01
5.263070779004384026e-01
5.255841398856607727e-01
5.250474853021376287e-01
5.253510728277721586e-01
5.250905373645321506e-01
5.251561291268961318e-01
5.272569398881854497e-01
5.252866222761272130e-01
5.256225768817290867e-01
5.247048990280523961e-01
5.251225987703390663e-01
5.251619026586664685e-01
5.253020643671350021e-01
5.249637480983551097e-01
5.247762294364364255e-01
5.243064776629138279e-01
5.249722378342982498e-01
5.244694782295470370e-01
5.239854600661294493e-01
5.245860156395781848e-01
5.238918009800888065e-01
5.240008107611049404e-01
5.245032549575713299e-01
5.232733932562625423e-01
5.228060589508660705e-01
5.228635448353252668e-01
5.235865607660945553e-01
5.229696149848018782e-01
5.240935164059826734e-01
5.230037314729626408e-01
5.226090471692094175e-01
5.224728034205013971e-01
5.233056275178105121e-01
5.229736645476323886e-01
5.226909378440636189e-01
5.227100781195517243e-01
5.225566470097577909e-01
5.228939756406959516e-01
5.241082132301496666e-01
5.227238933990890901e-01
5.228630664312965415e-01
5.223120542216186379e-01
5.232744878144218736e-01
5.236256858245472712e-01
5.222658267912253516e-01
5.221436468994993252e-01
5.216140723902599197e-01
5.221897124901303533e-01
5.223501477296063067e-01
5.217582704034754437e-01
5.216752968112513544e-01
5.218455109457547092e-01
5.218897046304412646e-01
5.215393214052321813e-01
5.217277088056706535e-01
5.214756296661763324e-01
5.223504015677306045e-01
5.216830796415429239e-01
5.227517128133034596e-01
5.211264971186585493e-01
5.217983998829355263e-01
5.210121088010680745e-01
5.212720476083025911e-01
5.215543294762280402e-01
5.223399898861132984e-01
5.211968525234494942e-01
5.209360635452057187e-01
5.208555399895271609e-01
5.206925667122755952e-01
5.213150013619058942e-01
5.208532967241958911e-01
5.207559611654202225e-01
5.220801408533879417e-01
5.205334606626039751e-01
5.212630260114137215e-01
5.200812352628362278e-01
5.202833951989954686e-01
5.204599852388224202e-01
5.210968691485478033e-01
5.203105439514652542e-01
5.215308229023396525e-01
5.201874297831451388e-01
5.207069245904735189e-01
5.199772568059467526e-01
5.203705393716502314e-01
5.198616454914732898e-01
5.202346967701134695e-01
5.205226360330699187e-01
5.202102420237879610e-01
5.196516353040984137e-01
5.195145079772083285e-01
5.196014691916281958e-01
5.209270544436680472e-01
5.197513537953752927e-01
5.209711843555687727e-01
5.206681578588967518e-01
5.193202683011245435e-01
5.197502994142121358e-01
5.196373313763030799e-01
5.194062825398239047e-01
5.196366360374824467e-01
5.193876214288244419e-01
5.207644095120363970e-01
5.196117817123881988e-01
5.203793202926625394e-01
5.201111693146863724e-01
5.206360146611122008e-01
5.193859276687639026e-01
5.198964408581575602e-01
5.190323022809024689e-01
5.182341447023761649e-01
5.178847228381237011e-01
5.185666763531748824e-01
5.178064518041340936e-01
5.177296262107808911e-01
5.177920199136756274e-01
5.192775278626666768e-01
5.179802816141281241e-01
5.183573952106175220e-01
5.179252062321682004e-01
5.184226544677714710e-01
5.180861479668863456e-01
5.181116402493485262e-01
5.179012822426665164e-01
5.180620821706918289e-01
5.178877352185747851e-01
5.175273252872979457e-01
5.175586908167192357e-01
5.185573845827695649e-01
5.175280453286751348e-01
5.180943578467251953e-01
5.173463738353143437e-01
5.174307038506935630e-01
5.174140494871822815e-01
5.178259424067049865e-01
5.175352887968344140e-01
5.173403873968723810e-01
5.176105822303316284e-01
5.178771197631207857e-01
5.171227669738235333e-01
5.182175348139631543e-01
5.169898891860001955e-01
5.171425580901685137e-01
5.169371887794030895e-01
5.180703767733290110e-01
5.170268178831830541e-01
5.173177880126240691e-01
5.169532153644491590e-01
5.167546475488467017e-01
5.171639253332069863e-01
5.178260838656788545e-01
5.175608377086271528e-01
5.178726861251286007e-01
5.167462810345391233e-01
5.168274173862948961e-01
5.166670656694346553e-01
5.172920194262259352e-01
5.169125468546094115e-01
5.165034193114237393e-01
5.164326330723925107e-01
5.168438686580286712e-01
5.166431517505598592e-01
5.173391687588222432e-01
5.170531316555172507e-01
5.166006510992898759e-01
5.168063375289707606e-01
5.168605255057343584e-01
5.165343337595700302e-01
5.180683876796846610e-01
5.161539907387184822e-01
5.165331012913136899e-01
5.161292015311772508e-01
5.168402496554337366e-01
5.164010200991213662e-01
5.167322889283662013e-01
5.159869902271604358e-01
5.158988623233973225e-01
5.161446410814262142e-01
5.161706919340206534e-01
5.163412977056324182e-01
5.162013056609966455e-01
5.164508688009645798e-01
5.162978962410333938e-01
5.158770771043925674e-01
5.159318112156154879e-01
5.160868848588995306e-01
5.160219706893808267e-01
5.161408441072004027e-01
5.158973613707490413e-01
5.161578319441090246e-01
5.167211092341993384e-01
5.162231556201088978e-01
5.166496326550097384e-01
5.162486814775690824e-01
5.157465821033225817e-01
5.157153013456962087e-01
5.169272751336453364e-01
5.160609880957075513e-01
5.164713593382428414e-01
5.168161176514562971e-01
5.153286708897206747e-01
5.157231176274540418e-01
5.166365638890824119e-01
5.152575103902885534e-01
5.153450842187184966e-01
5.151483279333748388e-01
5.152722035454989635e-01
5.153910056867693212e-01
5.165669138198947241e-01
5.149678346995643086e-01
5.153934009946607997e-01
5.155398662020760359e-01
5.152879682346392931e-01
5.148475004837648195e-01
5.154059569746136660e-01
5.147007567445092135e-01
5.153006905681624117e-01
5.145374628094746550e-01
5.150339704291587717e-01
5.149690986779822399e-01
5.144550095223507924e-01
5.144750686691618169e-01
5.148575293268486952e-01
5.145052794623564685e-01
5.139861204268187933e-01
5.142105801802733245e-01
5.145020467479514137e-01
5.136727039624069402e-01
5.142179049184897321e-01
5.137731634844263651e-01
5.156901773929235544e-01
5.136501883013381287e-01
5.141767431002105537e-01
5.141580548857747068e-01
5.140786491354442100e-01
5.137782289000671909e-01
5.141226617416568834e-01
5.138746779618874605e-01
5.139959859041917101e-01
5.138502450010966616e-01
5.141298891060160914e-01
5.142195292416766872e-01
5.143216716627306839e-01
5.140792046968791773e-01
5.139247398053423677e-01
5.137400998370440508e-01
5.141174763441149764e-01
5.138094425740316051e-01
5.145876370753608153e-01
5.137650365843475786e-01
5.146795523126223015e-01
5.136882941647180623e-01
5.134365984856987808e-01
5.133428113823169658e-01
5.130981371811399461e-01
5.131362395891558847e-01
5.139596497482042947e-01
5.134799931488261970e-01
5.136416877224052602e-01
5.137246408278021148e-01
5.134651386781190485e-01
5.133564045868641568e-01
5.142112077815332860e-01
5.134136254269096034e-01
5.130145081266588303e-01
5.128858611555593416e-01
5.128472739678969772e-01
5.127510481886051741e-01
5.134678109704213789e-01
5.126621334871832580e-01
5.152956886360059441e-01
5.128143712841197743e-01
5.129861491556279018e-01
5.129727293780650399e-01
5.143503340809535418e-01
5.128618745775385124e-01
5.132750441493502125e-01
5.131578578037718774e-01
5.140758953489150684e-01
5.128147182707077922e-01
5.140365047377064567e-01
5.131521881297794740e-01
5.129983013254264534e-01
5.130941632148254827e-01
5.139664346582664134e-01
5.127324672574024023e-01
5.130013053108680721e-01
5.132872542008968253e-01
5.129973274213748269e-01
5.129115822576582051e-01
5.118243417563840270e-01
5.122855929181279189e-01
5.119877407271121728e-01
5.117947647081168006e-01
5.113697935639116565e-01
5.116276017548054833e-01
5.119227293680695956e-01
5.115892171476491557e-01
5.116473898468547610e-01
5.117262799805044615e-01
5.123867522780433115e-01
5.122069685330247202e-01
5.121548709354097895e-01
5.117335215626898082e-01
5.117058255637251252e-01
5.114356547271008413e-01
5.115067526677323784e-01
5.116744864066264942e-01
5.111815618588677612e-01
5.114721642312870520e-01
5.122341471629072718e-01
5.112536997461200050e-01
5.113822910918293108e-01
5.111791882658134334e-01
5.114440937885945671e-01
5.109720505357959741e-01
5.112059573872538287e-01
5.112018652336131064e-01
5.118012709988007947e-01
5.110216958302806756e-01
5.112691108753646407e-01
5.111630176900016087e-01
5.112700799060544421e-01
5.110700666720838781e-01
5.118165688070006603e-01
5.108852880077601188e-01
5.109487999122905855e-01
5.109638455722251837e-01
5.111121160610023750e-01
5.110070004258575604e-01
5.116688099162010062e-01
5.111664435106781923e-01
5.108787758694137704e-01
5.111885138794951544e-01
5.106202564645400122e-01
5.107912356064370218e-01
5.121671392597793027e-01
5.104165829058663340e-01
5.105219817135395743e-01
5.103717921660303469e-01
5.115157865021029426e-01
5.104450880992645878e-01
5.103203240094196236e-01
5.105395796516202234e-01
5.106841911039461390e-01
5.104712470101558930e-01
5.103768830502738441e-01
5.104770512962710782e-01
5.107487907211598621e-01
5.104634048097185239e-01
5.107485755926133297e-01
5.104191394068032794e-01
5.105791757865886238e-01
5.103120250607994235e-01
5.106965873460708183e-01
5.103932698294232351e-01
5.110236172798087173e-01
5.102454036348550437e-01
5.108823800338808674e-01
5.103768159402255478e-01
5.117403333350547534e-01
5.103125372634561563e-01
5.107150730742120448e-01
5.103384286564849326e-01
5.106439498387617126e-01
5.107289040723657081e-01
5.111264815545875084e-01
5.104107442901598679e-01
5.098752670088901873e-01
5.099108918757527809e-01
5.111957825973100222e-01
5.104015087431716946e-01
5.103372490072396461e-01
5.099362266040382563e-01
5.106520446030761162e-01
5.098676690930024069e-01
5.103090094157550771e-01
5.097621595353766244e-01
5.099737189721051944e-01
5.100798923768570248e-01
5.095745402590022843e-01
5.095336427332350926e-01
5.106878592338884859e-01
5.099441089822940310e-01
5.097614128920409104e-01
5.099737373126058682e-01
5.108021708137824302e-01
5.100212228589935393e-01
5.098909503484304606e-01
5.092897448142533756e-01
5.094322047793047314e-01
5.096282261624632826e-01
5.102310607531862496e-01
5.091113034521477232e-01
5.099792882179114972e-01
5.092978637445172430e-01
5.092303281698372652e-01
5.091420739119235650e-01
5.097059288050737047e-01
5.092252384830466827e-01
5.096998901580379604e-01
5.091456247631636067e-01
5.085701903370855037e-01
5.084796919089153988e-01
5.090868565697356241e-01
5.085895181806048271e-01
5.093854896941372168e-01
5.086771219988051040e-01
5.093233497992891712e-01
5.089064044258184705e-01
5.090567678224908743e-01
5.086286988609246551e-01
5.089199211844525061e-01
5.087840680342734512e-01
5.089036613762314420e-01
5.083477069599876552e-01
5.088089990666074813e-01
5.082339346691291393e-01
5.091980483102157562e-01
5.085724604920199843e-01
5.090268903866949080e-01
5.083280601185345970e-01
5.087136813617462172e-01
5.083309584977699913e-01
5.088263544196894861e-01
5.083124450074009149e-01
5.092484731227836514e-01
5.084039941791833606e-01
5.084419265677858624e-01
5.085355259229209501e-01
5.086738183969731208e-01
5.081574466002397594e-01
5.091913687165230407e-01
5.083391467599580604e-01
5.089188753048496938e-01
5.083354766755587839e-01
5.088498915339590978e-01
5.081680242085854227e-01
5.088514477331591568e-01
5.083348790438517728e-01
5.089891791347707084e-01
5.082955444550941726e-01
5.081060633787204406e-01
5.086859144452776649e-01
5.084469559192446031e-01
5.085117035968519383e-01
5.087702814081842551e-01
5.088088546828093417e-01
5.090542190503096753e-01
5.079184584057148122e-01
5.076172943061261211e-01
5.079007069204480862e-01
5.079745465127052384e-01
5.076747197730675509e-01
5.078509840084035609e-01
5.077182381486328167e-01
5.091882743414323231e-01
5.076544096422190844e-01
5.081530503340454530e-01
5.077449106894396103e-01
5.085818998691532533e-01
5.078312196182711569e-01
5.079297849712134383e-01
5.077982204055235815e-01
5.082052211359368021e-01
5.076805286369209247e-01
5.080055983927602714e-01
5.076476986543733139e-01
5.075510836200417542e-01
5.077362843515305091e-01
5.074611613264784493e-01
5.076759440522058409e-01
5.076649043152625662e-01
5.077244142495284107e-01
5.076842512490826742e-01
5.072405572208836810e-01
5.072721055867263074e-01
5.072505943219569602e-01
5.074702791769718502e-01
5.072503077949954697e-01
5.071556871601761163e-01
5.073969156804019054e-01
5.072288465403992364e-01
5.072028612178255402e-01
5.071575231401058703e-01
5.073290401615222489e-01
5.071535902976193055e-01
5.071547026989041695e-01
5.071640122665999062e-01
5.072309157683637659e-01
5.070472740409028845e-01
5.073980331772233177e-01
5.070564673839763614e-01
5.072527368147353721e-01
5.070611827783092496e-01
5.071224985948796782e-01
5.070853422494537854e-01
5.071340387468472599e-01
5.071458813413558531e-01
5.072755971464931735e-01
5.071923952078289943e-01
5.073015271091984024e-01
5.071074355599809458e-01
5.071707203556036214e-01
5.071797877047949932e-01
5.073285833416308899e-01
5.070818787631177216e-01
5.070563371666907404e-01
5.071344714653343022e-01
5.070514766069053048e-01
5.071994512564865776e-01
5.068607996802968474e-01
5.069155673369504234e-01
5.069179170509254817e-01
5.069480788335753996e-01
5.070654799070124508e-01
5.067748879010681717e-01
5.069633759186703559e-01
5.068395903192562946e-01
5.067074678715880465e-01
5.068814469382793009e-01
5.065744225697491609e-01
5.065314559282563245e-01
5.064625552871486747e-01
5.065667294406542842e-01
5.065083498948494967e-01
5.064025731453366541e-01
5.063925751730183888e-01
5.063500104699255600e-01
5.063225203176661138e-01
5.063747874226272039e-01
5.062399088870275232e-01
5.062549060253191957e-01
5.066329070880508656e-01
5.064873409182693020e-01
5.059876880773053198e-01
5.059780156481652469e-01
5.057879914452081405e-01
5.057603365960282593e-01
5.056603473379608360e-01
5.057890288096693610e-01
5.057261690343610727e-01
5.057472624912451309e-01
5.055370210624376970e-01
5.055717520411384669e-01
5.054070726228794275e-01
5.054308563368877794e-01
5.054401657227163280e-01
5.053863584248727836e-01
5.056737089514475869e-01
5.054133078118150380e-01
5.055933911684844517e-01
5.054887356006368959e-01
5.054597793364101754e-01
5.053574098992231756e-01
5.052388335795134910e-01
5.053782670505929664e-01
5.053693883424992261e-01
5.054340043183869202e-01
5.052310384300197077e-01
5.052275455846602092e-01
5.055357281361728683e-01
5.051982416257640995e-01
5.048856349166672697e-01
5.048931927359928684e-01
5.048077589029588141e-01
5.048675280428542855e-01
5.048532520997307538e-01
5.048092974441684699e-01
5.045903841306851323e-01
5.047973547361495061e-01
5.047218877482847477e-01
5.047864331001493676e-01
5.044970371246506602e-01
5.044706512069181414e-01
5.045771905582304706e-01
5.044701667987828708e-01
5.046551322142406315e-01
5.044405749819367291e-01
5.044503916072778926e-01
5.044413959694986627e-01
5.042994427939234692e-01
5.044342958728762483e-01
5.043064540291798403e-01
5.042357425378065638e-01
5.043987959945391841e-01
5.043669129938302964e-01
5.040409835614217959e-01
5.039933144358407224e-01
5.042231494098847744e-01
5.039184646342910190e-01
5.037884684769803334e-01
5.038455014493080641e-01
5.044337924784944027e-01
5.039455533014594035e-01
5.037094241195908539e-01
5.037502670045785891e-01
5.038474366627854195e-01
5.037760106042440400e-01
5.035744405244741984e-01
5.036090626155245165e-01
5.037855211869790573e-01
5.035213549030677083e-01
5.035548666173080834e-01
5.035680696517392807e-01
5.035552761036047320e-01
5.035436745628990574e-01
5.034208252836839259e-01
5.034399441862150715e-01
5.037996572924924310e-01
5.035681160163530956e-01
5.030119913772505003e-01
5.031157510548081024e-01
5.031760809925414080e-01
5.030076371958220882e-01
5.029487187311304508e-01
5.030694993436836127e-01
5.026733168557290243e-01
5.027085272943248029e-01
5.029000114358209705e-01
5.027353365467257529e-01
5.027487014890630324e-01
5.026885082426082452e-01
5.028782603898702686e-01
5.027567809765999263e-01
5.027693465638312098e-01
5.027987358216253755e-01
5.027582747459733437e-01
5.026364839368009374e-01
5.028372572593711176e-01
5.026717418492714362e-01
5.027662481594461497e-01
5.027653239713186784e-01
5.026194223692267427e-01
5.027031451866498246e-01
5.025808809098475383e-01
5.025567694796335694e-01
5.025453462387533543e-01
5.025964770146325034e-01
5.026152903715368492e-01
5.026369243180204283e-01
5.026397704668389421e-01
5.026929697572770639e-01
5.028365380519644878e-01
5.027129614899297216e-01
5.030939512481710230e-01
5.024129826837483437e-01
5.023394601029399498e-01
5.023140533316111656e-01
5.026559884905497100e-01
5.023875697851620803e-01
5.025809799623603968e-01
5.024557286314438320e-01
5.022063105056349119e-01
5.022742030117762768e-01
5.024452727763011328e-01
5.021986222254812837e-01
5.022723370029502643e-01
5.023781808982457076e-01
5.023439370805365956e-01
5.020585610373008434e-01
5.015115486862667948e-01
5.016261210583718988e-01
5.014943096362607378e-01
5.014299774923361985e-01
5.014598549156311647e-01
5.014409775215198373e-01
5.016689947097654478e-01
5.014246346636686003e-01
5.018033214820777355e-01
5.013692325536313055e-01
5.011908735401432446e-01
5.011786341206754258e-01
5.012874834166705096e-01
5.011467636137438841e-01
5.013492537312851383e-01
5.011473749710605441e-01
5.012634437298344459e-01
5.012642345082135575e-01
5.010078346773230162e-01
5.010225238816800042e-01
5.009835917562941443e-01
5.009864650553707000e-01
5.011619513783900359e-01
5.010489631060125459e-01
5.010563137977179782e-01
5.010215740812624663e-01
5.012052252201677494e-01
5.009744776737583560e-01
5.010478182134624481e-01
5.009444448078155254e-01
5.009363457858538871e-01
5.008870344527880381e-01
5.009538659884176237e-01
5.010850381060415470e-01
5.009633717604384806e-01
5.007699503504315919e-01
5.008127239256821017e-01
5.008377286729239763e-01
5.010903145954030968e-01
5.007850375354651051e-01
5.009988130960805197e-01
5.008251408206734201e-01
5.009378670169954972e-01
5.009915291111619595e-01
5.007825404680934511e-01
5.004576635745439095e-01
5.007073583748374856e-01
5.006077323706575877e-01
5.005619939613458191e-01
5.003806694921852927e-01
5.004844810837387747e-01
5.004011144822273494e-01
5.000754074254606385e-01
5.000874896690716831e-01
5.000848262268012823e-01
5.001490993493274972e-01
5.002931106093545521e-01
5.000437816697953508e-01
5.004338884697098200e-01
5.000531148906107726e-01
4.999542093288139033e-01
5.000128499857966480e-01
4.998112637140811332e-01
4.999647187993321307e-01
4.999613160422416991e-01
4.999264316719243539e-01
5.000192008439263702e-01
4.998149483811623606e-01
5.003268863690116808e-01
4.997445323527963668e-01
4.998347772755342144e-01
4.996990116224836465e-01
4.997027309077382573e-01
4.996683242105539047e-01
4.998504506220671773e-01
4.997720380070139190e-01
4.997773736504822484e-01
4.997332400772242500e-01
4.997405977959584744e-01
4.997305481404468175e-01
4.994941838145541824e-01
4.993742077749896424e-01
4.994885966515585363e-01
4.994311919594665028e-01
4.993981437782008537e-01
4.995501778536888815e-01
4.994797417044020693e-01
4.995025108812060632e-01
4.997601901492546572e-01
4.994700273701078719e-01
4.993812625580443809e-01
4.994892916042968922e-01
4.991264250419214510e-01
4.993929168971383281e-01
4.990521311689577466e-01
4.992271910213308961e-01
4.991190621224669832e-01
4.990658557749989011e-01
4.991679040680552237e-01
4.990343300165513973e-01
4.992348352057806027e-01
4.991285134113065958e-01
4.991593350486082659e-01
4.990527878768415415e-01
4.990143598300790240e-01
4.990463781696202195e-01
4.992759685396289115e-01
4.989057711805771622e-01
4.988837069436853899e-01
4.988453230909482006e-01
4.992428321863726093e-01
4.989084116732299679e-01
4.984549154024150441e-01
4.985788723403801748e-01
4.985418702453149331e-01
4.986188458353399966e-01
4.983316379856975731e-01
4.984093031172690536e-01
4.984352610997903610e-01
4.985020798166667766e-01
4.984080987362727866e-01
4.983771849874630289e-01
4.984612777464092481e-01
4.985979024785584524e-01
4.983724521715422462e-01
4.984445342973560789e-01
4.986953811082914245e-01
4.983146117051003854e-01
4.983252820932094762e-01
4.985920133234238993e-01
4.985217726090452328e-01
4.982573539635477000e-01
4.983515328367058572e-01
4.983924728174186636e-01
4.984461168850695123e-01
4.982686326273410571e-01
4.982891157719542274e-01
4.982970606539762759e-01
4.985179877662907488e-01
4.983112581266618268e-01
4.981226190385206753e-01
4.982342899910190970e-01
4.982157807678160855e-01
4.981101252541818014e-01
4.983148890637068007e-01
4.980061105490333762e-01
4.981909161109558948e-01
4.979925266062532607e-01
4.981519660691632323e-01
4.979536521196288312e-01
4.983999770922724615e-01
4.980351867589288828e-01
4.978434226051191569e-01
4.978036035683343075e-01
4.977297506391044624e-01
4.977795374522421268e-01
4.978064884763740428e-01
4.979749350665797492e-01
4.974592242530831987e-01
4.974911420016742136e-01
4.976926365540728092e-01
4.975201860908925466e-01
4.975258318876220609e-01
4.973553795752560513e-01
4.975297496477791293e-01
4.972920606389151787e-01
4.971904497270955847e-01
4.972021707534083901e-01
4.974343008227605223e-01
4.972951868067733705e-01
4.981344059150267789e-01
4.972994186249269921e-01
4.971416716065626407e-01
4.973346783107393532e-01
4.968403125437923507e-01
4.966280883424482040e-01
4.970643675654546900e-01
4.966871502406115524e-01
4.960079260518429067e-01
4.960368970228204444e-01
4.961285559079202101e-01
4.961178075342490001e-01
4.959955059955892809e-01
4.961512118281608541e-01
4.959754725279170162e-01
4.958722453306959044e-01
4.958276897177676945e-01
4.960089526823083794e-01
4.958463906183940839e-01
4.958510202839200298e-01
4.958159164665787988e-01
4.958056849569471014e-01
4.959957645589736508e-01
4.957888214903266588e-01
4.962108391391960027e-01
4.958354777108204270e-01
4.959369217189429913e-01
4.957863676519122520e-01
4.961883868562571576e-01
4.957541564107057486e-01
4.957008682131680000e-01
4.959351632353830031e-01
4.958308190919550329e-01
4.957089635340641842e-01
4.955040950211607731e-01
4.954442528006299251e-01
4.958506068228012986e-01
4.954605985963930204e-01
4.953914215518506192e-01
4.954696036621996091e-01
4.959907446781179341e-01
4.956411974765831951e-01
4.953331531405019139e-01
4.955675587621882761e-01
4.960024914071337054e-01
4.953479910376327178e-01
4.950717497000285960e-01
4.954571737867248249e-01
4.949333540425285838e-01
4.951723119946431217e-01
4.952816308989851923e-01
4.951416087498013985e-01
4.950898280402525331e-01
4.948897295381285422e-01
4.948905815690886612e-01
4.949400077517640550e-01
4.949733210042763232e-01
4.947845132382062139e-01
4.951630566891784269e-01
4.946636946089815745e-01
4.946465779108406013e-01
4.946254740083890766e-01
4.946880887389709658e-01
4.943834431373441141e-01
4.943314711435897180e-01
4.943101928859673921e-01
4.945864674548486328e-01
4.943220885860954428e-01
4.943556815727230269e-01
4.943706596409543352e-01
4.943673092365687971e-01
4.941735657741189724e-01
4.941892516520821066e-01
4.942250281013967905e-01
4.948409550021185543e-01
4.940968342869975771e-01
4.941144669209072693e-01
4.942042972379572796e-01
4.937895646729421606e-01
4.938059146833347346e-01
4.936729174059641956e-01
4.936525519535595596e-01
4.936334407949237169e-01
4.938395180298594256e-01
4.936833042706982866e-01
4.937287183864367823e-01
4.937591171517627942e-01
4.937121672776199621e-01
4.933839948203455061e-01
4.936884780333461453e-01
4.935218438792968176e-01
4.933868271197598410e-01
4.933307628314330673e-01
4.936243213095322657e-01
4.934788287075678737e-01
4.933201801092514382e-01
4.926842816894739241e-01
4.927410375984318525e-01
4.926350276956985574e-01
4.928091261347603558e-01
4.926929959306858842e-01
4.929453386330205911e-01
4.926839941255988231e-01
4.929039057573176841e-01
4.928585138039422997e-01
4.925572185803089309e-01
4.926266520635654844e-01
4.922095322253096095e-01
4.925112140209650380e-01
4.923586069938482579e-01
4.922303364001299752e-01
4.921755099408997580e-01
4.922788722690224494e-01
4.919605065049216797e-01
4.920076586213767977e-01
4.919822377997334906e-01
4.918822717828673086e-01
4.923984128424002682e-01
4.920250988609810583e-01
4.915959520418270445e-01
4.918345762141312361e-01
4.919146263151806808e-01
4.917370675952291714e-01
4.912572807991174018e-01
4.912389647896258094e-01
4.910853887960539010e-01
4.911577483713679970e-01
4.909050771991491091e-01
4.909186925942699564e-01
4.910073295721473774e-01
4.908764089650829443e-01
4.912332681217715935e-01
4.910520145778597412e-01
4.908531386486820192e-01
4.911211635511749107e-01
4.909783957161473755e-01
4.908353395098727923e-01
4.915351527862693581e-01
4.910078735537311001e-01
4.910354668252974175e-01
4.907838696936714928e-01
4.907027761727433268e-01
4.908629893855582793e-01
4.906099100603464325e-01
4.907540865154325083e-01
4.906984334391398805e-01
4.908381342506413780e-01
4.903476766444717638e-01
4.905936172412713181e-01
4.905133823190239162e-01
4.905180458212269889e-01
