9.835498486689979725e-01
9.928860489795513500e-01
9.891404934988647923e-01
9.894757214826209735e-01
9.609972853955365268e-01
9.778542873000407587e-01
9.703961308829383015e-01
9.844336810924567693e-01
9.610654548224714100e-01
9.618343855673624487e-01
9.609646187058076272e-01
9.596240974242953303e-01
9.619572541864995774e-01
9.728532244297434239e-01
9.425461059421740284e-01
9.425277770412883172e-01
9.458982289881402439e-01
9.417103364067129778e-01
9.469691102036282837e-01
9.423373361506380830e-01
9.347130514385704192e-01
9.346872978750940808e-01
9.574667859141205994e-01
9.799086313396824233e-01
9.686533706752293860e-01
9.657486960936907394e-01
9.315523049445888493e-01
9.335533088501296595e-01
9.315252718359497974e-01
9.315859267856845261e-01
9.370990845734493702e-01
1.008010617295562295e+00
9.585189753547707081e-01
9.324671959012194034e-01
9.314566214418880108e-01
9.439697849088517501e-01
9.020859425964040668e-01
8.945711359881374225e-01
8.935980244209376089e-01
8.935301426741052433e-01
8.935057176822576164e-01
9.339547502802891810e-01
8.890569506208981787e-01
9.064616408028757233e-01
9.262525307257016838e-01
8.877720103666317808e-01
8.892012732638830963e-01
8.877720103666317808e-01
8.877720103666320028e-01
8.876943899425588924e-01
9.007993382737913279e-01
8.786690208709299066e-01
8.764469308682317772e-01
8.764469308682316662e-01
8.748174494366027787e-01
9.136275820860143559e-01
8.879075921396322180e-01
8.748174494366027787e-01
8.748174494366027787e-01
8.748174494366027787e-01
9.255745201841640846e-01
9.754373958976850778e-01
8.749704117312598894e-01
8.912517131901969147e-01
8.748174494366027787e-01
8.748174494366027787e-01
8.748174494366027787e-01
8.748174494366027787e-01
8.748174494366027787e-01
9.151463514793906073e-01
9.273808111799527465e-01
8.748174494366027787e-01
8.748174494366027787e-01
8.748174494366027787e-01
8.162131240719462388e-01
8.162131240719462388e-01
8.162131240719462388e-01
7.704583766421704283e-01
7.810204400454904272e-01
7.773554745015279765e-01
8.879932433538544334e-01
7.777542720926385877e-01
7.874829884279312964e-01
7.681084882661149971e-01
8.031152961381449185e-01
7.674633577080456348e-01
8.850097802297101079e-01
7.722814897451264482e-01
7.802844494225169569e-01
7.675091155065703052e-01
7.761431045981088683e-01
7.688000476743908074e-01
7.780061302122897038e-01
7.820411736852141971e-01
8.322926956778571306e-01
7.675241721873556910e-01
7.785057268686246257e-01
7.654755540791418067e-01
7.644932037836508210e-01
7.892261648149302422e-01
7.774296856853466497e-01
7.380828073255466526e-01
7.081994875950827772e-01
7.088731593195687353e-01
7.408940872976073067e-01
7.260234046450559919e-01
6.942711041644988867e-01
6.903791430784137484e-01
6.852011602149300495e-01
6.928596209109043613e-01
7.271193731370386715e-01
6.850829725896236955e-01
7.054886525088809313e-01
6.911572650985614574e-01
7.227493913724541974e-01
6.841891522282441684e-01
6.839824764183510819e-01
6.834300557346355554e-01
7.590802788539586787e-01
6.831108038485238509e-01
6.539587301193997559e-01
6.483421057694256362e-01
6.597506889319370016e-01
6.446554307344323220e-01
6.509879387628102476e-01
6.502286870463569457e-01
6.402419594032255912e-01
6.402419594032255912e-01
6.601652678071163738e-01
6.427816193121266286e-01
7.220396462758715828e-01
6.402419594032261463e-01
7.642972837938896147e-01
6.425443739070478832e-01
6.511257502524716578e-01
6.936373314917003707e-01
7.511971528230706463e-01
6.458623795081436247e-01
7.911547712718759451e-01
6.330447151875157052e-01
6.456682024690115762e-01
6.330447151875158163e-01
6.369786516466031667e-01
6.330447151875158163e-01
6.382070940003071735e-01
6.330447151875158163e-01
6.404072608259862021e-01
6.330447151875159273e-01
6.452375285333880051e-01
6.330447151875159273e-01
6.615042671185947798e-01
6.330447151875159273e-01
6.808673523352185564e-01
6.330447151875159273e-01
6.352211221910114558e-01
6.841463729645613778e-01
6.600949837750306193e-01
6.216332732644350711e-01
6.467928796159119198e-01
6.245248897136282951e-01
6.104332379581035584e-01
6.087861303569359617e-01
6.476962967016551831e-01
6.018563203528168870e-01
6.204165987571558238e-01
6.015098750933123295e-01
6.356706752771983382e-01
5.986469487326944172e-01
5.988296028975158558e-01
6.139362120012140656e-01
7.382990118298871085e-01
5.931415925296150693e-01
6.781028047042094720e-01
5.935760757314246794e-01
6.389592829631374205e-01
5.930821774742680574e-01
6.102312127414543097e-01
6.013747557335433758e-01
6.692653460191473336e-01
5.980887373759852244e-01
6.509606157109785185e-01
6.000881754093020382e-01
7.194304523865089340e-01
5.880053815394792327e-01
6.038647134583462472e-01
5.941401609416656626e-01
6.000517202599575661e-01
5.884969884435248266e-01
6.101223647294006236e-01
6.029563075184888321e-01
6.023311486254032676e-01
5.877947494515027849e-01
5.706145573869585430e-01
5.726551021696598687e-01
6.543476805551664555e-01
5.933048912102785177e-01
5.600145286764124375e-01
5.603433290488389895e-01
6.314672009285473564e-01
5.599782281675695916e-01
5.737515154555774544e-01
5.663006406571791107e-01
6.015255250425047828e-01
5.589064501961272802e-01
5.850435437916177150e-01
5.607000176138624559e-01
5.773756494572698239e-01
5.660834945251986827e-01
5.610472396943495532e-01
5.601572299691044421e-01
5.987035151819508627e-01
5.928284728477647425e-01
5.972698859789983272e-01
5.797168174395409546e-01
6.510861666510810997e-01
5.587013954358491796e-01
5.720429294200446435e-01
5.586509945323614446e-01
5.646568093400718968e-01
5.821167841518186670e-01
6.669519872705188535e-01
5.603222494378450325e-01
6.670545865079245962e-01
5.583662527989002866e-01
5.770265879683105226e-01
5.587657040224643934e-01
5.577030267566492894e-01
5.577030267566479571e-01
5.490301629746143774e-01
5.490301629746144885e-01
5.436334200896985047e-01
5.436334200896981717e-01
5.365024570345321431e-01
5.365024570345322541e-01
5.373093275030031979e-01
5.365024570345321431e-01
5.423942728244178779e-01
5.426826256184515973e-01
5.648406589805036182e-01
5.301629064228580157e-01
5.595402213063882524e-01
5.346067033230765819e-01
5.750981878613236065e-01
5.422118857814466342e-01
5.954109870816566286e-01
5.321463441154262730e-01
5.680264280648816833e-01
5.279843489984115124e-01
5.785118075437399865e-01
5.299894358256127536e-01
6.290812452353362616e-01
5.345308950298333084e-01
5.365538010994390650e-01
5.579185292259729589e-01
5.319156891140467414e-01
5.329261515531883431e-01
5.500493888220360228e-01
5.349439860176685713e-01
5.487428411148473906e-01
5.279438147364671208e-01
5.453504993764559661e-01
5.293327674086377721e-01
5.669320724111182042e-01
5.277386233503676971e-01
5.363100894764953885e-01
5.206333659764932342e-01
5.400653214810983149e-01
5.244648135914519171e-01
5.839403509604872422e-01
5.205498594817024038e-01
5.484898615064477401e-01
5.238872944859438441e-01
6.297594050366639440e-01
5.419347526594026077e-01
5.582323298177425119e-01
5.351448502283995268e-01
5.504207074183187220e-01
5.233690091258565991e-01
5.681150698737790217e-01
5.218792220779627788e-01
5.623263809266422220e-01
5.306812596232075574e-01
5.412629523033183343e-01
5.207775908427210165e-01
5.326602709264905977e-01
5.352090734148147178e-01
5.759746749394754062e-01
5.277246311385425104e-01
6.014047738320795755e-01
5.194923895124970992e-01
5.577465938680155055e-01
5.195304351228975381e-01
5.466678690835833354e-01
5.213165120486549231e-01
5.165905398798177339e-01
5.222323456030535382e-01
5.539800363071726297e-01
5.226142912381350758e-01
5.407231001934897918e-01
5.161926657452078349e-01
5.782862473270929948e-01
5.178868400489298196e-01
5.495009485505943925e-01
5.161266883996138422e-01
5.444128044328924165e-01
5.222604327700214322e-01
5.471988404066255862e-01
5.200788271060179380e-01
6.422412236157165610e-01
5.170266409978115929e-01
5.386251220083648761e-01
5.161266883996137311e-01
5.391758024979124153e-01
5.161266883996137311e-01
5.250728279601946102e-01
5.161266883996141752e-01
5.252841774937326846e-01
5.231991378804619064e-01
5.154519728455754235e-01
5.175914684519468123e-01
5.328292325031883658e-01
5.178335802067669524e-01
5.137671207719595179e-01
5.258133115164808080e-01
5.664522661488243793e-01
5.137671207719597399e-01
5.227617839800705601e-01
5.137671207719596289e-01
5.222233025424979358e-01
5.328280720235188950e-01
5.230312824778918790e-01
5.172497870316394852e-01
5.090639093564290896e-01
5.107133251483586545e-01
5.753889868235214644e-01
5.112277723684295339e-01
6.787410483674680695e-01
5.092378397166636983e-01
5.655586883197540882e-01
5.049410500133602042e-01
5.572378192375671002e-01
5.065212376613705825e-01
5.328523246648464440e-01
5.027466535286367888e-01
5.826833938075757224e-01
5.054540568675824908e-01
5.524468258618175920e-01
5.043773772382974530e-01
5.219379499027281266e-01
4.990002839149308977e-01
5.185797921911214914e-01
4.991000378251014835e-01
5.122579861842523341e-01
4.985373636322330548e-01
5.237888140220996469e-01
4.983699552988436476e-01
5.132945379948271603e-01
4.997911299056114198e-01
5.724749532455183365e-01
5.135579508763630230e-01
5.618553262805887627e-01
4.982221772170549179e-01
5.128124892051045824e-01
5.076990089607243961e-01
5.040438707095143966e-01
4.995761645081703284e-01
5.589190642996400005e-01
4.981087874069268229e-01
5.064650399498320521e-01
4.982317128009977614e-01
5.074551216091061079e-01
5.101130169979075646e-01
5.193997155511608232e-01
5.010590166875554807e-01
6.405572301558544179e-01
5.080720140325559742e-01
6.637992943244348520e-01
5.238514900994452050e-01
5.360646005763031186e-01
5.042754537420082173e-01
5.002871282812085818e-01
4.980833767238918575e-01
5.180773294292858600e-01
4.991629498738433535e-01
5.195751487104446342e-01
4.984155597326132003e-01
5.015962485023832684e-01
4.983063306108092005e-01
5.106590311752081668e-01
5.093648818300379189e-01
5.079378324071401885e-01
4.980253501721192966e-01
5.075079377483229237e-01
4.980253501721183529e-01
5.197156342839438503e-01
4.980253501721191300e-01
5.003620145221381321e-01
4.980253501721187415e-01
5.233781197593047052e-01
4.982154000580869546e-01
5.383919857449173119e-01
5.085499402401371105e-01
5.115649124173172746e-01
5.093002039015194216e-01
5.283514971928097159e-01
4.972096681218585723e-01
5.027557301975499326e-01
5.021851947353969114e-01
6.214114567832298430e-01
4.916513533274827763e-01
5.281815162804213148e-01
4.953321977320048752e-01
5.503232521038846636e-01
4.925080821123476449e-01
5.237421771177457330e-01
4.967715659508081250e-01
5.268289907005009320e-01
4.966731409930085772e-01
5.241851277662397113e-01
4.917173931074841908e-01
5.423271929319184448e-01
5.023748305048932883e-01
5.838172038470181846e-01
4.967883755828846337e-01
4.916513533274821657e-01
4.888113253156413096e-01
4.888113253156415317e-01
4.924583673651191096e-01
4.894598434633177231e-01
5.093436751710284094e-01
4.894076878593048296e-01
4.928719535826376896e-01
4.892464935204691723e-01
5.097428133792718530e-01
4.887065517900273659e-01
5.033621289768313023e-01
4.900418871594021120e-01
5.032455030905300664e-01
4.898734230752767593e-01
5.305466941644387813e-01
4.875173803107010206e-01
4.894526573658096735e-01
4.884961131598854478e-01
4.795229716937213782e-01
4.798805283670389832e-01
4.844741495555004440e-01
4.797854600816965354e-01
4.982219902039210502e-01
4.800857884735448833e-01
4.819785527782210477e-01
4.771822514157297301e-01
4.808785289993299794e-01
4.768527037417100711e-01
4.890093943385029895e-01
4.788917463942913288e-01
4.812489809275986574e-01
4.773228774847835809e-01
4.796251154793254590e-01
4.776342346809645534e-01
4.807850727271175684e-01
4.776770732245204654e-01
4.797321556485577010e-01
4.827610476528171324e-01
4.835860543021719415e-01
4.782649498473351413e-01
5.034761302864636523e-01
4.754789223513101182e-01
4.849022733177106859e-01
4.763480891583275478e-01
4.806315808067065376e-01
4.746303470871289232e-01
4.796097143710058019e-01
4.748551122525178636e-01
4.758899208294419259e-01
4.725479939712754485e-01
5.002979581679293242e-01
4.744015228779033255e-01
4.888945256003409123e-01
4.729742089227274016e-01
4.888258707767546007e-01
4.726824037910074550e-01
4.848249735159136931e-01
4.724307215681442518e-01
4.869003113463809540e-01
4.760843963878610974e-01
4.671051941169577226e-01
4.695879614081774900e-01
4.781811750050024012e-01
4.670358850942810669e-01
4.777971023410833573e-01
4.669343068826702359e-01
4.788543406963646776e-01
4.669343068826697918e-01
4.716093060479488175e-01
4.704968891569215605e-01
4.811866657733099295e-01
4.666287678812907069e-01
4.633414573017755056e-01
4.703946811365149472e-01
4.698445270178554511e-01
4.661146089296637207e-01
4.763914635181347723e-01
4.633414573017753946e-01
4.687874983250212568e-01
4.650124777015802180e-01
4.904179797374486616e-01
4.661874677272817569e-01
4.821542344526288382e-01
4.622981287313898680e-01
4.730162481521281159e-01
4.768032794081347170e-01
4.718998357635311725e-01
4.646040011901808042e-01
4.705277730449541895e-01
4.640651003774861061e-01
4.666255916898646161e-01
4.622981287313899235e-01
4.628389417989398624e-01
4.620051391087831583e-01
4.627597892887579945e-01
4.656701262540781094e-01
4.651306263697327359e-01
4.639992762541612636e-01
4.834009900195088694e-01
4.630065230374121876e-01
4.714319727324123299e-01
4.616303169219783120e-01
4.784082606408854299e-01
4.623788791254747621e-01
4.630442915852021057e-01
4.631100919949527883e-01
4.631692821569354801e-01
4.636680611499379712e-01
4.613429082223313715e-01
4.610161381976355943e-01
4.786535991106439236e-01
4.632224248735558603e-01
4.704487237354225693e-01
4.615595742461776063e-01
4.625374923699483998e-01
4.610753396920982961e-01
4.632197332680433322e-01
4.711225697782176480e-01
4.756674439067473115e-01
4.628545589051583642e-01
4.753935184758854571e-01
4.652013003361198384e-01
4.720481189056944804e-01
4.606059669106821741e-01
4.795544713708926321e-01
4.608277606366814605e-01
4.634425159934409955e-01
4.603080786675854408e-01
4.658413408460080340e-01
4.604237350816461349e-01
4.644419286041533423e-01
4.602641073207796030e-01
4.657986617520568084e-01
4.608646391997180958e-01
4.682800786235742363e-01
4.607533564547023341e-01
4.710005294831128286e-01
4.602239664878450820e-01
4.699036244708422738e-01
4.627292150898776879e-01
4.628359453180264649e-01
4.601998062054151739e-01
4.711464767553351640e-01
4.601488306582234844e-01
4.720162781000332153e-01
4.599670162135034435e-01
4.705487639206950012e-01
4.599670162135031659e-01
4.721092154781134087e-01
4.617657005334495079e-01
4.638276009380410403e-01
4.634892172175310576e-01
4.649466285477029670e-01
4.655374400732217310e-01
4.809992735780060924e-01
4.579898711494320707e-01
4.665616321672669820e-01
4.565848147234530807e-01
4.616388163090422436e-01
4.566740734162363924e-01
4.707157859136448796e-01
4.577880891453586232e-01
4.789527587050615431e-01
4.594283079653485591e-01
4.622944370127569647e-01
4.599178304134233786e-01
4.642943584725141015e-01
4.585541131753291255e-01
4.603562305618347228e-01
4.565848147234530807e-01
4.606795348566192216e-01
4.573843302392462395e-01
4.871849458429644564e-01
4.605540007193882901e-01
4.639495527239768102e-01
4.567623537698847214e-01
4.601992416402351238e-01
4.565848147234531917e-01
4.613086970674705189e-01
4.564100384822564194e-01
4.587155701706498445e-01
4.563889592783578752e-01
4.623215244253587319e-01
4.564815867330298538e-01
4.580405313182752680e-01
4.577403709523529263e-01
4.595934278580527943e-01
4.568957607925104303e-01
4.629887745516246822e-01
4.624847224542310009e-01
4.604878949620997419e-01
4.584078596419546847e-01
4.703280102343453395e-01
4.551623581258019691e-01
4.661936255647890492e-01
4.558056999231078765e-01
4.610299778133773452e-01
4.580420155371325297e-01
4.724545476960601009e-01
4.561437832888843302e-01
4.538030689135676421e-01
4.545241470378685311e-01
4.549031888071780605e-01
4.569121767767094222e-01
4.537924731100901887e-01
4.545419458894423004e-01
4.554025412187622801e-01
4.536716838077263225e-01
4.546447932578794870e-01
4.566711269434605702e-01
4.536026222057468194e-01
4.559585523051434830e-01
4.533545074472749570e-01
4.530813618805029086e-01
4.526682813589014698e-01
4.531477489135893877e-01
4.528207573114066964e-01
4.548716383068889257e-01
4.526835164636777153e-01
4.517874340982599990e-01
4.516505819148586842e-01
4.522718415020424709e-01
4.516916622197584275e-01
4.540900699634478621e-01
4.547335608661844941e-01
4.552795264573936684e-01
4.584491870646910661e-01
4.506516013819578670e-01
4.508738845315271027e-01
4.591176678552799650e-01
4.505271133053579957e-01
4.504831476194044448e-01
4.501940379253159819e-01
4.477002847344021541e-01
4.459388203573987908e-01
4.455100352360958915e-01
4.458901798060581068e-01
4.459937898973344028e-01
4.452109952306098073e-01
4.465756899260489576e-01
4.454796125094155901e-01
4.471501057602003670e-01
4.449393520163876237e-01
4.480515863916297303e-01
4.444495981040431087e-01
4.454669373122314147e-01
4.442850291161009602e-01
4.450694216185916430e-01
4.452708955048358952e-01
4.485528550358407474e-01
4.457724643990176872e-01
4.451349825699117968e-01
4.438335585221402368e-01
4.432807191811353187e-01
4.434888527688116699e-01
4.440091210264764943e-01
4.412383612705718661e-01
4.409464092584819417e-01
4.406097034059246464e-01
4.448301959108296177e-01
4.408903268547333942e-01
4.418345198157490050e-01
4.407250772694564223e-01
4.423592818937673310e-01
4.434718730030512979e-01
4.477407637312021405e-01
4.410460644125626106e-01
4.395578717984501838e-01
4.397183262782836666e-01
4.374651358995217953e-01
4.379831358424481347e-01
4.357289244011907647e-01
4.361718574935599668e-01
4.370574666270451991e-01
4.360196601491523882e-01
4.374353412291770438e-01
4.361830406055162701e-01
4.372330353611459941e-01
4.359121645003382617e-01
4.384909253851868582e-01
4.356616613832808294e-01
4.365665661334661718e-01
4.351966703774708400e-01
4.337370401125725250e-01
4.333128876756136560e-01
4.339168199302755324e-01
4.328360372501385278e-01
4.359493757979699957e-01
4.338316324687815917e-01
4.338711950317004074e-01
4.338929938340911896e-01
4.337924143446710845e-01
4.324800145540540486e-01
4.348422090659274097e-01
4.328624795354880650e-01
4.326190568267724301e-01
4.309109631353510439e-01
4.292431368847421935e-01
4.285286622538094226e-01
4.390867588913713870e-01
4.286979154170416639e-01
4.309300721862201478e-01
4.285441368754839830e-01
4.335793842057465985e-01
4.282794414835078278e-01
4.282200393664697402e-01
4.288491988772134000e-01
4.300364201887339477e-01
4.278776660554947653e-01
4.279735459925656516e-01
4.295867610174365359e-01
4.289493380352034091e-01
4.269586121434835735e-01
4.265224078204093439e-01
4.274149592953718213e-01
4.281409677775670497e-01
4.271232443803787970e-01
4.274585416387592374e-01
4.271899805152220564e-01
4.304343080587794135e-01
4.275097177845512131e-01
4.268967178396922968e-01
4.272830397283701176e-01
4.253136217273165154e-01
4.249053584727511823e-01
4.253541075396090054e-01
4.253462527861586739e-01
4.285706517266333337e-01
4.245653633630079304e-01
4.259895728690676897e-01
4.248357586335658742e-01
4.267892374236105790e-01
4.246773376658402599e-01
4.296530295411241651e-01
4.238810428658864593e-01
4.239925306861153098e-01
4.221098392287368495e-01
4.246854990643152972e-01
4.224975934566753688e-01
4.226731086756899680e-01
4.226648455127120507e-01
4.227336566798836071e-01
4.222904784648463528e-01
4.216091518097491719e-01
4.215870886391590022e-01
4.258512877209795766e-01
4.226160068000371917e-01
4.272895649095895254e-01
4.221160771282191915e-01
4.219594945802188080e-01
4.228525370419334850e-01
4.228467326105370683e-01
4.218206341090154354e-01
4.227012410700437539e-01
4.213798237022512438e-01
4.220592938857151144e-01
4.218630965303731273e-01
4.226105352000805171e-01
4.221549286460763994e-01
4.256375534392414783e-01
4.219165796135773694e-01
4.227803103200787893e-01
4.220563189289267547e-01
4.247994414599817747e-01
4.214471299014868610e-01
4.225368711236980879e-01
4.217439181050970376e-01
4.219829991191208496e-01
4.211152829303320688e-01
4.229657292670347402e-01
4.209306414211856917e-01
4.231877348159511776e-01
4.208913235246639073e-01
4.303444316105820566e-01
4.245646946705418645e-01
4.198857593026578683e-01
4.255473789774993354e-01
4.202476851311517381e-01
4.202201334975401714e-01
4.226572422593755651e-01
4.212038261737039990e-01
4.230833788289106723e-01
4.199879395378287028e-01
4.206558123556624618e-01
4.200775811851598651e-01
4.225729117793752265e-01
4.199151130304349944e-01
4.203052308955176897e-01
4.205133918043306163e-01
4.219435769217893539e-01
4.199277377257111254e-01
4.230030605345829753e-01
4.195082217398387603e-01
4.196482660559026079e-01
4.200586285890897664e-01
4.230119823656385836e-01
4.201074584714805105e-01
4.199507546271675773e-01
4.197806643108744629e-01
4.210040328058878289e-01
4.210543862475256138e-01
4.192978845181372094e-01
4.195263052698981476e-01
4.174093051553573464e-01
4.186138604860860646e-01
4.181870675541652371e-01
4.200301946948173937e-01
4.181595335331676488e-01
4.174487479169333715e-01
4.161233836388842922e-01
4.167286671178692115e-01
4.201400748209508373e-01
4.163185416455511545e-01
4.154302906708461363e-01
4.157980986599052464e-01
4.159340873344071765e-01
4.169774476953503894e-01
4.190437445268048178e-01
4.153232653872945268e-01
4.163173983965585689e-01
4.168864432146451304e-01
4.166447984407192218e-01
4.150568138937101303e-01
4.158024870499812398e-01
4.145821252185849515e-01
4.166204414552541202e-01
4.147880053780343412e-01
4.186088988135525102e-01
4.150468277879229562e-01
4.158342344150657288e-01
4.148570749997770868e-01
4.158551910978830479e-01
4.150700923477720350e-01
4.157183709761722024e-01
4.148217889398998492e-01
4.150850199156658205e-01
4.148382618304245484e-01
4.187470270510429970e-01
4.155156153483021142e-01
4.153866002853344175e-01
4.145679800933573245e-01
4.151058425663024520e-01
4.143800591319355964e-01
4.145259764013689563e-01
4.146173170869160707e-01
4.154757107466520161e-01
4.144474860828708529e-01
4.148164727911113903e-01
4.148892611450136769e-01
4.190346647084534082e-01
4.148624978929623119e-01
4.133350548930826984e-01
4.139287280974483507e-01
4.143288816531842667e-01
4.128904829504025931e-01
4.147043840589078600e-01
4.143134286515763876e-01
4.154577879530178541e-01
4.129070057165523666e-01
4.151777227631888723e-01
4.126154908407230759e-01
4.119466219761756531e-01
4.118496478296211905e-01
4.173248067669393935e-01
4.124842136606813314e-01
4.119427404206732479e-01
4.133464743006808884e-01
4.119150169743865386e-01
4.117040208162682235e-01
4.123670522079273537e-01
4.115888127482421055e-01
4.120656379875733966e-01
4.124608635663759015e-01
4.139200794399587324e-01
4.118352768247093842e-01
4.134059971860920002e-01
4.136878147339578260e-01
4.137751517967280801e-01
4.119857309483947461e-01
4.142066249143319112e-01
4.127146632433653650e-01
4.151546078879340684e-01
4.104072370680886261e-01
4.100654995924400414e-01
4.103328690341287444e-01
4.116676527548436826e-01
4.092947488603098094e-01
4.152479787350085161e-01
4.099567061967808734e-01
4.145420972601873144e-01
4.091950461638487191e-01
4.101695164717806819e-01
4.093359401723983826e-01
4.099336167447141799e-01
4.082879428799491284e-01
4.092381409506992140e-01
4.100639930304893488e-01
4.068490348137090429e-01
4.065548228064835290e-01
4.068963248153038559e-01
4.071027863202006380e-01
4.070354918355711948e-01
4.065940629877562440e-01
4.095354719204146177e-01
4.073636577428106365e-01
4.061110709019958853e-01
4.057359015141323022e-01
4.083432901932273484e-01
4.058396717435274748e-01
4.057953657218738575e-01
4.061567262073534357e-01
4.069620770297434631e-01
4.061066676571077894e-01
4.063206131710586089e-01
4.061045619540364915e-01
4.073127767444913450e-01
4.063775109400512564e-01
4.059469676839647656e-01
4.055939703814668285e-01
4.077493360736509920e-01
4.061416299433953658e-01
4.057759819119977074e-01
4.057454474950100143e-01
4.063539296867121897e-01
4.062285677696456099e-01
4.056668581194865508e-01
4.056562970936780088e-01
4.064412739100561334e-01
4.055396513979878104e-01
4.088839553177154307e-01
4.059150232322294993e-01
4.074296882517996488e-01
4.048942822981055900e-01
4.074134114424721731e-01
4.050400835724717319e-01
4.046305361887195806e-01
4.051809311506670008e-01
4.114169923824841923e-01
4.048007736699253400e-01
4.078630558115389770e-01
4.057439026445729957e-01
4.067493513321395193e-01
4.059881674586288680e-01
4.041146352828815513e-01
4.041456581837151174e-01
4.059282806578147218e-01
4.042297784586225129e-01
4.044521661399902990e-01
4.047077615146971175e-01
4.065779687950782373e-01
4.040767994618587045e-01
4.063457169365684574e-01
4.075064865633485356e-01
4.079214882261930630e-01
4.050695565548680377e-01
4.048634432156285601e-01
4.042825401049848222e-01
4.043984991774757787e-01
4.048502050367887573e-01
4.078265948275630604e-01
4.041455934153431184e-01
4.053007368269514465e-01
4.032187395430109622e-01
4.058264399906768016e-01
4.045566950809994511e-01
4.033551172792518291e-01
4.036206246958926602e-01
4.033827565810551574e-01
4.034019173136450531e-01
4.042246530735802423e-01
4.033965722178622371e-01
4.046866714050521563e-01
4.033159690726427216e-01
4.077812316493630296e-01
4.060979784173135432e-01
4.058468915086374529e-01
4.038052771199070468e-01
4.044771601210169765e-01
4.036803014805787626e-01
4.052776987724668323e-01
4.038879954192326482e-01
4.040961758246223723e-01
4.040496855566402257e-01
4.050582587549711455e-01
4.029645774417585646e-01
4.022475480001192483e-01
4.026857247807685836e-01
4.057663674756775141e-01
4.022683253087716015e-01
4.047987883344487670e-01
4.028967255084844323e-01
4.026002387865001420e-01
4.030371273750878447e-01
4.031240153318608743e-01
4.025288324967190023e-01
4.051781855801355192e-01
4.027061067652970006e-01
4.039222654190066653e-01
4.022007095088444562e-01
4.027090413252326084e-01
4.027876181156122004e-01
4.045216432857131617e-01
4.024962490106744895e-01
4.028318325720975368e-01
4.018675224668880053e-01
4.021644427873568572e-01
4.014343847895003869e-01
4.029319759504000342e-01
4.017384011993007653e-01
4.026650400669263830e-01
4.012293183813347985e-01
4.049776015904452686e-01
4.023228859704757743e-01
4.038429997253035753e-01
4.020941556747660850e-01
4.032264855963079708e-01
4.031407606924310993e-01
4.025828985634019586e-01
4.015060623623770697e-01
4.038998978355293756e-01
4.018523753590145242e-01
4.030977345488909180e-01
4.017471490000303902e-01
4.033842102857445600e-01
4.011867089940077125e-01
4.021519495502647312e-01
4.012534924473409870e-01
4.036174492782132472e-01
4.021786583218412425e-01
4.014151101410241007e-01
4.020146206015074997e-01
4.012838858904441697e-01
4.017374022401845046e-01
4.013472164406602372e-01
4.015925388489177128e-01
4.012948551779199624e-01
4.018381449870281341e-01
4.013700993076512180e-01
4.016337756886864674e-01
4.013938265209633927e-01
4.011428957903302450e-01
4.011426015423192326e-01
4.020700889186847315e-01
4.016054692947598204e-01
4.009988139089025738e-01
4.011289208922774185e-01
4.017688120397753249e-01
4.011044587841501863e-01
4.015110034834701302e-01
4.009132046799348537e-01
4.012295346747208891e-01
4.008826222255000293e-01
4.020269669440549865e-01
4.009459763086545836e-01
4.016020766560235988e-01
4.011979096929930155e-01
4.014566472475555314e-01
4.012051752194725207e-01
4.014904889148558920e-01
4.009645535493175372e-01
4.014381110784420725e-01
4.011557517330396894e-01
4.014612575239723258e-01
4.007446795890113878e-01
4.008084373316935789e-01
4.008340660047592929e-01
4.010025645708677478e-01
4.010758276209955842e-01
4.003785044282819894e-01
4.002999452518968271e-01
4.006912354946151611e-01
4.003869421055411548e-01
4.004990666830648416e-01
4.004294352736063045e-01
4.007822255069884987e-01
4.002596722769077853e-01
4.008821622497064641e-01
4.004910385200012302e-01
4.004918972567969582e-01
4.002591763647766476e-01
4.006353506915374396e-01
4.002982452612353637e-01
4.013714628816774099e-01
4.002884401522139313e-01
3.991107437919695911e-01
3.990613745193871131e-01
3.990347152630092098e-01
3.988924972304409566e-01
3.983308452733742011e-01
3.983710546772787353e-01
3.977885028463263306e-01
3.977057135700280410e-01
3.977310478068775690e-01
3.978776591209683966e-01
3.977290883237123431e-01
3.976807474912031903e-01
3.976538441444402161e-01
3.974943056577591172e-01
3.980609183983446764e-01
3.975626851872723910e-01
3.980576469990096955e-01
3.976230950893034355e-01
3.975508749007035658e-01
3.974374331699798146e-01
3.978593735516088303e-01
3.975532351498471950e-01
3.981603297068015967e-01
3.986153119105116382e-01
3.973520577130984499e-01
3.977359936802597473e-01
3.991153645794230931e-01
3.979259993172553633e-01
3.967295640119797850e-01
3.970556795042395892e-01
3.970927701573203628e-01
3.968661446310631224e-01
3.959074029965880537e-01
3.959606332990502353e-01
3.962582141290624804e-01
3.961148134696077516e-01
3.961548503646054042e-01
3.961337549322361262e-01
3.952953293119327305e-01
3.953070903669623215e-01
3.952179110141316731e-01
3.954246466171768559e-01
3.961065468933562816e-01
3.949844389225097840e-01
3.954373076567520018e-01
3.950653530251720946e-01
3.948634245933990705e-01
3.948054566918088870e-01
3.951495752320169919e-01
3.946338591851973332e-01
3.945634772454394978e-01
3.947422722821488095e-01
3.952038381484937468e-01
3.949079928647482030e-01
3.946686104107677284e-01
3.945185149952770143e-01
3.950354761264054382e-01
3.945608426615942466e-01
3.960473478525099456e-01
3.945943089085783839e-01
3.951185710902392345e-01
3.945027841806100777e-01
3.949027175742660933e-01
3.947066996462710864e-01
3.939147040965338409e-01
3.937864382448156841e-01
3.940512556631735608e-01
3.937168536425733056e-01
3.937499014931881147e-01
3.940056510731912431e-01
3.939417053574317817e-01
3.935894021045946989e-01
3.939106079837663144e-01
3.939012917033459793e-01
3.939668698654064660e-01
3.935847831246377382e-01
3.944957358675144632e-01
3.942491729887327989e-01
3.961313052746703312e-01
3.937058033165266591e-01
3.937443137193325504e-01
3.934074562743047898e-01
3.935419191757959512e-01
3.934065546268533109e-01
3.938672767369110206e-01
3.936327272226229912e-01
3.935708042956734265e-01
3.935697815645368136e-01
3.934160498764044944e-01
3.934282301860487774e-01
3.937183175205638541e-01
3.934263613810201621e-01
3.937761831339406937e-01
3.938280038192075727e-01
3.932440604996890743e-01
3.931305859293660609e-01
3.928162079854144451e-01
3.928481571319920596e-01
3.923307130932639497e-01
3.923630305907871429e-01
3.918575131101678655e-01
3.920355896715153610e-01
3.927276097181707781e-01
3.915308359740860555e-01
3.920559428612775399e-01
3.917588555442919063e-01
3.925149159728777981e-01
3.915683294396695713e-01
3.914228433995236567e-01
3.913704957502663895e-01
3.920934821657292013e-01
3.913933807181022018e-01
3.914588216248971464e-01
3.917521367373540397e-01
3.915476435017435364e-01
3.917823867019581963e-01
3.921954956317633689e-01
3.913629391199144880e-01
3.909015253232985265e-01
3.910964006386201675e-01
3.914668063967610134e-01
3.912703573698498305e-01
3.913663875822623872e-01
3.908062571999584844e-01
3.906226918757675359e-01
3.905542787321423237e-01
3.903733051935079357e-01
3.904050546154485546e-01
3.906723730655088933e-01
3.908659576306299788e-01
3.902956014545935215e-01
3.906425516201921244e-01
3.906536141809733853e-01
3.901139224861428501e-01
3.900870599644147840e-01
3.903350981443323708e-01
3.895592921023701138e-01
3.895703041776291120e-01
3.895793968617856651e-01
3.894287778607951056e-01
3.897669732569171708e-01
3.895397805868169860e-01
3.901883156624658677e-01
3.896715985368390811e-01
3.904817266307511470e-01
3.896407629773667725e-01
3.901177567501053489e-01
3.893632565665626766e-01
3.898805644111420499e-01
3.894919892528105332e-01
3.898438349483225873e-01
3.894344157070983026e-01
3.901712079471747474e-01
3.891976941757374631e-01
3.893751507769372400e-01
3.895420051437374354e-01
3.888250607343993748e-01
3.888533388723769968e-01
3.892981893038559571e-01
3.888232676103636765e-01
3.886883010515497228e-01
3.888039213600245625e-01
3.888875090414488089e-01
3.891852390577846821e-01
3.895332406243420809e-01
3.890405536623015581e-01
3.886934028816885767e-01
3.887396275500511478e-01
3.889611122657087305e-01
3.886028962193425196e-01
3.907465773881982352e-01
3.886071389117219388e-01
3.893499740434593348e-01
3.891043056714630355e-01
3.907040768513902473e-01
3.888452494325081998e-01
3.889716044251795846e-01
3.891730524015969417e-01
3.887362738175261789e-01
3.885052523259793777e-01
3.889360627615652821e-01
3.885297977021194282e-01
3.888249883330513468e-01
3.889694109653522025e-01
3.883680177986910120e-01
3.884564818628486460e-01
3.884897766039130396e-01
3.885419231062156031e-01
3.892386236059948157e-01
3.882284721308100761e-01
3.890252851127025679e-01
3.884465871650337743e-01
3.884141491118072720e-01
3.881072930956350753e-01
3.885627145687303163e-01
3.883436772611753018e-01
3.889755119495710289e-01
3.888413253573473338e-01
3.882586750048500068e-01
3.881987215036145078e-01
3.891318714238581333e-01
3.880169331436968405e-01
3.880494540110930313e-01
3.878965744121292136e-01
3.881217363073738436e-01
3.881150585750123838e-01
3.881288884643895876e-01
3.879215970430952565e-01
3.880177525738297550e-01
3.880715412719581980e-01
3.885271458205580841e-01
3.879598506688789472e-01
3.884449984502855169e-01
3.883698494908697230e-01
3.891918596617743309e-01
3.879213129186754871e-01
3.880726751813020625e-01
3.879047558221881964e-01
3.879686065542581330e-01
3.877183120316351483e-01
3.878421013353578473e-01
3.877541410936857780e-01
3.883849406798365322e-01
3.876071458407189807e-01
3.881201086374532205e-01
3.873648216725240623e-01
3.873300025132588864e-01
3.874715710687994807e-01
3.882200753232107338e-01
3.875491931552835223e-01
3.878981581417095259e-01
3.874287372201151158e-01
3.881297601416897614e-01
3.873569809646258411e-01
3.875591514483729405e-01
3.874746310895741397e-01
3.879524664018528246e-01
3.876541345710011188e-01
3.892052459183273361e-01
3.875510464502882058e-01
3.884035080485497282e-01
3.874371372085868570e-01
3.879383905432766677e-01
3.874335659248820951e-01
3.873655316710479246e-01
3.876624676013628590e-01
3.879197031712677268e-01
3.874466379138674643e-01
3.880984845313272258e-01
3.874216550991764763e-01
3.886750500624917004e-01
3.873711483237157194e-01
3.879887289880123991e-01
3.875962872370299350e-01
3.878485142170388644e-01
3.874754047476717256e-01
3.877024557589560105e-01
3.877188996097225004e-01
3.876661862065508002e-01
3.872884984282002341e-01
3.872373157983903247e-01
3.872128215595840306e-01
3.875791252667418751e-01
3.873082157267572212e-01
3.877454620422118858e-01
3.871432035487539225e-01
3.871590068552230868e-01
3.873356749759925832e-01
3.884436964097727207e-01
3.872825573142785749e-01
3.868473486603890565e-01
3.866950252499811169e-01
3.872318749921511705e-01
3.868970333491578151e-01
3.869090547848132444e-01
3.868911985376167761e-01
3.871073530022511311e-01
3.867747481799382325e-01
3.869755290105351686e-01
3.868182779854597020e-01
3.868467351767755913e-01
3.866156088039103822e-01
3.872882072020664146e-01
3.865231369193392608e-01
3.862032334118620791e-01
3.862082589910190711e-01
3.875640678427229591e-01
3.862740134585750384e-01
3.862786828069864065e-01
3.864338619173162681e-01
3.860370608716259255e-01
3.862883152938921261e-01
3.863491314382937469e-01
3.863483978234902860e-01
3.866094880199960615e-01
3.867109597018539291e-01
3.878074187211222323e-01
3.863440826451264853e-01
3.860989921300340133e-01
3.860227339362142795e-01
3.862128164468409119e-01
3.862432274469621563e-01
3.863131282008707701e-01
3.859735326773486297e-01
3.882137718256404857e-01
3.863721482934059925e-01
3.872086448914031642e-01
3.861988345466706996e-01
3.863878397464701187e-01
3.858620398615897340e-01
3.858561105965849225e-01
3.861223485971666536e-01
3.863608053484225424e-01
3.858775440417462899e-01
3.862070401248824947e-01
3.858283073799547158e-01
3.857831983372530527e-01
3.859897377383346151e-01
3.864372471703272360e-01
3.861174176952542614e-01
3.869014742944153484e-01
3.859081845972192060e-01
3.866940277938756276e-01
3.858223509743242130e-01
3.861710420423509760e-01
3.858408697317038394e-01
3.861757514071135766e-01
3.858853076671681093e-01
3.861738546614767453e-01
3.857837448530191948e-01
3.859431163415316668e-01
3.858803651571740545e-01
3.858387597760080667e-01
3.858250252201737562e-01
3.858905794922994348e-01
3.855654777511121067e-01
3.864719149926610919e-01
3.858726843114061444e-01
3.853868869919154783e-01
3.853933389333971116e-01
3.854675778056716462e-01
3.852289305244405160e-01
3.861892726049142022e-01
3.850199262827296853e-01
3.853640600226384549e-01
3.851153012352386829e-01
3.857459501345013586e-01
3.855677829524327693e-01
3.853597592323230736e-01
3.851108204818123881e-01
3.857464859773958032e-01
3.851795139762067555e-01
3.849888579755685880e-01
3.847403962692366730e-01
3.844472054934456873e-01
3.845749256584851117e-01
3.849749002196017900e-01
3.845609739946556083e-01
3.849081147417687809e-01
3.845630623642202761e-01
3.855115782690244908e-01
3.844564671208471895e-01
3.846015088268532889e-01
3.844903022283534533e-01
3.847863641804739609e-01
3.843780831426172329e-01
3.843567066005581512e-01
3.847330883292131576e-01
3.854536275687029390e-01
3.841410411034211769e-01
3.849357393896851720e-01
3.837423600033544324e-01
3.844406028810108955e-01
3.836502945395736663e-01
3.843643014991720008e-01
3.835788035705290366e-01
3.835621395480413587e-01
3.836397586517266700e-01
3.844157623634407162e-01
3.834916248065480260e-01
3.836192097335677231e-01
3.838759537262583232e-01
3.839061243059610495e-01
3.833894024272023193e-01
3.839787618789597401e-01
3.835360220470088177e-01
3.837378879630083395e-01
3.833905337906961530e-01
3.834839183134063911e-01
3.834625903682467585e-01
3.840931522307707291e-01
3.835877704829269152e-01
3.839129049574644403e-01
3.835828594553256643e-01
3.837206910516146041e-01
3.835599117985682982e-01
3.836439879905798045e-01
3.836417879861689362e-01
3.837912383175366426e-01
3.834844025697862202e-01
3.833633461305661627e-01
3.832383762619753775e-01
3.833897029572060910e-01
3.835519380071525375e-01
3.835892442578279771e-01
3.832748481074171321e-01
3.837156514309326694e-01
3.833485434013386151e-01
3.831595416289750311e-01
3.830708087373101978e-01
3.831245895994666029e-01
3.831362008826017518e-01
3.829631829730143489e-01
3.830981700972725390e-01
3.838337228923924260e-01
3.830352777398549069e-01
3.846713630148371754e-01
3.830589583504300788e-01
3.832777655826273833e-01
3.829425846206557793e-01
3.838238020962482788e-01
3.828357232252136977e-01
3.832993618270337799e-01
3.827663450214260354e-01
3.839131649550978631e-01
3.826837147853304755e-01
3.829879365486602016e-01
3.827372498954974556e-01
3.832150409745779807e-01
3.825231707231144251e-01
3.830298231368739481e-01
3.823992833749254583e-01
3.834058191844663122e-01
3.824379983866678656e-01
3.823434270031124127e-01
3.829046751974821139e-01
3.825194085255060883e-01
3.824361141679612497e-01
3.827459936437260235e-01
3.823915468858321010e-01
3.824817737548115160e-01
3.824611380096154534e-01
3.829049930500925125e-01
3.824038803074615855e-01
3.829870215423954449e-01
3.830922010300793490e-01
3.817274512739927128e-01
3.817439231116138143e-01
3.828405947964690914e-01
3.820417140140864309e-01
3.823390786362028115e-01
3.816868957215346359e-01
3.826536841395319355e-01
3.817228084626417273e-01
3.822814688291663043e-01
3.821498225750578626e-01
3.817336150606410183e-01
3.821963298710340240e-01
3.816839298625406274e-01
3.817416181463010871e-01
3.815370892639508571e-01
3.815544426578173498e-01
3.818111681666282453e-01
3.819213351573465531e-01
3.819466032428432412e-01
3.814969812745038213e-01
3.818524292222596483e-01
3.812651445091376767e-01
3.817334515433370989e-01
3.814754186847623685e-01
3.813439047450068453e-01
3.813544291114268070e-01
3.817042600864635205e-01
3.813746816313249854e-01
3.817167367512066534e-01
3.818548539501016581e-01
3.817297583547020201e-01
3.810780865224120406e-01
3.812794088400384140e-01
3.812941348665517260e-01
3.813897419453602389e-01
3.810732385659914012e-01
3.814847794834076988e-01
3.811200056422011095e-01
3.812035971019399061e-01
3.812196734114485785e-01
3.812303595886651908e-01
3.812533049950551090e-01
3.821439626766713893e-01
3.811546501372872764e-01
3.816098418625168409e-01
3.810195959815072531e-01
3.810029430006287576e-01
3.809414470815798426e-01
3.811034648958809834e-01
3.811901988616724357e-01
3.813049201605506755e-01
3.809545906232346124e-01
3.814230300493480774e-01
3.810455850819198242e-01
3.810892570273428648e-01
3.808199745710977302e-01
3.808335479963519399e-01
3.811989463475139450e-01
3.819458101188138444e-01
3.807545238316562553e-01
3.810921055195418683e-01
3.809122046812760121e-01
3.807184715175802592e-01
3.811050235588953616e-01
3.813445908951255126e-01
3.806316385948364522e-01
3.810707657136117588e-01
3.807787763346539012e-01
3.811476253861270647e-01
3.807114310945479141e-01
3.801846729824618909e-01
3.805087565528016413e-01
3.819992799009163109e-01
3.800209500782743555e-01
3.800863052190989744e-01
3.804718685563105440e-01
3.811944115212583251e-01
3.801461208305133566e-01
3.805789240223799719e-01
3.802575751388496128e-01
3.809259200826324299e-01
3.801363551382918593e-01
3.815292484594062783e-01
3.801376545311312971e-01
3.802986191091565771e-01
3.804745460252364486e-01
3.807812163100963154e-01
3.801915457450250058e-01
3.799108136087135934e-01
3.797740656171307849e-01
3.803358088423523520e-01
3.796534049867912319e-01
3.799190331300671963e-01
3.799640443953716806e-01
3.799415118390320756e-01
3.799791765481667083e-01
3.796655837557778024e-01
3.799606876320496540e-01
3.795952832026832091e-01
3.796316490182650161e-01
3.800750642426877768e-01
3.797244169875822473e-01
3.797618749578315911e-01
3.798793965065392353e-01
3.801628096090136077e-01
3.795569923277328228e-01
3.796023319693992981e-01
3.796312353524626260e-01
3.794299776610863262e-01
3.794938452177475385e-01
3.798233074426418110e-01
3.796470879111323860e-01
3.797526804914954646e-01
3.796818006220935016e-01
3.793917701237649043e-01
3.796214657937114767e-01
3.799167042878277001e-01
3.793487237871397411e-01
3.799408163780243486e-01
3.796353617724096408e-01
3.791872704070156086e-01
3.793387980684674310e-01
3.799169214920472548e-01
3.792394138789956237e-01
3.799850744929899049e-01
3.791347243445135073e-01
3.796768639310941773e-01
3.790697403073158278e-01
3.792605224378685080e-01
3.791982571987157491e-01
3.790115645669918654e-01
3.790211886869785385e-01
3.795639505378844980e-01
3.791898164862732568e-01
3.796762494794604925e-01
3.793647753587152671e-01
3.792905070638000753e-01
3.793254944968933451e-01
3.793016553258472534e-01
3.788899462276872354e-01
3.791011816654856204e-01
3.787301756235785244e-01
3.792990145878696318e-01
3.788465136015415347e-01
3.797658678381266029e-01
3.789474235143823200e-01
3.798221821035664414e-01
3.787770778649749981e-01
3.791149286797991791e-01
3.789281243940226251e-01
3.791716011398766351e-01
3.791654872576885604e-01
3.789823533382005172e-01
3.786244534881600399e-01
3.794481350720441681e-01
3.790234416335208634e-01
3.804354586662495596e-01
3.787691574849850751e-01
3.794588410462546024e-01
3.785341562631980294e-01
3.789214831050846666e-01
3.786323554674073111e-01
3.786385959222346997e-01
3.784480490227333238e-01
3.790389850561838858e-01
3.786480601771645138e-01
3.792210712038858733e-01
3.786225036910292885e-01
3.788350338002497986e-01
3.789442689734608405e-01
3.792130092894828719e-01
3.783385152285025366e-01
3.790592305712757182e-01
3.784131015316181679e-01
3.791803650317162599e-01
3.784186479051770413e-01
3.783128353777056030e-01
3.781805143223052612e-01
3.785637054731595952e-01
3.781978519898883673e-01
3.788430813150188703e-01
3.787303419541927507e-01
3.783626105457906230e-01
3.782675239079952290e-01
3.784637785939488630e-01
3.781950463792401185e-01
3.790844388329244197e-01
3.783576228425483690e-01
3.790935921112820739e-01
3.785705603689398235e-01
3.788891283050757064e-01
3.781992463752243405e-01
3.787925244889660537e-01
3.781788650562478704e-01
3.784217098317209649e-01
3.781416424406131571e-01
3.784550516290656752e-01
3.779317813837826945e-01
3.782140995410007145e-01
3.778265445957672553e-01
3.781207024120131210e-01
3.778625971197647759e-01
3.775197819404024213e-01
3.775800703252721324e-01
3.776658853353664913e-01
3.776047736324540938e-01
3.782596637620392888e-01
3.778016263834501065e-01
3.785947217152997313e-01
3.776252888110792072e-01
3.777203841505960003e-01
3.773740808617074283e-01
3.783420447632285799e-01
3.776311533835281509e-01
3.784872144770450308e-01
3.773434522355002541e-01
3.774179215374925955e-01
3.775380634567422899e-01
3.777420701486033372e-01
3.774686655533805446e-01
3.782581203570331008e-01
3.774529374182706287e-01
3.775582117413203709e-01
3.774889860597365754e-01
3.781182757181903442e-01
3.772838716312109097e-01
3.778720714639076661e-01
3.775057921728042221e-01
3.775739432506113880e-01
3.773627763985291650e-01
3.776170225453411855e-01
3.776788564604772191e-01
3.778344258469826800e-01
3.773714129046903398e-01
3.781510388519456756e-01
3.773522450949669538e-01
3.779877891783604560e-01
3.772781172720869325e-01
3.777655512023917472e-01
3.774927545772360227e-01
3.776589736555382437e-01
3.775125914336890376e-01
3.778785085039307323e-01
3.772018101632927944e-01
3.781697772889150433e-01
3.773431258539783895e-01
3.778643794526229116e-01
3.771994342047969018e-01
3.786591944760316908e-01
3.773621529335533520e-01
3.777128178885722498e-01
3.771690186267628309e-01
3.776009906048369280e-01
3.772691780464890177e-01
3.777750242652513357e-01
3.771712120557793035e-01
3.773805078671748636e-01
3.771546558250874481e-01
3.774175861211956917e-01
3.771981272711895095e-01
3.775563308457917655e-01
3.773293861334501287e-01
3.771379615761962789e-01
3.770190263075591797e-01
3.775845319102315023e-01
3.769254787561938658e-01
3.776415681730089235e-01
3.769174173469561073e-01
3.774700441134789530e-01
3.769209635097754973e-01
3.770466520945732758e-01
3.770541372291071336e-01
3.770745086046632388e-01
3.771375201110613307e-01
3.774295166767669407e-01
3.770233074601233580e-01
3.775077422463090637e-01
3.773080118065912369e-01
3.772164631524356215e-01
3.768990793780933601e-01
3.785477824717777273e-01
3.770330855945766557e-01
3.774704791523189051e-01
3.769281825315206058e-01
3.781061551359661821e-01
3.770045665204998508e-01
3.767054490580229453e-01
3.771355803690868980e-01
3.769926285606615690e-01
3.767501286729538212e-01
3.771371696239298466e-01
3.771385461059290622e-01
3.769594530205594984e-01
3.764436426937469160e-01
3.765536306841834602e-01
3.765066874586594503e-01
3.767033155179420056e-01
3.762306242998376127e-01
3.766006579231494511e-01
3.759074587157501535e-01
3.761053267212596252e-01
3.762359118485620879e-01
3.763618322338375122e-01
3.759918481103597943e-01
3.765882973937861866e-01
3.759930412668029409e-01
3.769445925576648260e-01
3.759311920725230682e-01
3.770089052618931236e-01
3.761029036304570639e-01
3.758190982117938783e-01
3.760206392941748410e-01
3.770481138596296633e-01
3.760810563392842365e-01
3.763084593570542036e-01
3.761712275124723392e-01
3.769796404528915623e-01
3.758036580922794467e-01
3.760412111174519789e-01
3.759016919947575919e-01
3.755574764477438432e-01
3.755769639636701296e-01
3.757550592608061568e-01
3.759969306470168360e-01
3.759737024492816881e-01
3.756567631649670447e-01
3.754271390844942102e-01
3.755575870060020027e-01
3.752602728785454644e-01
3.754966505067673377e-01
3.757372900416487416e-01
3.751999251992776951e-01
3.759333918487990367e-01
3.753743277215176866e-01
3.756656225497939094e-01
3.756823387298743322e-01
3.756892637864637230e-01
3.752091780881611771e-01
3.762181892287981833e-01
3.751629109428190612e-01
3.754004490153849405e-01
3.749751784412841404e-01
3.768726929875104714e-01
3.753914579651783656e-01
3.754852210247484057e-01
3.749839820852328698e-01
3.758650978587002589e-01
3.749488383248315015e-01
3.755574176655850360e-01
3.754325479054022030e-01
3.749618975362924989e-01
3.749921573153038867e-01
3.751285432434868783e-01
3.749829596476718652e-01
3.758730078879424230e-01
3.750405251746163349e-01
3.754527770682833387e-01
3.750702771524377921e-01
3.754161137519790303e-01
3.749656895569843940e-01
3.753164624451911235e-01
3.749675797774828512e-01
3.754028176067954470e-01
3.750976837141467013e-01
3.754701790205317580e-01
3.748356079313346911e-01
3.755624758861432766e-01
3.749320641458700476e-01
3.750314497045949547e-01
3.746872847781662630e-01
3.749569243028229582e-01
3.747544582473015806e-01
3.750586313764481261e-01
3.748037231580957918e-01
3.754661887542075638e-01
3.749832926274327960e-01
3.752477311310546959e-01
3.748558930450209270e-01
3.752669064761217643e-01
3.747664333522832680e-01
3.753449298890494390e-01
3.746594293181528812e-01
3.758466174316832942e-01
3.746955306922029050e-01
3.755472292430033776e-01
3.748313846794055215e-01
3.749174778620328330e-01
3.747024324360291869e-01
3.752653913033053290e-01
3.745307447258129918e-01
3.746751621347650940e-01
3.744598951560424993e-01
3.748930571712666415e-01
3.745566057015301542e-01
3.744355954343965287e-01
3.744956879928469928e-01
3.749260269351158970e-01
3.744335585852254233e-01
3.748724692488301646e-01
3.743597316780508111e-01
3.756596566536040127e-01
3.744017083490547293e-01
3.747504334253764502e-01
3.744498584345259951e-01
3.745552208174132147e-01
3.747876883069412024e-01
3.750896103505010348e-01
3.744501031938426427e-01
3.747924680595832170e-01
3.745863222641382384e-01
3.747141221552671153e-01
3.741517081375447806e-01
3.740009948933994965e-01
3.740867044871948321e-01
3.751986682380954452e-01
3.740382271005288084e-01
3.740423354689966784e-01
3.741968162135724807e-01
3.753644819157689883e-01
3.743360167813064021e-01
3.746828714669070415e-01
3.742910517611112708e-01
3.740243670982945079e-01
3.743495259302867528e-01
3.740601700139959962e-01
3.740302449478353219e-01
3.746227954630931833e-01
3.740793612605366469e-01
3.746135884535941596e-01
3.744102958008830306e-01
3.747835293818015390e-01
3.741029431577903019e-01
3.744790021109988820e-01
3.739103088605424396e-01
3.743483572964268480e-01
3.740089608744804339e-01
3.741833755125794081e-01
3.740114251335651674e-01
3.744261923083221366e-01
3.741505942720457778e-01
3.747244236634991732e-01
3.739942418997840856e-01
3.749050694730161615e-01
3.738867573106994802e-01
3.749904258875356722e-01
