1.033633365284556405e+00
1.035776357272944814e+00
1.035607875534440669e+00
1.046668753148450648e+00
1.040788547119751328e+00
1.026434356696864114e+00
1.081875567663355353e+00
1.020961425878551987e+00
1.013394681349536253e+00
1.013194833411771301e+00
1.013369112930442961e+00
1.011749286079873800e+00
1.011535801848520988e+00
1.032938027591243424e+00
1.019441941557663656e+00
1.012820814228840405e+00
1.011211888506428735e+00
1.049446749930079248e+00
1.059477891133964178e+00
9.862638161325731900e-01
9.862015883925904225e-01
9.852214527218888795e-01
9.879612615657384911e-01
9.908720039147573821e-01
9.780381703996019471e-01
9.914216059198669440e-01
9.766003296749636853e-01
9.521810658039022712e-01
9.548954331299027709e-01
9.516940958114109561e-01
9.563475325372550184e-01
9.799396176005689130e-01
9.852883645599972429e-01
9.337673455823424229e-01
9.331564664160457712e-01
9.454572967719918619e-01
9.389095598932828413e-01
9.305222800117091131e-01
9.274491490330716292e-01
9.375352642524058533e-01
9.317183239142032836e-01
9.364573268733566991e-01
9.167679688844901920e-01
9.949804983222414467e-01
9.514019626291201348e-01
9.231012276406579398e-01
9.020208618036713588e-01
9.020208618036713588e-01
9.020208618036713588e-01
8.991733354970441461e-01
8.922727808617780809e-01
8.821748132143165666e-01
9.100920295894494583e-01
8.821748132143163446e-01
8.989586387387303867e-01
8.966087029146921905e-01
8.852828619045299829e-01
8.821748132143163446e-01
8.821748132143163446e-01
8.821748132143163446e-01
9.234408376207412505e-01
9.337194157318899901e-01
9.225037225837182664e-01
9.649609034272550456e-01
8.821748132143163446e-01
8.821748132143163446e-01
8.821748132143163446e-01
8.821748132143163446e-01
8.821748132143163446e-01
8.553110217031845153e-01
8.663848427790211693e-01
8.553110217031845153e-01
8.553110217031845153e-01
8.553110217031845153e-01
8.662918362508869041e-01
8.553110217031845153e-01
8.553110217031845153e-01
9.052439608290999695e-01
8.569217432452995720e-01
8.875427349618197903e-01
8.517640994294657375e-01
8.346159126158466668e-01
8.458303011973666852e-01
8.695839462194424607e-01
8.865348050728334428e-01
8.361021203291260084e-01
8.362859363104577781e-01
8.436001938704679182e-01
8.343752691862194037e-01
8.457696711365333408e-01
8.336924059397655684e-01
8.409467579013446548e-01
8.356362337457431400e-01
8.184066549025185155e-01
8.136470529557667808e-01
8.427165879881153288e-01
8.126661755289057432e-01
8.297796100805034936e-01
8.174613962180949933e-01
8.374493323924608879e-01
8.082164019323423432e-01
8.797599747028858053e-01
7.919853793377915618e-01
8.520635655252932761e-01
8.011760315008925604e-01
8.128997764584182661e-01
7.943007749226069780e-01
8.405613712403914306e-01
8.000292821406572719e-01
8.617064675304811905e-01
7.924005335655706084e-01
8.157747078559254295e-01
7.902054688182102993e-01
7.698359222173684069e-01
7.655903494238784912e-01
7.666722459018926461e-01
7.624012990154594993e-01
8.184482624314481924e-01
7.574130798061033953e-01
7.740331347915174742e-01
7.617541346477432196e-01
7.910500723860627303e-01
7.554455616484668790e-01
7.845708570229174006e-01
7.554455616484668790e-01
8.034692156393626883e-01
7.554455616484668790e-01
7.998824315123432838e-01
7.508015153288640775e-01
7.921642491133004116e-01
7.582949750004760459e-01
8.310575798839763273e-01
7.596878777547282358e-01
7.934036493464430295e-01
7.774964721117049171e-01
8.079246837338932563e-01
7.693054756747027545e-01
8.295173132452833276e-01
7.508015153288641885e-01
8.331994168506262621e-01
7.508015153288638555e-01
7.523140219239872195e-01
7.508015153288640775e-01
7.509582915303197881e-01
7.508015153288640775e-01
7.515913799982387733e-01
7.508015153288641885e-01
7.548139171774129741e-01
7.570198306338898897e-01
7.563086316537932507e-01
7.508015153288640775e-01
8.169214503781925263e-01
7.508015153288638555e-01
7.520605072604302777e-01
7.508015153288640775e-01
7.420776369783640414e-01
7.420776369783638193e-01
7.433292593776293922e-01
7.407608961780860479e-01
7.456614943193050626e-01
7.735290753201115033e-01
7.741291322117147544e-01
7.430196506367803266e-01
7.657389697156060659e-01
7.455659029691167339e-01
8.184042881160525917e-01
7.434859251017763571e-01
7.657862804793634792e-01
7.407235073612526977e-01
7.747473999501550690e-01
7.401411341525753196e-01
7.448624591969272846e-01
7.420371879929339443e-01
7.679838666261206148e-01
7.442068174457926455e-01
7.777901706277468019e-01
7.640396142020813297e-01
7.766217214641822908e-01
7.503751866960599592e-01
7.498907262677692032e-01
7.337187697868868819e-01
7.590538673950826265e-01
7.364408561534602216e-01
7.661507542451649888e-01
7.494986601546215210e-01
7.702322417310938363e-01
7.701512905321197255e-01
7.318366114120214982e-01
7.306825312178014675e-01
7.426251277659042804e-01
7.320975608261086620e-01
7.454121913396651866e-01
7.530738100320032435e-01
7.461787268024967501e-01
7.305322577528375882e-01
7.641658162341771199e-01
7.113651483847720502e-01
7.816347141143524802e-01
7.241741221057131916e-01
8.194116278852234814e-01
7.398763927686816677e-01
7.538032350182083396e-01
7.495357477830706383e-01
7.150620279075921015e-01
7.164715388600213508e-01
8.699361725625003317e-01
7.083050142207980571e-01
7.495006992099926268e-01
7.467003816692316942e-01
7.622631960800164697e-01
7.198413036510272756e-01
7.505674627738641025e-01
7.151145739721498362e-01
7.456900265912353998e-01
7.103522725453182973e-01
7.129360769744617077e-01
7.121179768092370521e-01
7.293051033490771662e-01
7.099860147205387939e-01
7.057259601920714553e-01
7.063689532943663307e-01
7.044247369067859754e-01
7.044247369067858644e-01
7.018306727993780525e-01
7.018306727993782745e-01
7.266633654036562806e-01
7.018306727993780525e-01
7.514688512477782911e-01
7.018306727993772753e-01
7.290817460140143202e-01
7.018306727993773864e-01
7.251642001547535799e-01
7.018306727993772753e-01
7.196659263483621283e-01
7.018306727993772753e-01
7.046640236854143646e-01
7.018306727993773864e-01
7.491610583696760584e-01
6.876179492703139440e-01
7.107115553288169130e-01
6.955483071473775869e-01
7.378907687019342632e-01
7.050244868207072857e-01
7.055191644781493299e-01
6.876179492703131668e-01
6.857157023642630467e-01
7.008027564715406665e-01
7.625109182487184167e-01
7.224577716157608576e-01
6.930456936217422870e-01
6.841287531504915975e-01
6.844911368653574524e-01
6.823930105268463109e-01
7.419855251981528621e-01
6.817038696922858021e-01
7.085756512439410626e-01
6.832215929930957055e-01
7.008329594688258446e-01
6.835996483746826780e-01
6.902716748261253921e-01
6.862966345584246008e-01
7.262218659273588228e-01
6.811261765205969265e-01
7.397398766346581223e-01
6.840781252676153557e-01
7.449768774678896532e-01
6.881502138315300776e-01
7.074602836499241931e-01
6.821215275728135241e-01
8.064926246828282297e-01
7.089066256922118558e-01
6.803308409648314292e-01
6.826910545833231314e-01
6.747817453308468938e-01
7.104467651681447560e-01
7.044313271304770696e-01
6.880437120566330611e-01
7.150480514029549095e-01
6.762807057828416069e-01
6.665866255518070327e-01
6.655423377576329402e-01
6.583518347081901423e-01
6.893509485579385476e-01
6.903936975965829781e-01
6.992508244339651347e-01
7.513510713196727142e-01
6.721315078246894448e-01
7.551060005883174497e-01
6.663204627234933231e-01
7.261233102706823317e-01
6.583965326893854719e-01
7.205400098258168962e-01
6.524541893024375927e-01
6.722629914710713805e-01
6.527423975015116397e-01
6.787242730411474634e-01
6.507779110025806446e-01
6.529737707455799400e-01
6.511114148212142627e-01
6.903437772629480440e-01
6.507779110025807556e-01
6.958509358465236883e-01
6.521383805522975585e-01
7.151743385333132474e-01
6.396916085855586243e-01
7.437153037182421267e-01
6.745534309544888307e-01
6.876498260904863047e-01
6.431990782294656483e-01
6.644919508426129218e-01
6.396916085855590683e-01
6.812137766080209600e-01
6.396916085855585132e-01
6.568083088127204539e-01
6.396916085855588463e-01
6.427021436419321221e-01
6.396916085855581802e-01
6.416991158497036274e-01
6.396916085855581802e-01
6.496059058082100934e-01
6.490551859520435896e-01
6.432428098591751464e-01
6.396916085855585132e-01
7.333455516295059873e-01
6.616999294043746094e-01
7.125395583278916201e-01
6.509029979394780341e-01
6.543282176395663896e-01
6.683163993515424117e-01
6.947081058232379425e-01
6.445736036253683077e-01
6.547804249403126331e-01
6.560085106706368130e-01
7.046114111442065564e-01
6.422360489487106694e-01
6.899492883153025558e-01
6.400499508766224199e-01
6.628432230913313683e-01
6.421412727556229383e-01
6.784078759296230388e-01
6.293764726305054458e-01
6.471367750821725995e-01
6.310832174558983487e-01
8.342001692620567566e-01
6.307745024776020282e-01
6.831632526947587492e-01
6.327018324191795440e-01
6.577642353179654622e-01
6.340974399099974512e-01
7.080860168330538329e-01
6.500241449123960180e-01
6.807992940802363169e-01
6.432420620819614410e-01
6.571241246731962526e-01
6.347268812132449423e-01
6.885929702359359084e-01
6.744482615529243663e-01
6.911437708253350687e-01
6.416091883865010503e-01
6.823702202376825676e-01
6.407447552247642619e-01
6.853595955951035101e-01
6.345533331972657010e-01
6.843835514097639239e-01
6.369876020863796118e-01
6.520862969419904953e-01
6.327423709057107271e-01
6.250513122332272964e-01
6.389122128725249761e-01
6.231727439817239533e-01
6.222183387609805383e-01
6.274366223865550651e-01
6.099384281514389494e-01
6.109108729691632433e-01
6.394156508112345261e-01
6.197818673364272613e-01
6.523197239999120045e-01
6.101612404804227507e-01
6.149172124067973089e-01
6.127290581310259610e-01
6.235270434245144822e-01
6.139274257456160955e-01
6.131651675678694291e-01
6.135980109280153583e-01
6.082436008208708111e-01
6.083220510526461400e-01
6.083165036960526129e-01
6.072270034705986586e-01
6.373751692853744100e-01
6.120156529256901567e-01
6.267870631859601138e-01
6.063473153334266730e-01
6.183822697811690583e-01
6.085082598060944648e-01
6.085741170172186409e-01
6.096577683479266208e-01
6.180082862169316016e-01
6.044559002578024920e-01
6.059155155977824503e-01
6.032293280461552554e-01
6.073330567492933874e-01
6.077608662553928287e-01
6.086281738655342499e-01
6.015768495679583161e-01
6.279331698076889845e-01
6.121679839366538367e-01
6.130978277692941125e-01
6.095027853372421145e-01
6.128868055889012956e-01
6.046439864993404800e-01
6.429762582882229127e-01
5.993822649396488567e-01
6.242570931153448299e-01
6.047774778871102264e-01
6.021826922120432357e-01
6.016857245216735706e-01
6.012200680953464493e-01
6.028517480099081505e-01
6.278798737443841427e-01
5.993546359704050586e-01
6.084376986701282020e-01
5.999292614387030653e-01
6.138380076503295868e-01
5.991901431416178925e-01
6.069310652483574930e-01
5.963471394988705265e-01
5.941816264245847190e-01
5.963773752133627593e-01
6.002954794348467349e-01
5.941816264245849410e-01
5.966225785282343042e-01
6.078003146479863394e-01
5.941632977522621761e-01
5.846793675081382036e-01
5.761907988989748430e-01
5.731626751314532475e-01
5.971016315575727873e-01
5.721096480203486934e-01
5.849907224623703828e-01
5.697455205880224138e-01
5.714006237149629186e-01
5.746220409944962082e-01
5.716549855904953237e-01
5.732614279863299522e-01
5.759412592388596375e-01
5.690829925311161608e-01
5.761182386499237307e-01
5.678671545761404538e-01
5.912539530997523718e-01
5.740528199979514357e-01
6.035912421044249410e-01
5.802281309207695248e-01
5.936875129788055094e-01
5.715605624131258056e-01
5.765902335870652928e-01
5.718722031568107544e-01
5.857941112514799542e-01
5.684005151404301071e-01
5.708924891419564496e-01
5.673703193009337342e-01
5.880377875921659614e-01
5.673177871903296587e-01
5.948620878434480730e-01
5.670863926438071134e-01
5.763968373147013713e-01
5.677813644592161202e-01
5.754281565925216668e-01
5.699129754922824809e-01
6.000337235036147243e-01
5.670725024175811146e-01
5.766869946916576284e-01
5.669313438558012397e-01
5.774809071847250008e-01
5.776147094057678677e-01
5.689374888502604088e-01
5.679197076528686994e-01
5.802192697117524167e-01
5.677795401208993731e-01
5.653180555682333353e-01
5.660828201517602576e-01
5.820945736980037699e-01
5.744142131139311491e-01
5.916316631077396249e-01
5.658769364525904066e-01
5.730618303763124199e-01
5.680220365433955587e-01
5.729388702471187589e-01
5.671623818098227021e-01
5.818713645691855341e-01
5.664274747647490837e-01
5.848728866497971968e-01
5.660372319517124051e-01
5.790713088561221245e-01
5.650406300491150891e-01
5.815809710632856566e-01
5.747672318261753954e-01
5.732107589156500982e-01
5.690770697830859204e-01
5.818875464726706026e-01
5.657413955143568707e-01
5.681347213401536367e-01
5.649385169336665902e-01
5.681013963028531677e-01
5.670824459454897326e-01
5.683118170488219434e-01
5.692040650544891722e-01
5.859604813036197735e-01
5.640411134248430880e-01
5.806676168305989760e-01
5.640411134248429770e-01
5.786272515291368546e-01
5.664353732282998433e-01
5.895856778332583259e-01
5.688382164048375600e-01
5.745024812080574694e-01
5.673576763003251866e-01
5.719593567694010172e-01
5.645509927319097843e-01
5.638297223891159948e-01
5.648312780328845761e-01
5.886905549632366341e-01
5.660008020215508973e-01
6.022646276621764772e-01
5.711297486613196028e-01
5.648812232576568837e-01
5.616753612071005985e-01
5.771064562110129748e-01
5.611442008391644976e-01
5.708733630673874515e-01
5.651867158779863010e-01
5.754899707419210975e-01
5.639990721321579414e-01
5.773216517973607242e-01
5.639315721581803498e-01
6.025958098597600232e-01
5.640260608337116510e-01
5.843257436653804815e-01
5.631803435628720544e-01
5.701986464735510074e-01
5.693942186575053910e-01
5.688556200760555015e-01
5.603320542922245462e-01
5.706844818482095238e-01
5.598903964682104828e-01
5.696961690775660392e-01
5.590196367083872797e-01
5.682301804792642130e-01
5.581537144787326321e-01
5.734842246699899393e-01
5.585153236694593293e-01
5.751602810592663095e-01
5.616701721999348695e-01
5.671771654359555326e-01
5.579766669908002852e-01
5.790969432820429752e-01
5.588875166692263141e-01
5.755607929060383432e-01
5.582583624864854155e-01
5.675363121851151327e-01
5.584720721571519997e-01
5.649371761418712223e-01
5.677564846912401819e-01
5.611392141260043154e-01
5.618998652342026556e-01
5.745495757263563430e-01
5.571962194922318590e-01
5.704920807750042400e-01
5.560980959263273071e-01
5.836749430080873102e-01
5.561640165740799890e-01
5.684371948338396985e-01
5.578644782966766247e-01
5.931355319986190144e-01
5.587484676348881685e-01
5.722530629693298732e-01
5.572241713192926937e-01
5.689273108020788117e-01
5.589555196738528187e-01
5.721253837144680832e-01
5.581195229832645044e-01
5.683372586089934231e-01
5.572128390846383672e-01
5.627708176579099275e-01
5.583376170236847846e-01
5.704701742980063939e-01
5.590594202297414217e-01
5.664473599836397089e-01
5.626220467730946861e-01
5.665828444157440247e-01
5.592018845776385305e-01
5.622856924867259965e-01
5.566648786095887980e-01
5.634294241683818205e-01
5.629745038198005203e-01
5.563351182381792714e-01
5.611585114336947733e-01
5.567444143519422184e-01
5.587746949025318433e-01
5.562043372876521730e-01
5.561513418676659049e-01
5.565061418617243127e-01
5.574176072968738405e-01
5.560980959263274181e-01
5.590768901147292747e-01
5.566309284613722985e-01
5.573610911716599947e-01
5.552828637906255249e-01
5.609774571319093850e-01
5.546158002157983713e-01
5.494793182098690609e-01
5.488709177826220920e-01
5.635684034411271304e-01
5.526090011668917112e-01
5.603725034704647445e-01
5.502867406372085046e-01
5.505415955714657583e-01
5.502055998036011752e-01
5.511375029787488611e-01
5.504105535996328680e-01
5.528470348060907646e-01
5.507069677375768801e-01
5.517740501600965075e-01
5.485893087602379259e-01
5.522666598356898993e-01
5.504637800891315491e-01
5.512965745886576618e-01
5.443915982200715487e-01
5.481816508165294755e-01
5.438026830764774999e-01
5.475881661352938190e-01
5.429695126042420883e-01
5.464726814848569481e-01
5.451552194836917220e-01
5.451482174303288186e-01
5.429111598096086899e-01
5.485164284315532379e-01
5.436820640350423783e-01
5.486401104107651028e-01
5.443361083817952473e-01
5.442612265132202864e-01
5.433550263126806223e-01
5.460319709396782573e-01
5.444765752703023542e-01
5.440733423252780421e-01
5.407273820104061546e-01
5.398731873580162599e-01
5.403160751376255844e-01
5.383016866861211058e-01
5.383250545416314869e-01
5.413979945227684887e-01
5.384310106575984634e-01
5.408491465876673621e-01
5.388862074026308235e-01
5.396717197776832453e-01
5.388378192451226401e-01
5.456413618974139679e-01
5.392156893420450015e-01
5.406927536974299731e-01
5.377854971873985424e-01
5.461067240726464878e-01
5.375617911932114579e-01
5.403542568690707926e-01
5.383775540436502860e-01
5.389857449529520395e-01
5.386010435268729912e-01
5.360416265748780829e-01
5.346501009941267979e-01
5.348953369928649559e-01
5.344270222668007220e-01
5.366924352592735703e-01
5.343334347923796024e-01
5.365730093097406117e-01
5.339894968788146956e-01
5.346217076960547709e-01
5.349448744647268272e-01
5.375645767227080762e-01
5.349118468516428360e-01
5.359551138838463125e-01
5.352304584296849743e-01
5.467713431946854552e-01
5.345460955777147083e-01
5.405471888476292008e-01
5.348636392232168912e-01
5.365823290412951030e-01
5.340273176491586726e-01
5.372305213591752615e-01
5.340440615816046677e-01
5.359488430598519093e-01
5.340579920910657474e-01
5.529039663450685538e-01
5.364106547472752284e-01
5.336675045228460590e-01
5.357129646509524168e-01
5.336359450569483354e-01
5.343969306771900740e-01
5.374243773712612526e-01
5.336180414527673666e-01
5.382791841664721355e-01
5.320071646913293595e-01
5.374744681699722415e-01
5.328078482234236413e-01
5.314956929909292471e-01
5.327642024457868164e-01
5.339695804956131608e-01
5.314658252271985406e-01
5.316250757804158455e-01
5.340746636904697420e-01
5.339059723984946881e-01
5.362406300939875914e-01
5.367658460287811906e-01
5.321191511109371053e-01
5.278411038815604694e-01
5.286412811184544314e-01
5.316729945905775967e-01
5.296195907617708976e-01
5.275304955556746611e-01
5.278169607003404540e-01
5.320769334455381916e-01
5.274897514666202492e-01
5.293381976888156260e-01
5.278737398794711710e-01
5.303753852910924049e-01
5.266398177493324395e-01
5.260323044426895578e-01
5.275732738924709952e-01
5.329238668333561302e-01
5.248216144380186687e-01
5.283251686798495772e-01
5.233722619268283971e-01
5.263039650692169502e-01
5.233357386898034314e-01
5.281149766525211620e-01
5.225725175793380917e-01
5.215159206600412656e-01
5.210699413913243427e-01
5.219304442473340355e-01
5.211907568299422033e-01
5.233229402598390534e-01
5.204003692112711965e-01
5.264460663817338570e-01
5.201050763819843326e-01
5.219324179937874231e-01
5.220283547381485700e-01
5.312195022628196650e-01
5.221510552177286435e-01
5.212737992411609067e-01
5.205174430927123064e-01
5.230644885260473664e-01
5.196533258367443953e-01
5.208316892866026171e-01
5.199468214122342502e-01
5.226578356667159753e-01
5.235379118547247579e-01
5.207044302857046780e-01
5.195944428550453020e-01
5.210113843511621212e-01
5.211326825771164239e-01
5.229319395188378738e-01
5.188774820993830028e-01
5.242128144155441261e-01
5.188449883404715468e-01
5.219958698688298426e-01
5.210632517831212951e-01
5.205926593477838704e-01
5.195964489182541834e-01
5.207813993674095254e-01
5.190323921318020783e-01
5.234927876818304959e-01
5.192647886626904352e-01
5.235941823441637721e-01
5.185926902132516059e-01
5.171231457598036707e-01
5.153260833527939511e-01
5.158275787656636524e-01
5.181829306201125585e-01
5.168266083331990446e-01
5.142966622767060070e-01
5.153337163880046257e-01
5.126940116077438603e-01
5.186356052885345846e-01
5.174540583532730720e-01
5.182628318413967650e-01
5.136489642731325578e-01
5.157532949716961967e-01
5.136679796462205738e-01
5.227550753838493547e-01
5.135334204685877424e-01
5.148161828390810379e-01
5.129454938828704735e-01
5.206672696349985419e-01
5.141319795282912608e-01
5.156064449959972817e-01
5.134012132993462929e-01
5.130923252977792615e-01
5.132844726104077715e-01
5.144789037884012206e-01
5.127256201833254590e-01
5.118790545303278927e-01
5.117083770620586280e-01
5.117205124984869347e-01
5.123731079186570891e-01
5.139086321534926949e-01
5.157263953447991378e-01
5.124396032767088993e-01
5.113681092511037640e-01
5.127577190070107260e-01
5.103940470346984837e-01
5.153947897065613848e-01
5.110719355251097662e-01
5.098446379928782690e-01
5.104596337726446942e-01
5.108817663828685296e-01
5.112987949933849308e-01
5.100950250392984886e-01
5.133509998618324133e-01
5.098225437935366422e-01
5.116842053920180877e-01
5.131279541065548733e-01
5.073682364302570802e-01
5.050312577512088286e-01
5.046978059865692146e-01
5.071520004139344895e-01
5.067080073520735528e-01
5.031109041866395071e-01
5.026661237119188774e-01
5.077023153947332057e-01
5.019487702559303210e-01
5.046311017008408006e-01
5.017571426582149163e-01
5.039356044865963558e-01
5.016995587548622737e-01
5.100638787526675655e-01
5.028614344767172728e-01
5.018797882298475788e-01
5.030924760351271896e-01
5.034725287869334931e-01
5.007850972843784776e-01
4.987333200816876366e-01
4.992675621050837731e-01
4.964934256898770881e-01
4.964300810518108564e-01
4.981913658609342654e-01
4.967114879672949734e-01
4.976361865707611964e-01
4.960129963052944957e-01
4.963233934587637508e-01
4.960806361154835309e-01
5.027255310988598680e-01
4.960069077681927285e-01
5.056721034951705551e-01
4.948588803166183436e-01
4.970228807925106684e-01
4.930828145929566642e-01
4.940180697938766907e-01
4.959261371792609840e-01
4.956398471801848338e-01
4.932104554083353576e-01
4.925923977473050108e-01
4.945974155340086553e-01
4.943633749952093814e-01
4.914871410620688663e-01
4.942415469877570189e-01
4.903158841490402597e-01
4.902454600548620256e-01
4.889040020311649637e-01
4.928824076403673371e-01
4.894579103164676259e-01
4.904171045506739990e-01
4.927287444371810654e-01
4.911489335551252333e-01
4.881220647220242403e-01
4.875738362770331014e-01
4.896488330327696259e-01
4.855165149722991957e-01
4.870586791088438172e-01
4.934418750430130673e-01
4.871092601226982288e-01
4.894130106349299791e-01
4.850711502494364225e-01
4.847580537184311145e-01
4.847147353295935268e-01
4.961764036110387077e-01
4.845475723040502669e-01
4.887613415960104790e-01
4.852018717803106562e-01
4.863093737812149708e-01
4.868264044357666354e-01
4.851062923903604052e-01
4.880529379687206237e-01
4.977110305510142330e-01
4.836399928815931504e-01
4.837514640273415933e-01
4.825674117641486349e-01
4.860122563918534699e-01
4.824132866810100229e-01
4.847183557214211902e-01
4.892078746628770181e-01
4.771340631658461673e-01
4.770526020503407238e-01
4.749411176392046019e-01
4.775078703385206014e-01
4.769394505352780311e-01
4.763149686664190363e-01
4.738824609468917926e-01
4.780257958534333551e-01
4.748998871462296045e-01
4.726447405546226888e-01
4.744225559752491272e-01
4.755763172973043185e-01
4.730117658359825894e-01
4.725728694503467664e-01
4.735551338447328562e-01
4.707842498614328575e-01
4.710109534764949091e-01
4.705292112226137635e-01
4.702585388486562601e-01
4.704018236185760760e-01
4.726036142167730492e-01
4.704124973332983739e-01
4.676148512011503722e-01
4.674897802608050101e-01
4.734917262435566765e-01
4.677089130179276077e-01
4.716051694062649569e-01
4.675553703628053115e-01
4.717960985178701327e-01
4.671031515548418334e-01
4.695491943159688653e-01
4.672482764025965851e-01
4.729902881175682694e-01
4.699085467285252782e-01
4.717780947454211504e-01
4.675720947966104935e-01
4.704446151707604717e-01
4.673482423466907010e-01
4.728816268673107226e-01
4.680343966833126479e-01
4.696103596880063513e-01
4.676834168390788249e-01
4.751119104265004722e-01
4.688706687436037801e-01
4.709232995243832209e-01
4.659295061789290315e-01
4.656932505884911477e-01
4.653489307733945646e-01
4.712311238360303856e-01
4.669802654350498905e-01
4.669006988644815448e-01
4.659213024117621615e-01
4.734976050185852325e-01
4.646586539142094630e-01
4.639736278087635002e-01
4.645004077357703376e-01
4.645579130182178607e-01
4.665049271999168190e-01
4.672935559423485041e-01
4.645891818710787824e-01
4.666202409615505253e-01
4.644568188270086773e-01
4.650230491243106945e-01
4.643886926533083992e-01
4.636535573444657832e-01
4.642636997926873899e-01
4.684284612594145636e-01
4.648438329010954329e-01
4.671265752104184488e-01
4.629637409097996370e-01
4.630492418877734662e-01
4.626156218284927513e-01
4.635272923809423684e-01
4.635281132409130866e-01
4.735033955502710445e-01
4.585345233708372770e-01
4.619121118907725809e-01
4.602548486826276708e-01
4.720591625687436954e-01
4.576517208287527172e-01
4.609615412283886160e-01
4.584778092074945910e-01
4.575729515476603670e-01
4.584811708789578444e-01
4.564077986013215793e-01
4.565258864664921146e-01
4.559707900537677272e-01
4.577177405869409244e-01
4.582583909362247243e-01
4.582554344267785185e-01
4.589562776013306755e-01
4.571922020091815919e-01
4.612785691774829444e-01
4.544548813587450109e-01
4.590840801272101368e-01
4.560999744406100120e-01
4.546878388563725393e-01
4.563029206396791437e-01
4.572703895887689218e-01
4.553261578991703584e-01
4.633544607056947484e-01
4.573738009175373209e-01
4.633721013006883993e-01
4.550309667363626742e-01
4.581376924484205637e-01
4.537253777832105373e-01
4.570314088724035106e-01
4.541466130709464477e-01
4.517761622856911741e-01
4.506534863220397757e-01
4.527678183283936342e-01
4.512323623607962797e-01
4.540027743607314425e-01
4.526103003246906842e-01
4.538518987844682995e-01
4.511698536139457372e-01
4.562047024864240297e-01
4.528844688708500432e-01
4.539041594914740019e-01
4.523366517892692951e-01
4.518364374781315695e-01
4.505347282259333230e-01
4.561504708739092528e-01
4.532284712436935314e-01
4.545078778864859448e-01
4.506193169362906481e-01
4.531899822362620012e-01
4.514742743393404534e-01
4.548420976726090248e-01
4.500020411951164978e-01
4.546797413170522439e-01
4.500753487419132948e-01
4.596596809951203899e-01
4.495787167897939973e-01
4.531484864254281542e-01
4.496061748387531476e-01
4.569898076995778102e-01
4.506630953124673988e-01
4.533841183631296401e-01
4.498226310348173995e-01
4.517647210394316604e-01
4.502662606951181035e-01
4.526011213194970351e-01
4.493609836868153184e-01
4.550703233167664452e-01
4.509371435451896559e-01
4.584729945542868057e-01
4.515290975894855063e-01
4.515067073372336925e-01
4.494920468831674065e-01
4.552852303573938775e-01
4.510432450854248709e-01
4.479848112212350686e-01
4.486677321826409992e-01
4.524547479899369007e-01
4.490606190967317279e-01
4.574206692007156683e-01
4.476533039208901443e-01
4.491953643884334935e-01
4.488004856392454611e-01
4.539240591658670332e-01
4.483251712535819000e-01
4.502302093042381825e-01
4.484234546474973326e-01
4.503845796468245455e-01
4.482151043215469866e-01
4.483589188802121761e-01
4.489377551873622307e-01
4.558950295531360997e-01
4.499442468721537858e-01
4.494611288109091607e-01
4.491083655471082570e-01
4.485186680598994280e-01
4.480233111036404092e-01
4.488740606999125360e-01
4.487061931565439199e-01
4.503170910041531805e-01
4.495754197550735354e-01
4.496237218622680665e-01
4.487423931142175415e-01
4.504905265359020472e-01
4.481615660544830404e-01
4.496957863160157554e-01
4.482030332291395136e-01
4.482152445531144558e-01
4.485191463781892929e-01
4.522950437484666297e-01
4.501005099976930768e-01
4.473955103684341128e-01
4.499754371117089535e-01
4.471952923764569987e-01
4.481747636110562372e-01
4.482800535343356985e-01
4.481242954156751113e-01
4.470868432131558934e-01
4.477501457587401701e-01
4.467376770403395647e-01
4.459051395882718816e-01
4.462981516151022232e-01
4.469774125360861383e-01
4.471512386611734557e-01
4.468178793457339704e-01
4.481565491354446151e-01
4.467779770844278464e-01
4.461280733340436400e-01
4.479101258732385293e-01
4.458160207621643667e-01
4.470932554745321585e-01
4.465089049054700165e-01
4.481882349297778290e-01
4.460563131242863966e-01
4.468095094423061853e-01
4.455274340186368143e-01
4.448069187937520041e-01
4.452742840086973963e-01
4.442146183603732368e-01
4.447774249126718593e-01
4.441499485114088208e-01
4.451108155547837675e-01
4.468873531537432275e-01
4.444721909256800219e-01
4.448316997261590466e-01
4.439447355528344241e-01
4.429684997483776532e-01
4.426270861388210687e-01
4.440042173257633396e-01
4.425198355626827618e-01
4.444480858786375443e-01
4.424642405214000984e-01
4.424030298174508324e-01
4.426251320845904225e-01
4.424279615358437945e-01
4.440386455546734834e-01
4.404705926399354876e-01
4.402115688770388835e-01
4.402884708185190732e-01
4.397885358140825041e-01
4.409576976360087275e-01
4.402420465039378894e-01
4.392413005082775879e-01
4.397675185827606970e-01
4.383491528439618645e-01
4.379604322587090648e-01
4.388454044819540267e-01
4.386833690595801083e-01
4.368845296215361218e-01
4.371022800525130036e-01
4.374729383419780904e-01
4.369712755387347158e-01
4.374286354543637789e-01
4.366238430230442447e-01
4.393889018030928129e-01
4.369044792139365474e-01
4.376111443231698872e-01
4.371145105433094091e-01
4.392163335910165278e-01
4.367307163631607425e-01
4.364334671401737809e-01
4.369853973414907777e-01
4.369968229051314212e-01
4.364126801518329324e-01
4.364108749928831132e-01
4.358319380121085662e-01
4.377521399702028471e-01
4.362055159183084174e-01
4.365082871398713316e-01
4.369595657356747376e-01
4.376418661873798244e-01
4.361317730134602333e-01
4.348879045589938430e-01
4.341692171593021232e-01
4.348673965371674943e-01
4.341163508643836599e-01
4.336688655787130919e-01
4.337422060437801652e-01
4.345626486285956713e-01
4.346967107407326836e-01
4.329671613813387832e-01
4.327459688438957675e-01
4.337957442790636442e-01
4.326685387807043814e-01
4.336970931851136801e-01
4.329683270041170817e-01
4.334156332437716919e-01
4.325983068478239102e-01
4.357172284485489877e-01
4.332378587989494934e-01
4.334534079914081905e-01
4.328248206661400310e-01
4.328373654232102741e-01
4.326485899446608774e-01
4.356763816000727707e-01
4.335810661650442710e-01
4.307319415826622588e-01
4.307775632000500066e-01
4.329528388660861538e-01
4.302054718553833812e-01
4.313372205530566772e-01
4.302873091446653975e-01
4.319416217099712463e-01
4.305308291696809952e-01
4.308325752812634524e-01
4.301312678724014127e-01
4.303112072937385624e-01
4.302692949619893459e-01
4.325469285416667087e-01
4.297039281988271897e-01
4.294009679812549329e-01
4.295832052118618849e-01
4.313147418782432574e-01
4.304673536323144201e-01
4.339446200905592299e-01
4.305349251543373335e-01
4.309291686646254949e-01
4.295935251474247707e-01
4.291710323739850175e-01
4.297919774540974736e-01
4.286916255812659449e-01
4.294010771175257868e-01
4.293169368082710435e-01
4.291898179149665760e-01
4.299753492318041936e-01
4.284948477018805102e-01
4.282982086166645108e-01
4.291459881820259836e-01
4.315435419112837456e-01
4.276424603389826218e-01
4.288997776646482629e-01
4.284108360777864055e-01
4.279770966261439713e-01
4.277399995027543200e-01
4.280853486118508244e-01
4.277262341214597141e-01
4.288615597985253602e-01
4.270187061149692265e-01
4.265746110393863755e-01
4.264268311534440414e-01
4.259104601906936738e-01
4.264260007867298752e-01
4.274660813069151022e-01
4.259621333626358308e-01
4.271558649159070131e-01
4.254051453142235761e-01
4.260089701751218483e-01
4.256390000947568586e-01
4.261987777212904449e-01
4.265953598188819695e-01
4.253900502637638636e-01
4.258735207825539715e-01
4.281147494067352177e-01
4.251515365584007111e-01
4.274859858632216181e-01
4.259505967850779062e-01
4.263189051316879086e-01
4.265270337737908646e-01
4.255064219407335147e-01
4.264930345177696536e-01
4.255188370627661643e-01
4.251617521731747007e-01
4.237075264811081543e-01
4.233819092627925107e-01
4.236687147798925968e-01
4.242971574012849301e-01
4.255726012602289443e-01
4.234501876156700484e-01
4.252818448299819920e-01
4.240368768727907356e-01
4.235031340648981457e-01
4.248396247872828768e-01
4.218043701871190820e-01
4.221978747528548070e-01
4.225245020538859753e-01
4.224221256385771728e-01
4.224087226709303811e-01
4.220364083163328228e-01
4.218643666109900825e-01
4.222300255304441974e-01
4.241937334387412273e-01
4.219227565511179945e-01
4.221139238029086305e-01
4.225614955206128398e-01
4.233953124855111549e-01
4.216248088299588970e-01
4.218946885360186916e-01
4.215895587008717804e-01
4.214808463877602884e-01
4.214790700154856795e-01
4.232301577575497409e-01
4.215033519627552350e-01
4.241436824366575098e-01
4.218153593604006546e-01
4.227713633054743791e-01
4.213653061195475891e-01
4.217719160379292953e-01
4.212521879467487906e-01
4.221593113188576996e-01
4.215234429542666361e-01
4.244698787844922161e-01
4.214098413082264516e-01
4.225081963618619874e-01
4.211885131170163277e-01
4.211764327940560326e-01
4.208364245921447644e-01
4.219979765983137843e-01
4.211839176258707074e-01
4.206434830253956703e-01
4.210508983102034808e-01
4.215424037733724871e-01
4.208717205381801163e-01
4.208352318405536585e-01
4.213022233261148886e-01
4.218090488214941702e-01
4.205736793093788339e-01
4.223632416756289421e-01
4.204816609863819554e-01
4.220566022021028374e-01
4.201415150326849868e-01
4.198866127309937024e-01
4.193512389072239221e-01
4.199440860171972378e-01
4.196730149238385166e-01
4.196719898252823100e-01
4.191894567519927062e-01
4.195284109046569232e-01
4.196761061119391178e-01
4.194372570606362816e-01
4.188262613474374452e-01
4.198350643824864115e-01
4.193298646718068290e-01
4.190015491551872806e-01
4.187368866748217289e-01
4.205823646017857742e-01
4.194469996203945006e-01
4.203186559436056791e-01
4.185280922307680340e-01
4.188257654327834922e-01
4.190800029771449831e-01
4.208076893758244119e-01
4.186359016389032961e-01
4.206586251276724364e-01
4.189683918437195342e-01
4.195079040219618638e-01
4.185009389989202133e-01
4.199134198802731976e-01
4.187203179717724488e-01
4.190527452562837207e-01
4.177812557278540173e-01
4.192198530703041826e-01
4.182946088250779071e-01
4.190023185112658477e-01
4.184354709666182059e-01
4.183392350256410208e-01
4.182650524680115445e-01
4.175852494168318385e-01
4.178076988787365331e-01
4.185302377843506116e-01
4.175227820748003138e-01
4.182821834537745476e-01
4.173379065804604937e-01
4.184850818524410432e-01
4.176867983140569174e-01
4.183451579976648071e-01
4.177009151409430410e-01
4.186302765049767505e-01
4.181845939210662721e-01
4.174619247030968427e-01
4.168672856417603434e-01
4.180955372136386239e-01
4.171166897858665790e-01
4.171607831737259575e-01
4.169667898442083742e-01
4.177018715108707925e-01
4.168823883554378940e-01
4.167408907791033124e-01
4.170272556297203170e-01
4.172944808827740992e-01
4.167825399559923483e-01
4.182638792303430830e-01
4.170239159124974337e-01
4.168781709341338182e-01
4.161536717491055026e-01
4.179217054474352322e-01
4.166686487065652256e-01
4.161495634367040064e-01
4.165787260126970204e-01
4.173093271649068181e-01
4.163214291458230965e-01
4.150798781198797860e-01
4.150312493666864500e-01
4.164842060536151358e-01
4.150251138870650891e-01
4.156909964656906875e-01
4.151600249483177185e-01
4.172470987779983709e-01
4.157207309263886708e-01
4.154635056997638687e-01
4.155002624822878299e-01
4.153276157283818937e-01
4.146206422824668114e-01
4.148059442484502979e-01
4.152961119242394306e-01
4.148758195846955488e-01
4.145073065046888661e-01
4.155155271460310162e-01
4.147929634813349309e-01
4.163487964062094759e-01
4.145667450224791439e-01
4.151348833181467968e-01
4.151034261697099659e-01
4.148750646649860818e-01
4.140895943577240779e-01
4.145949034882103201e-01
4.139787501500444278e-01
4.145679942390740336e-01
4.141050052634411283e-01
4.147869261842175859e-01
4.134524803234246870e-01
4.140285634502334222e-01
4.132990269415038331e-01
4.139829152716649197e-01
4.139015133159413273e-01
4.147441764117975049e-01
4.134477414516480875e-01
4.148314858613256773e-01
4.134716278514023458e-01
4.138520540779900836e-01
4.138962964009372802e-01
4.145466353447643804e-01
4.131701406045658054e-01
4.138773976337788985e-01
4.134865840447329854e-01
4.136234331609357495e-01
4.136944033960128775e-01
4.143346402965866759e-01
4.135737949278451286e-01
4.136269459451299979e-01
4.133916733292160028e-01
4.142203345783548873e-01
4.135205460005628164e-01
4.141146989688283542e-01
4.128745759626952783e-01
4.140062561215370751e-01
4.128695359007942267e-01
4.142755970337178018e-01
4.131284626588059838e-01
4.141109976481291421e-01
4.131493159561950290e-01
4.133104588888817377e-01
4.131166743664653751e-01
4.132952863841258262e-01
4.131803889221482007e-01
4.133217228724762604e-01
4.126599116074626261e-01
4.140609753139673499e-01
4.125963475258590529e-01
4.142261264857877712e-01
4.128373973060219804e-01
4.136980763875318656e-01
4.131426800888118311e-01
4.139712374845663789e-01
4.127398800399382783e-01
4.134563578091870473e-01
4.128048959410121621e-01
4.136560267008145830e-01
4.129756657394101360e-01
4.138418632518270357e-01
4.128881222015743924e-01
4.134040631475652816e-01
4.127286597273915891e-01
4.133834254120762886e-01
4.128334776562515573e-01
4.125240976425003647e-01
4.132407506628548721e-01
4.123504695324896052e-01
4.137482602200616144e-01
4.119032265457838737e-01
4.119403606576760302e-01
4.124213829921337116e-01
4.118212691945570270e-01
4.117432512995531368e-01
4.116116386297016261e-01
4.128171241899113442e-01
4.118376958811912347e-01
4.124520377394156334e-01
4.122919332131325110e-01
4.098610398618567352e-01
4.105677402423162925e-01
4.115387494993806849e-01
4.105330163984186043e-01
4.094486740619834308e-01
4.095452123013211820e-01
4.095279764890403795e-01
4.095506439361316642e-01
4.100805184516179702e-01
4.090511758596538927e-01
4.103014214412076255e-01
4.094157350298828213e-01
4.098995559865467042e-01
4.099608809619817440e-01
4.091579018720486460e-01
4.093328507285075024e-01
4.086325544150981592e-01
4.088734631110381157e-01
4.095242739268567522e-01
4.084534160628646715e-01
4.090294717564533777e-01
4.087658861000366128e-01
4.095840589991283087e-01
4.090658906736116540e-01
4.092471407742335754e-01
4.084365094575116428e-01
4.093879524417423643e-01
4.094686067471888236e-01
4.098681420531930519e-01
4.082855628237208601e-01
4.082621424686325162e-01
4.085892171259390415e-01
4.089619446077949472e-01
4.085417124637848452e-01
4.088045150611844814e-01
4.082239027041701940e-01
4.083436259062323548e-01
4.083624056137620806e-01
4.099188228448396587e-01
4.084175255093840939e-01
4.090131219783846861e-01
4.086096849565628020e-01
4.094978597498927786e-01
4.093328213952656114e-01
4.088899987356565680e-01
4.083546814221418186e-01
4.081700082505687055e-01
4.081976780855399722e-01
4.083244712787445496e-01
4.086052179383645733e-01
4.087855457508280943e-01
4.086260561745613806e-01
4.088441877773770217e-01
4.082619143340092682e-01
4.080173919965562335e-01
4.082771319749202155e-01
4.093548521987452893e-01
4.085525553268944954e-01
4.086896491739205328e-01
4.083577388574819445e-01
4.079603819344625459e-01
4.078442785868259812e-01
4.090355863948494375e-01
4.080881861714505954e-01
4.091877285766539751e-01
4.081666165849173189e-01
4.097134869886488451e-01
4.085865793495297993e-01
4.070877691805219745e-01
4.075430383236549603e-01
4.085505607853623933e-01
4.064695457957044344e-01
4.066629457643542445e-01
4.064915571123743354e-01
4.067541390626974174e-01
4.067037562412296192e-01
4.073533235581803247e-01
4.073502016433098727e-01
4.079144869784629424e-01
4.065474375431324394e-01
4.062082380099312218e-01
4.061754276177442780e-01
4.076623157359522964e-01
4.063846505878112025e-01
4.069179443142728059e-01
4.075709848800522228e-01
4.061760236160700255e-01
4.064235062022085732e-01
4.083490717748686216e-01
4.065849460741295940e-01
4.074690490899320894e-01
4.065136457371332779e-01
4.086244781524940861e-01
4.059355760156960202e-01
4.071134379234585543e-01
4.064444277365697467e-01
4.076206801302594274e-01
4.061136376440516171e-01
4.073385762653578546e-01
4.057585855795205476e-01
4.064663062198400900e-01
4.059279021588147462e-01
4.062276278546616548e-01
4.062346137684851310e-01
4.069807309425507169e-01
4.060545389486094336e-01
4.065467753583235644e-01
4.061641564223854584e-01
4.063587143036577198e-01
4.061115682376331693e-01
4.069514535377937170e-01
4.058117238822498973e-01
4.075181020160648093e-01
4.062490684787627981e-01
4.057068974879596834e-01
4.062423772549124124e-01
4.055550696612243433e-01
4.056568944619945993e-01
4.070480003065459762e-01
4.060538488020102865e-01
4.054911538520708514e-01
4.055089808823848507e-01
4.058274406134221302e-01
4.059089197290269846e-01
4.063024608756533040e-01
4.056485471756515193e-01
4.063248209804918853e-01
4.055969930828425829e-01
4.067073753464109376e-01
4.060199330739658330e-01
4.066031277301589419e-01
4.054763489070175031e-01
4.053048807444599722e-01
4.057236184141958524e-01
4.067054114761632921e-01
4.056414495215001637e-01
4.059269346956544400e-01
4.053456884973021812e-01
4.058086964480674408e-01
4.052057848221853886e-01
4.067891967241188400e-01
4.056082304397279348e-01
4.063011611831390257e-01
4.051712990282129168e-01
4.052710001169524956e-01
4.050366387163878978e-01
4.065635071448445159e-01
4.052577633698575266e-01
4.046572051191167363e-01
4.051234171018679997e-01
4.060050914410373024e-01
4.048898653788765567e-01
4.063754391247077491e-01
4.052837370123413829e-01
4.064392087985829183e-01
4.052639000783414547e-01
4.060475763745358124e-01
4.050120619029773938e-01
4.059359549147049107e-01
4.048400138018118377e-01
4.059391397389320866e-01
4.057326098464195674e-01
4.073583081548666218e-01
4.048746169489639835e-01
4.047664964676174759e-01
4.049691877755327574e-01
4.056258716308357992e-01
4.049956812462185418e-01
4.056099435428245359e-01
4.052355598376943813e-01
4.054424230243718341e-01
4.045415203030697238e-01
4.045577897948645640e-01
4.047540044727954700e-01
4.061638340351573784e-01
4.049014581226951792e-01
4.068575926091939077e-01
4.046727600715336326e-01
4.042915444034552719e-01
4.041865592887950442e-01
4.041771571508953609e-01
4.045799980349349956e-01
4.069906193650926762e-01
4.043542645690439974e-01
4.042685970097130155e-01
4.043241663189072188e-01
4.046816432957980880e-01
4.039986745827117698e-01
4.049876894190224674e-01
4.039724842170899222e-01
4.045663809880569728e-01
4.039048655039289004e-01
4.047910104875427351e-01
4.038023490998170484e-01
4.040172831241787277e-01
4.040518102463050987e-01
4.045928987907760899e-01
4.038759447047946538e-01
4.036563799126816066e-01
4.037898135817711842e-01
4.046566735334879428e-01
4.035405913934746458e-01
4.032139511764336048e-01
4.036502921895556706e-01
4.043803078273597862e-01
4.030745379261554406e-01
4.034514435259611842e-01
4.035491196789908197e-01
4.035970699622922764e-01
4.033339153432589086e-01
4.039688864423042203e-01
4.033488853232364835e-01
4.034258487749524114e-01
4.031656655748984686e-01
4.039002683513674419e-01
4.033360440832415850e-01
4.041612605446610051e-01
4.033768999143389489e-01
4.044179173988446951e-01
4.035637851838472789e-01
4.044962782134233770e-01
4.033833114054027891e-01
4.036190320284801514e-01
4.032181924412549523e-01
4.054747074190004907e-01
4.033559344312089290e-01
4.051736610701234254e-01
4.038826813408619154e-01
4.031964438006077067e-01
4.035064994293447449e-01
4.036666299212888220e-01
4.033648609640700933e-01
4.038977711176428009e-01
4.030064778263481862e-01
4.052223242083091703e-01
4.029486221801026891e-01
4.036082084505727141e-01
4.044500770003737755e-01
4.039771164655922564e-01
4.034095116635139089e-01
4.052322396922201642e-01
4.031890069563611734e-01
4.037702730648811689e-01
4.030161425858430624e-01
4.041810936978442736e-01
4.032563024738230473e-01
4.040635837847191825e-01
4.032687456915067803e-01
4.035868278138893817e-01
4.035255570738479070e-01
4.031525424843823147e-01
4.035268891288941728e-01
4.037701437236449475e-01
4.030244888544413095e-01
4.036514351958829794e-01
4.031719975533705758e-01
4.034759002309447617e-01
4.030356186099600113e-01
4.036161060460495276e-01
4.034881098249438192e-01
4.033835190584362795e-01
4.032723798754717648e-01
4.033642352249670604e-01
4.029463870284739069e-01
4.034077642561103016e-01
4.031244967163851167e-01
4.035844839517582217e-01
4.032117641691823628e-01
4.039677032841031967e-01
4.031289410802412765e-01
4.035625834631525466e-01
4.027229251656341824e-01
4.030055526600839766e-01
4.027486934040195865e-01
4.028042364827398858e-01
4.026511506827733511e-01
4.027415881295626776e-01
4.027720839401053854e-01
4.025414086234800903e-01
4.028045161533886365e-01
4.025125234492255011e-01
4.027198173314226470e-01
4.025185155696668904e-01
4.029174820580812555e-01
4.025226750811975451e-01
4.027607723582061761e-01
4.025327128861310166e-01
4.027779060919950416e-01
4.025877158763645491e-01
4.026685294330531462e-01
4.026113415795231076e-01
4.024986386012157635e-01
4.025814510009265712e-01
4.028614436910925578e-01
4.024893917004462862e-01
4.024944839903482063e-01
4.026732766795116381e-01
4.025428310077853178e-01
4.026924963968478433e-01
4.025835642030917705e-01
4.025459871994167549e-01
4.031199098083378396e-01
4.028991743714618878e-01
4.020814770156975748e-01
4.020833662465162495e-01
4.022144251781479829e-01
4.021380495595557325e-01
4.022344382045601741e-01
4.020233190641256948e-01
4.020319142579277805e-01
4.021131916941189099e-01
4.019783662263312074e-01
4.019933485647955718e-01
4.021494102761217215e-01
4.019578746733778463e-01
4.020489189167635868e-01
4.019857948398850578e-01
4.022294058143807693e-01
4.020412287784033145e-01
4.021478079524758442e-01
4.019890914230098145e-01
4.016550733275823792e-01
4.016567835820288868e-01
4.023227410237997237e-01
4.016909174948268269e-01
4.019774253588460078e-01
4.015805874249420704e-01
4.016969989014330666e-01
4.015908555090388354e-01
4.017802421975578131e-01
4.015681244717219101e-01
4.021100149962858472e-01
4.013925589867379795e-01
4.019171279558861887e-01
4.013278275947227969e-01
4.017404829200706406e-01
4.013342959648147912e-01
4.013253421784550579e-01
4.012625462901842632e-01
4.014868047072179258e-01
4.013353642260116816e-01
4.013826633685013690e-01
4.013322962681925010e-01
4.013931415854403717e-01
4.012894857958441697e-01
4.013977715401303437e-01
4.012857274038058586e-01
4.011540467944288424e-01
4.012383659314991968e-01
4.014841664969750479e-01
4.011596893915015949e-01
4.016512177125560190e-01
4.011602283451401463e-01
4.012881925845475650e-01
4.012711360699211527e-01
4.013707228337380362e-01
4.012333983873033749e-01
4.011323018452114253e-01
4.014887769655441918e-01
4.010175262740047764e-01
4.009945541503008304e-01
4.013229377962476696e-01
4.009241450521850991e-01
4.013713545708711972e-01
4.010792014128031768e-01
4.007037045685212240e-01
4.008468063039857254e-01
4.006206253611570567e-01
4.007967896893420146e-01
4.009049365683585164e-01
4.009083745718806102e-01
4.007359808028437276e-01
4.006992107724476893e-01
4.008789682994347014e-01
4.006606241710314320e-01
4.006546489414488654e-01
4.006968547164884153e-01
4.012643473633999980e-01
4.006107423984336391e-01
4.005202199860034007e-01
4.007828597247907743e-01
4.010640948435100772e-01
4.007405346243476107e-01
4.005693183049934269e-01
4.007982247558929401e-01
4.007407564006170708e-01
4.004997826945552730e-01
4.008410202969459601e-01
4.004097184449318947e-01
4.002940536027922991e-01
4.003330802969922719e-01
4.006424250983364743e-01
4.000922212511327514e-01
4.004099019319726227e-01
4.001649036428345796e-01
4.004221561797215445e-01
4.001067541976651709e-01
4.002982616785277226e-01
3.999751558754922609e-01
4.000597585253667376e-01
4.000901421551374404e-01
4.003112464827315309e-01
4.001631591512487263e-01
4.000808443818008042e-01
4.000773205417400002e-01
4.002985385590082101e-01
4.000746053303366745e-01
3.998501637308989887e-01
3.999062701129587061e-01
3.999149979359494234e-01
3.998409985174119496e-01
4.001740100526964272e-01
3.999532159790246122e-01
4.000453134493007212e-01
3.999301278395276937e-01
4.002758878957556332e-01
3.998545106935121329e-01
3.998528858693495835e-01
3.998796443535218570e-01
4.001349700883760629e-01
3.999072915073070278e-01
4.003974595301035277e-01
4.000739278623395290e-01
3.999914238643875741e-01
3.999354045620198694e-01
3.998895070499619009e-01
3.998956345597036166e-01
3.999822227187180279e-01
4.000132876066047061e-01
3.999825143857870247e-01
3.998116269121957389e-01
4.001689122095993811e-01
3.999362356145526598e-01
3.997450641919958469e-01
3.998990622806284922e-01
3.996181566377685068e-01
3.998404927440620815e-01
3.998749111553050462e-01
3.996189649132687594e-01
4.000267715872998231e-01
3.995434016083754813e-01
4.000560011307500163e-01
3.998594147880852323e-01
4.000376736867174987e-01
3.997585085067251187e-01
3.992459241388081614e-01
3.993415848375737598e-01
3.992377936402565775e-01
3.993275628687940615e-01
3.991909135243087992e-01
3.991342564748193156e-01
3.993658920779206700e-01
3.991062063698016527e-01
3.987789622777312415e-01
3.989006079533327642e-01
3.991252384911553319e-01
3.986999192103867773e-01
3.987943553580778344e-01
3.987483668614607013e-01
3.990917351068873908e-01
3.989870779655484978e-01
3.989236723978336063e-01
3.988410654625579865e-01
3.988275378897419010e-01
3.986746192143283962e-01
3.987265205601781548e-01
3.986781063062548869e-01
3.992354420839306361e-01
3.990448756271743891e-01
3.987321434025701272e-01
3.987560836195723768e-01
3.985446886463150928e-01
3.985484607334016660e-01
3.982971440255046458e-01
3.982731708509372748e-01
3.981036587042894315e-01
3.980940559042001059e-01
3.986304670475069867e-01
3.981109246387872225e-01
3.986412797951529585e-01
3.980520042587184504e-01
3.982661030708039562e-01
3.980011012454425234e-01
3.978955407710709768e-01
3.979344592266643166e-01
3.977037344506915706e-01
3.979083646870232860e-01
3.977851532572362903e-01
3.977995114087315431e-01
3.980431640267339533e-01
3.977843115052605016e-01
3.980415372894043902e-01
3.976891464225173478e-01
3.976320450124657957e-01
3.979074802932501820e-01
3.978884016090208364e-01
3.977638226905174657e-01
3.980077857523591223e-01
3.976759944693544213e-01
3.980944417158747695e-01
3.976288068791522523e-01
3.976748511767725369e-01
3.977005539507066367e-01
3.976932456348733491e-01
3.976361157966299964e-01
3.976998510117206176e-01
3.977498839984233148e-01
3.978636762831146423e-01
3.977298262162800024e-01
3.978266766432736468e-01
3.975556030618250247e-01
3.980438624760426758e-01
3.976824978521072973e-01
3.976728214452440180e-01
3.976116293648898625e-01
3.975136803092140791e-01
3.975130846061604162e-01
3.979637585967106816e-01
