1.179366845569410627e+00
1.174870137885639210e+00
1.185311446072568886e+00
1.184772782131637392e+00
1.202361986716756981e+00
1.150993287710092572e+00
1.104161023587596047e+00
1.109504289615811157e+00
1.105206945395533547e+00
1.104544004748557295e+00
1.104232549613332948e+00
1.136660304611460948e+00
1.118473907502351095e+00
1.061128132435925631e+00
1.056062906565051973e+00
1.055892618040526587e+00
1.091272170984435741e+00
1.059950117935159808e+00
9.908057432857103608e-01
9.961396729889345769e-01
1.015503176601555646e+00
9.944067143728200220e-01
9.804397178934798340e-01
1.010185007696528414e+00
1.057785564948551027e+00
9.127557393388011642e-01
9.150896387664072540e-01
9.079380149502662700e-01
9.079380149502662700e-01
9.079380149502662700e-01
9.084501088017421511e-01
9.337351103360556070e-01
9.321713746622245500e-01
9.052959769615226415e-01
9.052959769615226415e-01
9.192109240136987491e-01
9.633104636075353611e-01
9.234908635645089348e-01
9.052959769615226415e-01
9.052959769615226415e-01
9.052959769615226415e-01
9.021748003035410246e-01
9.126770194462614505e-01
9.522407540429116413e-01
8.927304666178914605e-01
8.927304666178914605e-01
8.927304666178914605e-01
8.927304666178914605e-01
8.927304666178914605e-01
8.927304666178914605e-01
9.098049840383825027e-01
8.805659771465015329e-01
8.805659771465017549e-01
8.805659771465017549e-01
8.805659771465017549e-01
9.375720264176303775e-01
8.805659771465014218e-01
8.805659771465014218e-01
8.687197381339666347e-01
8.452657764674880170e-01
8.540538481600735699e-01
8.449751817962453115e-01
8.483320963997378339e-01
8.425741647543260049e-01
8.449240356403691088e-01
8.968906691907724271e-01
8.500607908817480185e-01
8.658298922254542562e-01
8.344349165426754311e-01
8.384558974354884286e-01
8.298238863750272420e-01
8.300068434662526418e-01
8.829408016822655192e-01
8.204196528939339261e-01
7.870333800353961351e-01
7.853401719209325282e-01
7.742938102549585810e-01
7.777089626654672960e-01
7.833508514154972069e-01
7.746976427214332661e-01
7.583946217654263799e-01
7.577111207959857930e-01
7.668923942452663400e-01
7.694915738292354979e-01
7.660057555302974830e-01
7.869892381299973261e-01
7.847052216020929949e-01
7.581269701508949188e-01
7.826123815029527586e-01
7.573861095971219370e-01
7.324735238675268434e-01
7.324735238675268434e-01
7.339293592551007217e-01
7.324735238675268434e-01
8.172543114790374874e-01
7.293558740563899079e-01
7.062082925788815135e-01
7.062082925788815135e-01
7.439926802150625962e-01
7.062082925788815135e-01
8.085815320347504720e-01
7.062082925788815135e-01
7.489033334449953783e-01
7.301778939991776518e-01
7.580198245084711628e-01
7.062082925788815135e-01
8.465965387442179191e-01
7.062082925788815135e-01
6.865142836381414870e-01
6.865142836381414870e-01
6.774169195291820378e-01
6.774169195291818157e-01
6.814863765923104832e-01
6.774169195291820378e-01
7.267619971760643782e-01
6.774169195291820378e-01
7.037654424069281767e-01
6.972622119710086830e-01
7.013010275845295016e-01
6.730560270776926313e-01
7.606898180094889828e-01
6.602002979835822627e-01
7.583233180025897857e-01
6.615056015668152600e-01
6.498235336467614864e-01
6.531871598165116533e-01
6.474007264231892433e-01
6.461401842975160736e-01
7.360532940483635045e-01
6.494122340378034597e-01
6.524732659321698103e-01
6.438351265231524456e-01
6.572601766783884303e-01
6.611938640104968457e-01
6.723377929115239571e-01
6.435761586911388221e-01
6.436570415356966945e-01
6.407007476381666455e-01
6.527745940826660265e-01
6.547337773344900080e-01
6.575812929364865944e-01
6.359448770783590055e-01
7.064204241850881028e-01
6.473012104985803594e-01
6.321968123148802299e-01
6.336430747945376307e-01
7.218614294304627199e-01
6.313963385241934123e-01
6.732395354710304369e-01
6.318733360900202767e-01
6.606126175483153506e-01
6.338484534466251041e-01
6.377670695823105529e-01
6.313963385241933013e-01
6.632097043977737139e-01
6.313963385241933013e-01
6.352428678366522918e-01
6.302863586413026686e-01
6.631692372850993555e-01
6.538369608271787925e-01
6.600501899467425826e-01
6.302863586413027797e-01
6.887102468759374041e-01
6.302863586413026686e-01
6.636988317682117611e-01
6.302863586413025576e-01
6.696033492024117129e-01
6.302863586413025576e-01
6.333969828871044427e-01
6.302863586413026686e-01
6.426817857270464840e-01
6.342665795110697946e-01
7.233361234246993288e-01
6.395342422879720656e-01
7.340765626660734622e-01
6.302863586413027797e-01
6.960992609947049825e-01
6.302863586413026686e-01
7.018137643697374140e-01
6.302863586413022245e-01
7.291229548126564319e-01
6.304111532289721209e-01
6.386050846357776978e-01
6.350253703534283201e-01
6.275993423637383772e-01
6.337316797518129929e-01
6.909765675163175302e-01
6.246319133971212079e-01
6.290815089299732765e-01
6.281711421101503490e-01
6.416678002772870926e-01
6.268687575207574358e-01
6.253104739419542701e-01
6.313939019251888496e-01
6.812205038020454628e-01
6.297994914901745567e-01
6.765243703259488095e-01
6.375455406881107567e-01
6.700535292849220115e-01
6.228001447433128002e-01
6.690550233496678212e-01
6.386733259734670431e-01
6.728946499862807906e-01
6.195463035260329043e-01
6.941642777191826541e-01
6.209051817037414267e-01
6.952095246320355582e-01
6.210482494551284871e-01
6.371739657423775016e-01
6.248339166245846510e-01
6.371741894545551732e-01
6.230938050577046194e-01
6.391220260570518175e-01
6.218157991951119845e-01
6.345173892530199256e-01
6.196815213014177370e-01
6.175126679600938528e-01
6.401920655045831854e-01
6.247089743680458440e-01
6.475018852807282732e-01
6.138548791561493356e-01
6.156866520424226774e-01
6.146195769647200269e-01
6.466973096734565107e-01
6.142734918819959811e-01
6.232180273954808225e-01
6.116102269162612126e-01
6.272168633746851851e-01
6.115685401404414856e-01
6.181559319719324153e-01
6.111250831501932046e-01
6.192000982383477625e-01
6.116713313742133673e-01
6.147450528744712317e-01
6.112574001132240475e-01
6.182393524163718457e-01
6.111250831501930936e-01
6.038983434030030795e-01
6.038831982988376312e-01
6.046204783025711516e-01
6.038831982988374092e-01
6.042507402004323458e-01
6.038831982988372982e-01
6.047281692579655754e-01
6.035713583736733723e-01
6.163165194036874794e-01
6.085780448371060913e-01
6.383350437992544313e-01
5.997020489945713573e-01
6.122381526712777911e-01
6.103864325756604980e-01
5.797654989732050623e-01
5.811387996575609893e-01
5.862051748003859197e-01
5.811086513568416434e-01
5.925412792160831277e-01
5.787701816231125562e-01
5.853403960261227557e-01
5.764180737633095575e-01
5.751606946618140759e-01
5.748885618860630764e-01
5.837788971477134714e-01
5.741691143085564386e-01
5.781883386880318776e-01
5.760756139554418231e-01
5.735395723245757527e-01
5.726408546190939752e-01
5.818300990922360416e-01
5.773435855803141781e-01
5.897196295225878293e-01
5.777404233573215642e-01
5.766342114361510118e-01
5.687166251265373118e-01
6.041425596132359299e-01
5.683933644658921702e-01
6.013053166208492950e-01
5.713730167780811664e-01
5.764713100915759281e-01
5.685236444021909419e-01
5.663251621327545227e-01
5.716062842768361296e-01
5.892604664939631309e-01
5.677411539621471936e-01
5.736560518628592842e-01
5.690740910673811603e-01
5.678399901921292736e-01
5.668503724518146880e-01
5.667231923389769443e-01
5.671214974036621337e-01
5.667913621854439032e-01
5.659985143875034819e-01
5.686361474535188698e-01
5.659729560120413394e-01
5.655004798030331958e-01
5.655799303112206688e-01
5.733900968005815058e-01
5.650421787198717238e-01
5.732808605334315244e-01
5.648584008420529656e-01
5.824898676152394650e-01
5.639405529073683310e-01
5.648661087713077178e-01
5.639197462676807104e-01
5.799537718575018541e-01
5.639197462676808215e-01
5.786286142910199715e-01
5.639197462676803774e-01
5.681764920692710108e-01
5.642558170923306360e-01
5.839442702896816551e-01
5.622846347135056488e-01
5.892122660050759242e-01
5.606949184577483258e-01
5.596816090923095732e-01
5.629389697000660719e-01
5.556734115704878851e-01
5.590297608268821605e-01
5.686052824326720545e-01
5.635357821577053894e-01
5.595817294778521189e-01
5.571996246286383681e-01
5.580111686031544727e-01
5.559430603076369604e-01
5.623524958652739159e-01
5.624997968336210574e-01
5.428551321932101326e-01
5.516229659789765316e-01
5.475601080979997093e-01
5.440541683281054919e-01
5.463433823077264995e-01
5.441545275972068385e-01
5.576560399129583123e-01
5.449390633026137687e-01
5.458175338747599525e-01
5.428864100295088813e-01
5.532184948727152385e-01
5.431196856875539769e-01
5.619400565649583790e-01
5.436893191232174960e-01
5.478021804726795896e-01
5.448892108683035529e-01
5.441384761360810174e-01
5.441541788399761881e-01
5.525082499140474557e-01
5.436639921274627474e-01
5.458392780580691994e-01
5.431208939220072418e-01
5.457518844236253219e-01
5.428545750569438999e-01
5.423860000792564140e-01
5.425106329413346140e-01
5.451415130891452687e-01
5.419365022015423250e-01
5.481759015963868498e-01
5.418891718416907199e-01
5.603283297941586971e-01
5.500039189544394524e-01
5.570819828039462740e-01
5.418356211323209770e-01
5.431589057254827546e-01
5.489266088681339362e-01
5.591735625357499018e-01
5.489508459839884669e-01
5.446043570234928577e-01
5.416375043418361068e-01
5.458689988740558219e-01
5.415763812318303838e-01
5.430926124180984749e-01
5.415763812318307169e-01
5.419766920234778684e-01
5.415763812318302728e-01
5.494067291129675068e-01
5.405339480220274773e-01
5.442305337102403273e-01
5.388143888570340323e-01
5.434740935327594391e-01
5.382980722522947570e-01
5.412804488013207571e-01
5.442132289337787698e-01
5.598532754764713459e-01
5.386986823898680665e-01
5.453627176914165320e-01
5.421431201989609372e-01
5.545123936085684102e-01
5.368194719548641247e-01
5.519915206853541756e-01
5.415205343822018236e-01
5.411910059818283436e-01
5.422166054215024067e-01
5.349120158988109885e-01
5.364038866751977830e-01
5.402293603224460616e-01
5.363267336669120811e-01
5.403180404008146587e-01
5.342581527718172074e-01
5.669884069500983337e-01
5.343802942747842843e-01
5.327532988955527848e-01
5.335301354204595725e-01
5.381318214242412079e-01
5.339518535603545724e-01
5.399223545660212231e-01
5.330318095485178098e-01
5.372663136882569468e-01
5.336080416572516194e-01
5.337488830483009261e-01
5.329196694236244536e-01
5.321506668380178162e-01
5.325350202170598957e-01
5.740733465353911047e-01
5.317320801183642587e-01
5.512498479725661538e-01
5.359223610070659172e-01
5.356823086686613999e-01
5.381870582259017377e-01
5.428659321258189063e-01
5.316351533394850781e-01
5.348289906218104406e-01
5.323845086598087972e-01
5.340598132482109461e-01
5.320635941457597662e-01
5.412244024976320400e-01
5.317898064533665980e-01
5.443524517988408418e-01
5.308473692147694933e-01
5.410314668532573146e-01
5.305962475351256868e-01
5.426801857446519328e-01
5.304561981911352087e-01
5.357308495788493108e-01
5.304561981911347646e-01
5.641752555548472658e-01
5.312193016696393766e-01
5.253518152086645854e-01
5.253518152086649184e-01
5.285323090020256354e-01
5.274563005083543477e-01
5.278793210443617490e-01
5.301357310567414993e-01
5.353728414658995849e-01
5.309709581848224280e-01
5.413735518715432349e-01
5.264799784507481206e-01
5.410651488790935160e-01
5.249794208144341612e-01
5.329863053323840028e-01
5.297168589532689209e-01
5.274150164688927722e-01
5.276033060992835200e-01
5.503787202111570798e-01
5.252058903921251742e-01
5.386015798553049905e-01
5.264297298129479996e-01
5.322689052811436783e-01
5.245380662723564402e-01
5.259344671854820907e-01
5.238499250249689654e-01
5.243989904127186463e-01
5.263357048016734652e-01
5.284821617793971082e-01
5.240727701375064163e-01
5.401104613769862617e-01
5.242037512529359455e-01
5.274526541461833640e-01
5.228720478722538312e-01
5.440076900432616602e-01
5.230233063987621556e-01
5.332742868536382019e-01
5.290875150985246966e-01
5.338844825239050795e-01
5.243293566724516186e-01
5.267362686261154447e-01
5.290223534524338689e-01
5.225954415560812860e-01
5.237093324743250511e-01
5.411542817674337424e-01
5.245511637248364556e-01
5.361709231923363905e-01
5.229134731173256112e-01
5.333896459340400353e-01
5.214841507133352039e-01
5.303425500295665396e-01
5.217432740078212783e-01
5.521494617512294756e-01
5.213225014038203042e-01
5.318400203802136073e-01
5.213307806159074298e-01
5.427880818277664998e-01
5.221883919644860761e-01
5.312783431089828090e-01
5.221797058182954254e-01
5.477779956122824645e-01
5.203595797131180811e-01
5.279197792250771570e-01
5.203166775343353034e-01
5.302991870169884159e-01
5.201740929987165307e-01
5.252872119812469487e-01
5.164790718379766998e-01
5.315708467065466403e-01
5.164790718379748125e-01
5.226626826412172910e-01
5.196736146155935820e-01
5.191435135482966867e-01
5.178212812240704510e-01
5.213759187297835052e-01
5.202114978261290767e-01
5.275883945579943335e-01
5.210673696185912362e-01
5.289237578305571175e-01
5.172979227653285994e-01
5.257775638556212439e-01
5.183374371116836743e-01
5.241002632800285665e-01
5.178601362924128981e-01
5.174710073388061327e-01
5.194233485956961660e-01
5.188892044027716421e-01
5.188000930265124211e-01
5.169674937310814178e-01
5.203994896658906688e-01
5.166621068097649871e-01
5.223225328734638628e-01
5.173020995180289683e-01
5.195056122055131675e-01
5.178592587222092813e-01
5.178623820367637132e-01
5.164502727128267301e-01
5.169789829930777625e-01
5.159231760005387191e-01
5.164841727073760103e-01
5.149511272373272774e-01
5.171109357254609629e-01
5.153930130892394601e-01
5.141626993347989671e-01
5.145455565041865409e-01
5.145490807702866043e-01
5.144742318771226008e-01
5.217826788139701133e-01
5.146378401728816110e-01
5.187565255861723568e-01
5.146355490078369233e-01
5.214193047078866661e-01
5.135453213968446118e-01
5.158920025185912417e-01
5.152904112054947916e-01
5.139315181909853703e-01
5.134175131511697909e-01
5.144268564126437404e-01
5.133505571720127225e-01
5.132172844431036607e-01
5.130828054742611055e-01
5.154102043440446090e-01
5.131383039418482284e-01
5.145732169092364083e-01
5.126300091282951499e-01
5.107879230623628697e-01
5.117374390761730840e-01
5.077942676765927477e-01
5.094492895353718298e-01
5.094128630091623311e-01
5.096677752394930261e-01
5.074038302532577482e-01
5.072428779309055002e-01
5.071934682372015724e-01
5.097252119629386291e-01
5.077503591003719174e-01
5.081856234693105101e-01
5.086799369474844790e-01
5.073610083371609125e-01
5.101874281884294371e-01
5.092202034642786534e-01
5.119877381721023024e-01
5.065008527693103391e-01
5.060027019891534250e-01
5.061757831144534370e-01
5.052729533238086157e-01
5.053324408280464031e-01
5.059968898835884854e-01
5.052729533238078385e-01
5.057223249592311953e-01
5.053132270395627179e-01
5.061347485890322906e-01
5.055403298558303060e-01
5.078719465441169367e-01
5.048287127527626428e-01
5.073294166747563949e-01
5.052916648344387696e-01
5.077459095691824187e-01
5.045932267486058498e-01
5.057249559434032760e-01
5.045365231849043841e-01
5.078098272501395671e-01
5.047657802459243337e-01
5.075071207031915943e-01
5.041489170720228064e-01
5.099796967946779169e-01
5.048236831652005430e-01
5.064961755619861172e-01
5.052010637158311779e-01
5.084153732293086314e-01
5.040865225487103363e-01
5.071567346380784214e-01
5.045527780573730858e-01
5.069188949078754503e-01
5.041215522968467422e-01
5.074457139767606373e-01
5.039577828234905743e-01
5.067172211289594497e-01
5.052636560837969748e-01
5.033401640189344439e-01
5.033579130594476592e-01
5.030219203936623362e-01
5.035381038688553357e-01
5.060464505995783124e-01
5.040117729951228975e-01
5.074231551211516589e-01
5.038250763962578427e-01
5.034813088892708954e-01
5.035192983800000910e-01
5.056349806747919562e-01
5.031732204976068212e-01
5.031397151619585451e-01
5.043723043794121619e-01
5.022704459778675190e-01
5.029186431685571668e-01
5.046785166160552283e-01
5.021589753325443883e-01
5.070730956637066189e-01
5.019788619293193976e-01
5.039485932573208871e-01
5.020447568484879275e-01
5.057975809458241656e-01
5.035746195725655516e-01
5.011849835874414572e-01
5.027132332193677833e-01
5.014456120748779222e-01
5.012455329079535948e-01
5.013085020203894571e-01
5.013539386490728500e-01
5.025860993503881158e-01
5.015168612210428867e-01
5.038058316094579103e-01
4.990050523896772394e-01
5.006481711554612302e-01
4.993641249207551591e-01
5.021433247577051784e-01
4.987816315770376985e-01
5.003172804169654375e-01
4.987816315770381426e-01
5.008991910900220113e-01
4.989500782480859042e-01
5.001329986473721512e-01
5.003460047931176380e-01
5.002015282591220080e-01
4.990508069322749929e-01
5.014453209715165061e-01
4.984686453631329561e-01
5.001229083251823582e-01
4.979298626597444821e-01
5.000304689509741385e-01
4.983916232095738086e-01
5.000644087576743280e-01
4.979826401153369941e-01
4.996546740534892894e-01
4.977033349725227818e-01
5.016026022967998710e-01
4.978345960681727633e-01
4.993554842738219257e-01
4.976121152452625540e-01
4.995476746629150533e-01
4.978192419264214630e-01
4.989219657828574128e-01
4.984501880114977079e-01
5.003766010822505717e-01
4.982147666562118382e-01
4.988721730101653429e-01
4.990464477370948337e-01
5.006324812446042438e-01
4.978779460408792601e-01
4.983274360937772207e-01
4.978497860469850433e-01
4.999343072236197560e-01
4.985401949179082970e-01
4.968049013573957451e-01
4.968225504904473233e-01
5.005965290180297567e-01
4.976176058537015723e-01
4.993105545169609916e-01
4.969138126092714769e-01
5.006426939176067403e-01
4.975509549987877089e-01
4.996259338919946669e-01
4.955950613134439409e-01
4.983988579863694035e-01
4.968891082500353495e-01
4.986553104518871571e-01
4.967150797274961782e-01
4.977938385475438321e-01
4.952923606677971935e-01
4.968644540839910473e-01
4.957188902600024316e-01
4.975661032389188110e-01
4.957768552278663532e-01
4.982422271057170837e-01
4.956904093656875898e-01
4.955096433145547707e-01
4.953116441261899427e-01
4.955518626563373830e-01
4.963104512128508894e-01
4.950113040706938250e-01
4.949904342691919812e-01
4.952331294948525975e-01
4.952808740762464357e-01
4.949536130970416115e-01
4.959061281592068160e-01
4.951385425109040006e-01
4.955706770509727965e-01
4.951092148905661405e-01
4.955630458377847658e-01
4.949762696977804688e-01
4.949120898279416592e-01
4.951478727453440531e-01
4.964892514874946761e-01
4.951260967055531315e-01
4.956324227889584710e-01
4.948446711734180714e-01
4.954561472169687342e-01
4.949025944947982869e-01
4.960846165080383674e-01
4.952818205639860083e-01
4.944303708315359591e-01
4.940277868388239790e-01
4.933269824920138991e-01
4.937065035569974669e-01
4.939583434316691113e-01
4.933421477666251609e-01
4.935601157741261180e-01
4.931872904387893941e-01
4.950137768827668761e-01
4.932153047194523521e-01
4.936082451785910319e-01
4.930346074958008029e-01
4.947590042331221349e-01
4.933857012825220711e-01
4.932299299540384152e-01
4.928297702875637509e-01
4.931958995005283897e-01
4.925788506017976243e-01
4.929476179410918757e-01
4.925417996228622086e-01
4.926724631208009297e-01
4.927696785505075172e-01
4.929105714139280781e-01
4.929144502007235529e-01
4.920664408244044274e-01
4.918286906458651520e-01
4.921178342024793984e-01
4.921064446304827533e-01
4.926328391850212096e-01
4.921754099986386244e-01
4.923551648294318683e-01
4.920718717200755488e-01
4.923550293915471832e-01
4.921995051380668174e-01
4.912610766472044754e-01
4.914603337492905455e-01
4.921110230778184547e-01
4.916922789904583091e-01
4.918357239863884178e-01
4.913323672344972470e-01
4.916161526456909736e-01
4.912127046842130751e-01
4.914199965504054690e-01
4.914842014986675611e-01
4.920749217481769078e-01
4.912513531803650579e-01
4.910103782465350952e-01
4.914194820399520047e-01
4.908921778065238328e-01
4.911028857425823735e-01
4.911838686515705432e-01
4.905758131096843999e-01
4.910092167754254167e-01
4.906464896327213943e-01
4.902253756228641679e-01
4.903685117120274439e-01
4.914896605599586299e-01
4.903475860383467166e-01
4.904132214090787811e-01
4.913284224221176055e-01
4.900410660139664087e-01
4.904784464886618456e-01
4.911617978758424652e-01
4.900583879150821054e-01
4.892616343056352401e-01
4.894230146787468816e-01
4.906487624532262504e-01
4.890696014934367009e-01
4.899386257853544646e-01
4.894804345682351454e-01
4.898459329620211689e-01
4.890698024813061040e-01
4.887190698824918633e-01
4.885939825120748092e-01
4.889995542499571690e-01
4.885592787869547093e-01
4.886766699189310503e-01
4.898240388035823845e-01
4.885551457347768189e-01
4.887572782599524657e-01
4.884042089678117815e-01
4.881837673622473339e-01
4.877715514470705727e-01
4.889304965110637391e-01
4.878583488609044561e-01
4.876330071846364245e-01
4.879763306992278560e-01
4.875904289416145843e-01
4.887037389801369147e-01
4.875284526230649340e-01
4.876913765843327031e-01
4.878490251320082849e-01
4.869512854119102951e-01
4.869598594206503428e-01
4.867770975287928348e-01
4.873687285399031510e-01
4.887427695153218621e-01
4.867156834635174567e-01
4.863246732279157269e-01
4.864438008054384754e-01
4.867082874568311457e-01
4.861722719194614961e-01
4.862484584229890272e-01
4.861584392441942737e-01
4.864092350489720440e-01
4.853076046127062226e-01
4.855060966602285366e-01
4.856669602244504391e-01
4.861621451499013591e-01
4.855097926391112595e-01
4.856313655762423132e-01
4.852310486554363700e-01
4.865486829764392174e-01
4.855070828622617962e-01
4.858751794412800029e-01
4.854116500549050528e-01
4.859140434832448507e-01
4.853542276972402925e-01
4.851851987566528912e-01
4.851551844125421842e-01
4.859898715878432363e-01
4.853360011093370008e-01
4.863518359094832211e-01
4.855116472287585028e-01
4.846911031970755346e-01
4.848491304664084289e-01
4.856533067155008876e-01
4.846308640999931749e-01
4.848197090348494442e-01
4.849909885104309315e-01
4.840256626954715369e-01
4.841819193748563843e-01
4.855320500139261308e-01
4.840655903188714193e-01
4.843116802165911561e-01
4.840769546674342227e-01
4.844090364187431663e-01
4.841399272548162491e-01
4.844854050116150779e-01
4.837876123748111046e-01
4.846002239121945387e-01
4.843780838344818873e-01
4.849291842214703552e-01
4.834010267216851675e-01
4.844139393045098774e-01
4.835511923360769071e-01
4.832900311533383508e-01
4.837893214703385958e-01
4.836144542661399703e-01
4.830657913940413772e-01
4.843382614500673644e-01
4.832925707913687252e-01
4.828561754221441515e-01
4.830462640365925098e-01
4.839832886144308510e-01
4.827767849462181737e-01
4.824780671347177474e-01
4.829123832418210638e-01
4.836879737196739804e-01
4.826978858663785177e-01
4.823014880610942412e-01
4.815944156127420217e-01
4.812077226006044595e-01
4.812318024558003837e-01
4.808747934635564936e-01
4.816494142583929716e-01
4.802598352867618603e-01
4.803534624115887164e-01
4.804169674513395494e-01
4.804190865896373897e-01
4.807501313838345447e-01
4.802104068173506102e-01
4.800420077192946167e-01
4.801159822656841381e-01
4.805756588824806608e-01
4.803133637777375897e-01
4.815459273597506029e-01
4.801586678497629657e-01
4.815998598774371420e-01
4.799092697866123580e-01
4.803910034147176322e-01
4.795906003056346623e-01
4.803169878810737425e-01
4.799641567504287498e-01
4.802336713059111584e-01
4.798829249113198414e-01
4.797181450185354912e-01
4.796364735088026743e-01
4.798076186260790688e-01
4.796740565637402365e-01
4.799147757009278870e-01
4.798230498893915064e-01
4.794592620006160599e-01
4.794061463925631261e-01
4.794900691523598657e-01
4.792371508431016447e-01
4.801764559584357217e-01
4.796114653201393740e-01
4.798082692231967483e-01
4.796883014230957087e-01
4.796485107359187983e-01
4.795314899523730467e-01
4.795364956183910676e-01
4.796498347284285368e-01
4.795250549809070839e-01
4.790894553770300712e-01
4.795468190359969407e-01
4.788631817885632413e-01
4.783967731317785854e-01
4.786223987037181438e-01
4.786727426628143434e-01
4.796479737085774797e-01
4.798836744540353472e-01
4.787573291814396503e-01
4.779844101658965450e-01
4.782967403433809328e-01
4.785303589856421125e-01
4.778815723402790594e-01
4.789132784420981892e-01
4.778853750340212314e-01
4.796719724808692353e-01
4.781579930603739870e-01
4.779292030106391809e-01
4.779075112014641302e-01
4.788842388482124623e-01
4.787774250114691932e-01
4.794488572463777576e-01
4.780019649653307057e-01
4.783401811791471725e-01
4.779538278265111906e-01
4.775602005445165332e-01
4.776525244776647638e-01
4.775251777126383046e-01
4.774605088407016806e-01
4.773650533289400255e-01
4.774096487385086074e-01
4.770749175394341512e-01
4.776605500524095937e-01
4.768766251895126818e-01
4.772069793450544051e-01
4.764038317216944263e-01
4.767520712584119025e-01
4.766020096007656526e-01
4.769629906175210654e-01
4.778474153552888515e-01
4.772207521017048926e-01
4.764378823057657253e-01
4.766300631268705068e-01
4.764467016899572860e-01
4.763976892203019564e-01
4.755136169270198776e-01
4.754092981322920464e-01
4.756802610463364278e-01
4.756503847473220747e-01
4.759508064713973141e-01
4.753785809081622626e-01
4.749696643365184379e-01
4.755610261964951513e-01
4.751818841137372407e-01
4.752415679734213749e-01
4.759262592993221408e-01
4.751210504954725411e-01
4.770213633375616213e-01
4.753986550985531134e-01
4.760164307812452256e-01
4.745533549249082439e-01
4.749801769384082717e-01
4.747089511905346892e-01
4.750052016924191101e-01
4.747486084419177410e-01
4.754377027310169312e-01
4.743727296165581864e-01
4.742286081459600733e-01
4.741483038625963764e-01
4.752547790352242840e-01
4.739276438095766930e-01
4.745672388407854991e-01
4.737175511395775307e-01
4.738095165589603086e-01
4.740020236946850263e-01
4.750331773310896288e-01
4.736396241642457094e-01
4.739738148386649641e-01
4.737601493292170618e-01
4.736507191430393560e-01
4.744219132078743018e-01
4.740051980137126031e-01
4.740883263572034934e-01
4.752911572084520531e-01
4.736132536529319426e-01
4.735936841838014333e-01
4.731928627126337772e-01
4.740108217976042870e-01
4.730391296424525938e-01
4.734664248240597617e-01
4.728848798543645593e-01
4.734190798747188178e-01
4.728481736420587778e-01
4.737029645674339928e-01
4.736059153400568045e-01
4.731856697219254948e-01
4.728301905952084216e-01
4.730555979102460396e-01
4.726396045974427529e-01
4.732301708357543601e-01
4.727256936328452230e-01
4.732003405110531413e-01
4.727457768201555610e-01
4.755560142488327036e-01
4.725819453950962923e-01
4.729030509659566395e-01
4.726220416257800316e-01
4.730159376565026275e-01
4.726626591482644413e-01
4.726844740471606299e-01
4.725234905200806912e-01
4.732637723191649992e-01
4.728619221753447288e-01
4.728155929517974254e-01
4.726333695943513158e-01
4.730530716710469874e-01
4.730382027291516467e-01
4.726670111790689521e-01
4.726491282964141449e-01
4.725569811231701833e-01
4.724638068760511622e-01
4.734547624073400796e-01
4.724618429025291277e-01
4.735076287158253017e-01
4.722722237119810762e-01
4.734152383149936583e-01
4.730739962448912705e-01
4.719578160478193896e-01
4.721404504685580150e-01
4.723925899620359248e-01
4.725092876958655319e-01
4.738639422882443553e-01
4.723422128157849231e-01
4.721030376136104434e-01
4.724471237491245090e-01
4.726214429804989625e-01
4.716306201506871298e-01
4.718590105211180052e-01
4.714982685633085646e-01
4.726166168579018501e-01
4.718810896369305397e-01
4.720027998439458861e-01
4.717107922823543520e-01
4.713050422297788145e-01
4.713732771796997900e-01
4.713918180163264027e-01
4.714653697304377333e-01
4.720733319949934059e-01
4.713968255728323009e-01
4.713674448245543935e-01
4.713280145841192148e-01
4.735422514275917649e-01
4.715764811826864689e-01
4.713255023332615368e-01
4.713129704969401534e-01
4.717678726968593805e-01
4.716791989966305221e-01
4.717192677306172310e-01
4.711139845163223039e-01
4.707363644469514385e-01
4.705979802862355621e-01
4.708044172458612509e-01
4.707637427759065463e-01
4.702588160761391189e-01
4.701099811652114102e-01
4.702155152258018500e-01
4.698881913721892345e-01
4.710474543062662112e-01
4.698640673234869558e-01
4.701776069763410892e-01
4.699835592439751686e-01
4.704943294106733731e-01
4.702215542643347068e-01
4.709692569521851113e-01
4.701503816844527228e-01
4.714124259020959773e-01
4.701317123106158458e-01
4.703730588873711316e-01
4.699190117474441597e-01
4.701077051601983969e-01
4.699256747811010881e-01
4.701058462611972244e-01
4.697864110690399553e-01
4.710047171927541076e-01
4.697142085140917356e-01
4.703265377956575288e-01
4.699286961040332056e-01
4.701849133112249723e-01
4.703832595599637956e-01
4.714457275545534953e-01
4.698442524780342411e-01
4.700172672665863804e-01
4.693768170186337629e-01
4.700006662711297412e-01
4.696145527614501991e-01
4.706009679404006829e-01
4.694337765524491113e-01
4.698618422662527716e-01
4.696972105152718013e-01
4.696465613564385633e-01
4.698452570926080485e-01
4.691611107976576545e-01
4.693878713430220673e-01
4.699704176314420390e-01
4.693408166093995249e-01
4.693756064217671775e-01
4.692197377821741289e-01
4.695371377606695207e-01
4.693332502022570241e-01
4.693371452208554007e-01
4.694943771596091220e-01
4.693447525145825749e-01
4.690921897604234392e-01
4.695542293539959333e-01
4.693214696624938842e-01
4.697761071345756823e-01
4.688529940023952736e-01
4.706267137884048157e-01
4.682792627711331868e-01
4.694088938563933944e-01
4.681589208235666932e-01
4.691009534262609582e-01
4.689986159197757076e-01
4.678258912825609683e-01
4.678869590698010450e-01
4.676418750090263199e-01
4.677262152872447842e-01
4.693904574827471032e-01
4.678814894313362838e-01
4.680119401659287304e-01
4.676810104282887459e-01
4.671750709782549471e-01
4.672461791385722485e-01
4.675744576760220150e-01
4.676610950835123903e-01
4.665357974771431326e-01
4.665112400335862941e-01
4.677047872784343419e-01
4.656880344645557557e-01
4.661145554075366015e-01
4.662924494554998023e-01
4.658451934839774600e-01
4.656358453933044927e-01
4.654818585001770925e-01
4.651962485694160487e-01
4.655371409832678165e-01
4.654240025980043716e-01
4.658475167498214442e-01
4.654986650563109341e-01
4.654194626611882768e-01
4.652914463727523819e-01
4.654271256443205385e-01
4.656006340127864518e-01
4.654491248786220559e-01
4.653453635098346863e-01
4.661789396866317103e-01
4.653230932523203522e-01
4.659964357021675330e-01
4.652857402074748738e-01
4.646261203942410600e-01
4.649346672849445361e-01
4.663782256543156923e-01
4.653989907904029222e-01
4.646912532651131800e-01
4.649157632818005648e-01
4.648917763283304527e-01
4.647724828888636917e-01
4.645292628292451154e-01
4.651438431234941051e-01
4.642216267522522588e-01
4.641273028831885417e-01
4.636057729732953048e-01
4.639520025433576667e-01
4.642072169117670843e-01
4.638116611082189200e-01
4.640969971726791043e-01
4.636181376029024359e-01
4.642596944812832360e-01
4.639522862183324547e-01
4.657049543329962460e-01
4.635293711600634303e-01
4.628595216983036886e-01
4.622579690981565848e-01
4.627827452592917501e-01
4.619373203375874426e-01
4.623034807850019967e-01
4.623213809915498462e-01
4.625762723084392292e-01
4.621026580221143099e-01
4.625932200997796007e-01
4.621751590146458422e-01
4.625138371892812406e-01
4.619802252245548413e-01
4.619701658606712447e-01
4.633554336075742519e-01
4.639380733149713332e-01
4.618610098609900461e-01
4.616638554851040244e-01
4.617673920311972102e-01
4.628296095673326560e-01
4.616933130981099032e-01
4.623163592654933041e-01
4.615371149273775342e-01
4.613596657060908823e-01
4.616491798765545718e-01
4.610866831281522638e-01
4.611006286146885902e-01
4.610950880519319450e-01
4.617838952871378688e-01
4.602653416364702044e-01
4.597046638038366217e-01
4.599192198891989825e-01
4.600123352777350516e-01
4.591617292192698985e-01
4.591163126906896985e-01
4.595268376743928962e-01
4.592306157304011371e-01
4.595743963123253839e-01
4.595750165448406754e-01
4.611674315599628149e-01
4.593762441630899196e-01
4.587234517176164150e-01
4.593924466025131603e-01
4.594386528717997464e-01
4.586724117705389125e-01
4.592606594625106009e-01
4.585132896611420761e-01
4.588270025610715619e-01
4.586989095599254274e-01
4.586279850541514214e-01
4.585118805338314063e-01
4.590910784112549048e-01
4.587556383622934941e-01
4.594932507180500836e-01
4.585031072284277975e-01
4.592700868910776779e-01
4.586784070606509944e-01
4.588785349898503729e-01
4.583612474411227766e-01
4.604642597164212425e-01
4.583379093661115178e-01
4.593355108679924581e-01
4.583522606802009070e-01
4.580021540376978395e-01
4.575211400413422003e-01
4.568514145138368177e-01
4.571211986474049693e-01
4.578598615705781749e-01
4.567486771027358117e-01
4.577559212933087762e-01
4.568131112185913612e-01
4.569747427806996609e-01
4.567795394567407685e-01
4.577906293181580044e-01
4.568526339180091211e-01
4.564223528392374329e-01
4.563933024611505074e-01
4.565176253037893095e-01
4.563679091403793353e-01
4.577031511422792187e-01
4.565018248008480550e-01
4.571684739877522885e-01
4.564397646096280403e-01
4.569383064245011172e-01
4.564556108612669028e-01
4.567577313380888349e-01
4.566410015979355808e-01
4.583643390388787986e-01
4.561930375884864497e-01
4.551686189849628583e-01
4.546358502203706742e-01
4.560846325963746062e-01
4.546139783393934874e-01
4.549034451965511261e-01
4.542445682895581704e-01
4.540661529193700807e-01
4.540841065269386467e-01
4.542162308954875716e-01
4.545243277510640501e-01
4.539765047062715997e-01
4.548837994183428379e-01
4.547250691401608647e-01
4.545189996877699867e-01
4.551201586215130601e-01
4.535227966945476474e-01
4.535617579507832953e-01
4.541483552526561773e-01
4.531482117338748172e-01
4.532097687585405765e-01
4.538531777066623363e-01
4.532442047958405995e-01
4.528822026956153546e-01
4.526625177003152367e-01
4.532590260560828699e-01
4.526075458950478692e-01
4.525897213173263323e-01
4.526109619821078733e-01
4.529707105786529020e-01
4.525813645666246776e-01
4.526754480400048686e-01
4.528776230616847198e-01
4.539761646911265602e-01
4.530398141504383136e-01
4.531058005812872436e-01
4.537346366487531868e-01
4.533796088906901223e-01
4.525412312359384792e-01
4.549231832670508346e-01
4.531985194578155851e-01
4.542153999247416918e-01
4.521540635836703848e-01
4.524759477519386119e-01
4.520842349686264305e-01
4.519148538191830045e-01
4.513756779347840586e-01
4.503927799845701685e-01
4.503650164155059143e-01
4.507313321393408567e-01
4.509523092114510190e-01
4.502993678617576712e-01
4.506241025578917037e-01
4.505677224106145462e-01
4.504680301474001669e-01
4.509014643544466128e-01
4.503419784598703957e-01
4.499126010635275397e-01
4.503493502464566700e-01
4.511772989095907405e-01
4.504832650389195003e-01
4.500244409328959527e-01
4.502697039616346264e-01
4.506549773951907811e-01
4.498973470763770188e-01
4.509138612576953364e-01
4.498328510536020453e-01
4.502968431267521110e-01
4.498780664286353703e-01
4.501923657936597323e-01
4.499961485368983993e-01
4.528374812964938156e-01
4.497071281587286529e-01
4.501726345757278147e-01
4.508799890493163098e-01
4.508350170682475233e-01
4.503074650596279316e-01
4.503405816837429687e-01
4.496287149452797838e-01
4.509674453602688926e-01
4.492456336946420437e-01
4.515928591835001726e-01
4.491524876322835480e-01
4.493270020880634763e-01
4.495607730260801627e-01
4.484172545349821570e-01
4.484756476773283373e-01
4.502765320518224423e-01
4.484991763452604863e-01
4.499217222343310785e-01
4.484973952705641476e-01
4.491175138860717397e-01
4.486552942739726046e-01
4.505188695144723976e-01
4.486993645640487416e-01
4.495341369707607226e-01
4.487044508832183642e-01
4.480636808661630499e-01
4.479402706398663558e-01
4.497206842173959718e-01
4.479621008356801104e-01
4.490127994505255238e-01
4.478599140296729009e-01
4.498652894464329477e-01
4.487021120500759297e-01
4.493614919189590773e-01
4.474701744034125239e-01
4.489352773268479591e-01
4.472997130573053703e-01
4.475850875671068541e-01
4.470212879043422571e-01
4.470873055646796268e-01
4.467752243209481833e-01
4.461117896760263823e-01
4.460954985177518761e-01
4.465967031037772483e-01
4.458980808821213504e-01
4.461350539804428972e-01
4.472344585935473793e-01
4.459595447095502929e-01
4.461694985071424924e-01
4.459866156413338500e-01
4.455372737764277669e-01
4.455448110968365238e-01
4.458704033669742550e-01
4.469495988230061112e-01
4.454878791973042040e-01
4.465838544025185763e-01
4.451533877591337118e-01
4.449104377456398196e-01
4.448597718136247936e-01
4.459718952118228441e-01
4.451555595930318243e-01
4.461787420409634164e-01
4.448717175862749174e-01
4.462512906887436959e-01
4.452645230450881231e-01
4.448959368669767600e-01
4.453653321844786017e-01
4.450839353059840020e-01
4.453201400079073169e-01
4.459946612713245884e-01
4.448741025958441453e-01
4.450729796497244206e-01
4.448136767412388393e-01
4.431426998526823979e-01
4.429460424605212165e-01
4.437812354602336806e-01
4.429350707467091808e-01
4.421320737328179318e-01
4.421741764659044560e-01
4.424620293112693226e-01
4.422388749923574780e-01
4.433790106589172164e-01
4.421694389480623766e-01
4.431495143027007755e-01
4.421821732756137102e-01
4.418398437497323972e-01
4.419424809949046296e-01
4.427255764061220900e-01
4.421260254822699243e-01
4.426016091694263133e-01
4.424503217699869428e-01
4.436113388539481006e-01
4.423899371661829116e-01
4.426372845182521276e-01
4.422895966370343213e-01
4.427029793249225298e-01
4.417426722169751629e-01
4.429407116729430771e-01
4.413161712828087002e-01
4.434847269309741269e-01
4.405044987593668138e-01
4.403492123648510836e-01
4.400982164156362342e-01
4.388022421749642188e-01
4.384774880771749594e-01
4.404833130557125331e-01
4.384108168337963463e-01
4.390733408745152166e-01
4.391348152301599583e-01
4.391474808777868777e-01
4.386943659473114820e-01
4.392741122730087211e-01
4.379216819299660557e-01
4.388697391664856395e-01
4.387007483660824714e-01
4.383988020833751165e-01
4.381099240375773696e-01
4.385283613968080640e-01
4.378250356109357200e-01
4.383855052767972604e-01
4.376365348508048925e-01
4.384094664187727641e-01
4.378051112236677755e-01
4.381344145810280866e-01
4.374324884343355757e-01
4.381768348871477037e-01
4.374032038585243254e-01
4.379895270788648487e-01
4.375395469818628147e-01
4.385178315837375829e-01
4.375882043695736856e-01
4.391647263027153025e-01
4.367306870125715057e-01
4.391590712641942895e-01
4.365764737010226493e-01
4.361558527405457464e-01
4.359428351387729661e-01
4.364682995901135176e-01
4.361621510894930220e-01
4.362114973139211149e-01
4.359897507552180640e-01
4.357491756139117434e-01
4.357230801883832383e-01
4.359359262541764868e-01
4.358462540009074293e-01
4.360862420892250846e-01
4.354736523583878638e-01
4.365492174565086536e-01
4.359138438319182796e-01
4.364057750947131775e-01
4.354221393519683847e-01
4.367650964728218566e-01
4.354728547314580811e-01
4.359556296348811588e-01
4.356059623003115111e-01
4.353689003587716821e-01
4.353142384964138190e-01
4.363048056086804571e-01
4.354130122330924779e-01
4.374491698843035459e-01
4.352152841274197215e-01
4.385602272030078574e-01
4.352484411003321174e-01
4.360932217380640852e-01
4.354437619828029904e-01
4.352930231374781966e-01
4.360268574638184735e-01
4.348967134077464936e-01
4.345069360078412934e-01
4.353179962822441018e-01
4.347416047772982295e-01
4.351000332415433935e-01
4.351775271954502200e-01
4.361477598933494737e-01
4.345912325796263964e-01
4.336605060040647497e-01
4.343895642830737369e-01
4.361149876521147606e-01
4.334853988204567798e-01
4.349631578947885657e-01
4.338587272789432570e-01
4.334883729481674441e-01
4.338288263337529149e-01
4.360410424784675332e-01
4.334958313791537621e-01
4.349774330257409893e-01
4.339222574207885486e-01
4.338096260353703770e-01
4.340997259101185279e-01
4.336318778950105646e-01
4.336357031779987103e-01
4.340797483928152123e-01
4.332437864138968808e-01
4.352608346249453031e-01
4.342675255788465694e-01
4.321066535066237502e-01
4.320162628141756000e-01
4.339310500219218936e-01
4.318638237663747770e-01
4.316280337478751727e-01
4.320272524815203519e-01
4.327336758519698678e-01
4.316742885368478055e-01
4.301455619195434510e-01
4.300959654038193913e-01
4.305477221175124658e-01
4.299085275389640248e-01
4.315157673775817937e-01
4.297311746775999142e-01
4.298387099238105691e-01
4.299560300987364525e-01
4.295836664266561855e-01
4.295505492206274090e-01
4.322826045383690308e-01
4.292705554588333028e-01
4.311189345571408427e-01
4.292849236051204942e-01
4.294103924956194640e-01
4.300051194902297924e-01
4.310830200067662377e-01
4.296607425495083676e-01
4.319420107158774558e-01
4.292227431494241574e-01
4.290490165022716740e-01
4.290475223637186808e-01
4.286955112247401445e-01
4.287151066312666625e-01
4.289085415458449013e-01
4.291254399076783743e-01
4.297089160785354522e-01
4.287720348712490415e-01
4.302690614265736735e-01
4.295005088012798233e-01
4.292978256727308928e-01
4.291159263794541157e-01
4.291680905728791351e-01
4.293249255162907008e-01
4.291581337372458727e-01
4.286576579791909758e-01
4.290357150062987790e-01
4.288526596413921310e-01
4.297138473269456749e-01
4.292794672743826534e-01
4.291892206490691142e-01
4.291720356512397916e-01
4.289724987076972695e-01
4.286853114929299879e-01
4.294760684693676445e-01
4.288944432835078424e-01
4.292119390410921165e-01
4.296353218670356244e-01
4.291727702011225443e-01
4.287759792053615904e-01
4.295365557928284561e-01
4.286170073857063501e-01
4.299911042561367913e-01
4.287953482967213903e-01
4.289686887115682357e-01
4.290075067951757415e-01
4.289980662985963811e-01
4.290748701339207050e-01
4.312510460638631637e-01
4.286970287010261615e-01
4.274831916548104682e-01
4.276915058275280734e-01
4.278677314459740644e-01
4.274936165049683656e-01
4.284448564861380038e-01
4.279430915006848801e-01
4.276272081701798511e-01
4.271781965517877921e-01
4.281409483895736723e-01
4.269887818018144321e-01
4.272767444564096739e-01
4.276169220385370728e-01
4.274603415828548969e-01
4.271943281305141671e-01
4.279517683696317243e-01
4.272946239743764529e-01
4.276237063322917975e-01
4.272243891318279196e-01
4.265269894438174503e-01
4.268117195352655879e-01
4.271514851625849984e-01
4.264827359196415868e-01
4.264492992587086140e-01
4.266594251858510933e-01
4.277565396541944120e-01
4.269897285827854994e-01
4.265334102169089370e-01
4.268706654650903931e-01
4.275595715272097475e-01
4.269462759386282169e-01
4.271306835329038432e-01
4.262817051241675204e-01
4.256661689567768359e-01
4.257135075816537717e-01
4.277384935249567421e-01
4.258965697363390479e-01
4.271745764246499544e-01
4.260187825411876905e-01
4.266767424945466791e-01
4.259970457388008724e-01
4.262196188710620781e-01
4.254660456025442516e-01
4.266167469847592097e-01
4.255344090017886272e-01
4.256803184007194596e-01
4.256096557989119122e-01
4.254053209683819614e-01
4.252496514834738228e-01
4.255640104945414004e-01
4.253843757442026252e-01
4.254023407290247194e-01
4.252522802074539254e-01
4.250098509194232821e-01
4.249597571889086045e-01
4.256487454103327628e-01
4.252117230124897174e-01
4.248489160761089733e-01
4.250498183047734524e-01
4.273006722199182428e-01
4.250057809280428645e-01
4.255685463924257506e-01
4.253248426197943632e-01
4.243068418730586711e-01
4.242774803257447491e-01
4.260523590060515953e-01
4.245177641867173834e-01
4.250843881774901689e-01
4.245957156900395102e-01
4.245339156628040178e-01
4.240873024498534316e-01
4.244298092023605085e-01
4.243946004362240121e-01
4.249851091355802413e-01
4.239991108118357221e-01
4.243995000948864726e-01
4.242479207676886910e-01
4.244258271251123427e-01
4.248444117973406708e-01
4.247240388850410109e-01
4.242177033330201130e-01
4.228477667225255532e-01
4.228848104908872751e-01
4.222903211363688292e-01
4.223931384883551909e-01
4.236106823170713853e-01
4.221017894852251429e-01
4.221106044507659805e-01
4.221893198560880966e-01
4.222382218315309244e-01
4.220504755869368130e-01
4.216419518128459720e-01
4.218307665813008089e-01
4.222878163140627583e-01
4.218566475171020569e-01
4.216114728617794127e-01
4.223208607130621850e-01
4.227154433322296567e-01
4.217756551123246767e-01
4.224680274502025101e-01
4.216233576121546922e-01
4.226206652320823598e-01
4.213921545202533037e-01
4.223133637545584684e-01
4.211909137776372880e-01
4.224690517961818825e-01
4.213961610525944756e-01
4.207839426142797601e-01
4.210517661174665305e-01
4.214671368928867845e-01
4.209367004036175253e-01
4.212979656127399108e-01
4.209979936791489741e-01
4.209196929030942225e-01
4.212368934730613690e-01
4.214690797009641443e-01
4.209792151860874965e-01
4.224912677030066011e-01
4.203275789992638733e-01
4.205251195068263614e-01
4.204180942715005642e-01
4.207037790081236683e-01
4.203913240455185441e-01
4.229865370101988931e-01
4.207822525598281516e-01
4.198760282097450114e-01
4.199376216843642151e-01
4.210660823075647596e-01
4.201432344597434421e-01
4.200657173327266292e-01
4.198525438555090195e-01
4.200919373146265734e-01
4.199873855252126420e-01
4.214838545629421840e-01
4.202645245952277286e-01
4.202508695834187846e-01
4.202451843395640374e-01
4.202562490725994526e-01
4.195370366441752985e-01
4.207404962314399421e-01
4.197940717825030532e-01
4.203277389742146597e-01
4.197608387169476929e-01
4.205859897357159816e-01
4.199132745205752526e-01
4.194260882983488203e-01
4.196392886332418470e-01
4.214631667476850252e-01
4.195619728557193895e-01
4.201073013959793490e-01
4.203387154880117715e-01
4.205747711182020732e-01
4.194411803533901195e-01
4.205932218127253486e-01
4.195392435738595771e-01
4.189418260461351129e-01
4.197059289572038221e-01
4.193125821805465669e-01
4.193430225049104565e-01
4.194165251445646225e-01
4.188067059264675152e-01
4.195702882528818400e-01
4.191167757120363713e-01
4.199077194093000509e-01
4.188038634393282389e-01
4.191767929421664762e-01
4.190400678502272380e-01
4.190528232176315981e-01
4.195479742676101464e-01
4.183439357557325877e-01
4.185929860901715927e-01
4.190971304444183754e-01
4.190030907275886785e-01
4.179210280037822800e-01
4.182262129420362129e-01
4.187199543240877619e-01
4.177933151116792199e-01
4.177947380034846003e-01
4.176817904936583892e-01
4.194226773065403147e-01
4.176978390765691551e-01
4.196601354516102389e-01
4.182395307520809236e-01
4.188425293576132913e-01
4.187214402647558842e-01
4.172710059792409942e-01
4.175923947855532670e-01
4.176452980665749659e-01
4.185426430597323777e-01
4.170524302502386926e-01
4.172769833384277205e-01
4.177402672607411493e-01
4.165580718021213436e-01
4.162463996021501522e-01
4.160648163282723022e-01
4.164683864343826092e-01
4.161021910860786543e-01
4.162393370216956878e-01
4.160275601736801998e-01
4.171107743691109260e-01
4.160373119760856220e-01
4.155159692562415130e-01
4.156307275737162188e-01
4.160980184156669592e-01
4.157378399893891241e-01
4.161256859166229116e-01
4.154125595287779804e-01
4.157429684642168222e-01
4.157435334550848016e-01
4.166222514331619498e-01
4.154471866244662248e-01
4.150707781752601688e-01
4.148766512372414894e-01
4.152401283471576221e-01
4.151268766583535164e-01
4.157778936024104643e-01
4.150224958816489673e-01
4.148079129071817750e-01
4.147041124368071041e-01
4.148145137205548894e-01
4.146007123864223765e-01
4.146792524139925051e-01
4.143992525357315104e-01
4.161415091258241494e-01
4.142900401000645383e-01
4.148652258201627752e-01
4.148504484296870465e-01
4.141661149832080446e-01
4.146825283987454758e-01
4.144167887300008180e-01
4.141919207122783386e-01
4.150874599843737967e-01
4.141283072971747026e-01
4.147591469841702683e-01
4.149805800559083768e-01
4.147614389193319262e-01
4.145097801660400649e-01
4.146713479292512550e-01
4.140852203455393510e-01
4.153223599839492852e-01
4.139019995649413364e-01
4.146936495311905890e-01
4.138947998019978369e-01
4.137569295966814775e-01
4.141639588119450655e-01
4.158713937934442328e-01
4.146490921107192640e-01
4.135884973808031662e-01
4.135712265918939368e-01
4.137002953729047028e-01
4.139861777924963571e-01
4.146608165896428222e-01
4.134644295108738099e-01
4.115525989074487190e-01
4.118799306098300805e-01
4.118251718100220393e-01
4.121832386055165887e-01
4.122590373245613171e-01
4.119002588444142243e-01
4.120874039155054680e-01
4.116977912173639398e-01
4.123270745509278190e-01
4.120948067439753060e-01
4.117723715415582131e-01
4.117552746012794751e-01
4.120966066864307220e-01
4.113113902406748679e-01
4.113858746728074611e-01
4.115713483815630069e-01
4.123252694169990962e-01
4.115856573917925920e-01
4.120255970137564616e-01
4.116492762826582941e-01
4.116001634930472886e-01
4.114230848289612830e-01
4.125377771752609113e-01
4.113099461679875501e-01
4.118262646855195830e-01
4.119075840449483161e-01
4.112382089763633730e-01
4.108779204715751199e-01
4.106039648325404134e-01
4.112527179547862954e-01
4.100364538274978154e-01
4.099328074920749465e-01
4.099909826264492296e-01
4.097107003286905580e-01
4.097536462253335010e-01
4.096302244333148157e-01
4.096879894228076524e-01
4.092026250653790220e-01
4.088435566654426423e-01
4.089582540789963860e-01
4.087556346663362983e-01
4.087392257365034531e-01
4.100111831970198462e-01
4.091681487586947275e-01
4.087160630939362660e-01
4.088454630355686237e-01
4.096274211027873258e-01
4.088102658779753096e-01
4.090578223170961980e-01
4.085539866423621436e-01
4.090769133952246728e-01
4.084193897880547541e-01
4.085771825374832078e-01
4.082473444020149334e-01
4.084389785571763132e-01
4.089604360215068346e-01
4.106420210583366925e-01
4.080394762649484086e-01
4.102496935136297207e-01
4.082522768252788148e-01
4.085318135959341568e-01
4.080121579806782472e-01
4.073922143451769728e-01
4.077076073151885138e-01
4.074871452493280533e-01
4.077096502242079645e-01
4.078524319862001368e-01
4.071723776566281150e-01
4.085901431931325267e-01
4.072320500254605902e-01
4.068485784660779148e-01
4.074805079251320183e-01
4.085197119683229294e-01
4.076605309190212689e-01
4.080443456105053435e-01
4.069700054204737905e-01
4.071669526408270845e-01
4.069644463844198645e-01
4.081080329814839036e-01
4.069199849563167048e-01
4.079278326431239332e-01
4.080615931868428192e-01
4.067773871891844362e-01
4.069524861051211362e-01
4.076685513367021008e-01
4.071840225719957629e-01
4.073022326983858910e-01
4.064717796011110273e-01
4.079987404954642516e-01
4.068998180054290703e-01
4.081062838563841444e-01
4.071853023517258974e-01
4.055132960941632558e-01
4.057951172734474699e-01
4.063198845585406782e-01
4.054708532467582449e-01
4.070381136607287287e-01
4.052638207813766824e-01
4.063790820247245028e-01
4.052115998726955604e-01
4.054517411621641476e-01
4.055646701773244489e-01
4.051535354780061993e-01
4.054293092828926137e-01
4.048489687079864785e-01
4.053466642981251034e-01
4.070491621041781860e-01
4.049524557675504566e-01
4.068624992207994229e-01
