1.039391806768597659e+00
1.036849654618750449e+00
1.036881520347072483e+00
1.022674042834694763e+00
1.023070985849931391e+00
9.759445156768287166e-01
9.317830582844215392e-01
9.268260807013030123e-01
9.263825690561480197e-01
9.298164616022132067e-01
9.269164370582511081e-01
9.267720896910554007e-01
9.296702913743635222e-01
9.593035088050578807e-01
8.782752791106044343e-01
8.797653393937868715e-01
8.762299269034595772e-01
8.710886380555675768e-01
9.362912068244080288e-01
8.926724354451925914e-01
8.732107597836595847e-01
8.710805161263892593e-01
8.647501817561552562e-01
9.210061070519357518e-01
8.870722175504116569e-01
8.448043469144305151e-01
8.444332223804522641e-01
8.913322848534425136e-01
8.444332223804522641e-01
8.444332223804522641e-01
8.447440484902342117e-01
8.371856710792050515e-01
8.123195607485779179e-01
8.030262888451948911e-01
8.030262888451948911e-01
8.057893690019474198e-01
8.317523010248957238e-01
8.642497854288974102e-01
8.030262888451948911e-01
8.030262888451948911e-01
8.030262888451948911e-01
7.875423820214093595e-01
9.351093507649889114e-01
8.544391417648122822e-01
7.984923636844214467e-01
7.875423820214093595e-01
7.875423820214093595e-01
7.875423820214093595e-01
7.875423820214093595e-01
7.875423820214093595e-01
8.006011550412149846e-01
8.787095289807215215e-01
7.875423820214093595e-01
7.875423820214093595e-01
7.875423820214093595e-01
8.602502814160559730e-01
7.875423820214093595e-01
7.875423820214093595e-01
7.579647915739701203e-01
7.985711162789487227e-01
7.577530437090863602e-01
7.505809823902682698e-01
7.503656512707240767e-01
7.248227711965034015e-01
7.050499713436322313e-01
7.805291616457668002e-01
7.171186766732076112e-01
8.124428510222833077e-01
7.004803425448675736e-01
7.132219080640500586e-01
7.013088620359632097e-01
7.078287795732896015e-01
7.059565997510774960e-01
6.967821682860630972e-01
6.958131922902505151e-01
7.274816806164616789e-01
6.981786345845344410e-01
7.079189062990747239e-01
6.965001077386716588e-01
7.074831432316364133e-01
7.003549279340152145e-01
7.507683446181840914e-01
6.957155180881473555e-01
7.356062229498300242e-01
7.002477682110590518e-01
6.705903366349592609e-01
6.718102060017423494e-01
8.007336346363052026e-01
6.705903366349593719e-01
7.321072861283588473e-01
7.053690764416478132e-01
7.480701411876748974e-01
7.109650743125554007e-01
6.759213649342145080e-01
6.706872999719480921e-01
7.620005981394357697e-01
6.703173795676430347e-01
6.999727306963294815e-01
6.703173795676430347e-01
7.088981660574803501e-01
6.703173795676430347e-01
7.266196145175557453e-01
6.703173795676432567e-01
6.546875464137684730e-01
6.546875464137684730e-01
6.532903658193940366e-01
6.532903658193939256e-01
1.033074575529941530e+00
6.532903658193940366e-01
6.379118378711069459e-01
6.379118378711069459e-01
6.372140527057750248e-01
6.372140527057751358e-01
6.466591923327448255e-01
6.372140527057751358e-01
6.567601937019724723e-01
6.372140527057751358e-01
7.205778749815232587e-01
6.342309907290757387e-01
5.862763769838201799e-01
5.792332428607297468e-01
7.011391505763711063e-01
5.795024533345511930e-01
6.577436113625124703e-01
6.067068927738701323e-01
6.427146285483245070e-01
6.009661411488146365e-01
6.368672800655919009e-01
5.866044350276513608e-01
6.364948780708693521e-01
5.786502206880779209e-01
5.900726797160114057e-01
5.743920627347753882e-01
5.578363275768076779e-01
5.477196338113625718e-01
5.446913854006252276e-01
5.465737889132963323e-01
5.347317859222391334e-01
5.337545549711646409e-01
6.385711686694993672e-01
5.331609459766094572e-01
6.847770023285824070e-01
5.345584292290869177e-01
6.242831143724488774e-01
5.733517153280522916e-01
5.378058162754170146e-01
5.331366469504635885e-01
5.733408716324034371e-01
5.660600768139995020e-01
6.024192933594900712e-01
5.284118318065051945e-01
5.962081927985127816e-01
5.489430923031397569e-01
6.030707049736594438e-01
5.280762805090341017e-01
6.036566288875035990e-01
5.535532366564116513e-01
6.026474884821517719e-01
5.280762805090341017e-01
6.711450033580040886e-01
5.281445145215933890e-01
5.783423754129328742e-01
5.280762805090341017e-01
5.925943561916455771e-01
5.280762805090341017e-01
5.530142537145956716e-01
5.280762805090342127e-01
5.755344226765396476e-01
5.280762805090342127e-01
5.227931836712225167e-01
5.246905307628855208e-01
5.201626029010070207e-01
5.201626029010070207e-01
5.175452953266548306e-01
5.167705776268759488e-01
5.191575809891370019e-01
5.167705776268758378e-01
5.170437029831241871e-01
5.167705776268756157e-01
5.172702316377423282e-01
5.302281082809088275e-01
5.723588404402557561e-01
5.170743490218552285e-01
5.477753835789072046e-01
5.173645733936462765e-01
5.500436848569625337e-01
5.342547963401714783e-01
5.935485053097603325e-01
5.276558945157764358e-01
6.541163170098830415e-01
5.168547301274782901e-01
5.989837243296375346e-01
5.187402740251535471e-01
5.688903553706847749e-01
5.209531888853803361e-01
5.180956556345537312e-01
5.117257557591758932e-01
5.138829310462649236e-01
5.157625328279630272e-01
5.840512860930461292e-01
5.121471547596538887e-01
5.777149638591013714e-01
5.224322656301290113e-01
6.639546091774971570e-01
5.223115653312160322e-01
6.248187512431835344e-01
5.117618778013500735e-01
5.464751673293039014e-01
5.221244060370130446e-01
5.883781961527100313e-01
5.210374643112801740e-01
6.197453436688553641e-01
5.100908769199860027e-01
5.189489864617227166e-01
5.094626261633419251e-01
6.098755086218573540e-01
5.093610012622671324e-01
5.770244476598379579e-01
5.527510445566600206e-01
5.687875485454468860e-01
5.092883075601510878e-01
5.767770370424927240e-01
5.096573387104272879e-01
5.432573586415211375e-01
5.092883075601509768e-01
5.088394311756502253e-01
5.088394311756502253e-01
5.108840991679175492e-01
5.088394311756501143e-01
5.101458170558330618e-01
5.088394311756498922e-01
5.129987937672636500e-01
5.088394311756498922e-01
5.120080300188066813e-01
5.100056955786215207e-01
5.292635944932767567e-01
5.256687747061553617e-01
5.849277055194844754e-01
5.180294595601130370e-01
5.286500049204319041e-01
5.075954127013240225e-01
5.881516565276539987e-01
5.076818296443160738e-01
5.687054463646218361e-01
5.024441744749947869e-01
5.078240539288048083e-01
5.026349205192884861e-01
6.228595245492736243e-01
5.261672739977288904e-01
5.102150780887836357e-01
5.466371418174940100e-01
5.213671898769314250e-01
4.847815437836211494e-01
4.869376802232830981e-01
5.055265925928206228e-01
4.840194335985884555e-01
4.924411082106948112e-01
4.840194335985882335e-01
4.971479830300374880e-01
4.817450923664063356e-01
4.956599978011487218e-01
4.799100199138260359e-01
4.775518382638406223e-01
4.761776833080863525e-01
5.026941970223627321e-01
4.753745709057444202e-01
4.865445469931958256e-01
4.742238665432298994e-01
4.770494395418469757e-01
4.744205416504029271e-01
4.704614554695468742e-01
4.699191064051525535e-01
4.799137596340776191e-01
4.727595225399968126e-01
4.749570704967893131e-01
4.708932060356057492e-01
4.707002799777718627e-01
4.731917236473879296e-01
4.831734683549622211e-01
4.695354730777896446e-01
4.857448942694592153e-01
4.696815872543730341e-01
4.710063286340889221e-01
4.693271691810084190e-01
4.761586225469704448e-01
4.693271691810081414e-01
4.607739282976919259e-01
4.610832420539349163e-01
4.710756659645656264e-01
4.734805781824946713e-01
4.528018747346014283e-01
4.523846977155193683e-01
4.672544309982809563e-01
4.516825461843600453e-01
4.674631369734233433e-01
4.514967113147227984e-01
4.677097346113347487e-01
4.514967113147229094e-01
4.612675413291238424e-01
4.514967113147229649e-01
4.526594667824814233e-01
4.514967113147229094e-01
4.589074338687464949e-01
4.512535765488465689e-01
4.595421576297856747e-01
4.471509590231559916e-01
4.730532868677494451e-01
4.476144389533081580e-01
4.694148791582447022e-01
4.535670078130171201e-01
4.655731624192683826e-01
4.466550801884194288e-01
4.672544560166256855e-01
4.537716136930574629e-01
4.526551478512620408e-01
4.474307802925868716e-01
4.640653173568762280e-01
4.457451347815467591e-01
4.519376518228778172e-01
4.457451347815472587e-01
4.693106821795651751e-01
4.529704614554289632e-01
4.602407322293394776e-01
4.463721480094139382e-01
4.479782739101117461e-01
4.463587524699906828e-01
4.511599577111449766e-01
4.456787912020058751e-01
4.553394768816919624e-01
4.492362955603308450e-01
4.574496780090770431e-01
4.456882960372829383e-01
4.475055446427506634e-01
4.530015302793400367e-01
4.505244614097242417e-01
4.469755213349496659e-01
4.558815076245992803e-01
4.452680501247154865e-01
4.537638504759342606e-01
4.453930504990705752e-01
4.511993152260024287e-01
4.450914321970093068e-01
4.475612968498450805e-01
4.449527257828617133e-01
4.464948770278694412e-01
4.484183505931215730e-01
4.566483416523075545e-01
4.505959568824407513e-01
4.598242458057721915e-01
4.470923750613705061e-01
4.541431068584308450e-01
4.436430488007784279e-01
4.570066141891463984e-01
4.491472721624885645e-01
4.531833599153767267e-01
4.436427377702990560e-01
4.534438747385749480e-01
4.438331571192808411e-01
4.597571241200305026e-01
4.427546996330401496e-01
4.528326665101879978e-01
4.407215872646967347e-01
4.395650466595577011e-01
4.396397769479017392e-01
4.393801454716123045e-01
4.418644558499866259e-01
4.391839803146636023e-01
4.474583915122253841e-01
4.390944572374927413e-01
4.446486861390760437e-01
4.428881617691285966e-01
4.436836489066792732e-01
4.386888025690842130e-01
4.423015873182201130e-01
4.385957068077776522e-01
4.369192592815360210e-01
4.368923701172914287e-01
4.374440932247891101e-01
4.369244232673988870e-01
4.388713661035421598e-01
4.369366488897580281e-01
4.381531913049619420e-01
4.392949583642372091e-01
4.399536844662488289e-01
4.407129736345028470e-01
4.409449903476897470e-01
4.363280628414447637e-01
4.352453799138636947e-01
4.355923944045044238e-01
4.360217023171900075e-01
4.343822353907701994e-01
4.359732696976174604e-01
4.346515598480647502e-01
4.352703297500297164e-01
4.341480203815801797e-01
4.352407261235174962e-01
4.352346101628546404e-01
4.355454396034627029e-01
4.345767657239333892e-01
4.324635139254372485e-01
4.346243032113891736e-01
4.369698837698766103e-01
4.342982486214273519e-01
4.328930721805319126e-01
4.324215544661602628e-01
4.366940504773360043e-01
4.324600546093907427e-01
4.371587365245934165e-01
4.330538928992687664e-01
4.313150660134429937e-01
4.314175428641769394e-01
4.353057282903859959e-01
4.315629662257749466e-01
4.328910456358489034e-01
4.318709541621062464e-01
4.331419652066332282e-01
4.312603704393935256e-01
4.325359038260699340e-01
4.316771703604959098e-01
4.338881542789465584e-01
4.409896913765961601e-01
4.335135527021951596e-01
4.320297496282730076e-01
4.311225046914106684e-01
4.306824445144561975e-01
4.335629069488072251e-01
4.308139805248912269e-01
4.318390338906435977e-01
4.305925221304547357e-01
4.318652789547982040e-01
4.324038901318973949e-01
4.305687379447220575e-01
4.309406347000458992e-01
4.320919522813835290e-01
4.304057387557515546e-01
4.293998217934024142e-01
4.292926259641666742e-01
4.362677919783204961e-01
4.291566607687726798e-01
4.348008151891911144e-01
4.287990318045946658e-01
4.334816801913591866e-01
4.287746971676301699e-01
4.300118699591649607e-01
4.287424073900549804e-01
4.286102402738767303e-01
4.296256795016165642e-01
4.291470636598483379e-01
4.300456611981014476e-01
4.332915811117813432e-01
4.288616678413295080e-01
4.287689726797678236e-01
4.290938691334310606e-01
4.300032690272170277e-01
4.290130064153321876e-01
4.295189626897872870e-01
4.282092530427433208e-01
4.303221814115332222e-01
4.302997456171401836e-01
4.251981755672674668e-01
4.274913147740400099e-01
4.261756750570293018e-01
4.250545857490886648e-01
4.294708018040742092e-01
4.245783453038048383e-01
4.265632506755752673e-01
4.247853298043492432e-01
4.295087199804320521e-01
4.254586587634734407e-01
4.239734990117528524e-01
4.267796647088326067e-01
4.257006664857365119e-01
4.239809114501729703e-01
4.274766714059447525e-01
4.227599507478362328e-01
4.340999072843265139e-01
4.238572254736387435e-01
4.242814673824822358e-01
4.227380820394671668e-01
4.242802256954644746e-01
4.224534859401723463e-01
4.221417286202368002e-01
4.229802300513978985e-01
4.297601434895745309e-01
4.230916268937741642e-01
4.236089975012578002e-01
4.221937876472096063e-01
4.228971302679105371e-01
4.221790142265194334e-01
4.255093869562098230e-01
4.230546396481891236e-01
4.225267967721066942e-01
4.224002375172044021e-01
4.226436620382599818e-01
4.228242878488485679e-01
4.258204048678815856e-01
4.215692028257266855e-01
4.263661989126545926e-01
4.248422816929143808e-01
4.261804832007407562e-01
4.217202251740483354e-01
4.239460490408202276e-01
4.216056611317889891e-01
4.224626425532404528e-01
4.215664190387704013e-01
4.227627900527298199e-01
4.229759016083919909e-01
4.231698220795889198e-01
4.221550326555134625e-01
4.233840996697524339e-01
4.218167811744334417e-01
4.219765261702157488e-01
4.221380897207158700e-01
4.226213008702545681e-01
4.217101065004451033e-01
4.282648842942455292e-01
4.205789473526649891e-01
4.210996744913917955e-01
4.229291531627619172e-01
4.216603584882180900e-01
4.207324779284837279e-01
4.219116718829920565e-01
4.232289901094826723e-01
4.221799801021469678e-01
4.214348684705995218e-01
4.235595646840990547e-01
4.222346674622768359e-01
4.236294981252933245e-01
4.217377078517677291e-01
4.221327165445192264e-01
4.244781347935832616e-01
4.200971153234798749e-01
4.197211310091572556e-01
4.204706154315270283e-01
4.197924201285285761e-01
4.204837847049482935e-01
4.199428013601041454e-01
4.196478814326901063e-01
4.198118690105563933e-01
4.204279609307058907e-01
4.196186501720559625e-01
4.202464868118906405e-01
4.200902468083351216e-01
4.194996771767421917e-01
4.199548485136593290e-01
4.202102000603095688e-01
4.201493555575839811e-01
4.210299260632693330e-01
4.192830011888400987e-01
4.197423807195185264e-01
4.192556094082790508e-01
4.198133659880756152e-01
4.194992474988675224e-01
4.193895181683147677e-01
4.194479440387677283e-01
4.186523113486463332e-01
4.185831891494986023e-01
4.183045009396142433e-01
4.181516254374518793e-01
4.180654685362433787e-01
4.183721742018733925e-01
4.181227602501210727e-01
4.179726585788044457e-01
4.180881302801405797e-01
4.186465921406021806e-01
4.185052937035247389e-01
4.177215972993574833e-01
4.187245777736094965e-01
4.176135381546724479e-01
4.178485767860468103e-01
4.175262928317774458e-01
4.178600745938041428e-01
4.179225764696837819e-01
4.179189063017421102e-01
4.178726217796889797e-01
4.179338267428651665e-01
4.178179187879496048e-01
4.180139972873644916e-01
4.174280682674248455e-01
4.180562311530189867e-01
4.175087587691216351e-01
4.178390397345052576e-01
4.175804574900939814e-01
4.184209670876056220e-01
4.166490148105112534e-01
4.164979203213722836e-01
4.162051294705554905e-01
4.168057204624976420e-01
4.165988550267699653e-01
4.165295153132969608e-01
4.165615104708176308e-01
4.181312390479058894e-01
4.168365001179354379e-01
4.161598243926896146e-01
4.162650961424929075e-01
4.171819661560012826e-01
4.162891881480229039e-01
4.164330071581421322e-01
4.166663294899218273e-01
4.163829170636648702e-01
4.165155188537651987e-01
4.160453767114956070e-01
4.160639619473396333e-01
4.170665034368595814e-01
4.160064787100303807e-01
4.157304957008577384e-01
4.155783799852124649e-01
4.161496100176415580e-01
4.161070116722204726e-01
4.161990078771953261e-01
4.159547441497314368e-01
4.167114372656864352e-01
4.157220034642240547e-01
4.181896864050514973e-01
4.160050965208538787e-01
4.154920034273337781e-01
4.151461342608671612e-01
4.163061706645249660e-01
4.151983965186616388e-01
4.157608320846774008e-01
4.154610407922728621e-01
4.149534269853825674e-01
4.148652527557517566e-01
4.162927880400343339e-01
4.148014196590892322e-01
4.154984803327443910e-01
4.149185032660048789e-01
4.160410843730876218e-01
4.148195781972151552e-01
4.154697131563162560e-01
4.147755129930872364e-01
4.151341854728797243e-01
4.148340397671153590e-01
4.149689446761472000e-01
4.147155588569010898e-01
4.149281011611196113e-01
4.148940130591403097e-01
4.150374831707199230e-01
4.149162087457188841e-01
4.155076003726120293e-01
4.146288418733204417e-01
4.151024040265655635e-01
4.156011930859518366e-01
4.146422819876695032e-01
4.142330053323945993e-01
4.142540733209200687e-01
4.144978760076327706e-01
4.142521747359908524e-01
4.143447839857293258e-01
4.145196659628143654e-01
4.143242920575631594e-01
4.154602329867861932e-01
4.142330463951130470e-01
4.146949327352587034e-01
4.144499046664418818e-01
4.150120694210158168e-01
4.142424958246806455e-01
4.150304092796772704e-01
4.143844556124569034e-01
4.151450575702066992e-01
4.145395620038109796e-01
4.168326097742789393e-01
4.142182935518458065e-01
4.146011624720579158e-01
4.148365272592422492e-01
4.139732406143745158e-01
4.141789395409567476e-01
4.149281223609034841e-01
4.145387200746069034e-01
4.143791139294782933e-01
4.139825814049074570e-01
4.143446542946069844e-01
4.141239079428496450e-01
4.139752937567859892e-01
4.146259553147723653e-01
4.145717959920406370e-01
4.142117402795656989e-01
4.142792550899405124e-01
4.144555399189205902e-01
4.147244398419320799e-01
4.143828915124347922e-01
4.138056772122457039e-01
4.138428495281614716e-01
4.147031589949340402e-01
4.137560610234524150e-01
4.143290985449465391e-01
4.136132383164303206e-01
4.138387837789793133e-01
4.137523700157729190e-01
4.134076001100677189e-01
4.130814864937454867e-01
4.140785689011390325e-01
4.132329589968681272e-01
4.141202768221731167e-01
4.130989696661685473e-01
4.127742795134062281e-01
4.128332258750263550e-01
4.133355310737432120e-01
4.132106530895833241e-01
4.129257635546317862e-01
4.130660384705332477e-01
4.134006495365895040e-01
4.127891826360090555e-01
4.135989126125763637e-01
4.125430474781661694e-01
4.126485856124094687e-01
4.126671558002271700e-01
4.134609428691060629e-01
4.126282231379255760e-01
4.136883569040262221e-01
4.125057638813393601e-01
4.124825588588305614e-01
4.125649043067116661e-01
4.127589360144910957e-01
4.125466379773773951e-01
4.137744229413790054e-01
4.125046548050774753e-01
4.129409240904012846e-01
4.125480774345177126e-01
4.130574292589755947e-01
4.123480650761776611e-01
4.135905141602050361e-01
4.125303770963034133e-01
4.133113045932417795e-01
4.136252713149624616e-01
4.120820220207622731e-01
4.118867598105264705e-01
4.128322579143754445e-01
4.117156964681891185e-01
4.118084247541445309e-01
4.117086766603914039e-01
4.125215600252220560e-01
4.115352047451620310e-01
4.125515402582049518e-01
4.114319609079732931e-01
4.130385073946774566e-01
4.115378781550151910e-01
4.115484006076937651e-01
4.119645750835164155e-01
4.122217016856640215e-01
4.114760162619474637e-01
4.118662113666445856e-01
4.113509447050668899e-01
4.119510161748506927e-01
4.115594378068128112e-01
4.113718104636775452e-01
4.115704311798689674e-01
4.122625307888000412e-01
4.127504949903371134e-01
4.112713839963724194e-01
4.113963972799533075e-01
4.118584616177980440e-01
4.113156843469911728e-01
4.121980018262446088e-01
4.112947052470235509e-01
4.114766043960110808e-01
4.112505435605449122e-01
4.123075967127788344e-01
4.115284641032171398e-01
4.111558279941377458e-01
4.114646641919111336e-01
4.115622282407696009e-01
4.112725975237258025e-01
4.119873097443872423e-01
4.113629815245164467e-01
4.116260305690178645e-01
4.112441704583391089e-01
4.128690188051479248e-01
4.112475868918060162e-01
4.110623897058224285e-01
4.114411069742912042e-01
4.111981059499715263e-01
4.113007861632985707e-01
4.113615169740277855e-01
4.110323800850687603e-01
4.113152269645116155e-01
4.111736475479575437e-01
4.127891410486543289e-01
4.111910195141542657e-01
4.118491539751661379e-01
4.108114392784315005e-01
4.114730620251656479e-01
4.110335507291790202e-01
4.113891535149464818e-01
4.111603368606043807e-01
4.107447389543012473e-01
4.109096640335718753e-01
4.109094817185860449e-01
4.107018246576356058e-01
4.108368322639962544e-01
4.104646389563726960e-01
4.109905369531827724e-01
4.105941682171029838e-01
4.101846673469012883e-01
4.101892684190400762e-01
4.107620061636167996e-01
4.101845981106920225e-01
4.114806429018671441e-01
4.102032376276695258e-01
4.107458337971647278e-01
4.100509517814005522e-01
4.106471616040864303e-01
4.103820056624180035e-01
4.102703984906497237e-01
4.097631771290763947e-01
4.102530101576197241e-01
4.095726610425602376e-01
4.094853679405897617e-01
4.096082916227717363e-01
4.104257900722633745e-01
4.096722439400294347e-01
4.097033576843295832e-01
4.100297402518742196e-01
4.117354120286512154e-01
4.094732643677918560e-01
4.104327738021155136e-01
4.097696178360382691e-01
4.103535854910634328e-01
4.096791180290339507e-01
4.100355873958849151e-01
4.093833414030726980e-01
4.101379635188359130e-01
4.096982794692497487e-01
4.096674649691116610e-01
4.094431835363375738e-01
4.097866590570344858e-01
4.094422330956589140e-01
4.115516849986952108e-01
4.095289464752582820e-01
4.096931603877372874e-01
4.096618052949584365e-01
4.095575519915559681e-01
4.097858298027742818e-01
4.092661932845396144e-01
4.096713472114120180e-01
4.094150468617780980e-01
4.093258635868203266e-01
4.100015972584440949e-01
4.093012964147305643e-01
4.093328866308898473e-01
4.094365914770082271e-01
4.098658582400544481e-01
4.093484623682774326e-01
4.093412432519147326e-01
4.095002456862218976e-01
4.107508877524232993e-01
4.092737882084058754e-01
4.095646925101900648e-01
4.094325321123418182e-01
4.101403297937126213e-01
4.092996354740490728e-01
4.093302858622558382e-01
4.094648789745984341e-01
4.095200185745687116e-01
4.093352293228389449e-01
4.096476989283576176e-01
4.093405354586153733e-01
4.093349396792705930e-01
4.093415829573200382e-01
4.099139708087005118e-01
4.095179388255207886e-01
4.093161711395535973e-01
4.094215146593955246e-01
4.093998793143248105e-01
4.093138768381467951e-01
4.093083112433560933e-01
4.096722148724533663e-01
4.093396310372182656e-01
4.097009010320604716e-01
4.090808018168415328e-01
4.093998002589785967e-01
4.091293888404406998e-01
4.094176286981627277e-01
4.090595406570841641e-01
4.093569410958274868e-01
4.091174447907152678e-01
4.091973056529874531e-01
4.090353270100882122e-01
4.094396591322743695e-01
4.091317655906757667e-01
4.091478348346227478e-01
4.089383453859296025e-01
4.091821893518468034e-01
4.089212903140047040e-01
4.090718571995329289e-01
4.089505636989758108e-01
4.091214272264785956e-01
4.090068688846658085e-01
4.091118477544332666e-01
4.088776428903200810e-01
4.089290411004640191e-01
4.088987908554231887e-01
4.088542872892054203e-01
4.087005965604741942e-01
4.086288466442621892e-01
4.086436806034122737e-01
4.089447598277380358e-01
4.086682993666317931e-01
4.085604081279698430e-01
4.086245548574099495e-01
4.083524654942923826e-01
4.082681871455198785e-01
4.084001664888654015e-01
4.084253223671761579e-01
4.082045757132569674e-01
4.082605083461990358e-01
4.085328072825466506e-01
4.083459802143112882e-01
4.083145143037366642e-01
4.081849816227239303e-01
4.079327083249091879e-01
4.079041813212637146e-01
4.079190547538895650e-01
4.079491531317823161e-01
4.077347325061480565e-01
4.078091199237370290e-01
4.080140988252335399e-01
4.077768953564652743e-01
4.078927501068304595e-01
4.077701469644733345e-01
4.076269477091959414e-01
4.076246570230995792e-01
4.075657791044857703e-01
4.076260727043942711e-01
4.080345168842527404e-01
4.076976456380251856e-01
4.075827062184229077e-01
4.075943322641941147e-01
4.076091991109234147e-01
4.075820951250759272e-01
4.075801743630015350e-01
4.073773917622864893e-01
4.077155491338183002e-01
4.071950509716352751e-01
4.072244067281170499e-01
4.071904093238675193e-01
4.072521009622646626e-01
4.072496035000112147e-01
4.073268353172481704e-01
4.071609526517026012e-01
4.072009047214775745e-01
4.071707467269893299e-01
4.074902216890632922e-01
4.072026583147092538e-01
4.074477053347410060e-01
4.071431732782858637e-01
4.072031328463543987e-01
4.072903810500523303e-01
4.071774313982113869e-01
4.071741389646333364e-01
4.072286629472470776e-01
4.074247668376161924e-01
4.073454301101468444e-01
4.071157397234608233e-01
4.077204273798169520e-01
4.072233064291094773e-01
4.071046431806603083e-01
4.070366530127545457e-01
4.073877314874139177e-01
4.069395744447152907e-01
4.071655360143459079e-01
4.069643042867169269e-01
4.071021460106018508e-01
4.068617336953548325e-01
4.068646949158478132e-01
4.069287047128783974e-01
4.068811499782184482e-01
4.068450620910045723e-01
4.070734202445568384e-01
4.069002949658426793e-01
4.069715333592056061e-01
4.068734882135692232e-01
4.069136134709628316e-01
4.069678402595258149e-01
4.070055587405341235e-01
4.069606236558559464e-01
4.069840687873882978e-01
4.068550809960170822e-01
4.069116764620656079e-01
4.069119328328961172e-01
4.070404594251559871e-01
4.068344022048643871e-01
4.068457386281944532e-01
4.069041015278922480e-01
4.069901098063894995e-01
4.068994223242612396e-01
4.067114836211267459e-01
4.067748922976143211e-01
4.066828782740588566e-01
4.067219469525942266e-01
4.067519901047577657e-01
4.069686245766411248e-01
4.065274821357636181e-01
4.067911063374892167e-01
4.067967720158205958e-01
4.065751009458093979e-01
4.069006403320504783e-01
4.065775639773208106e-01
4.065424654919733150e-01
4.065461152659314847e-01
4.068940140113938564e-01
4.067041409688791909e-01
4.065684866242767481e-01
4.065825383331397314e-01
4.065372790802210812e-01
4.065698040006216485e-01
4.067838731949601772e-01
4.065210410070178026e-01
4.065705845136393104e-01
4.065540247730031753e-01
4.066240052336229649e-01
4.065868836759501392e-01
4.065752714406603019e-01
4.066233606159649350e-01
4.068124241548710107e-01
4.064957214699187471e-01
4.065555342398966543e-01
4.066742741741554146e-01
4.064687414467801352e-01
4.066037271323093005e-01
4.065747266073345134e-01
4.065544357052296998e-01
4.066233358943434628e-01
4.066748778483362248e-01
4.064426787974766420e-01
4.065219198103145470e-01
4.062827330109368695e-01
4.062937309252886986e-01
4.063254991566302987e-01
4.063251603218882013e-01
4.064466855775505927e-01
4.064819468111451339e-01
4.062693729629726636e-01
4.063280714866896459e-01
4.064140603663612961e-01
4.062297918012188758e-01
4.063259214388709184e-01
4.062255762514250246e-01
4.061748190244863776e-01
4.061355932518148637e-01
4.061073889114459878e-01
4.060663347467114437e-01
4.063538047627589522e-01
4.060454692506950680e-01
4.060888506854091196e-01
4.061263290775698476e-01
4.063686083075297439e-01
4.061463423805791173e-01
4.060433803082023063e-01
4.062167357247828958e-01
4.059589166852352049e-01
4.059598819886678922e-01
4.059271777829362993e-01
4.059220399999826090e-01
4.060597644794720629e-01
4.060496488974681961e-01
4.061998414394813461e-01
4.059122145993089292e-01
4.060554647633761727e-01
4.059155721551674922e-01
4.061380061644886963e-01
4.059241578162043895e-01
4.061562163322315899e-01
4.058806487323116663e-01
4.061072101563236170e-01
4.058187886123215127e-01
4.059917555261333133e-01
4.059204296857239491e-01
4.059101945829924341e-01
4.057983504445877299e-01
4.058642513396987228e-01
4.058210491795415931e-01
4.062956114515917649e-01
4.057665073222525565e-01
4.056204894266834948e-01
4.056792344787873428e-01
4.059179179192597964e-01
4.055460491284885172e-01
4.057188907226273455e-01
4.056671617786385964e-01
4.056990620111121104e-01
4.055045383272202764e-01
4.058811052953435472e-01
4.054904743112063836e-01
4.054108700778341068e-01
4.055624237346137084e-01
4.054945261035028947e-01
4.054083268532935880e-01
4.054316511581167459e-01
4.054278726087225948e-01
4.054720453579746531e-01
4.054570804806177375e-01
4.057389886631898035e-01
4.055332295662168463e-01
4.054915402849757489e-01
4.054398567059576686e-01
4.056520495404630777e-01
4.053949425780595250e-01
4.054797523805606652e-01
4.054171174276132716e-01
4.055310081073832396e-01
4.054788955078534873e-01
4.053972702643046655e-01
4.054088766265535049e-01
4.055187424152795761e-01
4.053689133689886148e-01
4.058390174548157092e-01
4.054063810402748214e-01
4.054693797903957120e-01
4.053421023630712217e-01
4.059812201372027807e-01
4.054459077114078713e-01
4.051161712651240587e-01
4.052518222747694132e-01
4.049669723424829670e-01
4.048766507365201828e-01
4.048307063809808426e-01
4.049667089422609445e-01
4.047556514760788371e-01
4.047795172518287576e-01
4.048163092556988363e-01
4.048169397923660484e-01
4.048893305711517288e-01
4.047442532425681860e-01
4.047517989897668200e-01
4.047589013149152093e-01
4.048974001123352706e-01
4.047034201902874884e-01
4.048803920398459377e-01
4.047249581904507898e-01
4.050557988667939924e-01
4.046868691060624967e-01
4.049150745374274218e-01
4.047401583857035967e-01
4.052305479368514263e-01
4.049246591551513563e-01
4.047481234519061388e-01
4.047374540736529691e-01
4.046751245966572208e-01
4.047951969337335032e-01
4.049659276697832877e-01
4.047802300867632819e-01
4.047446787447767091e-01
4.047988762481494196e-01
4.046286967420670289e-01
4.046044745473385551e-01
4.051781907375595626e-01
4.046740624285135590e-01
4.046011493025880590e-01
4.045296650709938602e-01
4.045553662976834608e-01
4.045391223179504170e-01
4.047106107126405283e-01
4.046431819905019212e-01
4.049120026991961385e-01
4.045737652395234307e-01
4.045581773351649701e-01
4.046629640339681755e-01
4.047296970664150950e-01
4.044787187992283650e-01
4.045155084600975393e-01
4.044625997514921800e-01
4.045761539530833284e-01
4.044928497969187964e-01
4.044682292856410788e-01
4.044689781616407909e-01
4.045040453500304833e-01
4.045049919256980542e-01
4.046079258489861941e-01
4.044696452544260246e-01
4.050853325687590045e-01
4.044913737036431867e-01
4.046735490122755907e-01
4.043887099975620458e-01
4.047069387240128657e-01
4.044524537239840845e-01
4.043833801116138993e-01
4.045251485049899953e-01
4.048184633233201657e-01
4.044838909899132751e-01
4.045575640576436482e-01
4.044678087079539575e-01
4.045144029827068555e-01
4.044606439546034049e-01
4.043993631681584988e-01
4.044655760899681929e-01
4.044625066597046237e-01
4.045226310277004189e-01
4.044607097051790556e-01
4.043392969724893815e-01
4.047517135135214050e-01
4.042926879798469098e-01
4.045964763960206989e-01
4.043690947720179896e-01
4.043734975263548193e-01
4.043001179747003904e-01
4.044423257230423951e-01
4.042940941988711900e-01
4.042494502704511161e-01
4.042302024800584759e-01
4.046915249267289960e-01
4.045656392657097644e-01
4.038382055684699434e-01
4.038763800896617018e-01
4.039069174313335564e-01
4.039841516970573143e-01
4.039107565750529316e-01
4.040940748308995967e-01
4.039014743336067359e-01
4.037991496015017612e-01
4.039568444944175996e-01
4.040872220149470673e-01
4.038352346896337819e-01
4.040297423216806516e-01
4.038262382118060212e-01
4.038424150798305412e-01
4.037847320748200741e-01
4.041155118732324136e-01
4.038748114679588941e-01
4.040074854127255755e-01
4.038555551562271195e-01
4.039028254932772177e-01
4.038012811637257671e-01
4.038020996635875992e-01
4.038516591558357072e-01
4.037997240523507059e-01
4.038231313824970914e-01
4.039093043276020256e-01
4.037810790377553416e-01
4.038582129624911921e-01
4.038349965953323961e-01
4.039178656167006221e-01
4.038368802494578524e-01
4.038208335301647356e-01
4.038897522942163643e-01
4.037905204887857202e-01
4.037551141755368889e-01
4.038956889670125561e-01
4.038579909171358118e-01
4.038558312702229536e-01
4.037818099810202011e-01
4.039016409485012282e-01
4.038248270044360599e-01
4.037671796704060956e-01
4.037820140222424525e-01
4.039207667617901176e-01
4.037835484630945548e-01
4.038314222836892897e-01
4.037604142802336815e-01
4.039906067670462897e-01
4.038539380422922487e-01
4.039444706172859445e-01
4.037229629217773397e-01
4.037944583455444492e-01
4.037631911736384582e-01
4.037038284922648268e-01
4.037754011130878506e-01
4.041190510365698652e-01
4.037886468009253549e-01
4.040026668629125850e-01
4.038669886171077916e-01
4.043667468832078948e-01
4.038431417950127389e-01
4.037443183322731999e-01
4.037390369800102907e-01
4.036875691733836646e-01
4.040038222508796628e-01
4.036905619402747503e-01
4.035832431526222841e-01
4.035357963448666374e-01
4.038490172900237041e-01
4.038120058581271543e-01
4.035423353130834778e-01
4.039675186924372996e-01
4.035693244988813877e-01
4.037740367166583466e-01
4.034943829032748841e-01
4.034111156077532234e-01
4.033987749443442294e-01
4.035617238366730475e-01
4.033857826900678623e-01
4.034044486835535737e-01
4.033923601169173145e-01
4.035840967341048913e-01
4.034438335301536727e-01
4.036121210201284448e-01
4.034713362612187826e-01
4.033439320349329615e-01
4.034202069886649866e-01
4.033185022492363769e-01
4.033468545380432535e-01
4.033728948271592119e-01
4.032969631250367115e-01
4.033734564580810922e-01
4.033298920281295774e-01
4.034428940055156398e-01
4.033335136422044331e-01
4.035309508739785000e-01
4.033082845725808330e-01
4.033906371383909617e-01
4.032974963847838490e-01
4.035689371305053452e-01
4.032643382064171611e-01
4.034022158038090278e-01
4.033258054528405800e-01
4.033070408293704112e-01
4.032808449265855022e-01
4.037856707438568504e-01
4.033603105528995036e-01
4.034035228520740923e-01
4.033035995782281447e-01
4.033266425520684040e-01
4.032594923412717303e-01
4.034959082257804641e-01
4.033351539780967721e-01
4.033295100481889550e-01
4.032254194930638413e-01
4.034060733211221050e-01
4.032982435559911427e-01
4.034866671896729651e-01
4.031797746205955657e-01
4.032643741022517436e-01
4.031988580141252498e-01
4.033672751626601882e-01
4.030915714803370298e-01
4.035782248523029914e-01
4.033201799395686460e-01
4.031099818907710186e-01
4.030984466508251707e-01
4.030536386507313495e-01
4.031108178502739725e-01
4.034178876211368947e-01
4.030738969233182978e-01
4.032041984878561580e-01
4.030750068880778469e-01
4.031183618473984653e-01
4.030769876561969278e-01
4.033389067087836399e-01
4.031039477377414415e-01
4.029956390130298161e-01
4.029912091785841644e-01
4.033457493216413559e-01
4.030092498858161565e-01
4.030743040582959180e-01
4.030245313644350569e-01
4.030006962328281928e-01
4.031290971711267712e-01
4.031025758383515734e-01
4.030078512532375146e-01
4.030704917077533311e-01
4.028788931997067113e-01
4.034064446400985604e-01
4.029148857155528396e-01
4.030643043151621585e-01
4.029502618289268479e-01
4.028797440342216651e-01
4.029266339189099266e-01
4.028408918487717538e-01
4.029256774792659979e-01
4.029513059462963565e-01
4.029069768609657154e-01
4.030143873620419259e-01
4.030049934948757295e-01
4.032117389891637371e-01
4.028558017590481710e-01
4.030930330077516777e-01
4.028346857260420855e-01
4.028343671897438583e-01
4.028269725536940404e-01
4.028896295801326910e-01
4.028294264794691770e-01
4.032767075302804982e-01
4.028626529357355879e-01
4.029400049153796237e-01
4.028478592634341937e-01
4.028707285245496927e-01
4.028408337824049834e-01
4.029686895828100690e-01
4.028333221653096485e-01
4.029833458650648459e-01
4.028144995085444213e-01
4.030186661927577796e-01
4.029179302480817570e-01
4.030354429471532107e-01
4.028164472162818477e-01
4.036716678072880815e-01
4.029551009391483252e-01
4.028075419488659770e-01
4.028482869969572944e-01
4.031233503236907323e-01
4.027892648247854424e-01
4.033559944816660914e-01
4.027851053860165842e-01
4.030049307944828518e-01
4.027949746180687907e-01
4.028789189209152077e-01
4.027571522409678084e-01
4.029265439602022769e-01
4.027717821096840067e-01
4.028932766224248008e-01
4.027012132482000739e-01
4.028373615634420202e-01
4.027397786709273619e-01
4.032731698698976408e-01
4.030044329726828467e-01
4.026294335121944346e-01
4.026410746472471880e-01
4.027448982565935420e-01
4.026341662010775035e-01
4.028850064402056397e-01
4.026840008843479701e-01
4.028038690459943005e-01
4.026560526247248140e-01
4.026487401845971204e-01
4.026243932055658115e-01
4.026034596207934690e-01
4.026007524212828481e-01
4.029972873014228130e-01
4.027481718106266095e-01
4.027090832342647975e-01
4.026109692907836046e-01
4.030660763403654534e-01
4.026015319543209126e-01
4.027384437360017055e-01
4.026104195952548981e-01
4.030130897255513878e-01
4.026350901961682216e-01
4.030136957119797581e-01
4.025823544057451353e-01
4.027499144918568197e-01
4.026344335528020957e-01
4.026830067474505559e-01
4.025264401507400724e-01
4.027013039050332810e-01
4.024915566463046490e-01
4.026463056472358026e-01
4.025021447265756391e-01
4.025560122103084559e-01
4.024731810543084043e-01
4.027020329043769498e-01
4.025440069461098669e-01
4.025470197171007736e-01
4.025326343573850107e-01
4.026590687696354753e-01
4.025071944013757230e-01
4.028510308796285910e-01
4.024331753532343070e-01
4.025564323490248286e-01
4.025085061907435202e-01
4.024279511362487405e-01
4.025563862475092236e-01
4.027157497130093855e-01
4.024642079790358706e-01
4.024194709392859837e-01
4.024413458063690330e-01
4.026475500443992273e-01
4.024333709028243278e-01
4.029837353390242072e-01
4.024511869147124332e-01
4.024594066094215328e-01
4.024003008139230286e-01
4.025861989292315313e-01
4.024631568950804428e-01
4.025374402219450976e-01
4.024312850374218709e-01
4.025782989084414898e-01
4.024441272833702010e-01
4.026596366858902765e-01
4.024045807371893768e-01
4.025830092114224823e-01
4.024293905902834867e-01
4.026020293517899584e-01
4.023904738278502036e-01
4.025988467379429392e-01
4.024146387104212685e-01
4.027447207700176057e-01
4.024101102896497917e-01
4.026065937491288826e-01
4.023724575239034373e-01
4.025349560176656460e-01
4.023664345263588404e-01
4.024067892066773844e-01
4.024630197258494690e-01
4.026011169499351672e-01
4.023702700805573129e-01
4.025662712760232353e-01
4.023206464015413042e-01
4.025481182011648729e-01
4.023153200733363133e-01
4.023886361654122612e-01
4.023669577700231814e-01
4.026723650064451543e-01
4.024784385138419629e-01
4.024409217290976226e-01
4.023618685064191403e-01
4.024721747341923894e-01
4.023086160323496863e-01
4.025951405986258891e-01
4.023104180477248826e-01
4.025276699937259117e-01
4.023305544069802342e-01
4.024516199117953441e-01
4.023306381670241905e-01
4.024613041031358529e-01
4.023980191376880788e-01
4.024108728663279844e-01
4.023096726471440121e-01
4.024033218830649350e-01
4.022838476725810186e-01
4.028209901323268061e-01
4.023361737678668448e-01
4.025230931931387812e-01
4.023422885677267469e-01
4.025844334224154553e-01
4.023737673312034469e-01
4.024799099242986067e-01
4.022908518588627635e-01
4.025104809894481384e-01
4.023762234695276163e-01
4.022871310582767923e-01
4.023510204193718742e-01
4.023071767446347313e-01
4.022718283702425568e-01
4.022799183472244300e-01
4.022584179964069362e-01
4.023190867656929459e-01
4.023036468430755686e-01
4.022980413334882321e-01
4.023246524955641501e-01
4.022740218917421062e-01
4.023043813981558303e-01
4.022319749887549589e-01
4.023220911046404002e-01
4.022434032446199903e-01
4.022396794829984912e-01
4.022629016698202054e-01
4.022252526844388165e-01
4.022009503763407934e-01
4.022382589157381672e-01
4.022002923971433330e-01
4.022520407048078561e-01
4.022370745571335893e-01
4.021891455282571859e-01
4.022040159826644201e-01
4.022181646831972102e-01
4.022015082751659310e-01
4.022651591482378497e-01
4.022109532079160554e-01
4.021615167570551375e-01
4.021562519828143500e-01
4.021685084256911846e-01
4.021420788180577466e-01
4.021483635695760062e-01
4.021626520373602354e-01
4.022068360469895909e-01
4.021548636124008813e-01
4.021463599995244165e-01
4.021683780190056234e-01
4.020801009155016148e-01
4.021172330672642681e-01
4.021345438600746336e-01
4.020812785624739427e-01
4.020915429628713622e-01
4.021024931410878134e-01
4.021233152783074138e-01
4.020883006421975825e-01
4.021413276720861574e-01
4.020832785272505094e-01
4.021132377478933706e-01
4.020730639570728737e-01
4.021083262192971519e-01
4.020730763329191104e-01
4.021932167549581716e-01
4.020624460736897943e-01
4.021987743223268130e-01
4.020775234328433090e-01
4.020376691286034476e-01
4.020602812067340937e-01
4.020649665271690543e-01
4.020413432797135256e-01
4.020484399749292281e-01
4.020510817985740171e-01
4.020600488065444456e-01
4.020181404974444983e-01
4.019952937453460384e-01
4.020130980882727356e-01
4.020144755230792843e-01
4.020059582264459697e-01
4.020754841879544683e-01
4.019976249997004869e-01
4.020040190743340291e-01
4.019726480840677407e-01
4.020741023850133433e-01
4.019868487400920509e-01
4.020326424497528972e-01
4.019713615614498581e-01
4.020256615268495426e-01
4.019834039943802617e-01
4.020441762416555043e-01
4.019752433701270222e-01
4.020319490765507653e-01
4.019693863632499142e-01
4.020221258057944946e-01
4.019688578406374613e-01
4.020206893608178622e-01
4.019628868733579052e-01
4.019697433270462694e-01
4.019681792262460585e-01
4.020039944477164506e-01
4.019786675945046794e-01
4.019722285734642075e-01
4.019794527130582384e-01
4.020109761979824281e-01
4.019670323165657755e-01
4.019870915035860248e-01
4.019457280508027530e-01
4.021698933232220052e-01
4.019973105442629646e-01
4.018882530017185428e-01
4.018953181261463170e-01
4.018720751655869283e-01
4.018812677669938438e-01
4.019704717444863018e-01
4.018796435428201863e-01
4.019043936905491443e-01
4.018824874560905647e-01
4.019452559961453342e-01
4.018935376411937876e-01
4.019271907268381905e-01
4.018885384167798502e-01
4.018858544485069961e-01
4.019055638157121302e-01
4.018866723651572936e-01
4.018857186077317567e-01
4.019281088780518041e-01
4.019226023681480853e-01
4.018725496776604511e-01
4.018638881681772523e-01
4.019132473358567603e-01
4.018694314289181779e-01
4.018872063943994544e-01
4.019135496081761016e-01
4.018808318518443667e-01
4.019047723727028343e-01
4.019463782591207734e-01
4.018840574385768583e-01
4.018755193529689462e-01
4.018511887620818124e-01
4.018852153730955168e-01
4.018798736440117869e-01
4.018099024806423558e-01
4.018136565845772945e-01
4.018358264816117020e-01
4.018530027200760690e-01
4.017792199077993565e-01
4.017948092561879347e-01
4.018462197330703867e-01
4.017972510292076027e-01
4.018075959085037341e-01
4.018061869628634097e-01
4.018143463230935963e-01
4.017784193899369694e-01
4.017727348975768109e-01
4.017816570593795156e-01
4.017745807258067958e-01
4.017660098615443154e-01
4.017766928858620967e-01
4.017781657007382101e-01
4.018196853905766641e-01
4.017958728759460918e-01
4.018560804450877488e-01
4.017839354527977247e-01
4.017597256224253455e-01
4.017832178281400268e-01
4.018535879881722228e-01
4.017651201761228141e-01
4.018305623544909388e-01
4.017646423227701491e-01
4.017398036523160409e-01
4.017408742278097411e-01
4.017112614669086645e-01
4.017274790869344581e-01
4.017839686418909206e-01
4.017274345437175098e-01
4.017263820109878703e-01
4.017236217559148059e-01
4.016972802632582384e-01
4.017269204818385009e-01
4.017112712056720158e-01
4.016917355143735380e-01
4.016892113904263484e-01
4.016623226413085224e-01
4.016936834586276039e-01
4.016489281116400467e-01
4.016758226827915057e-01
4.016498876303478682e-01
4.016765947448435736e-01
4.016742746327871538e-01
4.016553497114108695e-01
4.017095877969674156e-01
4.016199466015231700e-01
4.016270432146843428e-01
4.016538666179487183e-01
4.016116980073760057e-01
4.016404367800385233e-01
4.016046038300968291e-01
4.016268899999924646e-01
4.016229044407732540e-01
4.016944479252422262e-01
4.015736104901844739e-01
4.016196448699432819e-01
4.015760257781996745e-01
4.015821587684601512e-01
4.015682180196938900e-01
4.015981983986438575e-01
4.015719338829405460e-01
4.015905396756196399e-01
4.015936605473927057e-01
4.015997258458954833e-01
4.015779462669085143e-01
4.016044577869087862e-01
4.015845655001298864e-01
4.016261238062527883e-01
4.015883010508023432e-01
4.016560854850269591e-01
4.015716601781063599e-01
4.016126697206547913e-01
4.015721049769701012e-01
4.016922858835233479e-01
4.015763681275128505e-01
4.016024020993737564e-01
4.015747242094329095e-01
4.015863843667902278e-01
4.015941472921524813e-01
4.015493539822467262e-01
4.015501771377691931e-01
4.015406516941674164e-01
4.015392994325757137e-01
4.016374962252647896e-01
4.015322675553698595e-01
4.016715563180685011e-01
4.015660468655281035e-01
4.015197263907457903e-01
4.015240556167354868e-01
4.015716610495586592e-01
4.015345539076812242e-01
4.015327593540682916e-01
4.015192746784916333e-01
4.014872133192768366e-01
4.014695372250133287e-01
4.014924160261100217e-01
4.014755854402051738e-01
4.014726737604911166e-01
4.014763655539311804e-01
4.015759460800014113e-01
4.014950206648384978e-01
4.014963641985858089e-01
4.014746523522627064e-01
4.014572844918021799e-01
4.014578444180858519e-01
4.015420923100545547e-01
4.014891942191596286e-01
4.014544166062377628e-01
4.014318528495651184e-01
4.014560099210876531e-01
4.014339179687213544e-01
4.014608528268222010e-01
4.014466101094877337e-01
4.014238207552718318e-01
4.014104642159549985e-01
4.014696189823566130e-01
4.014303024207493964e-01
4.014566099131855470e-01
4.014242031915987718e-01
4.013904072979670445e-01
4.014073652613099341e-01
4.013950315654443157e-01
4.014096065740632713e-01
4.014072460235103001e-01
4.014001864189835622e-01
4.015818211709725749e-01
4.014089869271961208e-01
4.014202713532345479e-01
4.013962503574176055e-01
4.014528363900938812e-01
4.014035480374277820e-01
4.013880610970325113e-01
4.013664549715983965e-01
4.014304882111902062e-01
4.013528404876398059e-01
4.013698225266143504e-01
4.013501412473332586e-01
4.013633070449190154e-01
4.013710537867354877e-01
4.014889636685760599e-01
4.013641431044880359e-01
4.014090535004235516e-01
4.013398146821516299e-01
4.013851644453407808e-01
4.013450203860847165e-01
4.013919490775531562e-01
4.013210367770160825e-01
4.013441757231790974e-01
4.013235155110001506e-01
4.013424632030584416e-01
4.013340958456928509e-01
4.012915906517810494e-01
4.013078370562710995e-01
4.013234888718827387e-01
4.013074571708055704e-01
4.012689010410148693e-01
4.012752322742246247e-01
4.012696456861633010e-01
4.012790456443885434e-01
4.013306090935317427e-01
4.012778471403566916e-01
4.013147245350944248e-01
4.012899315149349166e-01
4.013235552433795372e-01
4.012768290544805883e-01
4.012507283326393059e-01
4.012691573120396593e-01
4.012947563375351412e-01
4.012606117768486302e-01
4.012847264977131290e-01
4.012326213770502914e-01
4.012558801010029930e-01
4.012238760109740343e-01
4.012399777767880482e-01
4.012394751485731659e-01
4.013002071592837727e-01
4.012362605519986802e-01
4.012166919998720327e-01
4.012371690930138790e-01
4.012618879548490725e-01
4.012325270800166099e-01
4.012384477554873929e-01
4.012451229888885917e-01
4.012496984958613955e-01
4.012249911489781384e-01
4.012447210925919050e-01
4.012353442789968194e-01
4.012874841919447100e-01
4.012089807424782384e-01
4.012561886898534658e-01
4.012408016728866711e-01
4.012229002739263750e-01
4.012108033441760258e-01
4.012468576078563331e-01
4.012122018203607143e-01
4.012527177065285389e-01
4.012408218233908253e-01
4.012204142132008711e-01
4.012211758967471620e-01
4.012198382687033882e-01
4.012211479544608439e-01
4.012128322387088497e-01
4.012081939699828625e-01
4.012438117796650050e-01
4.012076565831302899e-01
4.012499454345170857e-01
4.012142225738785095e-01
4.012683072719989696e-01
4.012168445908673720e-01
4.012229616533778964e-01
4.012186676207741276e-01
4.013155181415701822e-01
4.012357983879190071e-01
4.012549639690519143e-01
4.012091787875540216e-01
4.012568962586580135e-01
4.012131951787355488e-01
4.012420761747654829e-01
4.012281961151755172e-01
4.012460302796812539e-01
4.012148285979823537e-01
4.011746733386632457e-01
4.011885948389815604e-01
4.011924128246362464e-01
4.011760607253814226e-01
4.012030282191592079e-01
4.011895409757240127e-01
4.011487592158611837e-01
4.011609985276664014e-01
4.011880296739018803e-01
4.012003849426706847e-01
4.011681979686879673e-01
4.011486343876259353e-01
4.012382754748374247e-01
4.011723439770255584e-01
4.011725391999163004e-01
4.011576009818187960e-01
4.012081564936472722e-01
4.011764890613924717e-01
4.012103527677289838e-01
4.011423212432629337e-01
4.011738081765137132e-01
4.011693391863274671e-01
4.012058855685688430e-01
4.011484860567977040e-01
4.011610823059277853e-01
4.011529343668020497e-01
4.011705022958862998e-01
4.011685445459004518e-01
4.011814490753792262e-01
4.011511943560657767e-01
4.012047806307681985e-01
4.011469614252763383e-01
4.011413457291411744e-01
4.011307440008045622e-01
4.011279916112654997e-01
4.011393175576686843e-01
4.011321217071285306e-01
4.011323075773500779e-01
4.011260830796814503e-01
4.011395931286042549e-01
4.011365668395815431e-01
4.011179601260545513e-01
4.011203899101795645e-01
4.011378472804427719e-01
4.011330315620587061e-01
4.011241733663717390e-01
4.011202578916907013e-01
4.011569990783466211e-01
4.011188226861461259e-01
4.011442442838737965e-01
4.011161595579658679e-01
4.011096996506050005e-01
4.011104843514167184e-01
4.011199119323368700e-01
4.011094264957558164e-01
4.011168482285923931e-01
4.011188950239701900e-01
4.011159832883081644e-01
4.011120304581622942e-01
4.011255157089891332e-01
4.011114098773531644e-01
4.011241239447290718e-01
4.011104113322757625e-01
4.011066934718933163e-01
4.011055024346131814e-01
4.011156204193727093e-01
4.011040811905556280e-01
4.011076355999631526e-01
4.011152012815132895e-01
4.010920981393622520e-01
4.010929230909036636e-01
4.010828158761003959e-01
4.010935151955559719e-01
4.010794640832425761e-01
4.010744298115587192e-01
4.010871137074370485e-01
4.010699173178321475e-01
4.010856503766989101e-01
4.010813272031676924e-01
4.010549919538380914e-01
4.010540645613110966e-01
4.010667524120634653e-01
4.010528096932954867e-01
4.010644589909905244e-01
4.010543313107873264e-01
4.010730203013100903e-01
4.010565952860465910e-01
4.010609912069900695e-01
4.010649054460925789e-01
4.010431701215411704e-01
4.010452980440253890e-01
4.010840152565154360e-01
4.010518204651435381e-01
4.010501335159593617e-01
4.010475309078495587e-01
4.010383188948886124e-01
4.010384959532622418e-01
4.010534671269526119e-01
4.010385233312129816e-01
4.010468288321498154e-01
4.010353782861861838e-01
4.010578454744136989e-01
4.010361570606307824e-01
4.010548532019363455e-01
4.010366898759025189e-01
4.010642935030811485e-01
4.010436823188011646e-01
4.010257245128586168e-01
4.010291263207211854e-01
4.010385441878988599e-01
4.010319528514845189e-01
4.010394047173140852e-01
4.010294123293939306e-01
4.010427566496371776e-01
4.010306896684320832e-01
4.010257950446343700e-01
4.010255874042765178e-01
4.010328405731035106e-01
4.010306815175810335e-01
4.010271609758126465e-01
4.010356070695707542e-01
4.010398877096407189e-01
4.010436385944228244e-01
4.010310148945367414e-01
