1.076240308270546508e+00
1.076240308270546508e+00
1.076240308270546508e+00
1.088380012013947074e+00
1.034958460660640123e+00
1.037876907325939069e+00
1.040297493609113832e+00
1.034958460660640123e+00
1.034958460660640123e+00
1.034958460660640123e+00
1.034958460660640123e+00
1.034958460660640123e+00
1.025505857655793163e+00
9.747220436580693592e-01
9.747220436580693592e-01
9.747220436580693592e-01
9.747220436580693592e-01
9.288113484977309486e-01
9.288113484977309486e-01
9.288113484977309486e-01
8.200223771868567768e-01
8.290966432316067003e-01
8.172126779824666620e-01
8.304352540293264973e-01
8.172126779824666620e-01
8.247712404868570157e-01
8.062799001894966899e-01
8.070071428479205222e-01
8.406660399709942055e-01
8.034615365705184420e-01
8.034615365705186640e-01
8.149480010576666267e-01
8.034615365705186640e-01
8.077816946598550540e-01
8.034615365705186640e-01
8.087982003393411334e-01
8.049816617439559119e-01
8.149980630094072476e-01
8.034615365705186640e-01
8.390253702918281098e-01
8.304748130474640666e-01
8.091825547720877809e-01
8.309810880148127410e-01
8.036961911268941661e-01
8.041388215868191525e-01
8.063405452689538233e-01
8.034981875180327027e-01
8.034615365705186640e-01
8.274487454813629350e-01
8.053451158360506179e-01
8.034779426344074160e-01
8.046078624420409664e-01
8.033688414686520618e-01
8.097589253089200190e-01
8.037766784986887236e-01
8.083912558847343721e-01
8.022615180426222459e-01
8.035127284281671223e-01
8.024646979547048753e-01
8.118206674920932508e-01
8.024890389503195331e-01
8.037169681918698849e-01
8.022857903003869362e-01
8.031392302621889190e-01
8.022615180426222459e-01
8.023562365167888899e-01
8.022615180426220238e-01
8.023605054820298621e-01
8.021993545250248880e-01
8.037730689237292392e-01
8.038442943569117372e-01
8.020778706168444350e-01
8.036046979029813908e-01
8.055305336994513787e-01
7.983629393585238709e-01
8.014856547670591302e-01
7.982711549916594596e-01
7.990480172012275339e-01
7.995314419218851887e-01
7.964660880646405872e-01
7.965650771195063040e-01
7.967016828478632462e-01
7.965283152453405124e-01
7.974262737183425154e-01
7.968521283407701272e-01
7.966931917671524754e-01
7.965732341062818911e-01
7.957883840783550600e-01
7.958012833076085757e-01
7.924492155584778041e-01
7.911841643272569113e-01
7.904265604449769445e-01
7.903012055268547886e-01
7.902753284218364538e-01
7.902867224480319974e-01
7.902753284218365648e-01
7.910196138104220731e-01
7.901773209672550147e-01
7.906156586389915253e-01
7.900130216449684495e-01
7.904225802342749185e-01
7.900782304049391858e-01
7.899486951707686000e-01
7.901817627801734911e-01
7.904568199971726550e-01
7.899207157765075760e-01
7.898902008276857956e-01
7.899318679447140390e-01
7.901886894876329892e-01
7.901106543602509635e-01
7.912566874439487252e-01
7.900658131527459327e-01
7.898092601591835127e-01
7.900783058324302166e-01
7.897266374335490946e-01
7.897275368539257157e-01
7.898381678926928995e-01
7.896874567529907907e-01
7.897393870903348656e-01
7.896874567529907907e-01
7.897137593786858201e-01
7.896994824496772480e-01
7.896781296594733712e-01
7.896856781094763189e-01
7.895209343935731816e-01
7.895365584526081726e-01
7.895230670935685646e-01
7.895912117844603451e-01
7.894885772875319674e-01
7.894321881088350867e-01
7.894412214193844424e-01
7.901230676498358640e-01
7.894959743530989282e-01
7.901849875259311373e-01
7.894480263807244214e-01
7.902603882670934388e-01
7.894168742111049575e-01
7.903108121643404038e-01
7.893680410119797708e-01
7.900026259528010186e-01
7.893376530094373678e-01
7.901809832361793573e-01
7.893364913796927507e-01
7.900082092659275190e-01
7.893071469789060268e-01
7.900972345229297922e-01
7.893539314122014483e-01
7.895304226770792910e-01
7.893071469789060268e-01
7.894144520148953514e-01
7.893306408581236555e-01
7.900663996462763405e-01
7.893200658880911158e-01
7.892943955351754415e-01
7.893082263782079666e-01
7.893005575042517652e-01
7.892979581892430874e-01
7.892710674955166761e-01
7.892821260378262149e-01
7.892757663945721980e-01
7.893744374888934656e-01
7.892721040711420111e-01
7.893176625784589229e-01
7.892960259828915026e-01
7.893796359972122811e-01
7.893135887954821905e-01
7.892822940541039944e-01
7.892727705587014864e-01
7.892757465889647106e-01
7.892714000751714920e-01
7.892870998108010294e-01
7.892710674955164540e-01
7.892911038452966599e-01
7.892691015966841750e-01
7.892696761174268216e-01
7.892935185852051339e-01
7.892560452060674026e-01
7.892381706886385517e-01
7.892150089194732709e-01
7.892351896982361392e-01
7.892154155299244689e-01
7.892217706603743554e-01
7.892088439041241577e-01
7.892123819323605405e-01
7.892161004922048084e-01
7.892204943762296532e-01
7.892074063574172627e-01
7.892177930997771318e-01
7.892058530430486885e-01
7.892077026760786485e-01
7.892069566966587457e-01
7.891743527242029987e-01
7.891766837696481129e-01
7.891774253875991629e-01
7.891684109471448494e-01
7.891725645950686818e-01
7.891711924492783581e-01
7.891800018650143578e-01
7.891786283241241096e-01
7.891695088273357195e-01
7.891593512974434121e-01
7.891590328079276517e-01
7.891606429237076892e-01
7.891572795156659437e-01
7.891411891945713242e-01
7.891438618861362775e-01
7.891473509597077829e-01
7.891424451338077128e-01
7.891517425538833175e-01
7.891419358676332596e-01
7.891540125276306217e-01
7.891457010527102023e-01
7.891638389604077597e-01
7.891340839259154416e-01
7.891155171412732594e-01
7.891008806887268578e-01
7.891064375393200825e-01
7.890988621719403628e-01
7.890990331984253370e-01
7.890980949652266485e-01
7.891053620147601144e-01
7.891055533013248136e-01
7.890778228570660691e-01
7.890576604022883078e-01
7.890530157626994834e-01
7.890519691633134380e-01
7.890403537916622634e-01
7.890212971311104662e-01
7.890052215914292733e-01
7.890022633203181979e-01
7.889995211442935030e-01
7.889934337314385981e-01
7.889956444784390621e-01
7.889751389416852501e-01
7.889800793486342334e-01
7.889850917341576508e-01
7.889763928961273098e-01
7.889728363567615199e-01
7.889555596953699013e-01
7.889491096564085204e-01
7.889502072972943703e-01
7.889437447555410765e-01
7.889492387610747004e-01
7.889626676747513168e-01
7.889489833068491498e-01
7.889509552362121703e-01
7.889479227126690031e-01
7.889397477325752472e-01
7.889416126417833075e-01
7.889488087949629858e-01
7.889358304311978598e-01
7.889492503148303193e-01
7.889340911524598265e-01
7.889347210720978332e-01
7.889338216779064883e-01
7.889299267596564524e-01
7.889348318756862488e-01
7.889690764434791337e-01
7.889313206048611526e-01
7.889439292034584605e-01
7.889230219545123601e-01
7.889013041019675709e-01
7.888942687585325242e-01
7.888921770188522808e-01
7.888866689432640911e-01
7.888888490096309658e-01
7.888923342859625043e-01
7.888868835599881502e-01
7.888940363816649981e-01
7.888933236849466901e-01
7.888779937906433837e-01
7.888889999071977410e-01
7.888777326580187488e-01
7.888659005293122695e-01
7.888723275643558797e-01
7.888744342155314948e-01
7.888732666938289562e-01
7.888687365878078728e-01
7.889220676675950950e-01
7.888702915792141779e-01
7.888504013988258956e-01
7.888729640107651209e-01
7.888493810258361272e-01
7.888447408765453250e-01
7.888432215051953689e-01
7.888399921295278228e-01
7.888429595452267629e-01
7.888394037846130358e-01
7.888388474451242249e-01
7.888479513806130328e-01
7.888307469453846865e-01
7.888361389132974022e-01
7.888353561842551542e-01
7.888399941473169807e-01
7.888360138319538972e-01
7.888322058818039162e-01
7.888285822969675065e-01
7.888330912763646952e-01
7.888279000129942986e-01
7.888420008972955033e-01
7.888195730404570227e-01
7.888080007549990169e-01
7.888060672464870526e-01
7.888129954379071718e-01
7.888267886122384276e-01
7.888105995509491208e-01
7.888231818747364343e-01
7.888203958658582815e-01
7.888061067190255127e-01
7.888021518258703235e-01
7.887844303482610675e-01
7.887863755840525126e-01
7.887844338180174386e-01
7.887856675705895437e-01
7.887765310478414005e-01
7.887795120025153928e-01
7.887781641967501756e-01
7.887675660637001318e-01
7.887701398314859169e-01
7.887702615644558435e-01
7.887645025798603049e-01
7.888280011440335082e-01
7.887661201831219770e-01
7.887626868358526000e-01
7.887578727744695151e-01
7.887656897056600780e-01
7.887584308126955879e-01
7.887509266075122261e-01
7.887508964318014071e-01
7.887563988236904189e-01
7.887622009741355189e-01
7.887854936131679651e-01
7.887505940505415980e-01
7.887474342475196964e-01
7.887471328534995108e-01
7.887527710294301997e-01
7.887568169563221598e-01
7.887785241013474113e-01
7.887493965193289602e-01
7.887593788313949084e-01
7.887361121081104542e-01
7.887289459890635124e-01
7.887263537339269659e-01
7.887307857902670083e-01
7.887255988429248132e-01
7.887214193185255739e-01
7.887221474321696180e-01
7.887231991682162047e-01
7.887225148783103545e-01
7.887457039644590884e-01
7.887187509134578889e-01
7.887182946824692342e-01
7.887194053380275349e-01
7.887211153151765242e-01
7.887124898555997188e-01
7.887067995020793365e-01
7.887024462391736268e-01
7.886960013827051252e-01
7.886960295936807919e-01
7.886991135399620267e-01
7.886937348503108014e-01
7.887003820956974831e-01
7.886876141330743106e-01
7.887002799940523445e-01
7.886827737520201165e-01
7.887104275096121775e-01
7.886929762437466795e-01
7.886813949085710318e-01
7.886866116120471171e-01
7.886748460666668237e-01
7.886754205021409003e-01
7.886710066398452401e-01
7.886713910965775787e-01
7.886697082298601558e-01
7.886674626449463599e-01
7.886751516504050263e-01
7.886768112742233994e-01
7.887133798958575470e-01
7.886638037232445164e-01
7.886562229702992477e-01
7.886695754140218284e-01
7.886666162208824105e-01
7.886557579574360322e-01
7.886766375971083765e-01
7.886548995017470531e-01
7.886604568751558464e-01
7.886551389000299173e-01
7.886557170187363797e-01
7.886564373905277092e-01
7.886627290480816566e-01
7.886520855967658061e-01
7.886575508660973455e-01
7.886525986069123917e-01
7.886527492097211711e-01
7.886522126424915236e-01
7.886528132015536707e-01
7.886519061628393112e-01
7.886531160275609409e-01
7.886526503706011715e-01
7.886595929223707557e-01
7.886457482158830690e-01
7.886365111591205901e-01
7.886400075234121232e-01
7.886374559072952817e-01
7.886415738531843411e-01
7.886351159113098586e-01
7.886321470696635583e-01
7.886325386304866569e-01
7.886308223859759270e-01
7.886315697252922474e-01
7.886363067079665834e-01
7.886295429678442659e-01
7.886252357619173425e-01
7.886248772359452097e-01
7.886238159356950828e-01
7.886237766356067880e-01
7.886250183510432610e-01
7.886206716840143960e-01
7.886191616681896832e-01
7.886185352545934668e-01
7.886175281423555283e-01
7.886325703362928596e-01
7.886185688903231128e-01
7.886088570531794018e-01
7.886114614059103189e-01
7.886101617779334161e-01
7.886176710670841361e-01
7.886090565664238827e-01
7.886097333243697882e-01
7.886083953041006511e-01
7.886090516321351274e-01
7.886088269294159181e-01
7.886123765948640507e-01
7.886101563134024772e-01
7.886103638956392103e-01
7.886088812487663802e-01
7.886071962854730444e-01
7.886119582292901997e-01
7.885964217078585969e-01
7.885886517233857695e-01
7.885849460750758988e-01
7.885854335176540886e-01
7.885846774562226269e-01
7.885828890124590984e-01
7.885829384430904643e-01
7.885894614929609414e-01
7.885876417356811885e-01
7.885774442908697335e-01
7.885774393943042471e-01
7.885780184305698493e-01
7.885773862735477868e-01
7.885772553876575497e-01
7.885770714837136985e-01
7.885807214012044986e-01
7.885774351745140631e-01
7.885847113868686975e-01
7.885773126131615518e-01
7.885764020564864918e-01
7.885781883565218253e-01
7.885810809693444279e-01
7.885770951690648234e-01
7.885791129565834501e-01
7.885760625343165575e-01
7.885690481326648182e-01
7.885727388051234632e-01
7.885710068521868399e-01
7.885742377405320358e-01
7.885723254180141417e-01
7.885741863292855536e-01
7.885664624262629374e-01
7.885623570237598745e-01
7.885602273407521512e-01
7.885607242782095572e-01
7.885583486150460342e-01
7.885585992861291471e-01
7.885635693670942636e-01
7.885584021211271555e-01
7.885604803339989477e-01
7.885585020683527624e-01
7.885576658715458542e-01
7.885573563848983225e-01
7.885589222266877751e-01
7.885577904494259771e-01
7.885747241364549076e-01
7.885566031751509719e-01
7.885476580673672631e-01
7.885490298213423399e-01
7.885500395213633773e-01
7.885459819404155857e-01
7.885452767301107668e-01
7.885534093291385327e-01
7.885512929765586820e-01
7.885368785340050035e-01
7.885383742251309558e-01
7.885372719462903079e-01
7.885382108329459516e-01
7.885381263809628782e-01
7.885406366203188133e-01
7.885366696665265795e-01
7.885368462662404321e-01
7.885399788434722668e-01
7.885373324804602069e-01
7.885388737973741957e-01
7.885337050439252815e-01
7.885336643039421167e-01
7.885452439955390469e-01
7.885344047520481681e-01
7.885322062332875692e-01
7.885308113897080418e-01
7.885283877771769312e-01
7.885280002114282150e-01
7.885332549005336089e-01
7.885280721761626088e-01
7.885410002764481341e-01
7.885306889982527379e-01
7.885289287985199902e-01
7.885276326395856961e-01
7.885282111169468200e-01
7.885286795087489420e-01
7.885275934567300693e-01
7.885286461159221050e-01
7.885368771256828779e-01
7.885272395632774156e-01
7.885140948708931896e-01
7.885136090498877648e-01
7.885138716693824712e-01
7.885141090213875215e-01
7.885164756596888536e-01
7.885117218310643272e-01
7.885087161926146448e-01
7.885140772811117804e-01
7.885077724059482707e-01
7.885029032642483227e-01
7.885084964126237717e-01
7.885051759498316049e-01
7.885043049677755711e-01
7.885049085148855275e-01
7.885043334393306846e-01
7.885025211793745825e-01
7.885013571817878208e-01
7.885008080786567453e-01
7.885019453902257780e-01
7.885010292263193721e-01
7.884899936751663674e-01
7.884902131007595072e-01
7.884908987241361356e-01
7.884879425912674211e-01
7.884940118052415903e-01
7.884878847264609192e-01
7.884894779825483146e-01
7.884863234958887634e-01
7.884840627769571508e-01
7.884828022291620053e-01
7.884988333212884504e-01
7.884838475166250360e-01
7.884801939976403551e-01
7.884801316785666758e-01
7.884770124478773790e-01
7.884770112310311996e-01
7.884754528757591530e-01
7.884750516691747535e-01
7.884742544451807111e-01
7.884743789960472204e-01
7.884834660287216579e-01
7.884769239682770658e-01
7.884697914744145386e-01
7.884694147584980772e-01
7.884745354733208034e-01
7.884681034431425539e-01
7.884766213817515634e-01
7.884679300559527260e-01
7.884629389327728610e-01
7.884620572648682879e-01
7.884605255905542398e-01
7.884626680401883858e-01
7.884589776506777392e-01
7.884611550228823873e-01
7.884591921132617642e-01
7.884596974719707552e-01
7.884594548346802734e-01
7.884603155169837008e-01
7.884594317893751647e-01
7.884594441592217562e-01
7.884586710667628173e-01
7.884583814178437455e-01
7.884619650347520770e-01
7.884512720167320410e-01
7.884521296826750847e-01
7.884500877955957776e-01
7.884496773920950385e-01
7.884501020742866739e-01
7.884582756214780774e-01
7.884485623255910181e-01
7.884473733029522258e-01
7.884507662036319697e-01
7.884450140343742808e-01
7.884477269541265709e-01
7.884420836330993110e-01
7.884432249843543739e-01
7.884432525173676876e-01
7.884420123909120504e-01
7.884409328329541333e-01
7.884411123235613994e-01
7.884414083274919882e-01
7.884404358955247050e-01
7.884450460142231609e-01
7.884427407429460688e-01
7.884435270999882173e-01
7.884375019839081622e-01
7.884381773052956399e-01
7.884373085933201741e-01
7.884383050543296578e-01
7.884382538825236431e-01
7.884388659733865268e-01
7.884368644918935409e-01
7.884385123030300813e-01
7.884382134357563743e-01
7.884377415983175874e-01
7.884379546484248102e-01
7.884356370098556388e-01
7.884359351678317251e-01
7.884347966807887520e-01
7.884347061682649427e-01
7.884323537689487127e-01
7.884368037083466785e-01
7.884329458802886714e-01
7.884325720054600195e-01
7.884321051619561649e-01
7.884316270519294845e-01
7.884357740631251499e-01
7.884307910131185260e-01
7.884371565363321732e-01
7.884220735221004750e-01
7.884210506972099131e-01
7.884200240509985358e-01
7.884286033865464116e-01
7.884194465082643433e-01
7.884218782755573196e-01
7.884190722003184826e-01
7.884150182701884502e-01
7.884148185363938355e-01
7.884121268212878064e-01
7.884119857384883634e-01
7.884125811565508846e-01
7.884114991914888959e-01
7.884157055711130679e-01
7.884115507886600982e-01
7.884144776573182023e-01
7.884120177416734654e-01
7.884220121697607109e-01
7.884117615639412158e-01
7.884119341617047416e-01
7.884144550867741019e-01
7.884051594755463466e-01
7.884100514267133875e-01
7.884033484328980546e-01
7.884002855015455058e-01
7.884001308487080806e-01
7.883995373623843284e-01
7.883993049219109039e-01
7.884002888281694821e-01
7.883990029740717276e-01
7.883955715900581307e-01
7.883933354199020860e-01
7.883945269230520081e-01
7.883930086596332432e-01
7.883937086189757304e-01
7.884017984342738261e-01
7.883927221303563826e-01
7.883884023960315846e-01
7.883900245606855206e-01
7.883881242081749452e-01
7.883915579630144110e-01
7.883888467029505076e-01
7.883876764731410081e-01
7.883885073859163706e-01
7.883926899708436631e-01
7.883875267027087297e-01
7.883795079673980855e-01
7.883808961696714412e-01
7.883785233317937013e-01
7.883768691599952749e-01
7.883764441480712870e-01
7.883764631550411739e-01
7.883779254284306592e-01
7.883770109691183858e-01
7.883762165253160870e-01
7.883743261359741350e-01
7.883745426352042340e-01
7.883850422550965353e-01
7.883742710732067893e-01
7.883725024534924408e-01
7.883726923843168422e-01
7.883718644460537828e-01
7.883713028256392752e-01
7.883740467397886142e-01
7.883715563613035160e-01
7.883743926561934678e-01
7.883713025934336871e-01
7.883836730610758181e-01
7.883715741751958772e-01
7.883750792948995834e-01
7.883725446622209532e-01
7.883717683051956193e-01
7.883743854077170932e-01
7.883696243933654424e-01
7.883692538602864452e-01
7.883691544746183055e-01
7.883706796185766530e-01
7.883732712858563252e-01
7.883696084045622721e-01
7.883691335576921144e-01
7.883679222306868573e-01
7.883787255381361492e-01
7.883666516173113425e-01
7.883654075056240051e-01
7.883636593721053965e-01
7.883626558270625528e-01
7.883649771834091435e-01
7.883599238707232892e-01
7.883589871729816956e-01
7.883585244534698777e-01
7.883592782970917368e-01
7.883593892968480121e-01
7.883600658430567343e-01
7.883662757147211764e-01
7.883570464908451481e-01
7.883571164835819767e-01
7.883546649115451554e-01
7.883526643519035426e-01
7.883522956257424941e-01
7.883524541720206003e-01
7.883516651722546342e-01
7.883521715566343957e-01
7.883562164960639107e-01
7.883513620072684080e-01
7.883592215534909187e-01
7.883519964495198096e-01
7.883561970417503062e-01
7.883581507107176867e-01
7.883437477581807240e-01
7.883425017897250919e-01
7.883423304220542605e-01
7.883459230727061229e-01
7.883424968807766220e-01
7.883435605161795978e-01
7.883429022485253235e-01
7.883454750151835944e-01
7.883430032831653111e-01
7.883537516580707560e-01
7.883410649288490335e-01
7.883483847823361534e-01
7.883414931766947742e-01
7.883355688854875032e-01
7.883325349649830116e-01
7.883312578183352404e-01
7.883313571541722409e-01
7.883308353567078930e-01
7.883307304157031181e-01
7.883292011285502054e-01
7.883275372500785361e-01
7.883268487392383062e-01
7.883277251889818649e-01
7.883222972965649999e-01
7.883227518501340070e-01
7.883257824984243323e-01
7.883191504017574847e-01
7.883181807406032249e-01
7.883187576697007204e-01
7.883192851632581100e-01
7.883178932105756598e-01
7.883165722662569541e-01
7.883147401190457870e-01
7.883108996322226725e-01
7.883158647196889524e-01
7.883103414101365614e-01
7.883113112603679085e-01
7.883112659351525497e-01
7.883155551534589689e-01
7.883123750364156024e-01
7.883082198698481147e-01
7.883103170128581416e-01
7.883112797934185290e-01
7.883100838907116659e-01
7.883045308215311797e-01
7.883077315217652536e-01
7.883083818664106124e-01
7.883064832748590822e-01
7.883038930073433814e-01
7.883032869033387291e-01
7.883032689152048578e-01
7.883026082179841465e-01
7.883031906829978119e-01
7.883003113646613880e-01
7.882988062041614841e-01
7.882991980886124850e-01
7.883028283257309532e-01
7.882985227263387129e-01
7.882958621748306083e-01
7.882964087571285861e-01
7.882940547843007018e-01
7.882942218010074997e-01
7.882937440257963280e-01
7.882907884847412117e-01
7.882962949295033717e-01
7.882883451776484529e-01
7.882859508069085530e-01
7.882860237708830820e-01
7.882856017107974234e-01
7.882856903950026251e-01
7.882855933952187533e-01
7.882877083486793390e-01
7.882854780082294566e-01
7.882851325363203765e-01
7.882855217836690631e-01
7.882866045946909095e-01
7.882862760556597070e-01
7.882873352887849183e-01
7.882854725154725406e-01
7.882883794008983536e-01
7.882848607366894633e-01
7.882905237416311106e-01
7.882835181041336625e-01
7.882823131316754051e-01
7.882807556521239656e-01
7.882840577987290098e-01
7.882833219417941795e-01
7.882920325464984890e-01
7.882822714919234253e-01
7.882781070113221711e-01
7.882777642109757288e-01
7.882788761937753463e-01
7.882776734255907414e-01
7.882763952335574142e-01
7.882765846218822148e-01
7.882754860625191817e-01
7.882757539017236637e-01
7.882785363435864667e-01
7.882774866479598241e-01
7.882779373100283760e-01
7.882755098194580423e-01
7.882781688592058744e-01
7.882747043529030329e-01
7.882778667987144772e-01
7.882722983113652493e-01
7.882722028912747536e-01
7.882731802463134319e-01
7.882727716427081477e-01
7.882717004163991570e-01
7.882772510081171857e-01
7.882703132839181670e-01
7.882670970061357307e-01
7.882669063892642214e-01
7.882681274167475660e-01
7.882672546648018530e-01
7.882669530243058276e-01
7.882683218416601800e-01
7.882667502584598251e-01
7.882680493369169650e-01
7.882684024908054310e-01
7.882673451758508421e-01
7.882709988847211857e-01
7.882673912050829346e-01
7.882701025718161780e-01
7.882694103579855893e-01
7.882663763090731468e-01
7.882683448717328067e-01
7.882633600646623551e-01
7.882626154125785822e-01
7.882636977805395073e-01
7.882617507779213772e-01
7.882705139851537979e-01
7.882630623910584777e-01
7.882633890728091286e-01
7.882600794530260080e-01
7.882585797558679941e-01
7.882579421116489016e-01
7.882598372553546451e-01
7.882612773274318974e-01
7.882595090990353048e-01
7.882580494134905358e-01
7.882578946525187202e-01
7.882586240533339117e-01
7.882587208399185474e-01
7.882580502943670187e-01
7.882593637860659808e-01
7.882592853288108437e-01
7.882549081732280749e-01
7.882580007637417507e-01
7.882555747692844283e-01
7.882560668010050176e-01
7.882555864957848657e-01
7.882585006117024395e-01
7.882545082453378260e-01
7.882581566825886954e-01
7.882581143291071957e-01
7.882521285294902258e-01
7.882541338319778434e-01
7.882526316223918972e-01
7.882531785046363870e-01
7.882526083243481807e-01
7.882532804293308493e-01
7.882517168503631044e-01
7.882572877047111515e-01
7.882509169391934689e-01
7.882497202668283798e-01
7.882514914059657318e-01
7.882482157763939234e-01
7.882481445528284336e-01
7.882479529161414700e-01
7.882485956677818262e-01
7.882466164701492639e-01
7.882488821031773396e-01
7.882480936818870854e-01
7.882476622856706694e-01
7.882499261937051527e-01
7.882446775853909626e-01
7.882445313401514886e-01
7.882479056939412088e-01
7.882398141448115902e-01
7.882387613845687202e-01
7.882391886887657462e-01
7.882417435489234014e-01
7.882390568642047013e-01
7.882404401805952476e-01
7.882394699358666879e-01
7.882383224900563201e-01
7.882387475397274468e-01
7.882439400967068410e-01
7.882390744757311607e-01
7.882366761395028787e-01
7.882366887292262536e-01
7.882321861059020662e-01
7.882353039768530412e-01
7.882321933106714029e-01
7.882345070262762876e-01
7.882335283505238488e-01
7.882339023935254207e-01
7.882298152551499015e-01
7.882292584293958404e-01
7.882302434149730530e-01
7.882263467506963606e-01
7.882266723030100231e-01
7.882264534060344774e-01
7.882270753308013855e-01
7.882257465447120026e-01
7.882253996512138539e-01
7.882268039581422636e-01
7.882237305637144198e-01
7.882231912300051713e-01
7.882289071273420600e-01
7.882231154421630581e-01
7.882295218932843239e-01
7.882253745036261749e-01
7.882196174668223421e-01
7.882178009695031129e-01
7.882182892590082757e-01
7.882233951988258935e-01
7.882177374024992300e-01
7.882191379141184617e-01
7.882176851448771115e-01
7.882211535869180219e-01
7.882178410525384482e-01
7.882207002656277384e-01
7.882180904322747539e-01
7.882173914638916923e-01
7.882173911154879420e-01
7.882212519285558550e-01
7.882176769728895804e-01
7.882160139318834524e-01
7.882161214849799924e-01
7.882195487743588469e-01
7.882172206339392861e-01
7.882200647745098987e-01
7.882233415638497664e-01
7.882116333459485702e-01
7.882143442617172147e-01
7.882127984692877121e-01
7.882161783080632311e-01
7.882109022333173565e-01
7.882119186358169660e-01
7.882110951633263252e-01
7.882124866658841711e-01
7.882102147385158242e-01
7.882107145973824558e-01
7.882101070653242392e-01
7.882098099537822034e-01
7.882095364158020478e-01
7.882093531206166848e-01
7.882101874926069618e-01
7.882085781359212673e-01
7.882082561112078167e-01
7.882089179119466937e-01
7.882086331085044195e-01
7.882104376449106109e-01
7.882096423315247957e-01
7.882067205922330677e-01
7.882051995929865162e-01
7.882049498920691288e-01
7.882044273498260978e-01
7.882034252996962254e-01
7.882032138333728843e-01
7.882031533821259872e-01
7.882036478296866600e-01
7.882030712048943011e-01
7.882034535502734363e-01
7.882028683218005316e-01
7.882047935508621483e-01
7.882028343284833705e-01
7.882035021613044146e-01
7.882026757679405637e-01
7.882027632447184962e-01
7.882030338275495263e-01
7.882007661492784756e-01
7.882011979199823326e-01
7.882011160435857811e-01
7.882006788724703616e-01
7.882005625094663515e-01
7.882008706495020611e-01
7.882006268367853785e-01
7.882016275448916476e-01
7.882005945377653644e-01
7.881997255336250507e-01
7.881996196126698218e-01
7.882001027342360189e-01
7.881975905017458706e-01
7.881973992031144904e-01
7.881973366001714387e-01
7.881975250072282835e-01
7.881977964333511943e-01
7.881965662687213658e-01
7.881966761304162183e-01
7.881959324487256557e-01
7.881970784712682976e-01
7.881944223635285462e-01
7.881918771642260069e-01
7.881912285191600143e-01
7.881911395031144796e-01
7.881929206312279224e-01
7.881915346740614448e-01
7.881919956668997918e-01
7.881918649677698285e-01
7.881907896030186933e-01
7.881903582719453905e-01
7.881896724474712901e-01
7.881895128459432964e-01
7.881890094458812168e-01
7.881890348719948758e-01
7.881887212135748610e-01
7.881887782118688346e-01
7.881881007866727851e-01
7.881881341467282809e-01
7.881883527114420529e-01
7.881885961700105803e-01
7.881891217163469188e-01
7.881892675319484010e-01
7.881861254078430523e-01
7.881854155679552942e-01
7.881881485895382289e-01
7.881851396074576188e-01
7.881839805021643164e-01
7.881844862763272008e-01
7.881840564099773516e-01
7.881848584668240676e-01
7.881837965998502726e-01
7.881838125650239002e-01
7.881837995374748607e-01
7.881844121344021570e-01
7.881837353023712911e-01
7.881852289779350818e-01
7.881837283241058811e-01
7.881817016660794817e-01
7.881812005898364282e-01
7.881813164046066467e-01
7.881845643678085933e-01
7.881813370165163812e-01
7.881805310632836736e-01
7.881800008553664361e-01
7.881788819421838843e-01
7.881790934493750900e-01
7.881781074100590034e-01
7.881808899537998681e-01
7.881783070436473304e-01
7.881766333671427205e-01
7.881768713057417663e-01
7.881766841643320642e-01
7.881765533066511509e-01
7.881766994923227188e-01
7.881773406232015500e-01
7.881765446578745671e-01
7.881763263039797129e-01
7.881768913579624281e-01
7.881767863381862194e-01
7.881763211092039922e-01
7.881758308389291701e-01
7.881757952124508471e-01
7.881760777434575482e-01
7.881759774969120391e-01
7.881760030684455964e-01
7.881767045304366448e-01
7.881762097490891961e-01
7.881760645183206737e-01
7.881759279876289215e-01
7.881761938315818838e-01
7.881763459377278958e-01
7.881752146392935199e-01
7.881752460361612922e-01
7.881752611598978886e-01
7.881754718228936030e-01
7.881752950593359230e-01
7.881742060142055140e-01
7.881740968898743871e-01
7.881741033710907285e-01
7.881736332828873648e-01
7.881740675200200608e-01
7.881733820141963998e-01
7.881727100089603866e-01
7.881720925676527489e-01
7.881713989290733968e-01
7.881715694452747778e-01
7.881705107779407582e-01
7.881700477439897989e-01
7.881696171298014919e-01
7.881694264400984640e-01
7.881694698308747693e-01
7.881687029692473478e-01
7.881684585411030675e-01
7.881683984060465775e-01
7.881682491882923136e-01
7.881680514534087356e-01
7.881677581426617119e-01
7.881673886024304077e-01
7.881674932137103795e-01
7.881673980364920507e-01
7.881680339485641618e-01
7.881660356009845270e-01
7.881649451801554518e-01
7.881643863188048105e-01
7.881643644723510533e-01
7.881645960503187442e-01
7.881641769324638780e-01
7.881639991787171562e-01
7.881642733818695623e-01
7.881641284209349729e-01
7.881639449998399938e-01
7.881637097424281091e-01
7.881642390806750109e-01
7.881636631480584132e-01
7.881631358921202812e-01
7.881628163674737619e-01
7.881637489953382536e-01
7.881627579309939957e-01
7.881619845036196281e-01
7.881614544023027857e-01
7.881614158197814968e-01
7.881607375593118192e-01
7.881607004939212846e-01
7.881602272395005215e-01
7.881602386851052078e-01
7.881596843488287707e-01
7.881590710014597656e-01
7.881586712635912928e-01
7.881586099872393003e-01
7.881582924985691685e-01
7.881582439051191269e-01
7.881577282449908628e-01
7.881576439401418721e-01
7.881576576859907757e-01
7.881578271565611304e-01
7.881576315823346501e-01
7.881580258174790687e-01
7.881575845424315663e-01
7.881575632756623317e-01
7.881575826004013630e-01
7.881576928139498728e-01
7.881567692823090443e-01
7.881565529439443774e-01
7.881567476537398864e-01
7.881556638352884558e-01
7.881551280676303284e-01
7.881558132830734920e-01
7.881552143765004903e-01
7.881553845957463000e-01
7.881551920561701285e-01
7.881554766134366563e-01
7.881555498017556172e-01
7.881549292303350329e-01
7.881554405592099410e-01
7.881542643130924342e-01
7.881535917530415603e-01
7.881530509404935936e-01
7.881530950685977643e-01
7.881529890571583596e-01
7.881531164469002260e-01
7.881529928266789442e-01
7.881529157495299476e-01
7.881530167807911935e-01
7.881526801849794150e-01
7.881532074622710216e-01
7.881516068636701400e-01
7.881524499854651866e-01
7.881516914914444838e-01
7.881506690496239420e-01
7.881501983634455755e-01
7.881500071035569821e-01
7.881500726293705350e-01
7.881503096842950029e-01
7.881499809977567939e-01
7.881504064462280246e-01
7.881497916650909152e-01
7.881504118381834623e-01
7.881500084112893489e-01
7.881487900110994982e-01
7.881487612187982883e-01
7.881487530645416850e-01
7.881478646942061683e-01
7.881473639439617873e-01
7.881473819562015981e-01
7.881473799378875267e-01
7.881473709349073875e-01
7.881474007419961847e-01
7.881473770615970986e-01
7.881473361885950046e-01
7.881474494249408602e-01
7.881474221833357774e-01
7.881463826744331547e-01
7.881456035520234549e-01
7.881458744413345485e-01
7.881456017699699501e-01
7.881455090973678024e-01
7.881455321608816789e-01
7.881449890139963221e-01
7.881442469543619156e-01
7.881438697146370131e-01
7.881436284659166791e-01
7.881442330562772325e-01
7.881445280969062717e-01
7.881424873479349058e-01
7.881427734166644994e-01
7.881426233354966726e-01
7.881424682347345501e-01
7.881425363582107435e-01
7.881420900028930365e-01
7.881419384838699305e-01
7.881412214556841045e-01
7.881406494909798388e-01
7.881405731349145904e-01
7.881405818407571928e-01
7.881414129885359054e-01
7.881405593833046286e-01
7.881408116442910616e-01
7.881405619422058306e-01
7.881409930891808413e-01
7.881410103985383442e-01
7.881397807369387998e-01
7.881388717615200878e-01
7.881380823319555917e-01
7.881381610596537302e-01
7.881380409206715232e-01
7.881377809000356116e-01
7.881377836333365305e-01
7.881376117022620420e-01
7.881378181396494487e-01
7.881378390272963941e-01
7.881374302005165200e-01
7.881375110757536939e-01
7.881375248912569909e-01
7.881365236093703652e-01
7.881359344678476875e-01
7.881352146607961684e-01
7.881346541285694229e-01
7.881349354082061165e-01
7.881348138234967049e-01
7.881342552294356985e-01
7.881343218201926071e-01
7.881340194460428883e-01
7.881340304683137621e-01
7.881336997433928682e-01
7.881332941153086358e-01
7.881331786784300242e-01
7.881332426009789449e-01
7.881332486403908044e-01
7.881331456462314922e-01
7.881327903686161651e-01
7.881336606844554504e-01
7.881315462262558080e-01
7.881311585206509651e-01
7.881311648946306425e-01
7.881310150496454447e-01
7.881309386045112220e-01
7.881314630265111587e-01
7.881312945806865367e-01
7.881307143735417631e-01
7.881300822288397345e-01
7.881290710115962383e-01
7.881287787306889836e-01
7.881285469525526333e-01
7.881283759831295699e-01
7.881284347919249589e-01
7.881287825879412789e-01
7.881281912727822192e-01
7.881286303434352769e-01
7.881282946070564677e-01
7.881280012799605217e-01
7.881280067910946263e-01
7.881275201853570334e-01
7.881268311875471166e-01
7.881269461942569388e-01
7.881269657933455131e-01
7.881266647651327117e-01
7.881258822958423504e-01
7.881252646705266818e-01
7.881251550258878691e-01
7.881252142112830095e-01
7.881243811203533234e-01
7.881240181313687865e-01
7.881241104212703963e-01
7.881239915474745894e-01
7.881239209887572761e-01
7.881239986967911726e-01
7.881239587398118918e-01
7.881242914162569502e-01
7.881238269074464231e-01
7.881238581388251285e-01
7.881240148190167272e-01
7.881253910924066464e-01
7.881242436404017893e-01
7.881238495644324882e-01
7.881236955467146865e-01
7.881232376922120419e-01
7.881229978467830799e-01
7.881217018587346468e-01
7.881208361273638330e-01
7.881203317934362129e-01
7.881208143117381937e-01
7.881203598322215065e-01
7.881207752391816701e-01
7.881207559517188210e-01
7.881201933866324172e-01
7.881201410536073926e-01
7.881197171564815473e-01
7.881194212253310738e-01
7.881198981919160795e-01
7.881193850727089556e-01
7.881186560763967508e-01
7.881184654811257406e-01
7.881182820329641903e-01
7.881182437208432701e-01
7.881182017835899334e-01
7.881183085703731273e-01
7.881175911861565409e-01
7.881172670417119219e-01
7.881177416185541906e-01
7.881180197897834638e-01
7.881164183281634816e-01
7.881155930158856293e-01
7.881148315006563099e-01
7.881141877805655227e-01
7.881140595085928124e-01
7.881140188426583038e-01
7.881140200846461497e-01
7.881141239138267363e-01
7.881139684292541858e-01
7.881139993451744541e-01
7.881137824275509240e-01
7.881137473495143375e-01
7.881134629437990258e-01
7.881134435646826031e-01
7.881133256559044176e-01
7.881132208030071640e-01
7.881134763778602226e-01
7.881133873039338766e-01
7.881123539272575362e-01
7.881109118109188572e-01
7.881102456273137991e-01
7.881093738435822615e-01
7.881096277325622124e-01
7.881091800604612674e-01
7.881088613416535882e-01
7.881089362188286040e-01
7.881091144072203125e-01
7.881087229638383818e-01
7.881089837490188321e-01
7.881086617783359394e-01
7.881089442257166455e-01
7.881086078354029301e-01
7.881086780792718738e-01
7.881085857087872792e-01
7.881080906144282139e-01
7.881081421683465704e-01
7.881081296066037023e-01
7.881080143124288284e-01
7.881078168970383491e-01
7.881075834183652873e-01
7.881068492500895584e-01
7.881074374841900987e-01
7.881072790953643770e-01
7.881057435607268236e-01
7.881055456775245549e-01
7.881056329323576914e-01
7.881052725144135351e-01
7.881052956526310993e-01
7.881054204688899834e-01
7.881053961837023447e-01
7.881053662967290041e-01
7.881053142302585357e-01
7.881053183510676741e-01
7.881053424728504675e-01
7.881053797854891130e-01
7.881052978321417823e-01
7.881053844023100385e-01
7.881052755219560835e-01
7.881054372053507562e-01
7.881050221982512927e-01
7.881054842722751141e-01
7.881044388563781533e-01
7.881034439623090249e-01
7.881031748537437043e-01
7.881022503066293927e-01
7.881030858114929094e-01
7.881021710100927224e-01
7.881024554671437476e-01
7.881023628633091471e-01
7.881013539022344583e-01
7.881010642397376920e-01
7.881011102643251665e-01
7.881006402080210638e-01
7.881006456853569819e-01
7.881002748777897748e-01
7.881002619803816334e-01
7.881001162667372606e-01
7.881001480877235510e-01
7.881003240351924788e-01
7.881000735764148724e-01
7.880998625976041172e-01
7.880997257591182414e-01
7.880998827221048497e-01
7.880990366226228172e-01
7.880988004806233072e-01
7.880989727820600921e-01
7.880979016825042649e-01
7.880977984869688147e-01
7.880977796184059914e-01
7.880979471238654943e-01
7.880978667478379940e-01
7.880980525186658259e-01
7.880979029056557339e-01
7.880983763514857188e-01
7.880978037338055575e-01
7.880977667638365824e-01
7.880976187369030939e-01
7.880976688363975358e-01
7.880974409122755153e-01
7.880965036302246540e-01
7.880963457473552092e-01
7.880969137460857032e-01
7.880964068860949467e-01
7.880957254699623160e-01
7.880951482240247108e-01
7.880952283861120122e-01
7.880949287130141201e-01
7.880949066723639262e-01
7.880949105646674058e-01
7.880940707720889282e-01
7.880944569374707109e-01
7.880936135716325452e-01
7.880928386454977286e-01
7.880927988644310656e-01
7.880927490190506868e-01
7.880925475299537242e-01
7.880922434645961649e-01
7.880922650106476635e-01
7.880917840209765712e-01
7.880913394602638844e-01
7.880914342860407817e-01
7.880913531573302544e-01
7.880914584587095373e-01
7.880918254739086581e-01
7.880916243604765281e-01
7.880915141225863785e-01
7.880904781080014798e-01
7.880899123805088502e-01
7.880903341114402494e-01
7.880896374343422384e-01
7.880896106567502057e-01
7.880893277689891008e-01
7.880896362360546581e-01
7.880892500114908827e-01
7.880890158977691407e-01
7.880890595800283949e-01
7.880890791317892718e-01
7.880890730919574150e-01
7.880898034212306946e-01
7.880897266986858218e-01
7.880887278525305906e-01
7.880889903359395987e-01
7.880877084111065356e-01
7.880874456008404305e-01
7.880873484291159858e-01
7.880866046772295741e-01
7.880865388848802278e-01
7.880860199590089543e-01
7.880861637929893471e-01
7.880860392940987058e-01
7.880866238805784851e-01
7.880854403828245758e-01
7.880850991628621793e-01
7.880851064043096210e-01
7.880843414174376615e-01
7.880836463396602154e-01
7.880833803395471682e-01
7.880834491802695130e-01
7.880833448001254293e-01
7.880833595916818535e-01
7.880834332419223154e-01
7.880833904396191691e-01
7.880832971846297719e-01
7.880830919794554745e-01
7.880824630072945647e-01
7.880827886930610315e-01
7.880825749294307903e-01
7.880823596981519907e-01
7.880834192496395385e-01
7.880819104170007083e-01
7.880803933503474079e-01
7.880794371317885183e-01
7.880792511500169795e-01
7.880792625849972755e-01
7.880790944760168726e-01
7.880791501210347993e-01
7.880799119922418106e-01
7.880789572925966935e-01
7.880783500109244111e-01
7.880784075839792902e-01
7.880780594695453445e-01
7.880781986427081165e-01
7.880774426063081872e-01
7.880773768104207821e-01
7.880765800394936571e-01
7.880760472626148205e-01
7.880754342364910681e-01
7.880742186669128513e-01
7.880733915272418733e-01
7.880727579917938819e-01
7.880727189838616642e-01
7.880729257312408809e-01
7.880725519819791192e-01
7.880725670108135184e-01
7.880713083655140894e-01
7.880701541905575924e-01
7.880693432974157364e-01
7.880688963084225840e-01
7.880693801805845888e-01
7.880689040976867066e-01
7.880681465894535664e-01
7.880675560682878222e-01
7.880677003849383411e-01
7.880673113080175485e-01
7.880662862173072325e-01
7.880662395778760265e-01
7.880661827568270494e-01
7.880654777985185433e-01
7.880654702187539495e-01
7.880655262845615017e-01
7.880647652323123920e-01
7.880646851663547503e-01
7.880642874007846022e-01
7.880648633004456727e-01
7.880644430917443932e-01
7.880634133449536671e-01
7.880633723454343320e-01
7.880629032808538215e-01
7.880621280552299046e-01
7.880620418029564700e-01
7.880617607187885287e-01
7.880613551665709426e-01
7.880610346836751656e-01
7.880607641428591936e-01
7.880597824859020273e-01
7.880593854422137667e-01
7.880585008022745752e-01
7.880581105767199279e-01
7.880579893782544421e-01
7.880581464653863000e-01
7.880578185433824157e-01
7.880578377169349391e-01
7.880577893945002188e-01
7.880567998162807397e-01
7.880565732423318037e-01
7.880564939283901671e-01
7.880556455778007230e-01
7.880546254360012437e-01
7.880540654267675915e-01
7.880532525130635735e-01
7.880529784784019443e-01
7.880531372737048512e-01
7.880527596974948867e-01
7.880526398194667159e-01
7.880516467350365817e-01
7.880514141449944665e-01
7.880511349875611860e-01
7.880507997275600918e-01
7.880501926506059407e-01
7.880495651272022561e-01
7.880496667292431479e-01
7.880487875613358950e-01
7.880483590855144049e-01
7.880476696906723033e-01
7.880481010624011962e-01
7.880481135269564730e-01
7.880471666087494054e-01
7.880465307476998138e-01
7.880469329613658536e-01
7.880464602571731758e-01
7.880456830872243357e-01
7.880452689256622900e-01
7.880455424038586010e-01
7.880454206974185638e-01
7.880450493976755011e-01
7.880445516662929473e-01
7.880441693110885604e-01
7.880444740153316197e-01
7.880440209526003992e-01
7.880438919390080343e-01
7.880438062377443931e-01
7.880433814477056931e-01
7.880429676536683248e-01
7.880434084422850427e-01
7.880428423080223510e-01
7.880413586411085802e-01
7.880414278943038697e-01
7.880415908130314895e-01
7.880406748203314660e-01
7.880404542628453024e-01
7.880404583940313623e-01
7.880399043009673754e-01
7.880397248968029622e-01
7.880397817249741310e-01
7.880399177425522206e-01
7.880396951681779560e-01
7.880407779468945328e-01
7.880394748279871964e-01
7.880392813404749619e-01
7.880389042507063291e-01
7.880387468559350017e-01
7.880389554796890517e-01
7.880376894198112270e-01
7.880380916237773592e-01
7.880376575284967489e-01
7.880371261210444844e-01
7.880360345964835256e-01
7.880358378549529030e-01
7.880364332886587997e-01
7.880349884128150517e-01
7.880340450108623829e-01
7.880339923614152475e-01
7.880340281774539379e-01
7.880338071509511710e-01
7.880339967821582414e-01
7.880342128857850126e-01
7.880339760256971360e-01
7.880329039740807673e-01
7.880327767666210903e-01
7.880326917014244259e-01
7.880318328182208676e-01
7.880313440592624508e-01
7.880314759648593403e-01
7.880310315368331819e-01
7.880304260396014948e-01
7.880310124594813725e-01
7.880310448819238811e-01
7.880292219234463769e-01
7.880285280512656643e-01
7.880283051653930171e-01
7.880282279967435466e-01
7.880275255646941313e-01
7.880271017706030889e-01
7.880270980744279452e-01
7.880268948793537342e-01
7.880271823657629682e-01
7.880264869981777887e-01
7.880265180313508200e-01
7.880259869472202583e-01
7.880263458072288563e-01
7.880260157065548388e-01
7.880261269241273236e-01
7.880258850779545687e-01
7.880249431023214068e-01
7.880257801257516403e-01
7.880249584882298430e-01
7.880239739465336735e-01
7.880235062180896977e-01
7.880236312803864385e-01
7.880235848373534635e-01
7.880234681949793707e-01
7.880235665559799374e-01
7.880239973471229176e-01
7.880234540008143052e-01
7.880232579482757682e-01
7.880235181620373064e-01
7.880230271265046271e-01
7.880230801409018326e-01
7.880238314186988058e-01
7.880233968501849651e-01
7.880218750974047337e-01
7.880216997113235200e-01
7.880218231763808090e-01
7.880212364355575483e-01
7.880207506871249601e-01
7.880208306483414971e-01
7.880205521949322778e-01
7.880216023267020420e-01
7.880209269515735526e-01
7.880193981751972832e-01
7.880191128046876159e-01
7.880190939323277188e-01
7.880189123732821432e-01
7.880189363816069159e-01
7.880191024559367596e-01
7.880188808265566891e-01
7.880183240998864802e-01
7.880181369374787970e-01
7.880181265102281785e-01
7.880181834873292157e-01
7.880180757704138284e-01
7.880184452207414925e-01
7.880179612950678480e-01
7.880168733703585282e-01
7.880170955990332127e-01
7.880173907593946980e-01
7.880170258340435385e-01
7.880168152486057842e-01
7.880159128755721554e-01
7.880153067621684659e-01
7.880142649025269064e-01
7.880141483031641858e-01
7.880141175540600340e-01
7.880140892021558763e-01
7.880140985604610071e-01
7.880145810390130068e-01
7.880140425477160093e-01
7.880148082345360683e-01
7.880141930307867915e-01
7.880143855834647049e-01
7.880140581743149131e-01
7.880138990995336767e-01
7.880137450844983960e-01
7.880128117572678947e-01
7.880117862079710767e-01
7.880117239515711525e-01
7.880118136559691733e-01
7.880113957518171119e-01
7.880110499692514203e-01
7.880112459006050063e-01
7.880109024502246484e-01
7.880102225650125192e-01
7.880093371737263430e-01
7.880088613328989355e-01
7.880089475488463169e-01
7.880087272669242804e-01
7.880087836805900192e-01
7.880089543985232536e-01
7.880087681012885037e-01
7.880086122748747313e-01
7.880085832978681593e-01
7.880086826719712167e-01
7.880085504281753028e-01
7.880084404544360765e-01
7.880082842168056878e-01
7.880085905469587093e-01
7.880079469473481035e-01
7.880065901892749913e-01
7.880070241270663578e-01
7.880066880614717828e-01
7.880060161089452730e-01
7.880059400350498677e-01
7.880059829855957654e-01
7.880067469692149107e-01
7.880058567239016654e-01
7.880047466614299445e-01
7.880041529591744753e-01
7.880044361270299724e-01
7.880042225898882258e-01
7.880040858239736323e-01
7.880040392123235371e-01
7.880040247921762386e-01
7.880039170409359750e-01
7.880038560510923551e-01
7.880043191469339181e-01
7.880038736220355000e-01
7.880033658877723113e-01
7.880033611684130745e-01
7.880029068160839811e-01
7.880015802403635972e-01
7.880009449446357950e-01
7.880003756831790440e-01
7.880005374671577023e-01
7.880005204529909602e-01
7.880004073267511400e-01
7.879991651401276886e-01
7.879985527631082620e-01
7.879982818464189576e-01
7.879983065793693120e-01
7.879982351873495716e-01
7.879982569029986283e-01
7.879982084532526354e-01
7.879982491545072243e-01
7.879984483397771688e-01
7.879982310091061537e-01
7.879986742693554369e-01
7.879984487947372385e-01
7.879982243316069335e-01
7.879991058748087029e-01
7.879968228639055994e-01
7.879964659047580255e-01
7.879967134785546001e-01
7.879960038218440932e-01
7.879964844263237511e-01
7.879953835712378840e-01
7.879954529478018221e-01
7.879951664573846548e-01
7.879948119624496927e-01
7.879952586071740095e-01
7.879947827174966779e-01
7.879934510609044596e-01
7.879929131843885770e-01
7.879927931149426357e-01
7.879926854880286990e-01
7.879925883695290123e-01
7.879926970183296353e-01
7.879923550306173752e-01
7.879925309038188219e-01
7.879922362055737928e-01
7.879922622666313270e-01
7.879915446204941443e-01
7.879909610227723293e-01
7.879906294508042253e-01
7.879905228674276563e-01
7.879902381739275485e-01
7.879891198750810233e-01
7.879877889876552022e-01
7.879878821462187322e-01
7.879876774756211510e-01
7.879876062345554377e-01
7.879875003985187254e-01
7.879862928334250283e-01
7.879852383458585408e-01
7.879842579321457707e-01
7.879842157155558802e-01
7.879840119988473779e-01
7.879841778272006492e-01
7.879840144350364062e-01
7.879845931312235985e-01
7.879839256727976249e-01
7.879835920823543560e-01
7.879837252361481248e-01
7.879835343296475170e-01
7.879834889034540435e-01
7.879836930521100236e-01
7.879837326961949273e-01
7.879824498904595131e-01
7.879818403428460183e-01
7.879813047320259889e-01
7.879811176484307067e-01
7.879812540200094029e-01
7.879811320203364833e-01
7.879810956227349950e-01
7.879809775195413257e-01
7.879806412754888356e-01
7.879797616521044823e-01
7.879789772173781959e-01
7.879790277024647516e-01
7.879787301318824655e-01
7.879786449522886427e-01
7.879785568106664195e-01
7.879791822239231580e-01
7.879774421344096780e-01
7.879766385984280364e-01
7.879759863784511209e-01
7.879752215198245757e-01
7.879746299398648901e-01
7.879746614914879821e-01
7.879747695334710089e-01
7.879754670799082872e-01
7.879746781424633584e-01
7.879748502934059706e-01
7.879744547810058064e-01
7.879735962816809547e-01
7.879742025259097726e-01
7.879736245055055655e-01
7.879730347032033455e-01
7.879726769777229967e-01
7.879728235161744809e-01
7.879726887189367757e-01
7.879728204240054046e-01
7.879727505516630481e-01
7.879728777683359109e-01
7.879726356596570280e-01
7.879731397671598803e-01
7.879732149168728883e-01
7.879717666363488249e-01
7.879718645741794480e-01
7.879724616180228125e-01
7.879710136868636194e-01
7.879710022680945780e-01
7.879703643464495144e-01
7.879704120924402311e-01
7.879698297038437715e-01
7.879696987689018828e-01
7.879696940335508826e-01
7.879706862737417827e-01
7.879690004173259821e-01
7.879684543997795831e-01
7.879685542874421689e-01
7.879675072035039474e-01
7.879674546576647121e-01
7.879673530635425971e-01
7.879668106202689648e-01
7.879668271317027406e-01
7.879668150091723167e-01
7.879669382421076174e-01
7.879663522913011864e-01
7.879664722465579141e-01
7.879662951616533961e-01
7.879663377004413327e-01
7.879663729377105463e-01
7.879664074678445207e-01
7.879672007945475176e-01
7.879651856404114030e-01
7.879642540706550680e-01
7.879635767999120244e-01
7.879634440677830698e-01
7.879634915649491589e-01
7.879631041200889641e-01
7.879631073485816595e-01
7.879631346411263282e-01
7.879630562602483179e-01
7.879621172091058057e-01
7.879616390321748653e-01
7.879614231341953712e-01
7.879614609186964547e-01
7.879614874337397268e-01
7.879614726094469335e-01
7.879621856302874150e-01
7.879615293881243598e-01
7.879611642040496022e-01
7.879613377650681594e-01
7.879602798093967575e-01
7.879602861681188619e-01
7.879594615276465097e-01
7.879592819276006743e-01
7.879593724347376815e-01
7.879599722444512455e-01
7.879600866488029043e-01
7.879592321188113591e-01
7.879591970925057254e-01
7.879592871954582689e-01
7.879595527607289318e-01
7.879580671550808768e-01
7.879570506285125120e-01
7.879567812219544498e-01
7.879570816696999103e-01
7.879566532362461961e-01
7.879566418645899128e-01
7.879562815652361163e-01
7.879562281499558063e-01
7.879561930268079717e-01
7.879562221681025713e-01
7.879557973077744304e-01
7.879566742833035153e-01
7.879555161317961520e-01
7.879545287713760615e-01
7.879540580022164065e-01
7.879537548637249866e-01
7.879544130052413831e-01
7.879539702305800031e-01
7.879536102414596010e-01
7.879535806844689683e-01
7.879528287165816769e-01
7.879527236295768011e-01
7.879525855147411217e-01
7.879524876849101078e-01
7.879526252423790789e-01
7.879508966016796068e-01
7.879499658324475853e-01
7.879498328917587946e-01
7.879498265096781529e-01
7.879494996192071277e-01
7.879495008704490155e-01
7.879495932387379220e-01
7.879497707458275046e-01
7.879484129797310610e-01
7.879479057636628037e-01
7.879476600780505047e-01
7.879478127530527010e-01
7.879474711832772371e-01
7.879475064229711778e-01
7.879477296631927086e-01
7.879467211097859192e-01
7.879466157662792236e-01
