9.372261621997654002e-01
9.365698758957631265e-01
9.411122154033096932e-01
9.290897121615224741e-01
1.004913954883600802e+00
9.322555000327693575e-01
9.346390882069577355e-01
9.614954826650647934e-01
9.260801116405843469e-01
9.219279227871863824e-01
9.222923374075461256e-01
9.257113070979032798e-01
9.064510286403394401e-01
8.916681853158245907e-01
9.019057257415551421e-01
8.915490117202889975e-01
8.919242196427423774e-01
9.145485568076258120e-01
9.049028279634375727e-01
8.942148282375439461e-01
8.910366695429493555e-01
8.863240514815586835e-01
8.917997286836580884e-01
9.576784357226503230e-01
9.806556329565838670e-01
9.012059156717141528e-01
9.308891353519521683e-01
8.843979813526937628e-01
8.836784870903116040e-01
8.837482778389075255e-01
8.864283090647245844e-01
9.127739435394074397e-01
9.440137498321855558e-01
8.771789838517082272e-01
8.768158738905100780e-01
8.855397750357858477e-01
8.870358081203383316e-01
9.147514520045982866e-01
8.789191938285421113e-01
8.771390748874784427e-01
8.774453880030548270e-01
8.763441460920340376e-01
9.183712593159217841e-01
9.362051443927053018e-01
9.147084808927384847e-01
8.704428364106101546e-01
8.789259185553646159e-01
8.704428364106101546e-01
8.704428364106101546e-01
8.705433316660547982e-01
8.829941612800947803e-01
8.472874523750930642e-01
8.299797150614152130e-01
8.299797150614152130e-01
8.299625789880044069e-01
7.945950485829440524e-01
8.396920627349960808e-01
7.945950485829440524e-01
7.945950485829440524e-01
7.945950485829440524e-01
7.975340877022234487e-01
8.748381343593569781e-01
8.649886935248071174e-01
8.215130863908822745e-01
7.945950485829440524e-01
7.945950485829440524e-01
7.945950485829440524e-01
7.945950485829440524e-01
7.945950485829440524e-01
8.347237350449872029e-01
8.008352872843355064e-01
7.945950485829440524e-01
7.945950485829440524e-01
7.945950485829440524e-01
7.345318170337635788e-01
7.345318170337635788e-01
7.345318170337635788e-01
8.316762456511570534e-01
7.343338396078080699e-01
8.219264990781567359e-01
7.341047474440824949e-01
8.128772550708295297e-01
7.417334742367260869e-01
7.011018677724073500e-01
7.066866812622861760e-01
8.394447418420909468e-01
7.496385474004212401e-01
7.472093554060134091e-01
7.019141846967111853e-01
7.040124899637703049e-01
7.133657691226397146e-01
7.008190678472113744e-01
7.106940036497766400e-01
6.966360367969945955e-01
7.041041328802245536e-01
8.057396755579688818e-01
7.079682035226427805e-01
8.492348511615714912e-01
6.979680284073768171e-01
7.524055685094083179e-01
6.962390603873804817e-01
7.663432504996220418e-01
7.013104054744178084e-01
7.161442966359282680e-01
7.119100407235785521e-01
7.501855970474373692e-01
6.967783512036244131e-01
7.062415938057440279e-01
6.880153992820277065e-01
7.071670753992785885e-01
6.893160467212627873e-01
6.932468075030197019e-01
7.007518406323353100e-01
7.130566385701846421e-01
6.927410052217439773e-01
7.963633777616602183e-01
6.883314680297203392e-01
8.269664462840977670e-01
6.885855554469146877e-01
6.863758827325042722e-01
6.864152911663413681e-01
7.013539889665083571e-01
6.871568581698841438e-01
7.088517645972840509e-01
6.861764664304077499e-01
7.103406902447065852e-01
6.861764664304075279e-01
7.283596068538313872e-01
6.850110191759409828e-01
7.464419427178430322e-01
6.850110191759410938e-01
7.664352236964000475e-01
6.850643059546934754e-01
7.715789549104873357e-01
7.064275727400793903e-01
7.110226174649190156e-01
7.375542997813600010e-01
7.292196576435895361e-01
7.016774114807917684e-01
7.712336228261351678e-01
6.846218893646577319e-01
6.687550475814010298e-01
6.687550475814010298e-01
7.953213624060405662e-01
6.687550475814010298e-01
6.630737100467869460e-01
6.630737100467868350e-01
6.764773180763069549e-01
6.630737100467869460e-01
6.685062685892964041e-01
6.630737100467869460e-01
6.714287902816634679e-01
6.630737100467869460e-01
6.793486298219798547e-01
6.630737100467869460e-01
7.326125686382406466e-01
6.629444363666593398e-01
7.316931974656613047e-01
6.628420258545196786e-01
6.825947125435395391e-01
6.761055282381783771e-01
6.773857916912542354e-01
6.644911473683848824e-01
7.020142256476274989e-01
6.606490923565605522e-01
7.268375455628558468e-01
7.112033422500152469e-01
7.068340351954639500e-01
6.605239130841813466e-01
7.207007725713282520e-01
6.640055734520241559e-01
7.487216904952858076e-01
6.514801571846007278e-01
6.610943810225793360e-01
6.802663429374413706e-01
7.030075159128819084e-01
6.601157021203620801e-01
7.510937668218540253e-01
6.544912053884982539e-01
7.571440750439842882e-01
6.592347567231295891e-01
6.691892935129238884e-01
6.544201218376078932e-01
7.084625164238829154e-01
6.540668990484309608e-01
6.802400283429184125e-01
6.510121474443630873e-01
6.623796691002304948e-01
6.510094796061969280e-01
6.636845458381692708e-01
6.514958139150764937e-01
6.578767887655802005e-01
6.517626617639481479e-01
6.567069822191371475e-01
6.511397984577765863e-01
6.717523770577085163e-01
6.508563653015442263e-01
6.686125678963209529e-01
6.939336498510283446e-01
6.687339083946759466e-01
6.739460396897286598e-01
7.436489903740542973e-01
7.041630293225443760e-01
7.591736509260224031e-01
6.982433791014600599e-01
6.526910656362067131e-01
6.493570843059343067e-01
6.689843090601993447e-01
6.490611929505420985e-01
8.035075474363999604e-01
6.492649426124640355e-01
6.953964337975073740e-01
6.490611929505416544e-01
6.850151926278341685e-01
6.550169329238169080e-01
7.459814353669648179e-01
6.492281209157292343e-01
6.821060168096606535e-01
6.490611929505416544e-01
6.855380883892328026e-01
6.504109762540724038e-01
6.788426161252906210e-01
6.645553881713889277e-01
7.075964384101407489e-01
6.529380576306242911e-01
6.861066944240152843e-01
6.554932883380747421e-01
7.099222675520857617e-01
6.553774370179963338e-01
6.908278763276349821e-01
6.486836598599035053e-01
6.648911727032250640e-01
6.486836598599035053e-01
7.259841228743211250e-01
6.486836598599035053e-01
7.052429102793557059e-01
6.528289674309952773e-01
6.608335579562684137e-01
6.503924037053234741e-01
6.581488241289958907e-01
6.541274073713856385e-01
6.562489912378945967e-01
6.482039385868948456e-01
7.376087006126395007e-01
6.571085643914684749e-01
6.984487983552138957e-01
6.459057070304877746e-01
6.485511285039312623e-01
6.462737508359371885e-01
7.188755600127003653e-01
6.492988554741987439e-01
6.666830480136110015e-01
6.505231102752494499e-01
6.787420148437296463e-01
6.533060751589018222e-01
6.456933888382108133e-01
6.548133424343363096e-01
6.458441328479402888e-01
6.521688154905846968e-01
6.456933888382110354e-01
6.493094056751997911e-01
6.560345326285820233e-01
6.551428324552533988e-01
6.526248434116631580e-01
6.645190293256328928e-01
6.457734551116421917e-01
6.453322454728130930e-01
6.399077527168935964e-01
6.631128296066063355e-01
6.395994592791707234e-01
6.730216946430508385e-01
6.479007424413323335e-01
6.656752580813405373e-01
6.420297757462423149e-01
6.429541493126201823e-01
6.375576303547569879e-01
6.514757936841181207e-01
6.399848727333656839e-01
6.640833480448036230e-01
6.398995159289733170e-01
6.590692265897172275e-01
6.376531648238530359e-01
6.847685507354916989e-01
6.343671742066300245e-01
6.351948472490592801e-01
6.340410043178144051e-01
6.385110114082793720e-01
6.553750700018582398e-01
6.280943114526318372e-01
6.255401056869379639e-01
6.496202801672604776e-01
6.200977426933528269e-01
6.373396399773713084e-01
6.207131814426297689e-01
6.440601057445360933e-01
6.300643951420953348e-01
6.236666266433259498e-01
6.189445070256740511e-01
6.155327308868183689e-01
6.211944299112319712e-01
6.273524532811310950e-01
6.295356040478941040e-01
6.328932896702713640e-01
6.195484538299267374e-01
6.166948620869743269e-01
6.146302180700572437e-01
6.231732618198437823e-01
6.152782432892506259e-01
6.145147307678682225e-01
6.143335322627750950e-01
6.102515682540703423e-01
6.099476619347891093e-01
6.066906725665249800e-01
6.048216965323117700e-01
6.265707445433156275e-01
6.093356116241641640e-01
5.994547189743266724e-01
5.977533871513303065e-01
5.930377459350528735e-01
5.932235620856060043e-01
5.952659449398784997e-01
5.964769462665070465e-01
5.998892762329448569e-01
5.921460520827739327e-01
5.925772898178015557e-01
5.921460520827738216e-01
5.937026407941179418e-01
5.918041901610144873e-01
6.102799730549030022e-01
5.926037298047310831e-01
5.916860593852417693e-01
5.924325714163493073e-01
5.912361978492394199e-01
5.938981188656642374e-01
5.966324015361162969e-01
5.918031432678328985e-01
5.981441790400624514e-01
5.891814220366742294e-01
5.995215622770235786e-01
5.886668318873863326e-01
5.818499663422377344e-01
5.812775414297524090e-01
6.009982427811731975e-01
5.812590484002012614e-01
5.894776400413658246e-01
5.812590484002012614e-01
5.845922584417446721e-01
5.783310278582705077e-01
5.670800209800670455e-01
5.703095265391066038e-01
5.685946154467304003e-01
5.642635635306636477e-01
5.584558104191869043e-01
5.533285401141506687e-01
5.624435562213159212e-01
5.613600605370936414e-01
5.495252101899629205e-01
5.495332747339918278e-01
5.602113822189954684e-01
5.487387071490843482e-01
5.609225117604644817e-01
5.545652419069256878e-01
5.753961112391428045e-01
5.490719710204131632e-01
5.716419031110450133e-01
5.493711541363689443e-01
5.735204564975452390e-01
5.485462451281004626e-01
5.458806273844736268e-01
5.766147078663501624e-01
5.851569645918397455e-01
5.495313731209863217e-01
5.512218161370311398e-01
5.479083148400546444e-01
5.380165103253157222e-01
5.454647557558056636e-01
5.594817600068671126e-01
5.436012885410478335e-01
5.599526203474922692e-01
5.358837438404642217e-01
5.705458327013970266e-01
5.404757805744849763e-01
5.486208707476242230e-01
5.390448063108034260e-01
5.506497508643383165e-01
5.370614593913535240e-01
5.316804256746059387e-01
5.293910909305329371e-01
5.352346160004929354e-01
5.297618000542601013e-01
5.354599929848488093e-01
5.301008535448644698e-01
5.423411355254904587e-01
5.324194106178793406e-01
5.315365515537381347e-01
5.288800730568594677e-01
5.390830648097614253e-01
5.300894304903656096e-01
5.272275114419836539e-01
5.292882188672040078e-01
5.463121122146260555e-01
5.274265795830135328e-01
5.365103935471398078e-01
5.272275114419835429e-01
5.495500386495274503e-01
5.276873597609648137e-01
5.291817837935249846e-01
5.272126205640040864e-01
5.270488952957420592e-01
5.288566365404703262e-01
5.335663745376126865e-01
5.274093882125986399e-01
5.350587634797364656e-01
5.263230614751747138e-01
5.315632397499889805e-01
5.264996883287699214e-01
5.325775326078949767e-01
5.251524433031242722e-01
5.150428301787067786e-01
5.217821776396741607e-01
5.160035690497389860e-01
5.159120287959558793e-01
5.326457617858968430e-01
5.146931436841630791e-01
5.446940041761896278e-01
5.185648826714672754e-01
5.238790567148063904e-01
5.122661813584067358e-01
5.163038459817560488e-01
5.179859775098742958e-01
5.100883984320468967e-01
5.144139976253073732e-01
5.322668844981655045e-01
5.224318414889926876e-01
5.171247975181009204e-01
5.109548295440986543e-01
5.337111984429123712e-01
5.077572687076369329e-01
5.094714608642065823e-01
5.079088523236141572e-01
5.185533544929112892e-01
5.057258586866800742e-01
5.015713095345516459e-01
4.993064856929899098e-01
4.979509806895707213e-01
5.018309369502711448e-01
5.622278579686174060e-01
4.978817598355325669e-01
5.333652073301723417e-01
4.967807212881717449e-01
5.037824414647962268e-01
4.980882441273896122e-01
5.004606354092554499e-01
4.870355426400689858e-01
4.987423084048625554e-01
4.882052776189581000e-01
4.997018392246856955e-01
4.896003564214133075e-01
5.049077871485561086e-01
4.852546415527891344e-01
4.994731722230629778e-01
4.855471271809152500e-01
4.941659070139576282e-01
4.930082733827441666e-01
4.949943039497718411e-01
4.867520459529605104e-01
4.834502903972146548e-01
4.826186959589653935e-01
4.973561447221169773e-01
4.776386858946197189e-01
4.914739524010723892e-01
4.774789631990778993e-01
4.840982153624024953e-01
4.785385233421387552e-01
4.822915254906240956e-01
4.764210915932006740e-01
4.768698590019310735e-01
4.763664066630528549e-01
4.873760406887202579e-01
4.776866235901021662e-01
4.827549452921950923e-01
4.763564882868206452e-01
4.784486802645776526e-01
4.739303597810443636e-01
4.725682876346358752e-01
4.725682876346363748e-01
4.741491451308241234e-01
4.740945724612076195e-01
4.739470484103633918e-01
4.729151086333066023e-01
4.751713840287981050e-01
4.728948699289517998e-01
4.813715557938015865e-01
4.720085422351656956e-01
4.936389524772923920e-01
4.720236495793192488e-01
4.818909271403927219e-01
4.864862183820435892e-01
4.920456958639128908e-01
4.792165049575804470e-01
4.700006461956476311e-01
4.717408754487615319e-01
4.866391114966138742e-01
4.701175085336411485e-01
4.722752062966454334e-01
4.703337348046086608e-01
4.805591386094075768e-01
4.666291419343426838e-01
4.766034158227567263e-01
4.690687903934159242e-01
4.738285468195505001e-01
4.711424056823644291e-01
4.717748833085685378e-01
4.736678108399378639e-01
4.792009464946224706e-01
4.699759166039652603e-01
4.856596682335882487e-01
4.674284995463894865e-01
4.895956174756602719e-01
4.661783745129425283e-01
4.828602145110015842e-01
4.666294701548762691e-01
4.752299159729686528e-01
4.733435197979878883e-01
4.809139722580158538e-01
4.715207977799451555e-01
4.743240411603292794e-01
4.670933367343040321e-01
4.809179071532713179e-01
4.704654089490578617e-01
4.730867492878307878e-01
4.656859582728738456e-01
4.684511234673078839e-01
4.687539441357277958e-01
4.730561052806636080e-01
4.644635821568930401e-01
5.049569839000491722e-01
4.653334407660953964e-01
4.788380338728816521e-01
4.668425351372394450e-01
4.763268991966934651e-01
4.658435655564477362e-01
4.710694168024440187e-01
4.679884086812737820e-01
4.705769492669398812e-01
4.663660137802735361e-01
4.794126248394381395e-01
4.650069241357113192e-01
4.681762121912135255e-01
4.642307812181227233e-01
4.710352746874122976e-01
4.652370113073822644e-01
4.773363691004192111e-01
4.651073320010414847e-01
4.760188195390310795e-01
4.645964267797791369e-01
4.662215227025920394e-01
4.643124382604843503e-01
4.671701143790649713e-01
4.649260241705653884e-01
4.686690422393335886e-01
4.691232485933061191e-01
4.880319096956016733e-01
4.668620391809887304e-01
4.805900573514945706e-01
4.667339629599633888e-01
4.743225895587084295e-01
4.678402459492684295e-01
4.868289995896118993e-01
4.687620988055020144e-01
4.733279107409821829e-01
4.654423498403725823e-01
4.728349043646521976e-01
4.659540982877964366e-01
4.646323169790206320e-01
4.637621457754922405e-01
4.647641403871733412e-01
4.645871203020974782e-01
4.639006013668528494e-01
4.640599858276872602e-01
4.637867727670890172e-01
4.643841797649080338e-01
4.638905163471488402e-01
4.654285152485590493e-01
4.647407850268191476e-01
4.694547340252761547e-01
4.669429869528439747e-01
4.628569334529965551e-01
4.634170228246766721e-01
4.616856065268349352e-01
4.632150408872823810e-01
4.604044160264698093e-01
4.592229769416227292e-01
4.631849548988483667e-01
4.590640916511298242e-01
4.606789856317123899e-01
4.600247624909390987e-01
4.607464023555691846e-01
4.581659898325213254e-01
4.611686900296922964e-01
4.592203030104115014e-01
4.736087216451736470e-01
4.581815617218001346e-01
4.632133488356559026e-01
4.584233054968440690e-01
4.575747406167335329e-01
4.582220779702650959e-01
4.576343491332592883e-01
4.592061251886241924e-01
4.590777132746427514e-01
4.594005691867366625e-01
4.587418151263775168e-01
4.566681044040736270e-01
4.568143814013585491e-01
4.564714159544662198e-01
4.608373888147009323e-01
4.560203038333559555e-01
4.612612753253320652e-01
4.578181529389223625e-01
4.586046427131962866e-01
4.562649473456406035e-01
4.604830389773811872e-01
4.555056310870597702e-01
4.606272724015507691e-01
4.573731435286892411e-01
4.547706218583194016e-01
4.549127639901453524e-01
4.544261441868248652e-01
4.544550161628490570e-01
4.565352492931357142e-01
4.551030068829673980e-01
4.556478644785468823e-01
4.559614341538281712e-01
4.548877526245065361e-01
4.547172367247520053e-01
4.572042527496927300e-01
4.548226996724249460e-01
4.562932313904034531e-01
4.547801154166173920e-01
4.543504641567637781e-01
4.561370175970450025e-01
4.559485542487671239e-01
4.556431434754923959e-01
4.548625715899396460e-01
4.545050007757588939e-01
4.582132853403775852e-01
4.541746797968029825e-01
4.567308185091172867e-01
4.541463287527984782e-01
4.567095076903466833e-01
4.537609431173819097e-01
4.544943984672891180e-01
4.541705171271714914e-01
4.583582747869306973e-01
4.537921781934980414e-01
4.560277693031575263e-01
4.547537972295563891e-01
4.556790158552108672e-01
4.533613402103205403e-01
4.660338805286842745e-01
4.533638242608087343e-01
4.524871854255297920e-01
4.526761963945505340e-01
4.555561990335165179e-01
4.522893530943047358e-01
4.586834423644955416e-01
4.516999286004012015e-01
4.551840053922480700e-01
4.537251673552610276e-01
4.566143890028834251e-01
4.528378421115486496e-01
4.512613832664982283e-01
4.509688109261845712e-01
4.521819180284498141e-01
4.488174001356651788e-01
4.502366131947853067e-01
4.506397459346673240e-01
4.508940032477329329e-01
4.490788718002137192e-01
4.515097172398518377e-01
4.494379720883838747e-01
4.502877693810339310e-01
4.500176842125760412e-01
4.535114441507467342e-01
4.501599707572565556e-01
4.532687552157506627e-01
4.484490235206631259e-01
4.526193745813442137e-01
4.497754436560263969e-01
4.505173628379006145e-01
4.488536679003275465e-01
4.504890415572890827e-01
4.492467259856617323e-01
4.518867753829082234e-01
4.491385605908365664e-01
4.493413092266284048e-01
4.477042242646952497e-01
4.514514479740235897e-01
4.493174045338004241e-01
4.497314044009967926e-01
4.491475569792707789e-01
4.482552053494281985e-01
4.489958399908591247e-01
4.515312737558785927e-01
4.485777091158209551e-01
4.472884285540228433e-01
4.477768796831721465e-01
4.492450055829405597e-01
4.474678247636482142e-01
4.495482902533020075e-01
4.475199531549218790e-01
4.483185371623413795e-01
4.474459429334085026e-01
4.471871667768823055e-01
4.471127212650491400e-01
4.476770459177832340e-01
4.486034511395354252e-01
4.472134417293058828e-01
4.489293955563025129e-01
4.477279187891155532e-01
4.480389469908397926e-01
4.471627228072482807e-01
4.481881339921042207e-01
4.518719573838054782e-01
4.475031789623235001e-01
4.521191771993243735e-01
4.477591762129704001e-01
4.488860128782181103e-01
4.477750443111805367e-01
4.473517556168292719e-01
4.475497095370926104e-01
4.499091481125198078e-01
4.470673946545197230e-01
4.478978531409926189e-01
4.469582804975963386e-01
4.470565623228406338e-01
4.470916133279573268e-01
4.487931227744975105e-01
4.474509493224751999e-01
4.520603800947241013e-01
4.523307053089653529e-01
4.445248432613541634e-01
4.447747614087089185e-01
4.464021022460544219e-01
4.446553322029431210e-01
4.475027232020353241e-01
4.452653359869434002e-01
4.467602601919544725e-01
4.449070112555553180e-01
4.485590019840833276e-01
4.450145881641096035e-01
4.492647206691483541e-01
4.455959534569347569e-01
4.473112532711917555e-01
4.455574780810745983e-01
4.467257570639325825e-01
4.438953385631608239e-01
4.494999179093077668e-01
4.435900942471254216e-01
4.453682859274230021e-01
4.441960930227658588e-01
4.494105444801997917e-01
4.442590534140292147e-01
4.464526514734557527e-01
4.437379114523306578e-01
4.462269377654294322e-01
4.453873324846431836e-01
4.468676532365983833e-01
4.443966582281250743e-01
4.443291612053045236e-01
4.444900751559099916e-01
4.435982547301343670e-01
4.443300958513890508e-01
4.429632097276049452e-01
4.435930214923528014e-01
4.452957144068978579e-01
4.437991734860399218e-01
4.457931963534170761e-01
4.438080955595611887e-01
4.459396311544915337e-01
4.422432557816482479e-01
4.426449734413067660e-01
4.424053708245135885e-01
4.430579727069745566e-01
4.426878120794958682e-01
4.422373544810489499e-01
4.431083014400958864e-01
4.423147354352863214e-01
4.429537432328632396e-01
4.424354903345566470e-01
4.447816372981641120e-01
4.418492185951561346e-01
4.414485125410488875e-01
4.446461941725764477e-01
4.415434066641280020e-01
4.455769126604879893e-01
4.414450986397286392e-01
4.441530520145069438e-01
4.412341277130181760e-01
4.438292421464883342e-01
4.413517971866139367e-01
4.425023377791503232e-01
4.411719627063347415e-01
4.452168415453317540e-01
4.415410361679755202e-01
4.439433490861507958e-01
4.412111360265062454e-01
4.456602844075105430e-01
4.423248600515038986e-01
4.421860067049294685e-01
4.417920778372192991e-01
4.457669616870484908e-01
4.418602624453294991e-01
4.485589701639398630e-01
4.411663988873346653e-01
4.466528258059322409e-01
4.427706225081729507e-01
4.419019917440514256e-01
4.411297293277601783e-01
4.452925940314474973e-01
4.412009788889064699e-01
4.450795518494264913e-01
4.419470807436687854e-01
4.430081237880849621e-01
4.417567209193111188e-01
4.434988502843834612e-01
4.404534417761275522e-01
4.433609856912413272e-01
4.417005239593588262e-01
4.421980836488039746e-01
4.422341071308287241e-01
4.393138106066643012e-01
4.403645373225891224e-01
4.383757286485396309e-01
4.391860010072517473e-01
4.402902529661921749e-01
4.387414088181325611e-01
4.417249068814549928e-01
4.388048707820154659e-01
4.383181049502639093e-01
4.384186250283037545e-01
4.424376815382182748e-01
4.388081228731807171e-01
4.424791473553468801e-01
4.382602253610271559e-01
4.428087836218900786e-01
4.371296672903521863e-01
4.387866364765011240e-01
4.388862173572665171e-01
4.381327919664699810e-01
4.388842132640337068e-01
4.373597463316869494e-01
4.381065428729395417e-01
4.370443090009914489e-01
4.383905833438844768e-01
4.374073213339542132e-01
4.366495488495291677e-01
4.426538852312858485e-01
4.364557388589137554e-01
4.385537336037843015e-01
4.366982539595253288e-01
4.371176677781901110e-01
4.364764747960143687e-01
4.484849179831056909e-01
4.368642624257040863e-01
4.359009079235950934e-01
4.363224494407126341e-01
4.379100156994857884e-01
4.359642577608425218e-01
4.406275162363069153e-01
4.362061973680438354e-01
4.355974990732244811e-01
4.352097941203689202e-01
4.451842942638615797e-01
4.360052033105336067e-01
4.378608533669397507e-01
4.364010970353742191e-01
4.373001678283210403e-01
4.357372426396319831e-01
4.364015835010658928e-01
4.351665722416242499e-01
4.387896781292724979e-01
4.353061401212167114e-01
4.392756928409783934e-01
4.355801258696793132e-01
4.371909883050067447e-01
4.355557031521072320e-01
4.355845894752364278e-01
4.351599000297874942e-01
4.400841951191933332e-01
4.351329903403424737e-01
4.355996600062652657e-01
4.366131366112885881e-01
4.381342984153355768e-01
4.352862111238050558e-01
4.361662570022198371e-01
4.350521804161862627e-01
4.375615186488241437e-01
4.366796158165537900e-01
4.369847414770210992e-01
4.353083181116549905e-01
4.419431536946469841e-01
4.350084176095835864e-01
4.377940459513284810e-01
4.352319841536886891e-01
4.387718248850185354e-01
4.358979827263952389e-01
4.399158530026638370e-01
4.370274156245854691e-01
4.384990686934916448e-01
4.351285662821507971e-01
4.387311850159095195e-01
4.346188371092251645e-01
4.350242941515215511e-01
4.356942514395767962e-01
4.370768966807003220e-01
4.343433811105161801e-01
4.385222978306292929e-01
4.345986332389747964e-01
4.382515845630421403e-01
4.346693566865779679e-01
4.342947773986576276e-01
4.332682726757329239e-01
4.352511817491486745e-01
4.330371498927846896e-01
4.333431044110607200e-01
4.322698338155941400e-01
4.375571363107318978e-01
4.333702470394024675e-01
4.317396062325025707e-01
4.325554465652998171e-01
4.415669288920054947e-01
4.319885869029735370e-01
4.344759121243000344e-01
4.317025301771363344e-01
4.331008750198604429e-01
4.315810083224350113e-01
4.338250006541229387e-01
4.321460720922745691e-01
4.343401486059366157e-01
4.315370711223184275e-01
4.316375924290930532e-01
4.318255108008238752e-01
4.356175387467116633e-01
4.319464751759594101e-01
4.356592162144076741e-01
4.316883673229149343e-01
4.342942334745390487e-01
4.323496938435858472e-01
4.318385592302237397e-01
4.315022326269458142e-01
4.365174648280226166e-01
4.316095791996253372e-01
4.339613677313176043e-01
4.317140826304421419e-01
4.331583567565333026e-01
4.325007500705845276e-01
4.330425621843237427e-01
4.343246898736444206e-01
4.304522801915340313e-01
4.307263711073917589e-01
4.322322156582716901e-01
4.324552640868334907e-01
4.324726968204200550e-01
4.319577552656411190e-01
4.375908792819100945e-01
4.310756436030042660e-01
4.320667241639605805e-01
4.309032840206158954e-01
4.360893458626439734e-01
4.301568105990289381e-01
4.344700495964082809e-01
4.310891814533165389e-01
4.335073010809231131e-01
4.308615372714245662e-01
4.334152302178111427e-01
4.303716639975660452e-01
4.338478083061828028e-01
4.309675766712330325e-01
4.319079088088725316e-01
4.304070152234383828e-01
4.341684165199338752e-01
4.304352939898214991e-01
4.340938600131542535e-01
4.310873263311571502e-01
4.341153638953618166e-01
4.301088201076496698e-01
4.341006008184754017e-01
4.300338176112716293e-01
4.329468689774793044e-01
4.300310549485694134e-01
4.329825977954308569e-01
4.301172098589773896e-01
4.304229230680248763e-01
4.299599573478816716e-01
4.315026746245776423e-01
4.313439889763477919e-01
4.332596416830170050e-01
4.300410321029722871e-01
4.307876962349785344e-01
4.302656886619830590e-01
4.348173497446095048e-01
4.302915520862010124e-01
4.333577274193988194e-01
4.299666146422556068e-01
4.325580077031299653e-01
4.300079474589035278e-01
4.317401200830225383e-01
4.295132852983797322e-01
4.321067495238755107e-01
4.298890735151917886e-01
4.316911536853836884e-01
4.297702849417221471e-01
4.332287816734821662e-01
4.296601162241775462e-01
4.313777318898752156e-01
4.294363806228008729e-01
4.329866502189402833e-01
4.305889620673310492e-01
4.322797467047740372e-01
4.295402618279339224e-01
4.300553565287771884e-01
4.300456888832909219e-01
4.289535367008804889e-01
4.280004722996892941e-01
4.276903687849938906e-01
4.283177222971992215e-01
4.279304003493288877e-01
4.283292011942235189e-01
4.279313196631046590e-01
4.280932031038516827e-01
4.278326163027540985e-01
4.285710059105871106e-01
4.279268685479163947e-01
4.278857462010564605e-01
4.277541176882814766e-01
4.280528711448449708e-01
4.276218600694063343e-01
4.295746446852669043e-01
4.272935580263680366e-01
4.284330650663704665e-01
4.272877475180111850e-01
4.284757179352740031e-01
4.273204545305367974e-01
4.282419045258580859e-01
4.276384070620070088e-01
4.279477723961503943e-01
4.275775509118944218e-01
4.273792873656800384e-01
4.275448194100107679e-01
4.286339799274254680e-01
4.271120758888187208e-01
4.269142743321245326e-01
4.266010606292192087e-01
4.275623867346669549e-01
4.260281534162168593e-01
4.266116713958068574e-01
4.262356942573413687e-01
4.263502503665891896e-01
4.261682159050070307e-01
4.265877196915945357e-01
4.260719594272734390e-01
4.267084529275314009e-01
4.260339135521202802e-01
4.267336022848826071e-01
4.261671687582652690e-01
4.259680282019707165e-01
4.257585900305700943e-01
4.257929973309699800e-01
4.258316335925578788e-01
4.265222885368010752e-01
4.261218001025455226e-01
4.260870858530264593e-01
4.261305232495618545e-01
4.258541924091745479e-01
4.262830508649677608e-01
4.261151066392120379e-01
4.254705068651346567e-01
4.261794550270665560e-01
4.256414708979710526e-01
4.263648902059145041e-01
4.255095918503977725e-01
4.256099960092430967e-01
4.256187960648007418e-01
4.257815207465939222e-01
4.255234633101919739e-01
4.261749369800211240e-01
4.254039013513817302e-01
4.261188090038959819e-01
4.255064902205865640e-01
4.258552932397621227e-01
4.253887644997093043e-01
4.263013237125733990e-01
4.255315163060299777e-01
4.265854598827172883e-01
4.255617121036229800e-01
4.259228641963420658e-01
4.254588570060979236e-01
4.261489658617059750e-01
4.257013949430676347e-01
4.260464954186796716e-01
4.256880661568754887e-01
4.268011541430467015e-01
4.253524775373845324e-01
4.258965605121756148e-01
4.257500512560042916e-01
4.252473304967063217e-01
4.254432261873922205e-01
4.267717590865635624e-01
4.256698334692509134e-01
4.259571935583759683e-01
4.254994946984930193e-01
4.252067668920333499e-01
4.254816630566281010e-01
4.261200664270992644e-01
4.253410835220076125e-01
4.258802564152917580e-01
4.253797939227754732e-01
4.255045316102299968e-01
4.254064257649656788e-01
4.252367611638344647e-01
4.253610387800851877e-01
4.262853931881590563e-01
4.251469699198033858e-01
4.258188151940505151e-01
4.253068387062964861e-01
4.255859296839744621e-01
4.256135606767794122e-01
4.261523685064051437e-01
4.255355409850525850e-01
4.258631560080142209e-01
4.252122066003592438e-01
4.257249040809999996e-01
4.251966962249190685e-01
4.249626219342423350e-01
4.246629644461431541e-01
4.259733237915191983e-01
4.248367909910040208e-01
4.255139792174045255e-01
4.251029810979972678e-01
4.244187735502543690e-01
4.243951054656522337e-01
4.245650841693655031e-01
4.245067769792579271e-01
4.248600275159490347e-01
4.247401547049484138e-01
4.242684894061143352e-01
4.244300091556322263e-01
4.237706889521059561e-01
4.242152092246043726e-01
4.241997262685151537e-01
4.240233135570175005e-01
4.237033083937931099e-01
4.234567319853190237e-01
4.248060598781516761e-01
4.231699119323205083e-01
4.226450551209265938e-01
4.226393345468594798e-01
4.237464874865269349e-01
4.229120409462809316e-01
4.229041339886323025e-01
4.228902478141512433e-01
4.243104722752910618e-01
4.224545592234826841e-01
4.233024629019190854e-01
4.224802708298918685e-01
4.228194033535750407e-01
4.222385229666104633e-01
4.223094122614299284e-01
4.227422463284098986e-01
4.222329702161450871e-01
4.221652250598718625e-01
4.228581566709994632e-01
4.221890179353753325e-01
4.224276207013130668e-01
4.220175803769928291e-01
4.227031677586283176e-01
4.224318276564771879e-01
4.227724088021818649e-01
4.222333933502483982e-01
4.223696392976282188e-01
4.221054166065073554e-01
4.220743090825068156e-01
4.220020810054428972e-01
4.224711085768596552e-01
4.221847536080096108e-01
4.234313324001411916e-01
4.224515198196978072e-01
4.225433879275211080e-01
4.220197008821002238e-01
4.228337998150746846e-01
4.224213544071424575e-01
4.222926475919404066e-01
4.219344893336020585e-01
4.225798230482515350e-01
4.221485139727836344e-01
4.234573594636047433e-01
4.219657672085906364e-01
4.221233195163339724e-01
4.218698758283081496e-01
4.222385221830199931e-01
4.219919648460818684e-01
4.221135951451401302e-01
4.219169467175435950e-01
4.222850849016355768e-01
4.221744083863234742e-01
4.222332277256636290e-01
4.219167075169959480e-01
4.224230006936260939e-01
4.218331586054120952e-01
4.225043090853172201e-01
4.216517397737233330e-01
4.218454080691351749e-01
4.219874995681859309e-01
4.221206942348698088e-01
4.219717753937582416e-01
4.222725463556125658e-01
4.218730818793012816e-01
4.224782932562872184e-01
4.216490425643993900e-01
4.223482934673711275e-01
4.215436922293299138e-01
4.219081254298523986e-01
4.215288195553557604e-01
4.217449840233890579e-01
4.222822054357496802e-01
4.215225272512345134e-01
4.217085880678662080e-01
4.228989461838273400e-01
4.216239312956836516e-01
4.224626506225417910e-01
4.216755537479814353e-01
4.226280685735497866e-01
4.216996593822723294e-01
4.218773133615418836e-01
4.218153838956297808e-01
4.216523987529471329e-01
4.218844670473455016e-01
4.214501080904853314e-01
4.216814693060689234e-01
4.224348022512132705e-01
4.220967788563835255e-01
4.220491075523362667e-01
4.213857492474503696e-01
4.214202389499876467e-01
4.213002096097917537e-01
4.220921692321651930e-01
4.214230422324067860e-01
4.220640074622971638e-01
4.211912799018219800e-01
4.214786302096381054e-01
4.214487361726627079e-01
4.226014702754915531e-01
4.215596098510673850e-01
4.221756940051366036e-01
4.212740519116532356e-01
4.210472872062460681e-01
4.206980606054268601e-01
4.213745466155734420e-01
4.208650915639812751e-01
4.212277927615409312e-01
4.205848333672401185e-01
4.210828886743361865e-01
4.207283825518561282e-01
4.208537540104901331e-01
4.206943755938817309e-01
4.206626691496012649e-01
4.207221589727346833e-01
4.209710179620274606e-01
4.205904425642306710e-01
4.215130399784063342e-01
4.207195641220908278e-01
4.211279610240812321e-01
4.206415510772139044e-01
4.213353734529150518e-01
4.206658952485212710e-01
4.211503546809281517e-01
4.205661604475236515e-01
4.204495108314810214e-01
4.206545847411831129e-01
4.209240747994845155e-01
4.203764125137228747e-01
4.212892514736406024e-01
4.207017919745473233e-01
4.213795666744581392e-01
4.203948070654277558e-01
4.210865570327312901e-01
4.206251710800913424e-01
4.208307116084296640e-01
4.203890171076261617e-01
4.204597024570552177e-01
4.208410388878524033e-01
4.216177381648177902e-01
4.204772481300175224e-01
4.210683347118435171e-01
4.205943859304545618e-01
4.207807106265638031e-01
4.206586568593483899e-01
4.210432828831460195e-01
4.206203211258066621e-01
4.208388286195229311e-01
4.206638422326057225e-01
4.225344157310728654e-01
4.204788178913829721e-01
4.211165091516437808e-01
4.203814229457023544e-01
4.210528047096426252e-01
4.207446913592925997e-01
4.205234459661459367e-01
4.205353414081277608e-01
4.204873601404868766e-01
4.204698272684591620e-01
4.208220526006556383e-01
4.206961401680731627e-01
4.211470837475483897e-01
4.204398836510384596e-01
4.206680302299056762e-01
4.204497428982848506e-01
4.204364830243374485e-01
4.204691855601104811e-01
4.207907967491029133e-01
4.203820834912982973e-01
4.203896455971573021e-01
4.204692979173362266e-01
4.208341204301043748e-01
4.205609394744485030e-01
4.209265242692676878e-01
4.203160591459186857e-01
4.203377839191343446e-01
4.203782130708617615e-01
4.203581263851545735e-01
4.204516794694300730e-01
4.203587395672842564e-01
4.205025105391361762e-01
4.203450537890434657e-01
4.202526365824413301e-01
4.203322663332218490e-01
4.205769134130273867e-01
4.203124031554968387e-01
4.203685258500354793e-01
4.202571798840056272e-01
4.203539655436356326e-01
4.202179760408823461e-01
4.201210617218040233e-01
4.199748166122501125e-01
4.199883207707181265e-01
4.200584728513002686e-01
4.202749741159053087e-01
4.200204179598906462e-01
4.202894811869261060e-01
4.199761300335251302e-01
4.199827023983860874e-01
4.199945392365643237e-01
4.203331911475500782e-01
4.200356489622743550e-01
4.200048241395218929e-01
4.200826814429740597e-01
4.203412179501188062e-01
4.200858793817757730e-01
4.201975340625006550e-01
4.200076797090687153e-01
4.201536877588997743e-01
4.200701558705846606e-01
4.199420609737014587e-01
4.200842236722966971e-01
4.202823540532604762e-01
4.199691246292220903e-01
4.199246203094621488e-01
4.200083541095006034e-01
4.197890226570905048e-01
4.196924833120310172e-01
4.197842489643488495e-01
4.196254942701648782e-01
4.197579862348291835e-01
4.196062045543859642e-01
4.198466667502427918e-01
4.195949421750456709e-01
4.196297968767550013e-01
4.197048457237621544e-01
4.196312886820309229e-01
4.195329099977493370e-01
4.198096609872924434e-01
4.196603610635354920e-01
4.196475941968875190e-01
4.195804517097301845e-01
4.197069937766527703e-01
4.195618414820779241e-01
4.195286028844074089e-01
4.195880537696521362e-01
4.194974046475098417e-01
4.195365146029131909e-01
4.194933681129604519e-01
4.195599064679349510e-01
4.195238633682385476e-01
4.195057854473541736e-01
4.195368692201857930e-01
4.195516536985130496e-01
4.196076926881021074e-01
4.195533023882291879e-01
4.195916548859281447e-01
4.195911541175217918e-01
4.195608423600959425e-01
4.196019648796411872e-01
4.196719533695094095e-01
4.195734776362923246e-01
4.194462496559347442e-01
4.195278109671842781e-01
4.195504809404784208e-01
4.194042485545546595e-01
4.194044054837207658e-01
4.194202561688586406e-01
4.194825544994510436e-01
4.194225833201127296e-01
4.195083819995919505e-01
4.193481970712896190e-01
4.195179460722657239e-01
4.194265303037296166e-01
4.195317727562981047e-01
4.193893593125131436e-01
4.194065692693935699e-01
4.193750149267079785e-01
4.194605460142194486e-01
4.194306876285595620e-01
4.196133937241859901e-01
4.194558493663490539e-01
4.196062559017658122e-01
4.193926089717576189e-01
4.196182039550913068e-01
4.193229986346709848e-01
4.197037886966021314e-01
4.193472696936715316e-01
4.191080557244334925e-01
4.191070887263476652e-01
4.190866925030162782e-01
4.191511901410355234e-01
4.191391784346110150e-01
4.191133651120789727e-01
4.193712128787458471e-01
4.192014842760081184e-01
4.193643945652380522e-01
4.191434551487610571e-01
4.192049822564863915e-01
4.191656860853987809e-01
4.192001187424786446e-01
4.190875680677348947e-01
4.191899073877517479e-01
4.192160221310802792e-01
4.194046266873983075e-01
4.190109843680633883e-01
4.191678480344629976e-01
4.191176320920880216e-01
4.190998705259127433e-01
4.192002189276407553e-01
4.190861402199355656e-01
4.191429937219556257e-01
4.191044557456763409e-01
4.190202732894270365e-01
4.191538660250772597e-01
4.189884236735393896e-01
4.191051516843217750e-01
4.190147557121089439e-01
4.192498468337808037e-01
4.189435810689079442e-01
4.189173002504588128e-01
4.189950315651339019e-01
4.189181136529361305e-01
4.189042768799099981e-01
4.189584035428693398e-01
4.189701022438522271e-01
4.190131817892732147e-01
4.189395114848792900e-01
4.190469571939113846e-01
4.190164739479709799e-01
4.188694302754097931e-01
4.187860606639317029e-01
4.188715272014600366e-01
4.188371535969311332e-01
4.189823953238635545e-01
4.188955243095708880e-01
4.187997268226422154e-01
4.188146848621848717e-01
4.189404330738092375e-01
4.187869669549154628e-01
4.187420709829190457e-01
4.187963570970208993e-01
4.187573473562223869e-01
4.186868674678026481e-01
4.186746107507814396e-01
4.187869502238416031e-01
4.188008216550746510e-01
4.189088014988862074e-01
4.187703446455539602e-01
4.186912315154878161e-01
4.187969475684313880e-01
4.187033403666001186e-01
4.189350590979983302e-01
4.186880373967153401e-01
4.186134551257498781e-01
4.186586254863702283e-01
4.189787552942639826e-01
4.186876338106210738e-01
4.186937854477911225e-01
4.186774773550817064e-01
4.188204352799419494e-01
4.186075645327912986e-01
4.185959216344481426e-01
4.186754593155598281e-01
4.186986558281524662e-01
4.188905254218249219e-01
4.188860495984558230e-01
4.185511265772710043e-01
4.183852936186163163e-01
4.184400563633892678e-01
4.185050654525059310e-01
4.183958915704536485e-01
4.186553310666436545e-01
4.183871547749622444e-01
4.185629565826767817e-01
4.182731839561797949e-01
4.182243059503683025e-01
4.182040094262890473e-01
4.181045211539925477e-01
4.180961641123448480e-01
4.181821755060872725e-01
4.182036373208657953e-01
4.181704103664851679e-01
4.181407123242060209e-01
4.184012517822015553e-01
4.180969089386923354e-01
4.181915187646181864e-01
4.180994886919351394e-01
4.182452710014794017e-01
4.181339434417951084e-01
4.184118992396893555e-01
4.181984594168069447e-01
4.181626330803468461e-01
4.181178042465610867e-01
4.182694131104403579e-01
4.180346070395346003e-01
4.181165447895973664e-01
4.181042453553876492e-01
4.181660394959650917e-01
4.180707470234948375e-01
4.181016291921380024e-01
4.180122316271072669e-01
4.181478331025784700e-01
4.181066368871101391e-01
4.182764927483726969e-01
4.180341982168163106e-01
4.182063886966262412e-01
4.180181016858228737e-01
4.179677835325507074e-01
4.180521243920492513e-01
4.180731876482072784e-01
4.180503962311399313e-01
4.182011896428397546e-01
4.180375019376781909e-01
4.181058733610739653e-01
4.180669507313618527e-01
4.179904188051587477e-01
4.181877237500438160e-01
4.180089076426155015e-01
4.179881497207896257e-01
4.181991729621507004e-01
4.182331570612176641e-01
4.179888737019372691e-01
4.179370273261706625e-01
4.178777884964975375e-01
4.177840428363204239e-01
4.182289349613795282e-01
4.178945057867538004e-01
4.180136791116949579e-01
4.178400051141052951e-01
4.179330438655445845e-01
4.178327248069858557e-01
4.178132748761801407e-01
4.178430673305414955e-01
4.179141763130959641e-01
4.177509587997250140e-01
4.179298895522217117e-01
4.177320851703812399e-01
4.176737883871326495e-01
4.176486802359147821e-01
4.177793377442037270e-01
4.176436670628014269e-01
4.181716504329435757e-01
4.176540195692738378e-01
4.177025840129688361e-01
4.177468046217109321e-01
4.179008681959351379e-01
4.176674194171103305e-01
4.179774151076481314e-01
4.177121307407758444e-01
4.178920513846885454e-01
4.176612700595796479e-01
4.178001681267179412e-01
4.175616842981456078e-01
4.177353118155179845e-01
4.175613268108558929e-01
4.176509156409379808e-01
4.176111713835150563e-01
4.177908600191794219e-01
4.176480624176067136e-01
4.176158498851668122e-01
4.175326193598641877e-01
4.175683107789906479e-01
4.175057071628240357e-01
4.175763268898713965e-01
4.175392893458941268e-01
4.175293477883518234e-01
4.175272639375563477e-01
4.175091486378539885e-01
4.174791780518284923e-01
4.176638838332273895e-01
4.175142364416431495e-01
4.177295358754384846e-01
4.174831995029915088e-01
4.175614149414993426e-01
4.176051007870691945e-01
4.176088070613004355e-01
4.175319382028574999e-01
4.176920153521661017e-01
4.175149712819606340e-01
4.176126521909385714e-01
4.174854632570319524e-01
4.176600475581832006e-01
4.175285400024104088e-01
4.174702330404205242e-01
4.174909529264624330e-01
4.175188399845106146e-01
4.175968256156263880e-01
4.175497158470837245e-01
4.174515383376349864e-01
4.175973352926424242e-01
4.174245227212343701e-01
4.173463064232855180e-01
4.173846848849970259e-01
4.177723407794827204e-01
4.173345045384759811e-01
4.175629233961125619e-01
4.173901738268045447e-01
4.174182399760472117e-01
4.173865113282496653e-01
4.175166817000815489e-01
4.173706383897822225e-01
4.175330376768391916e-01
4.173186999745163162e-01
4.173866877976319945e-01
4.174284447530215436e-01
4.172818846474664611e-01
4.172841453466156203e-01
4.174448617230320790e-01
4.173397572976654812e-01
4.176207709657438483e-01
4.173233906104480417e-01
4.176277935966878907e-01
4.173120044301953935e-01
4.175295687522592170e-01
4.174191951104240239e-01
4.173531350591480060e-01
4.172861659818255520e-01
4.173936399061864422e-01
4.172828606182108491e-01
4.172655210293331196e-01
4.173191208825124399e-01
4.172238815768174458e-01
4.173182592223375620e-01
4.173727010327346609e-01
4.171787893164919381e-01
4.174957545872776121e-01
4.172056528332939718e-01
4.172658695310261789e-01
4.171730246795564701e-01
4.175813208597535242e-01
4.170126334036440285e-01
4.171898550653295179e-01
4.169965058199829877e-01
4.170642798032586085e-01
4.171048350371926450e-01
4.170424282811596162e-01
4.170899098437567121e-01
4.172667128618161581e-01
4.170971152841867480e-01
4.171236961949144062e-01
4.170915651126635981e-01
4.170285245340614178e-01
4.170510081656867429e-01
4.172055568752040533e-01
4.170781841833144932e-01
4.172085443731682886e-01
4.169766729536454886e-01
4.170454917825958119e-01
4.170705556569109795e-01
4.171222119224397562e-01
4.169897460844871340e-01
4.170090119298219822e-01
4.169561433482978363e-01
4.170775143685821473e-01
4.169672383520022230e-01
4.170922241249363505e-01
4.169662601543938085e-01
4.171602565118344152e-01
4.170817978095263112e-01
4.169961325350682313e-01
4.169974678987361516e-01
4.171096044271498937e-01
4.169726376711681559e-01
4.170886914138923207e-01
4.170606827918827975e-01
4.172125046067443055e-01
4.169119192683623520e-01
4.170904946870912511e-01
4.169491739865806568e-01
4.170793885438806581e-01
4.170149346475602870e-01
4.169926819395640694e-01
4.169473731095559299e-01
4.169023907486299474e-01
4.169262051231972244e-01
4.170214606013643577e-01
4.168846869336848004e-01
4.170071106403475114e-01
4.168573589913736610e-01
4.169862118462476785e-01
4.170399662495096749e-01
4.170393888366534241e-01
4.168776213125370278e-01
4.169585916084025956e-01
4.169266206738632685e-01
4.168836984555462921e-01
4.170001357739021586e-01
4.167921449961020652e-01
4.167658620237046363e-01
4.168374434145907803e-01
4.167933718177371794e-01
4.169581047409418595e-01
4.167877202188001728e-01
4.168711752666245940e-01
4.169253397290998420e-01
4.169218452287014598e-01
4.168582908796331088e-01
4.167441924007410647e-01
4.168076871545267625e-01
4.166414362648909742e-01
4.167077641462584303e-01
4.168936718494970495e-01
4.167244342443769956e-01
4.168214407359279727e-01
4.166700077170947258e-01
4.166310885075710790e-01
4.165986068490604710e-01
4.166721962574513327e-01
4.166709515934368113e-01
4.165446087215475823e-01
4.165503035585512714e-01
4.167025814146749774e-01
4.165303165112267947e-01
4.167468407545866227e-01
4.165793685948760983e-01
4.166915795556253022e-01
4.165640344473909851e-01
4.164350831318484047e-01
4.164619933910301830e-01
4.165297153235199556e-01
4.165141962658168717e-01
4.163144464912453269e-01
4.163292027161710207e-01
4.162695843181210553e-01
4.162413817528508031e-01
4.163908371445350087e-01
4.163754319284262984e-01
4.163879182431007853e-01
4.162000220691070562e-01
4.164393401804426520e-01
4.162113169101190335e-01
4.161127116416767358e-01
4.162087497530278513e-01
4.162375099010877655e-01
4.161261133898813136e-01
4.163944144836050354e-01
4.161053126979151751e-01
4.162546959269582958e-01
4.162095758375813914e-01
4.162870116627954142e-01
4.162163231416718401e-01
4.162477041404488154e-01
4.161815368653996039e-01
4.162022911317343477e-01
4.161531138589315004e-01
4.161836500470670330e-01
4.161402929797592964e-01
4.161858443355792581e-01
4.161207125348551084e-01
4.161387173024828634e-01
4.161573308944911953e-01
4.160613790594475669e-01
4.160011125200053783e-01
4.161928861061283125e-01
4.160355633807755749e-01
4.160813842682903885e-01
4.159745423234906259e-01
4.158196727561079276e-01
4.159106651057581372e-01
4.159221335940607167e-01
4.158400582395875289e-01
4.158566842955861431e-01
4.158506870266339694e-01
4.158869937859034360e-01
4.157979091491286749e-01
4.158359656144053895e-01
4.158357355247522258e-01
4.159487727885456398e-01
4.158541691755450187e-01
4.161190254167182467e-01
4.158085218196432287e-01
4.160806674446509423e-01
4.157996421392147757e-01
4.158825858902546746e-01
4.158989704682231614e-01
4.157720338919271286e-01
4.158386899880833210e-01
4.159778305737440451e-01
4.159142796699601963e-01
4.160456628379512467e-01
4.157320105805722421e-01
4.158014646098991962e-01
4.157902860497044162e-01
4.157417044751157142e-01
4.157954659839449563e-01
4.157500245574149433e-01
4.157727834036682446e-01
4.158192579732422622e-01
4.157515785229047856e-01
4.157843910627064266e-01
4.157933036871319099e-01
4.159488932352896073e-01
4.157764315511283115e-01
4.159259743433412204e-01
4.157340540297239095e-01
4.159592254021036162e-01
4.158634378311762969e-01
4.158551640557025530e-01
4.158377975374435431e-01
4.159475525801833440e-01
4.157519143389836747e-01
4.159038300916397257e-01
4.158209706789408044e-01
4.156886945698167746e-01
4.157359460632357173e-01
4.157961431578835465e-01
4.157276137907794378e-01
4.158427688277501200e-01
4.157033529603007538e-01
4.158759624337129424e-01
4.156944001140609468e-01
4.157487399985369536e-01
4.157093876349301498e-01
4.158001206817238948e-01
4.157243439418350506e-01
4.157919714512389731e-01
4.157634976520409031e-01
4.156553451553591794e-01
4.157340463591026047e-01
4.158850285938528457e-01
4.157718692946187899e-01
4.157040020703572925e-01
4.156781498667227459e-01
4.158570652361021081e-01
4.156839837909461766e-01
4.156538024266610565e-01
4.156984473713509765e-01
4.157953968613954943e-01
4.157206504935502256e-01
4.157928997593614007e-01
4.156710334702730658e-01
4.159197554031952571e-01
4.156701533667850335e-01
4.157783951249732213e-01
4.157895396874719540e-01
4.158155906414585656e-01
4.156191864551913029e-01
4.156977665982430903e-01
4.157212524261543196e-01
4.158624946347502238e-01
4.156518930662522204e-01
4.159150316445339723e-01
4.156694670002064607e-01
4.161129116403669559e-01
4.157444942165635093e-01
4.156930241857782482e-01
4.156726294716236447e-01
4.157440763998446198e-01
4.156460089085743381e-01
4.160202727924522947e-01
4.156764466470790342e-01
4.155354321028592590e-01
4.155781793199542773e-01
4.156680853070329751e-01
4.155494057175199152e-01
4.157029839552930373e-01
4.155591057841444558e-01
4.158808279534010888e-01
4.156051892961706296e-01
4.156625227424328717e-01
4.155914917183831103e-01
4.156438027366168297e-01
4.155445484815076251e-01
4.155766562305042156e-01
4.156307200631809695e-01
4.154864916159218824e-01
4.154900980850848025e-01
4.158419932934633301e-01
4.154824963668030113e-01
4.158756504355426431e-01
4.155255082251975152e-01
4.156245825566291519e-01
4.154647743820095718e-01
4.155506770604741051e-01
4.155245685775228459e-01
4.154516218055427923e-01
4.154325614369645536e-01
4.155044009156439455e-01
4.154621182029941129e-01
4.155439669607519648e-01
4.154372248327808381e-01
4.155717004525575908e-01
4.154467190517432407e-01
4.155029723497878358e-01
4.154339437740023344e-01
4.155247343592706200e-01
4.155127550283608251e-01
4.155356432403642941e-01
4.154957951522134652e-01
4.155475642026239536e-01
4.154477381735922070e-01
4.155410695548427680e-01
4.154658134362912425e-01
4.154591626157281281e-01
4.154903205253253629e-01
4.156210376920396188e-01
4.154579996501345796e-01
4.155679971207811296e-01
4.154297406379697799e-01
4.155372342548093734e-01
4.154718775672125997e-01
4.156683171775004126e-01
4.154997017611121168e-01
4.154474070588808909e-01
4.154203503909733031e-01
4.154653877293293385e-01
4.155348815833945220e-01
4.156041434985748850e-01
4.154621230465015413e-01
4.159606028444918224e-01
4.154395594656717372e-01
4.155487901191823874e-01
4.154330547799875983e-01
4.155231988036555135e-01
4.154841949819529368e-01
4.156465472006274364e-01
4.155302983814253559e-01
4.156157836429266172e-01
4.155468031496785675e-01
4.156051490963316719e-01
4.154453619493745919e-01
4.155232489505311100e-01
4.154154914250066111e-01
4.155344132159296544e-01
4.154057268305628714e-01
4.155351585846718820e-01
4.155163302236849487e-01
4.154950520278340997e-01
4.153846609160294356e-01
4.154633509617320364e-01
4.153789590405660426e-01
4.156243515709912573e-01
4.154359969530497243e-01
4.154749265668253311e-01
4.154025434214385637e-01
4.154530602725201027e-01
4.153853213629131180e-01
4.155682358706643265e-01
4.154012937903570624e-01
4.154897114012066628e-01
4.154183202506450123e-01
4.154537578084677163e-01
4.154303929529386541e-01
4.159369729172078256e-01
4.154335430941091811e-01
4.154304497804354734e-01
4.154365942919862609e-01
4.153802410491578279e-01
4.153683194848839522e-01
4.154042480955488781e-01
4.154431827864672466e-01
4.155534851807562990e-01
4.153768708237430274e-01
4.153736449967475597e-01
4.154311216036219445e-01
4.153910851137880833e-01
