1.458709507877527400e+00
1.458680858016158544e+00
1.459287592735638350e+00
1.459566545701329154e+00
1.451117433934515866e+00
1.152664245164171763e+00
8.642945634018424084e-01
8.569169243857630569e-01
8.558879198313753545e-01
8.558879198313756875e-01
8.558879198313753545e-01
8.558924963437457567e-01
8.627939210884522092e-01
8.852155839981635799e-01
8.657045274793847556e-01
8.558879198313752434e-01
8.557443034415264105e-01
8.443189865639558755e-01
8.659548087691509854e-01
8.443189865639558755e-01
8.443189865639558755e-01
8.443189865639558755e-01
8.439308042230225793e-01
8.420983241169579525e-01
9.786817230118669553e-01
8.163973471941403659e-01
8.163973471941403659e-01
8.163973471941403659e-01
8.163973471941403659e-01
8.163973471941403659e-01
8.163973471941403659e-01
8.234139804791508199e-01
8.323849870897952474e-01
8.163973471941403659e-01
8.163973471941403659e-01
8.163973471941403659e-01
8.339521158937215350e-01
8.163973471941403659e-01
8.163973471941403659e-01
9.513541308175632594e-01
8.163908138160219652e-01
8.980967528400050082e-01
8.163361989928100693e-01
8.393597938672588965e-01
8.543460510929509200e-01
9.206890716686674248e-01
8.110789795118749090e-01
1.041706183680630060e+00
8.109231952053266301e-01
9.249019845332663303e-01
8.109231952053267412e-01
8.144425047268039064e-01
8.109231952053267412e-01
8.053993442169850026e-01
8.054035345182489758e-01
8.081505198295635406e-01
8.053993442169845585e-01
7.760731196206109850e-01
7.760731196206110960e-01
7.761191365875566017e-01
7.760731196206109850e-01
8.610559391013345998e-01
7.760731196206109850e-01
8.381144997900960014e-01
7.759724998581464250e-01
9.142450584564197902e-01
7.761390433709769443e-01
9.888358555376448589e-01
8.318525354954666717e-01
8.633675629162558263e-01
7.907123270460031383e-01
8.796120598017340697e-01
7.626771306376225468e-01
8.120349678577104546e-01
7.694421585630797367e-01
7.817982728625800792e-01
7.626771306376225468e-01
7.682149686749214501e-01
7.626771306376225468e-01
7.759742061521548440e-01
7.626771306376225468e-01
7.697261794544516533e-01
7.626771306376225468e-01
7.664807721491090353e-01
7.626771306376225468e-01
7.680619309203648992e-01
7.626771306376225468e-01
7.719424568152297716e-01
7.681820365260683126e-01
7.913939070779314466e-01
7.721439853375142714e-01
8.189144254605390527e-01
7.790322211168668742e-01
7.624798304823640072e-01
7.828187154198519293e-01
7.624798304823640072e-01
7.863997309879170450e-01
7.624798304823641182e-01
7.925929485626377335e-01
7.617260774173324478e-01
7.812323936946932168e-01
7.635032411052352641e-01
7.766627166734484389e-01
7.617309966391924148e-01
7.684444093061051362e-01
7.617260774173322257e-01
7.719626450144403407e-01
7.592641384854778019e-01
7.640446530604689812e-01
7.590471660849720248e-01
7.664551351666921697e-01
7.591215615048275689e-01
7.651721222773298914e-01
7.589800511418515194e-01
7.627799366087405497e-01
7.595117204352146434e-01
7.600398652578875813e-01
7.589800511418515194e-01
7.612926131228602289e-01
7.596057921381574873e-01
7.628839106244823531e-01
7.671603741168911972e-01
7.709061711658007354e-01
7.642993279857963618e-01
7.589800511418515194e-01
7.630065858580904470e-01
7.589800511418515194e-01
7.604541252766247039e-01
7.589800511418515194e-01
7.611924671409624477e-01
7.589800511418515194e-01
7.618201467495823165e-01
7.589800511418516304e-01
7.497859994214017831e-01
7.497859994214017831e-01
7.585449803633106391e-01
7.538443119739338671e-01
7.722122588496205253e-01
7.505206772420293104e-01
7.477482060854214740e-01
7.483129966102519681e-01
7.507971211205939355e-01
7.477395220380130825e-01
7.529059866689642444e-01
7.479067669210969216e-01
7.521235749135031234e-01
7.480561579674456230e-01
7.494009947802006133e-01
7.477359131292412586e-01
7.439525734058256567e-01
7.434887848041420444e-01
7.466202112334590080e-01
7.433625797992857720e-01
7.447848355095179063e-01
7.432772595113611436e-01
7.448099965842862602e-01
7.432520967250357824e-01
7.483520063821520463e-01
7.430176533683594542e-01
7.466384998784398874e-01
7.430710066393515500e-01
7.473614748557039222e-01
7.433632799790328427e-01
7.499003293859568542e-01
7.432860391304372261e-01
7.434556886782600627e-01
7.430176533683592321e-01
7.394669291193880500e-01
7.394851502237490548e-01
7.394669291193881611e-01
7.426284235532082389e-01
7.394669291193880500e-01
7.395011324021777410e-01
7.394669291193880500e-01
7.397847190183443056e-01
7.380586361072675183e-01
7.459548187156900267e-01
7.380586361072675183e-01
7.364960411686153341e-01
7.364457146897008810e-01
7.451148353131061830e-01
7.365990731510135836e-01
7.435520683679943676e-01
7.354413829222815613e-01
7.361821079554623504e-01
7.357118495739949360e-01
7.360984365252847272e-01
7.354454891244341930e-01
7.474473003814336991e-01
7.366506148812449473e-01
7.362644595523507585e-01
7.347303193786272058e-01
7.287959172216349479e-01
7.231950834866155420e-01
7.246316497374981624e-01
7.226171394102974821e-01
7.239602230285470119e-01
7.227051692951642625e-01
7.241591512820674259e-01
7.225227344108022809e-01
7.224869484580352941e-01
7.225451387446722995e-01
7.239735871779796605e-01
7.231977665459582427e-01
7.233013033915567380e-01
7.224693471447509729e-01
7.295788484584210254e-01
7.285792347122993506e-01
7.323691902148639077e-01
7.232517355781784563e-01
7.232054445844544599e-01
7.233898388299035975e-01
7.219750198339687230e-01
7.219750198339683900e-01
7.231840710815410356e-01
7.229438367090084139e-01
7.254567769210141792e-01
7.219750198339685010e-01
7.242696444108729370e-01
7.230892192260446327e-01
7.236446854294866782e-01
7.221828303820913009e-01
7.229775786682482996e-01
7.223550808086616204e-01
7.239501766694986795e-01
7.213942606707178795e-01
7.197403259087552518e-01
7.194535630085565625e-01
7.201496873719472891e-01
7.194536030243880997e-01
7.201799586609138881e-01
7.212811334486494141e-01
7.282546558606680653e-01
7.189296415753185787e-01
7.238888362889047690e-01
7.174880242415134779e-01
7.190811080369677866e-01
7.188788622532422679e-01
7.269549559459518306e-01
7.163926590675574468e-01
7.203467010484604360e-01
7.164660881895613675e-01
7.176354099464691272e-01
7.163978100760914902e-01
7.171627466728827116e-01
7.164512700347561713e-01
7.175124215733008626e-01
7.171249195313790237e-01
7.172393630471023407e-01
7.170075020648465358e-01
7.177844010472671510e-01
7.169135613539207030e-01
7.176679606225450092e-01
7.167214434322081162e-01
7.127443961206653134e-01
7.127728457156734532e-01
7.127259541510583274e-01
7.133922947563978711e-01
7.127157487366454491e-01
7.128917620092733998e-01
7.128574359887946965e-01
7.131877697757500467e-01
7.128620253933082296e-01
7.133317276808884833e-01
7.126826216023912641e-01
7.127235616853740963e-01
7.126826216023912641e-01
7.128098883356747129e-01
7.125742755253919869e-01
7.144616120269152715e-01
7.124893974773746086e-01
7.125801902649291364e-01
7.123978164375733835e-01
7.125961612071014528e-01
7.154054118203310164e-01
7.096219842802714561e-01
7.070228493913393031e-01
7.070012197320073577e-01
7.071178109562422653e-01
7.071935916299990632e-01
7.068684063138187534e-01
7.059921922192049504e-01
7.059692327809073964e-01
7.063346013083103836e-01
7.061264247013397943e-01
7.060907944137251313e-01
7.061866527890735545e-01
7.065245850612731360e-01
7.065852529589682351e-01
7.055178677075656379e-01
7.055590793466128829e-01
7.055768739037326931e-01
7.055199995040923877e-01
7.060090987692021480e-01
7.054708946855076102e-01
7.060319838462887354e-01
7.056485856942599222e-01
7.057342321231511173e-01
7.054212614389510083e-01
7.055759190142464332e-01
7.052953952304547025e-01
7.048194175635122960e-01
7.049030302064381859e-01
7.061981122360072582e-01
7.048049147831658701e-01
7.042532474996656688e-01
7.042760035378561323e-01
7.039654213092537693e-01
7.037440116155595504e-01
7.030800919275539407e-01
7.030800919275540517e-01
7.032962194161962444e-01
7.030635004123619858e-01
7.032506640410387533e-01
7.032538749524332999e-01
7.042286709717661131e-01
7.028476844997476602e-01
7.041257325643572873e-01
7.026022954250936703e-01
7.024311232514801606e-01
7.023648233256869489e-01
7.025131689402085433e-01
7.027124694835047425e-01
7.021445417449359017e-01
7.034576040156285126e-01
7.034158632163065583e-01
7.026584110802071015e-01
7.036297586580063657e-01
7.020900817204503985e-01
7.040879972473546022e-01
7.017655131787513545e-01
7.011316157282131423e-01
7.029673350387690700e-01
6.991777723016746604e-01
6.992727393798997548e-01
6.998396399176004534e-01
6.991762616655105012e-01
7.000815932768746919e-01
6.992937738743271181e-01
6.998256718885373928e-01
6.986873730024955043e-01
6.976481570556489764e-01
6.978933598312109243e-01
6.987597142080078649e-01
6.976915981832872982e-01
6.983409795565576061e-01
6.976891059711958221e-01
6.975035671551909067e-01
6.974897604404375340e-01
6.978282863369568156e-01
6.970408181063136865e-01
6.988344128358502383e-01
6.977186332572247185e-01
6.968596494981769141e-01
6.968596494981769141e-01
6.971431811429192882e-01
6.965985739192325221e-01
6.964706233773875210e-01
6.965258084145153905e-01
6.965737986674481741e-01
6.963899388594294582e-01
6.958201209529543130e-01
6.960127968234134377e-01
6.961632795505913185e-01
6.959551721082336551e-01
6.952381756239669475e-01
6.959981864843510779e-01
6.951031650517931482e-01
6.950947785103483989e-01
6.955547183448376192e-01
6.957229421402275626e-01
6.965555756901606888e-01
6.962252586651815900e-01
6.963747900724120976e-01
6.951045722198367915e-01
6.941305464200848707e-01
6.940535411520508680e-01
6.937598935414119872e-01
6.937370030363877449e-01
6.937274171766710795e-01
6.943599825358026667e-01
6.955524401626503872e-01
6.938483335118024176e-01
6.950151616276694089e-01
6.937977279907203698e-01
6.938794463482096386e-01
6.936539063361771840e-01
6.961451575452499707e-01
6.933803353725277452e-01
6.934363728670595028e-01
6.933654041013009861e-01
6.935240965439374294e-01
6.929271274617574417e-01
6.934417562092477505e-01
6.929271274617574417e-01
6.930232304118183473e-01
6.930198262081151972e-01
6.934398274239003124e-01
6.930330570597554862e-01
6.931754126481433076e-01
6.926648712753740167e-01
6.937638892898336795e-01
6.926640131126400313e-01
6.924466268323000717e-01
6.933668219021037471e-01
6.925914391625203059e-01
6.924104177046086495e-01
6.927867030887413513e-01
6.923124695940425788e-01
6.929973489903834549e-01
6.924053673286587607e-01
6.928342628719067475e-01
6.924609294060386500e-01
6.923763349467108030e-01
6.925062956330395592e-01
6.921310718601599854e-01
6.924151926939369206e-01
6.978867914107144133e-01
6.920899472656865115e-01
6.919297476530873459e-01
6.923881184947946466e-01
6.929996033301935032e-01
6.919798463760503671e-01
6.928250680835535968e-01
6.918159518954531961e-01
6.918267643672536549e-01
6.919605462767306481e-01
6.917421395282787877e-01
6.916918462359540332e-01
6.919067694568101778e-01
6.916543440983955460e-01
6.915113666276518911e-01
6.916431154159666805e-01
6.929947224701660247e-01
6.915513351749852378e-01
6.923144938760268374e-01
6.921036526482556850e-01
6.915131948715755872e-01
6.912585778773608913e-01
6.917983738527705428e-01
6.912585778773610024e-01
6.915630862251459510e-01
6.923000943384883810e-01
6.899979622587012473e-01
6.900641979862360831e-01
6.910799219943587479e-01
6.903642082053671469e-01
6.910996929355633922e-01
6.908270248863209728e-01
6.929840062613932261e-01
6.896632415358484591e-01
6.887978950834092728e-01
6.892163748493523867e-01
6.893635753016695844e-01
6.886457254907829562e-01
6.891889609284012064e-01
6.888557070423252382e-01
6.884380592215558758e-01
6.885029669048512435e-01
6.887480617018958418e-01
6.884480754110495759e-01
6.886373445203597399e-01
6.883835647290154069e-01
6.882863818607496409e-01
6.882825874436471203e-01
6.885530749441126641e-01
6.883175761361117750e-01
6.888057136345095977e-01
6.881654500838834121e-01
6.885625936920660717e-01
6.883170958427330399e-01
6.883407125695836237e-01
6.878333890410013307e-01
6.881557686871193624e-01
6.878960459272694949e-01
6.880992048510069514e-01
6.879452520399487181e-01
6.889199512516432922e-01
6.878638659204443506e-01
6.892324201306725406e-01
6.879597417317869779e-01
6.884467637240153648e-01
6.878333890410014417e-01
6.892226368036207251e-01
6.882745569230396265e-01
6.882152449389287163e-01
6.883038505071349400e-01
6.885834185433414856e-01
6.881407342546086436e-01
6.877501989567433860e-01
6.883082078297051432e-01
6.909568929661696890e-01
6.879120287775820630e-01
6.874927978536709006e-01
6.874778228284486037e-01
6.875594226664698549e-01
6.874267473520456750e-01
6.875768452032238187e-01
6.874309922626595792e-01
6.878565905405471526e-01
6.874169971795668355e-01
6.875159776406123413e-01
6.874558444375713506e-01
6.878322321009177065e-01
6.874601064762061453e-01
6.874953916568037338e-01
6.872583164404985068e-01
6.872318431256536631e-01
6.876958669571238136e-01
6.872555405455064159e-01
6.871040723608057288e-01
6.874817915095842169e-01
6.863987728020626289e-01
6.864447774085392640e-01
6.876859797477913316e-01
6.863471048575898736e-01
6.862618906715388656e-01
6.862716058594768853e-01
6.863908349994499725e-01
6.863256184878836486e-01
6.863922965539624998e-01
6.862728519998556598e-01
6.866327807985325160e-01
6.861942026608833789e-01
6.868342883972685664e-01
6.863098063490753464e-01
6.865229163719641647e-01
6.863663188208760646e-01
6.860606669539434099e-01
6.860627915478973993e-01
6.861250295167277136e-01
6.860699301236148351e-01
6.861938507226960082e-01
6.860571017192502730e-01
6.858870257068312437e-01
6.858637415075727883e-01
6.853955397162279084e-01
6.853808019951567188e-01
6.855113077461141291e-01
6.854461455671343462e-01
6.858638697105917670e-01
6.854078886051531150e-01
6.849740489426703327e-01
6.848224136125571349e-01
6.848427994108517991e-01
6.844643841286696118e-01
6.842344442107760605e-01
6.842881013032194870e-01
6.842131500697747892e-01
6.842181014677155559e-01
6.842033845465602671e-01
6.842667208311608018e-01
6.845275115045004188e-01
6.841249823846405897e-01
6.841942361132529182e-01
6.841163598147170788e-01
6.841235903483994241e-01
6.841092521480293120e-01
6.840487503630848787e-01
6.840610101917201646e-01
6.843082392433903482e-01
6.840168732343602231e-01
6.839755854097858689e-01
6.839550208252460628e-01
6.843851752499778840e-01
6.840318152002404783e-01
6.845045684191409796e-01
6.839547762602021796e-01
6.840953720414768569e-01
6.839108019746191758e-01
6.837701688039372616e-01
6.837411274105904546e-01
6.837289670897506166e-01
6.835671433093647442e-01
6.839236552913142697e-01
6.837955061706656457e-01
6.831195699733906279e-01
6.856201059015378796e-01
6.830749997330565204e-01
6.827244134347465465e-01
6.826834968353038269e-01
6.826403353278813757e-01
6.827078576995905257e-01
6.824318068691601624e-01
6.823756626848099804e-01
6.825157698741464163e-01
6.824109189245689544e-01
6.824671217172438853e-01
6.823668258579365098e-01
6.823104398219003164e-01
6.823433615178100542e-01
6.824021856106101680e-01
6.822766149937969926e-01
6.822479931649760854e-01
6.822160503143007704e-01
6.825332986445153960e-01
6.822601343183382072e-01
6.823837352043677917e-01
6.822020057110285141e-01
6.822311072444456892e-01
6.821093349917317639e-01
6.820449185589475549e-01
6.821975303279502745e-01
6.821291542117444706e-01
6.819601476055268119e-01
6.820727798169894385e-01
6.820024655753746945e-01
6.820404605175096613e-01
6.819624258460320609e-01
6.820444903945023229e-01
6.819763089999627548e-01
6.822777186090301926e-01
6.819463194098420722e-01
6.818759217325387478e-01
6.818837397691566160e-01
6.819539828022901373e-01
6.819571172872287423e-01
6.830906845907428471e-01
6.819501683545381443e-01
6.818660903282237618e-01
6.818994395757097537e-01
6.821245428307149972e-01
6.822191694209754909e-01
6.819280447218857288e-01
6.816732072931495079e-01
6.817719910610188228e-01
6.816647311285545241e-01
6.817674314635527866e-01
6.816809432325722229e-01
6.816394242998461417e-01
6.816653788560981253e-01
6.817820799848993696e-01
6.816228326924190783e-01
6.816533363952812508e-01
6.816502737409928514e-01
6.816122049012662831e-01
6.815526337387949329e-01
6.815693635384471039e-01
6.815389678385864736e-01
6.817658622999639428e-01
6.814517975225508062e-01
6.813588572669251331e-01
6.811801652995372880e-01
6.809669450639759258e-01
6.809498212907437731e-01
6.804846831578110766e-01
6.804410920844592425e-01
6.804524465121948307e-01
6.807989851464564257e-01
6.804138438855692472e-01
6.804168299065556091e-01
6.804492666795816103e-01
6.803327477127206757e-01
6.803676504958213744e-01
6.805142292868859855e-01
6.805835191055289446e-01
6.799322364956568165e-01
6.797160513427407125e-01
6.798941413269262712e-01
6.799399808409248847e-01
6.797914944249493496e-01
6.796911709025058590e-01
6.796860517591654105e-01
6.796162406783792242e-01
6.803094614279152630e-01
6.797258443502547376e-01
6.792005955153127550e-01
6.791902053315252985e-01
6.788854396805072966e-01
6.789131167943363021e-01
6.788851186285405070e-01
6.787697767315121755e-01
6.785776627095815305e-01
6.787336687538979563e-01
6.786652801579902139e-01
6.786698884075145211e-01
6.786605070173146181e-01
6.786648310595994049e-01
6.786261672918406651e-01
6.785405941901577753e-01
6.786343282107062391e-01
6.782258217150378687e-01
6.787181916636944035e-01
6.782271867195919235e-01
6.784125040342781077e-01
6.783257929169070888e-01
6.781414919725385904e-01
6.781503161758182241e-01
6.780339190192781196e-01
6.780411911119363921e-01
6.778988564394604621e-01
6.778721963973198816e-01
6.777716707668178797e-01
6.776416540960407131e-01
6.772594567400941346e-01
6.773458130656881959e-01
6.780896436897699830e-01
6.773481838789583431e-01
6.770715766350045017e-01
6.774764116839092631e-01
6.769666001798677613e-01
6.768290745383166440e-01
6.768588061571572112e-01
6.767104416705871373e-01
6.765415891785148128e-01
6.767620130139834211e-01
6.772156652837906243e-01
6.765192679217840732e-01
6.766896336626953001e-01
6.764955342929314108e-01
6.774104040237286517e-01
6.769348519198028491e-01
6.766086986843554696e-01
6.767855861030397380e-01
6.767448899561878672e-01
6.763606534233859158e-01
6.756689676381628651e-01
6.757432948022585872e-01
6.756328478046276231e-01
6.759389708272927066e-01
6.755768262401354862e-01
6.752311329110478599e-01
6.754724159528052718e-01
6.757460417239423700e-01
6.752441386382110888e-01
6.758407302269909822e-01
6.751941481975565207e-01
6.751440979013519916e-01
6.751733999696403199e-01
6.752711635581203353e-01
6.752476209299607124e-01
6.752067362985039178e-01
6.751740029519185393e-01
6.752495179847157747e-01
6.754711787742347928e-01
6.756309387663069765e-01
6.751033426016129768e-01
6.746998427863882819e-01
6.745820453379630655e-01
6.747235853909100411e-01
6.745376335277489810e-01
6.746819055114378072e-01
6.744945193137242834e-01
6.743551133648095774e-01
6.743716684221481295e-01
6.741827246442061439e-01
6.743264010781216955e-01
6.740294450020372086e-01
6.742296074106669534e-01
6.740613355473158430e-01
6.739406883993356301e-01
6.737756185243041207e-01
6.736087354485350565e-01
6.731288995743834880e-01
6.730578830236297883e-01
6.729235912687394627e-01
6.736800200576846809e-01
6.737003415364499759e-01
6.727185855527602065e-01
6.710050661316930842e-01
6.705079476759482349e-01
6.714442057660495733e-01
6.704886013533309930e-01
6.704658710895418094e-01
6.704885884352729253e-01
6.704836448587657705e-01
6.704496158724541077e-01
6.706994357060038769e-01
6.706087389409366439e-01
6.706005325923255489e-01
6.703770366897096045e-01
6.705393472948758538e-01
6.703622126056233421e-01
6.704044784652392064e-01
6.702837428043051382e-01
6.704080938857358563e-01
6.701945857310759314e-01
6.709471876885254593e-01
6.700762143168599305e-01
6.700768799641326767e-01
6.702038757690881310e-01
6.703520666531938010e-01
6.701617758892504106e-01
6.704356835315979923e-01
6.703448945439556272e-01
6.702969066852370039e-01
6.702539883458806802e-01
6.700825743053339112e-01
6.700571609666907680e-01
6.698713448595227105e-01
6.701613069313862026e-01
6.702110928623467023e-01
6.698789869891580429e-01
6.688123281745088633e-01
6.682825919344134169e-01
6.683219166358566055e-01
6.680718725302929872e-01
6.676152135901344264e-01
6.674153355130805210e-01
6.657552983344647846e-01
6.638044360378513309e-01
6.634905401956059379e-01
6.634310339179598781e-01
6.630521665204784920e-01
6.628445144063663808e-01
6.631004583465972546e-01
6.629741191882926321e-01
6.627705603904636700e-01
6.627765906201682489e-01
6.627012229061660653e-01
6.626233462313579903e-01
6.625466078124405689e-01
6.624203690642729292e-01
6.627057715263852122e-01
6.624423265538825767e-01
6.631063854735490537e-01
6.624453655403699237e-01
6.630368447420847966e-01
6.624864397832895824e-01
6.629546577727315482e-01
6.624479130979622488e-01
6.629442982463689127e-01
6.622489168215603961e-01
6.623896260655799395e-01
6.619418149971694199e-01
6.619447670484721602e-01
6.620589065608325496e-01
6.617049518761155547e-01
6.617009758849539125e-01
6.620982768351910686e-01
6.616648100961896040e-01
6.617659087493052983e-01
6.615326417664501024e-01
6.622468019446771104e-01
6.617970993796394863e-01
6.615272144379216179e-01
6.608192127880242461e-01
6.633177144669349934e-01
6.600442259456049676e-01
6.573721853095436662e-01
6.560510076580605698e-01
6.574653861823172019e-01
6.557958149533495984e-01
6.557105701374136286e-01
6.558226758640594012e-01
6.544981037376226274e-01
6.548308699661300469e-01
6.544722387047648970e-01
6.546646509437336059e-01
6.549466593568711303e-01
6.543830727964484728e-01
6.544949794235479512e-01
6.527166968173381267e-01
6.518690792654239230e-01
6.517265869208118678e-01
6.510505191051604301e-01
6.510345671674954149e-01
6.503659376109118817e-01
6.503411466999259316e-01
6.503369530742882931e-01
6.504846667032674334e-01
6.505173916836165526e-01
6.503972025035055227e-01
6.503780644160883639e-01
6.506040185981325497e-01
6.481664927137322785e-01
6.472682064399654100e-01
6.469874678995763961e-01
6.470762841934482035e-01
6.466267177136026945e-01
6.464432757902350835e-01
6.470131783025271366e-01
6.464911232162334764e-01
6.462550126380109949e-01
6.460037962128145628e-01
6.459302770313697373e-01
6.458792484768972608e-01
6.455450845580253949e-01
6.473600215782260303e-01
6.421347927059509741e-01
6.396895403875502151e-01
6.375841078356169200e-01
6.364968513273909778e-01
6.352748608271833186e-01
6.342030555815396653e-01
6.333880079731319945e-01
6.333790519358778459e-01
6.337031456879318458e-01
6.316047897687864232e-01
6.305303198946262677e-01
6.302316420481460790e-01
6.303152103907392334e-01
6.304904383412455182e-01
6.301371375999397229e-01
6.296401137867293496e-01
6.295568533490338847e-01
6.296827126860770063e-01
6.295834603155020526e-01
6.294727246054383496e-01
6.295411639715412511e-01
6.299590125741756363e-01
6.293152102200252340e-01
6.283771724978927109e-01
6.291509153764405227e-01
6.281561325378313132e-01
6.281101242899844728e-01
6.284639295962689554e-01
6.280992841131242121e-01
6.269807269983443954e-01
6.255833370400833982e-01
6.251786306463411602e-01
6.247955621581235963e-01
6.225286186910719000e-01
6.221203595197932756e-01
6.221608613915329267e-01
6.218328936364292403e-01
6.217928867004373084e-01
6.219482097620736560e-01
6.218401707115002175e-01
6.202685116206181348e-01
6.200186854877245413e-01
6.202419373777287026e-01
6.198079450069775564e-01
6.199311875906645675e-01
6.184336644214274425e-01
6.179835863062566048e-01
6.176889348352058162e-01
6.183111674924074430e-01
6.176623675394540269e-01
6.181211926977504545e-01
6.176531045480156967e-01
6.168229585425846206e-01
6.169674957059874121e-01
6.166085761325958980e-01
6.168035263286807401e-01
6.172579164815962249e-01
6.166486027489748167e-01
6.165267745694268386e-01
6.166625292729889241e-01
6.166805944601947420e-01
6.164120585180542511e-01
6.160993146102681228e-01
6.159833827362666270e-01
6.150838285264780270e-01
6.152736459158120175e-01
6.149324736745951370e-01
6.151767837401446171e-01
6.154948108649640481e-01
6.145075941287126975e-01
6.142383386722836125e-01
6.142665248575324144e-01
6.142883692911662585e-01
6.130576078341252177e-01
6.131576136677332478e-01
6.131241629588189967e-01
6.129044253356114025e-01
6.129969079037458357e-01
6.135870202329777312e-01
6.129752921601258064e-01
6.131397524762168816e-01
6.126702569086676098e-01
6.121785336215755935e-01
6.125396066758129754e-01
6.121440482065617639e-01
6.130892584442884097e-01
6.103257954611839287e-01
6.088938242999694106e-01
6.086447418730335235e-01
6.086605865062079124e-01
6.078981871836516282e-01
6.082353995285869619e-01
6.069640334686704497e-01
6.072028228686586759e-01
6.069140545690606681e-01
6.067883928809195693e-01
6.067312923708820804e-01
6.065507066842938944e-01
6.065618976622657588e-01
6.064026242776867637e-01
6.065385732168155908e-01
6.061415111498767994e-01
6.061285479870762716e-01
6.060292506209262742e-01
6.060855750509416273e-01
6.060095365713342730e-01
6.061565201384271351e-01
6.065377113835230816e-01
6.060793201814752562e-01
6.063294482873183844e-01
6.058751121492137459e-01
6.057362775250122455e-01
6.061649134718415377e-01
6.063840724250136871e-01
6.069394051765821807e-01
6.038245218576454576e-01
6.032792377482542046e-01
6.036066494533138815e-01
6.031153506759207028e-01
6.031074330923541504e-01
6.031689026936879472e-01
6.028858558274737822e-01
6.028593493714154983e-01
6.019676190638368896e-01
6.018889958144827412e-01
6.016276920530061467e-01
6.000003987600218691e-01
5.991487306358130871e-01
5.989839003183652366e-01
5.985673671141710228e-01
5.986712211409729312e-01
5.986875342009904122e-01
5.990961663388894021e-01
5.992584598510672933e-01
5.984563488488612304e-01
5.979579236993490809e-01
5.979928376540017965e-01
5.978900056604710134e-01
5.979425852548345688e-01
5.980132488589428030e-01
5.980358313593412412e-01
5.981808642004947663e-01
5.980566681579781996e-01
5.976248476071951421e-01
5.978770236173847064e-01
5.979442737508777750e-01
5.974911044741171295e-01
5.957088609420720937e-01
5.940177545952390892e-01
5.936322019605585476e-01
5.937882984796717389e-01
5.937182709037498451e-01
5.939601711868873757e-01
5.929321639518068121e-01
5.929378646606643377e-01
5.911487486006921088e-01
5.894369446758653819e-01
5.882143285317033010e-01
5.880303447119078486e-01
5.881636908170131406e-01
5.877925105438686071e-01
5.876809291666794666e-01
5.866738150161117105e-01
5.861912416343569854e-01
5.861060856670564645e-01
5.853650365745253215e-01
5.848016139472760333e-01
5.847545513887071333e-01
5.828408274776722964e-01
5.827547310370511102e-01
5.832248064444047753e-01
5.811135795336347387e-01
5.806452015673707612e-01
5.804363127272965661e-01
5.805339357461434258e-01
5.809822849593349048e-01
5.803151052889017336e-01
5.803619338651769821e-01
5.802666799606054360e-01
5.802737654220800900e-01
5.808092717851971454e-01
5.802503307810417121e-01
5.797728152327442652e-01
5.795599525853150080e-01
5.791621540710661931e-01
5.793135786648068164e-01
5.774811442521043947e-01
5.765520742095636697e-01
5.769179130456946192e-01
5.767088459016749269e-01
5.762476783370585887e-01
5.764354659049636398e-01
5.755592575849772796e-01
5.757302462737113879e-01
5.742427707045687502e-01
5.742246956273000524e-01
5.745300271554588667e-01
5.733323545001408617e-01
5.738822091532371772e-01
5.732766867754786055e-01
5.736248859587713689e-01
5.731989717380537863e-01
5.724289443853960435e-01
5.726047624692446325e-01
5.717636718969560938e-01
5.723183699961363891e-01
5.732549000778438542e-01
5.714943867363834196e-01
5.699734722216737159e-01
5.688494072712405591e-01
5.691049156718795965e-01
5.690556982909862338e-01
5.678284527371456614e-01
5.674970595897752546e-01
5.677868594995830742e-01
5.671694978272556753e-01
5.669276583365109312e-01
5.670669658205439445e-01
5.667656121935450431e-01
5.667563221362437176e-01
5.668615130194289975e-01
5.668561354964055665e-01
5.667868804523342741e-01
5.664687293457273398e-01
5.662825946220929607e-01
5.661077794439167699e-01
5.665781472196921298e-01
5.664524315241903363e-01
5.660959375234524416e-01
5.658222257832676849e-01
5.657367495030276583e-01
5.649617186459559015e-01
5.651050012082832197e-01
5.653719166108376326e-01
5.645467962924319849e-01
5.639841109436968258e-01
5.641430732868238929e-01
5.635021285219883325e-01
5.636475924801961357e-01
5.632758603224985450e-01
5.629965831435134183e-01
5.631426482298851344e-01
5.630780670265536081e-01
5.619316215527981884e-01
5.621234132768344605e-01
5.619062274094345222e-01
5.609563437572351319e-01
5.625705368726996447e-01
5.616913689254184883e-01
5.601737960800723393e-01
5.596868831981050008e-01
5.596535665499384749e-01
5.594202200020126359e-01
5.593938711074615266e-01
5.593229853674698271e-01
5.593944001870470029e-01
5.595351244364031862e-01
5.593961491087066085e-01
5.594726046694423749e-01
5.594154429401727580e-01
5.592779285502169628e-01
5.591574525530932371e-01
5.594689457174382152e-01
5.594678359836278148e-01
5.590389544101552755e-01
5.591740842181405213e-01
5.591509323598291559e-01
5.589946554460832884e-01
5.580082570136377651e-01
5.580718823548058705e-01
5.581586979878955246e-01
5.581354533900653170e-01
5.583478016938686617e-01
5.579572668283343528e-01
5.585260442959006921e-01
5.579447148628544628e-01
5.583750109154494989e-01
5.581234335970869376e-01
5.577372573863481620e-01
5.577163640544893219e-01
5.575930719938920754e-01
5.576261267362522256e-01
5.582687540131664461e-01
5.576838664647510990e-01
5.563221057659415436e-01
5.559779908176880614e-01
5.561751762715049230e-01
5.558879425963878518e-01
5.564264592997008041e-01
5.559111315082782001e-01
5.561677060496660330e-01
5.560128545073682593e-01
5.564780406040701344e-01
5.558752864902677393e-01
5.553212998831358327e-01
5.554895526636243197e-01
5.553284457864462453e-01
5.554225508949153234e-01
5.548932939707361678e-01
5.549224809566112304e-01
5.544349711008647041e-01
5.545377856613907808e-01
5.545480881057804901e-01
5.544129926425941379e-01
5.548902616298616586e-01
5.542829552997906584e-01
5.541443358792964569e-01
5.543244579693548113e-01
5.540830068979338829e-01
5.541041108771589396e-01
5.538303921704824662e-01
5.536584207809162050e-01
5.536486850128522486e-01
5.536711720853788599e-01
5.536803434745216634e-01
5.536784306205746464e-01
5.538205313991765300e-01
5.539027786549549637e-01
5.530887636509417282e-01
5.530728964918452117e-01
5.531613078599859623e-01
5.531271894632295849e-01
5.536158686714592880e-01
5.534788702541016958e-01
5.532047142515880145e-01
5.536654930997878532e-01
5.529936547976556094e-01
5.530260607767175651e-01
5.522961919687985333e-01
5.524396500296513413e-01
5.520176034740349458e-01
5.520802979938777000e-01
5.518554211145617616e-01
5.518434535273090136e-01
5.520190539269052010e-01
5.518537367866676036e-01
5.519412925439132200e-01
5.518254967979707715e-01
5.520726201536123590e-01
5.520880555515186305e-01
5.522233411878387788e-01
5.517825806004070799e-01
5.516533147465365605e-01
5.516729747602395761e-01
5.519915871778751093e-01
5.517167841323779021e-01
5.521856861736345046e-01
5.515251483210794614e-01
5.514065993767638396e-01
5.515497966348016368e-01
5.518305591099393892e-01
5.516451767751400226e-01
5.513105837406564458e-01
5.513121737271482470e-01
5.511967949679870138e-01
5.512425467014347991e-01
5.512715377543421225e-01
5.514212821062651759e-01
5.511645077352019806e-01
5.514329357023872724e-01
5.511140703440710054e-01
5.511750701975112188e-01
5.516287540928700439e-01
5.510991252823755904e-01
5.511546649698950695e-01
5.510886486538892903e-01
5.513711367291052046e-01
5.510657642047013249e-01
5.520093179166265518e-01
5.511588923890622382e-01
5.513697837299484927e-01
5.513394419535417867e-01
5.506254124029869024e-01
5.507411424171225756e-01
5.503326815299482977e-01
5.504159962674106676e-01
5.503947246208240607e-01
5.503111279688642776e-01
5.506066260653329492e-01
5.502508626904397682e-01
5.502555301494066464e-01
5.502834338069790832e-01
5.504050215839847437e-01
5.502025264329738485e-01
5.503353601550491359e-01
5.501843790660136957e-01
5.503002246379937734e-01
5.501685436733074752e-01
5.504552818792545210e-01
5.501324589963216827e-01
5.505118477678736522e-01
5.501894960493129982e-01
5.502819828578481287e-01
5.501416836563898238e-01
5.502048863432692505e-01
5.501142645431146283e-01
5.503872381925041246e-01
5.502381062206916917e-01
5.502476442024186731e-01
5.500755359241927822e-01
5.500079425750372675e-01
5.500587373771681499e-01
5.502258835393355474e-01
5.500298916581088937e-01
5.501928166345598781e-01
5.500811778119377715e-01
5.500281784353820980e-01
5.499693648316466010e-01
5.503043721280759248e-01
5.499430620017836668e-01
5.499858394633972969e-01
5.501039770547023755e-01
5.500936409806287397e-01
5.501737064492904228e-01
5.503417682334441619e-01
5.498769137873723567e-01
5.498699579988712838e-01
5.499219272218889287e-01
5.499289341810883469e-01
5.500360387210752044e-01
5.498180643086522101e-01
5.497692301976256912e-01
5.500010595334007268e-01
5.497320650962697064e-01
5.501135320483444557e-01
5.497633577888163536e-01
5.500859956324402056e-01
5.498179124328897993e-01
5.498111515952759376e-01
5.498303300775539970e-01
5.498688626998621265e-01
5.497944621812500543e-01
5.497946418627286391e-01
5.497694128778224387e-01
5.500081694683019995e-01
5.498463557427802906e-01
5.498410572438157118e-01
5.496629297466252284e-01
5.500992768469397109e-01
5.498359602220517228e-01
5.496645192589627582e-01
5.495794524347564769e-01
5.496915076466203365e-01
5.496541068111026052e-01
5.496133684799168195e-01
5.495074360954919079e-01
5.494796402244380706e-01
5.495179469709120523e-01
5.498022614375087658e-01
5.494802416273323331e-01
5.495543969538165818e-01
5.494596296023089854e-01
5.498735726687192793e-01
5.494073300693271822e-01
5.497930354442630563e-01
5.494982502635304966e-01
5.495850771163149906e-01
5.493968712248404884e-01
5.495432152843365836e-01
5.494753625555028886e-01
5.494476011980021779e-01
5.494081201200918807e-01
5.493907693320529972e-01
5.493303667110522870e-01
5.494338476218739720e-01
5.495245169450256872e-01
5.492646418469326886e-01
5.493083827570200972e-01
5.493427936288275415e-01
5.492903029501695622e-01
5.493662471148601512e-01
5.494447208585047093e-01
5.496323593213275904e-01
5.493316896723519083e-01
5.492115799997326908e-01
5.492814026834385022e-01
5.496569309853679419e-01
5.493297143985230724e-01
5.491381550274047063e-01
5.491624104474209789e-01
5.494592075585517099e-01
5.491140244450691821e-01
5.496779949820768119e-01
5.492278963252374968e-01
5.492643006098849590e-01
5.492064792862964007e-01
5.491866000108354129e-01
5.491447433880585205e-01
5.491705504182361475e-01
5.490476562057808874e-01
5.490239890823443991e-01
5.489404302149333281e-01
5.489442397002549656e-01
5.489627227754353411e-01
5.490532199720717932e-01
5.489609174534284541e-01
5.490908821074174107e-01
5.490281650191637386e-01
5.492128282883965706e-01
5.489938256398816385e-01
5.488974788389676673e-01
5.489448447647549134e-01
5.490511697732176621e-01
5.488573251405848286e-01
5.488464120149679770e-01
5.488209028935541189e-01
5.489450284678327741e-01
5.488668318852637507e-01
5.493338534572190790e-01
5.486992169924087559e-01
5.485917234553581157e-01
5.485577621791346559e-01
5.485593862867128578e-01
5.485256014823914894e-01
5.485126140015926799e-01
5.485127492875507826e-01
5.489864602193648135e-01
5.485572651784114129e-01
5.484633801668917785e-01
5.484130856741804561e-01
5.484773669254854322e-01
5.485265402416513725e-01
5.487740471759570138e-01
5.485028747324662834e-01
5.485311320228041243e-01
5.484239278945475249e-01
5.486516937816842132e-01
5.484660555024669648e-01
5.484822412739919217e-01
5.484149116221039844e-01
5.485251286818491057e-01
5.483964161707861606e-01
5.484986982589793447e-01
5.484977216948566658e-01
5.485096836008042098e-01
5.484116219484443944e-01
5.485561227908276605e-01
5.484470581641411879e-01
5.484963841407549667e-01
5.483830427237890159e-01
5.485235569642293862e-01
5.485135080308080058e-01
5.484713904984334087e-01
5.483920750922073317e-01
5.484873147302844476e-01
5.484945123970369485e-01
5.484716419090813755e-01
5.484096519783372425e-01
5.485392411491505360e-01
5.485271239690878708e-01
5.486030392783002307e-01
5.483122143121464953e-01
5.487312827956882799e-01
5.482320271656565547e-01
5.485381292593706215e-01
5.482841314969328916e-01
5.485485240484697655e-01
5.482057443997981894e-01
5.483584121715472381e-01
5.481819374522671762e-01
5.483558292593129213e-01
5.481866580328210725e-01
5.481844878311378233e-01
5.481994531850191699e-01
5.481745530027941626e-01
5.482258051770724228e-01
5.481741966403527178e-01
5.481802714060857173e-01
5.481962046149922996e-01
5.481808503131935240e-01
5.482185363483045304e-01
5.481534105834638959e-01
5.481537444856968699e-01
5.481462016775868751e-01
5.481903900983630118e-01
5.481610407755116432e-01
5.481538824148848299e-01
5.481629505510918765e-01
5.481706892427411493e-01
5.481855218146677311e-01
5.481526988022109581e-01
5.481945964367533897e-01
5.481503763720505518e-01
5.481590923608405941e-01
5.481620154709263559e-01
5.481689046191429160e-01
5.481577952723094560e-01
5.480829708936738598e-01
5.481977208546485736e-01
5.480829640215739706e-01
5.481019436788666654e-01
5.480997416596855576e-01
5.481881006178169757e-01
5.480659200276120080e-01
5.481357721332945632e-01
5.481009537230773221e-01
5.480554900590027811e-01
5.480197599066332081e-01
5.479434841421486624e-01
5.479912492974430283e-01
5.479402920035810753e-01
5.480691662098451378e-01
5.479495572820187732e-01
5.479000031332399434e-01
5.479088614864329188e-01
5.479049897423194926e-01
5.478982382659554062e-01
5.479067242928987724e-01
5.479070217461824432e-01
5.478887200005064795e-01
5.478882548673136288e-01
5.478751087900857186e-01
5.478535616001301012e-01
5.478573733839556814e-01
5.478721643516573092e-01
5.479582197128700649e-01
5.478427466574449234e-01
5.478750036958652814e-01
5.478877567524476078e-01
5.478390760420166483e-01
5.478398367915495726e-01
5.478754852570437706e-01
5.478204222247945454e-01
5.477591834704584883e-01
5.477318328262958946e-01
5.477595543163963354e-01
5.477478269577925607e-01
5.477698233497073632e-01
5.477200540877045221e-01
5.477108743425772586e-01
5.478291056371078493e-01
5.476835456072018937e-01
5.476792213755702354e-01
5.476943785624202032e-01
5.477671059348593330e-01
5.477024471301502606e-01
5.476975400847285957e-01
5.476588974294888112e-01
5.477371075586907612e-01
5.476598573910514967e-01
5.476286445299720640e-01
5.476253058113622618e-01
5.477449543533877696e-01
5.476490803068074786e-01
5.475974566162662427e-01
5.475882774172635692e-01
5.475322076864499454e-01
5.475491967136141280e-01
5.474925396824515955e-01
5.474973184356263234e-01
5.474776161351875281e-01
5.474758930067490370e-01
5.474861123983935096e-01
5.475100039409904751e-01
5.474767380980692932e-01
5.474656916298326070e-01
5.474792223171519590e-01
5.474601894552857395e-01
5.474112230433122450e-01
5.474527394784654000e-01
5.474259916253703118e-01
5.474076459618492096e-01
5.474151483056118872e-01
5.474288876887898336e-01
5.474716243639730084e-01
5.474277402171252582e-01
5.474924336441479022e-01
5.473901787782493589e-01
5.474163198767401095e-01
5.474065026633588849e-01
5.474300572273987919e-01
5.474362316286940366e-01
5.473678790790088566e-01
5.473834420102650089e-01
5.474056658174427659e-01
5.473590914992109147e-01
5.473384874686567647e-01
5.473269139976805198e-01
5.473292916235136252e-01
5.473356537582929615e-01
5.473894157994068088e-01
5.473441084581008864e-01
5.473989686221106821e-01
5.473287910651728483e-01
5.473993633520793933e-01
5.473485676105609432e-01
5.473227692656609245e-01
5.474774489474868444e-01
5.472914126538613866e-01
5.473262072659943467e-01
5.472445504097860347e-01
5.472483334477412642e-01
5.472092851214199749e-01
5.472154757956568805e-01
5.472594807344102197e-01
5.471940161061296104e-01
5.472156757701529539e-01
5.471689558670609355e-01
5.471932678313246035e-01
5.471719690484146970e-01
5.471847333016761628e-01
5.471899713595624881e-01
5.471409523046948387e-01
5.472076314038658573e-01
5.470470899980737212e-01
5.470558892279443475e-01
5.470822145096314593e-01
5.470532875931871652e-01
5.470863443435600715e-01
5.470706549472146296e-01
5.470624229937056660e-01
5.470460805196974974e-01
5.470745787721221776e-01
5.470243750282894890e-01
5.470822860055337689e-01
5.470175873748132078e-01
5.470142852728580030e-01
5.470291389325941944e-01
5.469898140131864706e-01
5.470146330375110777e-01
5.470772368862619750e-01
5.469950009458973694e-01
5.470019645762860261e-01
5.469889328800658923e-01
5.470329204694081016e-01
5.469901678993795979e-01
5.470014363797385260e-01
5.470112192537722740e-01
5.470384724949765021e-01
5.470029728948329062e-01
5.470218118481529057e-01
5.469479830126593445e-01
5.469205997781102502e-01
5.469695795223300516e-01
5.468876024025236537e-01
5.469002921725072408e-01
5.468989321709949447e-01
5.468946530216740598e-01
5.470088095950408347e-01
5.469303608166731223e-01
5.469297011314812051e-01
5.468914812817793347e-01
5.468843699468347586e-01
5.469269468566371195e-01
5.471360535994934660e-01
5.469010503622295793e-01
5.469361688505189889e-01
5.469192267158269338e-01
5.468830900032767284e-01
5.468911199406436552e-01
5.468176667049589046e-01
5.467977044170662104e-01
5.468065086445956791e-01
5.468459780943287774e-01
5.468173175301261901e-01
5.468116763292103499e-01
5.467074011957092639e-01
5.467226075277841213e-01
5.468163558385586986e-01
5.467087151739791206e-01
5.467227551519062700e-01
5.466926651429040440e-01
5.467414359227694698e-01
5.466989661595699213e-01
5.467362246717635266e-01
5.467520331632248487e-01
5.466820586151387440e-01
5.466813558216673252e-01
5.466772380187594482e-01
5.466670739674195367e-01
5.468610718160975548e-01
5.467264617049084618e-01
5.465907931185194357e-01
5.466252252490069186e-01
5.465163399923910204e-01
5.464976564544743454e-01
5.464945758219309502e-01
5.465356957024505302e-01
5.465329629545070400e-01
5.465343813944534279e-01
5.464958295147874789e-01
5.465518656644805517e-01
5.464673394890091629e-01
5.465093934435041323e-01
5.464787784525887426e-01
5.464671113285629600e-01
5.464653213981980340e-01
5.464809330520735697e-01
5.464652775869185408e-01
5.466982305622911653e-01
5.464903196246007067e-01
5.464129238530059940e-01
5.463995222306793353e-01
5.464310362798021625e-01
5.464001849371974417e-01
5.463778372585468279e-01
5.464356894137183396e-01
5.464492329817198790e-01
5.463916955646491713e-01
5.464966763399325966e-01
5.463629852898381767e-01
5.463815676933374554e-01
5.463537235671696024e-01
5.464177967084188348e-01
5.463576973392455516e-01
5.464433415846612352e-01
5.463513426778795479e-01
5.463863421636703244e-01
5.463675351478557429e-01
5.464014888258156288e-01
5.463629108284649982e-01
5.463938602593946259e-01
5.463585518023965637e-01
5.463964513972291437e-01
5.464023735474766719e-01
5.464701639787220566e-01
5.464461377194834713e-01
5.463299874094246222e-01
5.463439541264040189e-01
5.464742983762527206e-01
5.462604695520858478e-01
5.463813515333542092e-01
5.462713515607136028e-01
5.462497093120319835e-01
5.462451756667527913e-01
5.461904454790768026e-01
5.461977227426280113e-01
5.462063492277420274e-01
5.461952233701358184e-01
5.462301240887788012e-01
5.461908969448358020e-01
5.463119552782611521e-01
5.461519654037869653e-01
5.461527448143880248e-01
5.461594860652654315e-01
5.462569677372712817e-01
5.461949206912949384e-01
5.461090232542157308e-01
5.461737231514165458e-01
5.460348976570965629e-01
5.460274345299251930e-01
5.459792746545254483e-01
5.459779276636511636e-01
5.460483707140392218e-01
5.459711133397020522e-01
5.459830945444343886e-01
5.459744169555956761e-01
5.460558616216273364e-01
5.459814096078992041e-01
5.460035697622379613e-01
5.459811132944440981e-01
5.460783188857355475e-01
5.459750585836374848e-01
5.459762636632780053e-01
5.459700192547030095e-01
5.459877547404509146e-01
5.459695336173110425e-01
5.459424925813640694e-01
5.459527892777129576e-01
5.460001130457989849e-01
5.459513866740026700e-01
5.460031153683241323e-01
5.459213721523874518e-01
5.458297241257565879e-01
5.458463556640896774e-01
5.458131887105809321e-01
5.458342021354913864e-01
5.458502415142406639e-01
5.459074490569572058e-01
5.458377937554997894e-01
5.458384127989442947e-01
5.458177320719164172e-01
5.458236731560685007e-01
5.458194193258110172e-01
5.458765053792026256e-01
5.458209555070535623e-01
5.459168201440959267e-01
5.458114493196357664e-01
5.459236356278862612e-01
5.458125914540122858e-01
5.457854545561985349e-01
5.457981361711237156e-01
5.457920200974966107e-01
5.457851938247797463e-01
5.457129394949208345e-01
5.457239302630286781e-01
5.457207504483599925e-01
5.457180960788852175e-01
5.457351568971310352e-01
5.457041286047766837e-01
5.457026999837688575e-01
5.456991002122627554e-01
5.457116383510717261e-01
5.457006142360487644e-01
5.457004175578102911e-01
5.457016880292007155e-01
5.457464579352461209e-01
5.456661193772130991e-01
5.458117207505164270e-01
5.456592527003321091e-01
5.457222025139012445e-01
5.456519870214793233e-01
5.457094698279336686e-01
5.456132464824516859e-01
5.456142578278784239e-01
5.456720752321237988e-01
5.456093094957085166e-01
5.456152548421493442e-01
5.457929842835282930e-01
5.456266860463466761e-01
5.456061062500671133e-01
5.456120070606161887e-01
5.456683246327270753e-01
5.456225115998197817e-01
5.456636486073042080e-01
5.456190893400122421e-01
5.456244048259430990e-01
5.456241212735750690e-01
5.458135178567699031e-01
5.456383497560318707e-01
5.456396941300153403e-01
5.455814371649649885e-01
5.456626200770943180e-01
5.455982651848837461e-01
5.456624402214993452e-01
5.455900314301285192e-01
5.455625154093070028e-01
5.455645582606839517e-01
5.455432148166230455e-01
5.455443530982330147e-01
5.455548997841279668e-01
5.455476363158988651e-01
5.455337746004940147e-01
5.455524276809643469e-01
5.456060790138972383e-01
5.455442941337897977e-01
5.455339027550673014e-01
5.455348851437066271e-01
5.456384505438894861e-01
5.455551277969936663e-01
5.455475935899369855e-01
5.455053435342041013e-01
5.454666056387372786e-01
5.453983920122505991e-01
5.453278861624737406e-01
5.453354770690647113e-01
5.453338396942143396e-01
5.454371439109454434e-01
5.453208920165283358e-01
5.453531098039698932e-01
5.453212729621895738e-01
5.452967804751229774e-01
5.452904393539391714e-01
5.453187898748974582e-01
5.452945936577867636e-01
5.453764735284029053e-01
5.453238686730609297e-01
5.452993305982527517e-01
5.452962500711160398e-01
5.453023798701254199e-01
5.452947931412719385e-01
5.452992897356052637e-01
5.452913270372707899e-01
5.454153401810332147e-01
5.452895600236423723e-01
5.453304783136216916e-01
5.452646127932867515e-01
5.451926983749595390e-01
5.451999340123039328e-01
5.452547989767719816e-01
5.451908464381268749e-01
5.451919984468538427e-01
5.452016885567085858e-01
5.451935536644143543e-01
5.452015500042871610e-01
5.452587674491143899e-01
5.452077143613122123e-01
5.451694103394961743e-01
5.451649562188364273e-01
5.451892191915300723e-01
5.451666571091687841e-01
5.452370241623419878e-01
5.452828848670276951e-01
5.451401698343858460e-01
5.451615160375220537e-01
5.453385702250879152e-01
5.451999930320126087e-01
5.451175680919808642e-01
5.450864124149477075e-01
5.449970029694797269e-01
5.451494847027216206e-01
5.449941352013902840e-01
5.449599131135351993e-01
5.449441088320289284e-01
5.450058647722366700e-01
5.449372439989461636e-01
5.449358511343194156e-01
5.449449221737493465e-01
5.449346824526137834e-01
5.449310740167115918e-01
5.449460380170720875e-01
5.449337816175018334e-01
5.449702000899345755e-01
5.449412793901673435e-01
5.449521760708205820e-01
5.449149511551590885e-01
5.450811519355788226e-01
5.449078660401917018e-01
5.448760248735170508e-01
5.448753726388938512e-01
5.449686107789331047e-01
5.449126351813892155e-01
5.448721409840018293e-01
5.449174676925023775e-01
5.448434737940157646e-01
5.448345139135499782e-01
5.448771870462396638e-01
5.448216624951471854e-01
5.448759403574028326e-01
5.448334959556158097e-01
5.448214805671275363e-01
5.448241911280076177e-01
5.450981148255941156e-01
5.448213570286556395e-01
5.447884438469378088e-01
5.448105860394556466e-01
5.449207819563830490e-01
5.448102097516153153e-01
5.448215111477109351e-01
5.448097189575976662e-01
5.448655961832159500e-01
5.448170690274354300e-01
5.448390284365416392e-01
5.448042714674787845e-01
5.447945995018426135e-01
5.447781862826244215e-01
5.448004446474157270e-01
5.447790000210690486e-01
5.448347940762334751e-01
5.447671900315648186e-01
5.448106963674407277e-01
5.447772653495432937e-01
5.448412623354736972e-01
5.447826284812999909e-01
5.447894980580976210e-01
5.447707832054285992e-01
5.447898440627122474e-01
5.447670644919712091e-01
5.447997899811898304e-01
5.447574186441116462e-01
5.448362728941945621e-01
5.447642285772706927e-01
5.447902552374835894e-01
5.447723061990603632e-01
5.447602477294621881e-01
5.447302020431499248e-01
5.447922193849352723e-01
5.447212221072281757e-01
5.447326122620838040e-01
5.447432960850792094e-01
5.448620361710495574e-01
5.447276927484614450e-01
5.447378595754264197e-01
5.447209759713513844e-01
5.447213839137716729e-01
5.447319969734911727e-01
5.447230071795317041e-01
5.447235745442779997e-01
5.447355001822900000e-01
5.447230010977599513e-01
5.447541626967603579e-01
5.446661052997692209e-01
5.446396257311825195e-01
5.446504437925218101e-01
5.446525615682231702e-01
5.446552608161464581e-01
5.446326229223966697e-01
5.446296742982563721e-01
5.446550596314663206e-01
5.446381010300280767e-01
5.446142430004026203e-01
5.446111600844530942e-01
5.446042155192404310e-01
5.446011279614958456e-01
5.446190832094305323e-01
5.445946785959593361e-01
5.445730416018881304e-01
5.445740047446812060e-01
5.445330376585799659e-01
5.444809399026628860e-01
5.444690515122129204e-01
5.444816711620672489e-01
5.444628830925469787e-01
5.444690054581710070e-01
5.444846396703258984e-01
5.444604193850169915e-01
5.444717604162181424e-01
5.444818030865921088e-01
5.444136167976642016e-01
5.444153142863529249e-01
5.444052445837710419e-01
5.444124933073943851e-01
5.443627277051940050e-01
5.443468340167444408e-01
5.443474211392194118e-01
5.443503021858542290e-01
5.443519911790406507e-01
5.443469072151884136e-01
5.443463329688841279e-01
5.443639908268353977e-01
5.443724206966167323e-01
5.443314795610560974e-01
5.443290037634430645e-01
5.443086888870936058e-01
5.443389006763504900e-01
5.442643092284058515e-01
5.442282907936163427e-01
5.442665461209723610e-01
5.442500816852353651e-01
5.442358821637780508e-01
5.442207676906557490e-01
