1.447303849785858576e+00
1.446649765027950840e+00
1.439791016833811499e+00
1.453456182503977567e+00
1.343792694893873430e+00
1.295184709480163177e+00
8.790909149702832437e-01
8.437472447065443859e-01
8.633608307690385786e-01
8.423080951081770573e-01
8.423063505092500680e-01
8.423550141739823971e-01
8.479003488614607065e-01
9.164328860029061774e-01
8.635408502414089194e-01
8.417446257751312055e-01
8.546922949557498317e-01
8.449251282329720558e-01
8.627136663517362969e-01
8.433405702085325917e-01
8.422072425283935182e-01
8.415743695533534074e-01
8.499320999702507651e-01
8.524247518961940440e-01
8.030307945932351199e-01
8.672204704935072561e-01
9.537333262881294571e-01
8.454277347702016110e-01
7.992423935811908686e-01
8.030999811951954337e-01
7.992210364153813362e-01
8.084259061039384964e-01
8.313468057919932708e-01
7.995549205551801819e-01
8.043378020024165576e-01
8.020746730857618578e-01
8.088896697919286671e-01
8.200435188735687442e-01
7.840502411138435823e-01
7.849446651943539077e-01
7.882601441041391377e-01
7.891799860306749625e-01
7.965841529279371613e-01
7.883182318166128688e-01
7.455939060358776072e-01
7.243017993212985672e-01
7.349046531344705091e-01
7.243017993212984562e-01
7.243017993212985672e-01
7.247730568908535842e-01
7.308712488971426113e-01
7.286554179977079437e-01
7.142160584018268921e-01
7.142160584018270031e-01
7.236272075487335531e-01
7.603587176903376932e-01
7.211821665294855244e-01
7.142160584018270031e-01
7.142160584018270031e-01
7.142160584018268921e-01
7.250656662198335933e-01
7.229522252698551421e-01
6.806466899613539123e-01
6.997274751364512824e-01
6.806466899613538013e-01
6.806466899613539123e-01
6.806466899613538013e-01
6.806466899613538013e-01
6.806466899613538013e-01
6.693436137317276824e-01
7.428018366943164308e-01
6.693436137317276824e-01
6.693436137317276824e-01
6.693436137317276824e-01
8.258973950071647474e-01
6.693436137317276824e-01
6.693436137317276824e-01
6.353725634561089297e-01
6.356624177255011388e-01
7.271128742581054460e-01
6.230434654385279547e-01
6.316083753695014291e-01
6.240956516883370275e-01
6.587742829935981925e-01
6.656955645825831658e-01
6.945702233717615526e-01
6.323423427735140878e-01
6.216399283198208447e-01
6.193792147402390480e-01
6.336344825712862949e-01
6.194586244993909308e-01
6.189640744624549384e-01
6.190556137251300717e-01
6.357323076798989669e-01
6.215926645591909327e-01
6.438723851022628564e-01
6.196562509119728501e-01
6.420965167614990365e-01
6.190123110597890443e-01
6.632423086440508708e-01
6.200736533392194882e-01
7.960340594076027454e-01
6.200193040668020572e-01
6.272851864062330973e-01
6.171798887776707154e-01
6.154763451379293704e-01
6.103826246254101529e-01
6.050735021121870227e-01
6.145410304030453075e-01
6.692787916447044960e-01
6.057399726303779319e-01
6.143944220374111254e-01
5.971211644796706741e-01
5.983110365453060409e-01
5.972427892672738103e-01
6.392245173142023784e-01
5.974746837778999176e-01
6.062503414290821846e-01
6.017729332460021174e-01
6.166060132663594429e-01
5.957043488400133313e-01
5.959021328760896186e-01
5.892504089720764782e-01
6.427499888197454325e-01
5.875146183422010893e-01
5.982221426582707835e-01
5.878339436177925093e-01
6.245192787103375220e-01
5.875146183422016444e-01
7.819946972658048390e-01
5.875146183422009782e-01
5.862545796343728854e-01
5.945259315577454684e-01
6.037750894689480896e-01
5.869386577757071954e-01
5.953214212291395580e-01
5.862545796343728854e-01
6.174506824078838108e-01
5.862545796343726634e-01
6.172922324883740597e-01
5.862545796343728854e-01
6.293093753607904572e-01
5.862545796343727744e-01
6.586813893627281313e-01
5.862545796343727744e-01
6.952781245451187253e-01
5.862545796343726634e-01
5.665388485850602063e-01
5.665388485850604283e-01
5.868569455754847342e-01
5.687102706750927217e-01
6.490473835752010867e-01
5.665388485850604283e-01
6.064741285416033190e-01
5.665388485850604283e-01
5.905926815066200319e-01
5.665388485850604283e-01
7.178139414054044432e-01
5.671425465135291333e-01
5.939718708017134308e-01
5.679505197691030460e-01
6.039023591755843245e-01
5.761470798380537994e-01
6.112394575026731669e-01
5.673420198415571880e-01
6.815213866734767256e-01
6.166659394909311809e-01
6.325214076116479900e-01
5.663060973450817492e-01
5.598880276419218038e-01
5.634408748061816574e-01
5.669974438708820230e-01
5.986157775264860925e-01
5.603034963423421111e-01
5.615162006245332238e-01
5.672352837418892513e-01
5.605703583017993541e-01
5.600158319110559724e-01
5.600197864783679202e-01
5.650984162637298081e-01
5.594359650470958067e-01
5.613381714133103273e-01
5.679639431511659398e-01
5.591947025215405764e-01
5.572764293032971272e-01
6.138007243441530036e-01
5.956560732838822592e-01
5.632032671731196372e-01
5.629449536337051141e-01
5.860718503689618109e-01
5.534645551043256839e-01
7.028030137738243699e-01
5.746080544815022062e-01
5.615830769413523438e-01
5.534643530969742820e-01
5.784851023697952233e-01
5.417648776205797878e-01
5.554540363731418351e-01
5.424034271288306064e-01
5.596256256733090906e-01
5.433236076263976422e-01
5.546580692650392441e-01
5.418298103995257131e-01
5.533431975207981912e-01
5.411742935093419860e-01
5.999521114417889489e-01
5.411742935093426521e-01
5.573626497955823655e-01
5.411742935093423190e-01
5.600747170232864836e-01
5.439616026035333229e-01
5.453113524812527313e-01
5.746203066478441368e-01
7.089655240919110479e-01
5.412566891685530734e-01
5.723056419081252733e-01
5.428465499601812239e-01
5.538892609443988313e-01
5.411742935093418749e-01
6.668946262219741516e-01
5.411742935093422080e-01
6.293472973258871228e-01
5.411742935093418749e-01
6.061574041759897336e-01
5.411742935093419860e-01
5.973850083664875577e-01
5.411742935093418749e-01
6.009276349879799639e-01
5.411742935093414308e-01
5.712536218657121578e-01
5.585993722640874015e-01
5.761047914893464572e-01
5.683672487625338610e-01
5.603061629895673690e-01
5.238136647951934233e-01
6.482957863488177930e-01
5.507653033715149693e-01
6.203508466235317931e-01
5.330372384173696076e-01
5.581847845923675333e-01
5.265395781970313438e-01
5.855515132496322828e-01
5.231170254348507243e-01
5.447958754695549910e-01
5.230771127664461950e-01
5.293465946899383878e-01
5.230771127664463060e-01
5.248378411156132684e-01
5.230771127664461950e-01
5.238757667945915797e-01
5.230771127664458620e-01
5.286221271201740901e-01
5.408395244456321027e-01
5.276504990191261957e-01
5.237601861112433088e-01
5.261033918879378657e-01
5.279062350028427275e-01
5.155835056235362757e-01
5.146714335611253244e-01
5.724841779273396325e-01
5.142185924684314902e-01
6.377977482907907225e-01
5.135859538458970031e-01
5.682130399596214687e-01
5.131302716625880667e-01
5.427496347456577386e-01
5.151810908775483755e-01
5.230120529854482836e-01
5.192743539796180752e-01
5.330197304036706774e-01
5.172647903917906298e-01
5.539230773417485043e-01
5.183123919506147370e-01
5.258138625473487426e-01
5.197332088344724932e-01
6.145834843748447796e-01
5.475896817972258912e-01
6.700927833491246988e-01
5.144850917988103012e-01
5.407957973165313792e-01
5.158189532638690622e-01
5.277823628758400165e-01
5.256553936322654330e-01
5.234395325575357250e-01
5.130486257308212172e-01
6.623215741320163108e-01
5.394577811573879611e-01
5.726167237760800832e-01
5.166313265243731578e-01
5.959244328174800875e-01
5.119203003992576217e-01
5.554308047290829053e-01
5.334370421549745611e-01
6.331800838508353513e-01
5.113458045058658641e-01
5.386316412889732286e-01
5.035955129651155104e-01
5.833984615793864625e-01
5.037610434776944590e-01
5.957932453039150866e-01
5.170867480475390687e-01
6.056606268963827810e-01
5.046462089265305595e-01
5.163786069002542778e-01
5.159683908356776927e-01
5.148892569835791244e-01
5.061986153710363867e-01
5.896233185362640405e-01
5.035232002446111688e-01
5.326888722483238414e-01
5.035232002446117239e-01
5.910687899876093665e-01
5.035232002446107247e-01
5.489742372526112968e-01
5.032318253594172397e-01
5.047786001822072155e-01
5.032318253594171287e-01
5.035954415114408667e-01
5.032318253594169066e-01
5.422269623093000090e-01
5.032743140752623523e-01
5.148417909669261716e-01
5.030006653951165640e-01
5.092253123878401899e-01
5.046093621580771682e-01
5.030573668160940315e-01
5.030391522758494993e-01
5.026062640757581468e-01
5.026062640757583688e-01
5.435242580435054593e-01
5.026062640757581468e-01
5.052454159284253121e-01
5.026414331361864773e-01
5.660249175121281340e-01
5.026062640757574806e-01
6.292772675116072856e-01
5.062154499712961941e-01
5.471858979394368383e-01
5.281752117439106886e-01
5.415452134056574218e-01
5.074944485720982446e-01
6.019900689241003411e-01
5.014209774770979067e-01
5.848968418460338548e-01
5.026067106781176852e-01
5.348348642200955183e-01
5.058526114571963994e-01
5.220324611249422819e-01
5.040442717187233468e-01
5.089054076632106849e-01
5.017356260266309098e-01
5.501675737470079763e-01
5.012276124543275646e-01
5.922739899377221784e-01
5.010713833457398625e-01
5.347874415608617760e-01
5.218902673022183247e-01
6.177139792134843654e-01
5.123221442271436166e-01
5.293642063981917056e-01
5.077492423920738629e-01
5.239059466880338078e-01
5.001306315659090895e-01
5.085430186885587789e-01
5.033278382399203332e-01
5.133518699811449038e-01
5.001201255610554508e-01
6.056092750154209448e-01
5.025353464243268453e-01
5.955782871132664358e-01
5.110993207280705164e-01
5.937952845854541639e-01
5.199456525072486679e-01
5.814958023492052819e-01
5.054064151077070077e-01
5.426497044630996802e-01
5.141863436603381077e-01
5.143699294675911915e-01
5.005662983799651355e-01
5.312017956695153087e-01
5.007021178257478056e-01
5.464450597860783798e-01
5.186182406281250046e-01
5.482339301934109344e-01
5.084530333394603474e-01
5.247055439821166622e-01
4.992319455178413357e-01
5.612256895878791063e-01
4.953791290715387485e-01
5.602344409867608954e-01
4.982742215480603920e-01
4.980278201233541147e-01
4.974459192656016104e-01
5.065513842793510912e-01
4.953399453251973727e-01
5.007663061033910123e-01
4.950344920528156889e-01
4.950355878555820488e-01
4.947818367469232759e-01
5.334343911033045948e-01
4.947818367469232759e-01
5.227379351600445201e-01
4.947818367469227763e-01
6.301557965239397152e-01
4.953255168565010025e-01
5.407276935519040872e-01
4.971987900909059510e-01
6.060012917274779642e-01
4.947818367469225542e-01
5.274453660674384148e-01
4.969851745601367998e-01
5.386921518129837994e-01
4.947818367469225542e-01
5.773315767885743854e-01
4.942984823912988657e-01
5.263894188552444842e-01
4.946337502816188225e-01
5.190981920290932417e-01
4.933677829033415452e-01
5.012661822175741300e-01
5.100173158907415072e-01
5.590748748262341916e-01
5.176044905552094066e-01
5.425058152353209318e-01
5.046553539599915039e-01
5.673257349233826741e-01
4.963489332476500038e-01
5.778470329779407111e-01
5.005604845065401154e-01
5.010547381293811720e-01
4.997694351048834194e-01
5.118489657606546395e-01
5.011509848627441199e-01
5.178429188154922702e-01
4.949595872136311470e-01
5.036994812857166215e-01
5.039075399669391553e-01
4.933677829033416562e-01
5.057722139799157857e-01
4.933677829033419893e-01
4.938934490979018932e-01
4.932751868514988480e-01
5.009384885462730974e-01
4.937231278396322365e-01
4.967789333624587078e-01
4.942316739678385140e-01
4.951446300581400783e-01
4.947517368423559048e-01
4.958938281958370498e-01
4.943432076768780603e-01
5.271649295798993551e-01
4.974187435694289450e-01
5.298460377224019080e-01
4.995962868316389249e-01
5.023575837994708193e-01
4.933469818685712882e-01
5.056173487370214659e-01
4.938705373977906321e-01
4.958315767110638150e-01
4.950100166684918701e-01
5.119951959216209048e-01
4.922269384196923392e-01
5.035953205587774262e-01
4.921707572977930267e-01
4.947280111439369410e-01
4.940848604819315648e-01
4.934989096118502783e-01
4.965138176975011919e-01
5.134864088601895915e-01
4.906932083953295942e-01
5.059578346529717274e-01
4.959070187660477025e-01
5.128283440771352897e-01
4.946404070076692028e-01
5.004773956079391350e-01
4.908010212329775857e-01
5.005046242298953896e-01
4.920274169111106266e-01
5.051375777284042856e-01
4.907919449687507818e-01
4.994291819682004085e-01
4.910338198320078340e-01
5.088796526564411948e-01
5.130972096122936588e-01
4.978527164398994787e-01
4.905383969998774463e-01
4.881223022563725977e-01
4.899117531218367128e-01
4.977988688712045029e-01
4.889184332873746097e-01
4.968431599877925486e-01
4.884187549299449649e-01
5.119019632811225851e-01
4.966054697353773362e-01
4.800549158384115889e-01
4.766985327243239423e-01
4.721132962453895021e-01
4.720435517285942462e-01
4.652044657728315324e-01
4.646034076898783449e-01
4.661890094646462535e-01
4.649039503604325274e-01
4.660881532246906600e-01
4.647491643883915891e-01
4.659927147774868272e-01
4.700300251307202859e-01
4.902517967816047983e-01
4.710005149386888301e-01
4.869835424425164594e-01
4.633100856893483943e-01
4.691348706406306412e-01
4.633327464604761747e-01
4.711781907104464762e-01
4.628073503303092862e-01
4.658941141763519034e-01
4.601577846032098296e-01
4.642266712073677137e-01
4.681379124263568836e-01
4.703231351513844083e-01
4.670870151440887907e-01
4.709412474565385365e-01
4.607024828259095317e-01
4.625309640362149088e-01
4.605058827899798923e-01
4.597340353329028018e-01
4.610194137162982320e-01
4.614607579450331065e-01
4.543932255575134360e-01
4.789219394068970348e-01
4.539032102672405644e-01
4.681142916869000525e-01
4.522969707428648456e-01
4.532846143235463865e-01
4.522969707428645125e-01
4.593100708890404671e-01
4.522969707428643460e-01
4.573215144116192787e-01
4.553456322631354025e-01
4.555107704089340626e-01
4.426879610248991570e-01
4.781653060069591676e-01
4.438151309477864070e-01
4.546410377982659234e-01
4.433047206655782446e-01
4.459139887834089877e-01
4.442445821227112845e-01
4.383173829196994054e-01
4.381646406646547143e-01
4.384080208241806220e-01
4.418091377599778213e-01
4.432856218416142968e-01
4.435073615043377271e-01
4.577803116193240873e-01
4.415220272395312673e-01
4.479028146364277818e-01
4.382072566366005395e-01
4.474632219846811920e-01
4.398940167942348989e-01
4.441763607644231837e-01
4.390995285673272019e-01
4.445836156235255521e-01
4.384254297086078167e-01
4.375672113316104173e-01
4.365314367355255798e-01
4.855027172969236249e-01
4.364739526678086956e-01
4.504029411509498648e-01
4.378924133008884612e-01
4.576512924383556724e-01
4.364561992184349815e-01
4.657696633872184799e-01
4.376720918986866105e-01
4.385003617858276859e-01
4.368122603186561093e-01
4.565286256282221622e-01
4.350141263372859224e-01
4.381156860085235194e-01
4.359091530026176220e-01
4.435019541225375672e-01
4.410890661825711545e-01
4.359725293624099884e-01
4.333164629489144604e-01
4.292980676443821086e-01
4.295032465729833326e-01
4.443506698547447509e-01
4.318115261572695873e-01
4.389029898299800503e-01
4.287198789918627573e-01
4.608703310130347619e-01
4.293367060493316067e-01
4.332092053991550840e-01
4.285810707233264627e-01
4.294523446412180090e-01
4.308437291468133479e-01
4.390599217290352407e-01
4.304075211202300077e-01
4.512772658713447016e-01
4.305709479372523685e-01
4.454488864652244029e-01
4.324824000044266148e-01
4.496708808775228272e-01
4.290412242085213101e-01
4.387961237639690926e-01
4.374054890260363759e-01
4.367011073221843676e-01
4.296035352799512652e-01
4.429483445473578196e-01
4.348870640806153931e-01
4.374578142887754484e-01
4.358951630174035530e-01
4.303245137712882196e-01
4.275587656607279796e-01
4.400915082897942643e-01
4.265323998721945453e-01
4.343842372438655453e-01
4.265323998721947674e-01
4.278774680969634203e-01
4.265323998721947674e-01
4.493048651133673133e-01
4.284393550683942009e-01
4.827547110872312253e-01
4.243100452212502649e-01
4.331652828298102054e-01
4.249428361800461351e-01
4.358528542630830116e-01
4.263145685144503205e-01
4.342962790432235987e-01
4.265810636841787518e-01
4.411193414388508427e-01
4.251036911527595885e-01
4.259705777448224984e-01
4.256007206005940624e-01
4.428069785714715545e-01
4.233134931191217531e-01
4.316537519767124076e-01
4.235011338428449346e-01
4.650863641014588712e-01
4.230860849235943966e-01
4.457014670629101949e-01
4.229388562368426308e-01
4.365738396331417248e-01
4.232971629547850334e-01
4.452563286141247301e-01
4.224832627537182805e-01
4.411042902907232888e-01
4.326419346590245629e-01
4.285149621453882007e-01
4.216212575105376947e-01
4.251435012442107420e-01
4.230335581194858419e-01
4.340982668278589029e-01
4.216261213664517227e-01
4.221054218617388831e-01
4.217978456746715454e-01
4.374710723328137374e-01
4.239341348342192672e-01
4.283544751280418672e-01
4.234337440485298476e-01
4.314755173609179928e-01
4.235266187672426241e-01
4.276509060980167032e-01
4.465738664038993999e-01
4.262911308995261384e-01
4.219275740769128369e-01
4.217330508587672222e-01
4.220670097350677219e-01
4.226546200031526257e-01
4.212168015559269452e-01
4.241677994689525555e-01
4.218735575585046416e-01
4.278821652894050920e-01
4.227136492197648421e-01
4.270527181756305635e-01
4.195899440789305213e-01
4.217455786705717191e-01
4.192883708295149781e-01
4.240863785781962547e-01
4.241304541844922449e-01
4.180709576233456182e-01
4.186054334203461735e-01
4.270506671788102393e-01
4.158869062091111179e-01
4.242626456258074552e-01
4.152597443359291596e-01
4.192211186901256270e-01
4.151999790116139843e-01
4.191419288441003976e-01
4.147566738322638891e-01
4.187108067422949942e-01
4.149990773642681097e-01
4.201155098862975334e-01
4.150193070088927239e-01
4.172992392998100541e-01
4.157033634276074974e-01
4.144255750600177590e-01
4.143709355654861537e-01
4.157754987649813216e-01
4.136761628560381432e-01
4.142637264617735071e-01
4.136236023194866385e-01
4.150960215828273236e-01
4.137108657435426551e-01
4.149624039971712142e-01
4.112802590051883311e-01
4.083252305943370630e-01
4.095147851597567557e-01
4.186616016202884261e-01
4.067094613479876331e-01
4.016795916340122341e-01
4.018956589338532615e-01
4.048526456802249429e-01
4.022457583691704253e-01
4.063516663070255164e-01
4.024092348750294978e-01
4.043207763144226474e-01
4.047233665205985376e-01
4.013279309893690305e-01
4.015381401037132481e-01
4.021116637792466753e-01
4.010049668887252783e-01
4.017043562036159976e-01
4.055205757365102914e-01
4.017634033646998448e-01
4.000337022388155139e-01
4.032547593919267315e-01
4.013325424226122373e-01
4.011651520157146211e-01
3.998309171381657090e-01
4.062850038862777513e-01
4.002740621125520648e-01
4.039815482524859447e-01
3.996966823713966055e-01
4.026034025869184574e-01
3.996991896502904429e-01
4.010774897780755577e-01
4.003873256255752744e-01
4.019161338992586763e-01
4.004589995837887773e-01
4.029741123783668888e-01
4.001851165401980603e-01
4.038176869348027442e-01
3.997449743591389160e-01
4.018663840382852293e-01
4.012788231746226564e-01
4.008439906664405528e-01
3.996872299412241314e-01
3.982131596970062692e-01
3.980709538164043937e-01
3.999096338893065594e-01
3.984599496052286804e-01
3.983700881754748679e-01
3.982638403170915553e-01
4.044601669729837590e-01
4.007178604634518138e-01
3.962152113569946676e-01
3.955680686115069511e-01
3.989142433908621221e-01
3.966820754360775858e-01
3.999807959680223290e-01
3.959244958071282405e-01
3.980177043114849766e-01
3.959538531108338644e-01
3.993438298230163053e-01
3.970990250173387914e-01
3.979695100108895933e-01
3.956388950331137799e-01
3.995839003631473929e-01
3.956839109414381772e-01
3.967589272137688750e-01
3.959260333784414554e-01
3.964544860222134481e-01
3.969947246788927964e-01
3.955060309415817654e-01
3.961063095929467370e-01
3.954537930076831298e-01
3.951598619399511181e-01
3.954976061717696001e-01
3.955679757559544818e-01
3.957796464549003246e-01
3.951400101344361149e-01
3.938627925952687958e-01
3.935738769444023233e-01
3.965242389916394661e-01
3.935487912747043793e-01
3.962984125532287294e-01
3.987006076359053686e-01
3.982237715089109731e-01
3.917331989810945991e-01
3.919246478884459428e-01
3.929568606147605947e-01
3.934399859890432283e-01
3.911501582231625140e-01
3.915636271206116015e-01
3.908414998649892835e-01
3.896923447759996217e-01
3.914588844353528163e-01
3.916256213145388188e-01
3.901974829080131490e-01
3.934944524558279255e-01
3.906393761346289573e-01
3.923382167951570132e-01
3.892914483118609104e-01
3.910200456212169495e-01
3.905515359528110020e-01
3.891836666999211047e-01
3.892789610499309272e-01
3.912647340050792177e-01
3.895637850537822522e-01
3.899194401347682026e-01
3.887227198912586168e-01
3.875407088825694735e-01
3.870657539735132269e-01
3.879813182435694618e-01
3.872076360744198809e-01
3.867964395405807942e-01
3.864116833803286077e-01
3.883600359141920477e-01
3.861222878384105162e-01
3.873987507078259229e-01
3.859123824586548346e-01
3.859217420884888394e-01
3.858407101034184716e-01
3.889507455136149150e-01
3.862184942864150816e-01
3.878868628044475075e-01
3.852265406954123450e-01
3.906369992841042249e-01
3.850820845835790096e-01
3.928604046499738489e-01
3.847726801915986594e-01
3.864271360961878399e-01
3.854987772946945057e-01
3.916138934661279047e-01
3.860451409796580857e-01
3.901919790329076987e-01
3.838269803203592789e-01
3.836113380862739564e-01
3.821214518556140805e-01
3.806819589143761173e-01
3.810277758935472492e-01
3.868995974750236710e-01
3.837068147972611531e-01
3.841506661582608784e-01
3.827404575414055654e-01
3.824809983811195413e-01
3.811906260403309377e-01
3.831682730186664054e-01
3.808208777528969691e-01
3.810887982050384371e-01
3.803472098130951107e-01
3.811407271935040586e-01
3.815936808824481052e-01
3.806523946040679673e-01
3.806981228342125601e-01
3.814074529135310643e-01
3.805016521611614966e-01
3.842872069552252801e-01
3.843142927327963809e-01
3.887929856717774468e-01
3.812532832348865530e-01
3.817243321992739857e-01
3.810548289684571044e-01
3.780077492588364563e-01
3.782790268887740170e-01
3.790277879395876348e-01
3.786634118383809811e-01
3.813087591865641501e-01
3.791526532265437344e-01
3.794538175787638967e-01
3.788525588204562644e-01
3.826761836885512746e-01
3.776242794567852834e-01
3.785070478949436046e-01
3.763369251837994645e-01
3.787494070166282922e-01
3.768641248573536551e-01
3.795859572723893072e-01
3.765748918605614226e-01
3.773753993875387791e-01
3.761277732804296225e-01
3.795110748675786794e-01
3.759712082620004781e-01
3.753297898546518185e-01
3.759774502032852128e-01
3.751579566125273213e-01
3.761557052803253809e-01
3.740277988685295485e-01
3.755282973585589712e-01
3.766222404582189043e-01
3.749143880788253780e-01
3.794669277871572932e-01
3.742838652797739196e-01
3.744418601330095631e-01
3.741532951416940422e-01
3.752141903118647592e-01
3.743689361110182356e-01
3.748805863510871750e-01
3.740094731216119794e-01
3.776534415874001072e-01
3.733962143509029219e-01
3.800022964947391557e-01
3.730563174216826039e-01
3.765585042060449195e-01
3.730873617942038756e-01
3.768330068075288475e-01
3.731770235158927140e-01
3.761236918791445172e-01
3.731795306458150496e-01
3.731475481627556934e-01
3.734350235430124454e-01
3.758962658640824794e-01
3.738091735790562420e-01
3.797621897894256637e-01
3.708691966008613727e-01
3.724991087793936839e-01
3.723099855079469167e-01
3.731871807480664494e-01
3.708594720335534611e-01
3.744189440778892819e-01
3.721675633082064394e-01
3.726265806259113633e-01
3.706081239030585839e-01
3.714106217657134890e-01
3.700311220953390046e-01
3.731120317915356810e-01
3.701173887030755894e-01
3.736695780042328940e-01
3.697886591585034521e-01
3.716356049392768868e-01
3.702315824076639617e-01
3.741519089171420065e-01
3.701086932206907876e-01
3.711820831849239055e-01
3.697561680058785716e-01
3.708680083477093881e-01
3.691140482369612563e-01
3.694301919270272516e-01
3.694721642779629778e-01
3.711695286105987646e-01
3.699198658230215542e-01
3.712620153434341708e-01
3.697176546969661026e-01
3.731031087199702112e-01
3.696675690281102655e-01
3.698074633231268060e-01
3.720016051059876760e-01
3.684079268960084308e-01
3.691560829104499342e-01
3.705191854448812161e-01
3.683341727313713676e-01
3.727065157037027232e-01
3.684606455878852160e-01
3.711362192962674444e-01
3.684429603498524664e-01
3.697780581227391172e-01
3.683062036213995971e-01
3.713757664823149063e-01
3.685016966457518861e-01
3.680869312944005101e-01
3.693733173374529888e-01
3.695448199821110835e-01
3.680475828323843679e-01
3.695260444675282363e-01
3.679168308546112987e-01
3.712460417511330157e-01
3.694282046823075261e-01
3.739549307194071082e-01
3.690108460231445453e-01
3.720274318763123755e-01
3.678843477375397519e-01
3.708970698141944577e-01
3.696253543289432231e-01
3.703769241419523350e-01
3.678249254301430016e-01
3.724999223921356406e-01
3.687908688630813225e-01
3.694771534056258688e-01
3.680499258166879395e-01
3.689766563585981096e-01
3.677919049058741563e-01
3.680362887107391789e-01
3.676141900077030122e-01
3.682387503319536903e-01
3.684681300727859488e-01
3.694915980068794181e-01
3.679983513238419546e-01
3.710620744996773190e-01
3.681355244170980145e-01
3.677346100434477627e-01
3.680907363191646686e-01
3.675777926277092322e-01
3.680320408597821391e-01
3.681959817435020987e-01
3.676385321643421689e-01
3.699032494745310151e-01
3.679221903949083106e-01
3.709544478811732104e-01
3.693146911611560057e-01
3.797979703659149497e-01
3.681099741524966329e-01
3.705348800057312597e-01
3.677344904394769798e-01
3.680616557023387303e-01
3.683760383251972192e-01
3.694074351161898417e-01
3.683071180654093890e-01
3.693864939685420068e-01
3.677805658699222491e-01
3.688631902053730038e-01
3.684263073564689739e-01
3.681741295030409034e-01
3.679304633616610753e-01
3.682084658942151867e-01
3.674308107420624636e-01
3.678112301167444365e-01
3.676833364609839450e-01
3.675800093193104523e-01
3.690600611431362199e-01
3.757133377909476768e-01
3.673099039963473866e-01
3.697425996878070942e-01
3.683216545764591010e-01
3.697029681423110725e-01
3.672737409334781988e-01
3.674033372390249075e-01
3.691515833018019221e-01
3.691342354082274291e-01
3.678908839833242017e-01
3.694791148769682176e-01
3.692460252859698366e-01
3.684438656204095941e-01
3.673619808703196821e-01
3.672429998772169246e-01
3.668666618585909034e-01
3.672994504439664465e-01
3.664638137293491083e-01
3.681261067067471138e-01
3.668235481733829739e-01
3.728305784594641015e-01
3.670549452796247336e-01
3.683972247558798263e-01
3.671425744408147729e-01
3.727024644211316962e-01
3.666643437951442874e-01
3.696763286295244311e-01
3.668647019900372896e-01
3.692599792511943035e-01
3.667249844793545321e-01
3.699460245998130725e-01
3.674914992430095007e-01
3.686367042525507953e-01
3.665013879667334273e-01
3.687641763320438915e-01
3.672962996790949397e-01
3.672489794201350133e-01
3.669417051401529517e-01
3.697858102134813363e-01
3.664483175386477609e-01
3.686583277856624319e-01
3.681089093118350974e-01
3.664458172171707884e-01
3.675230190102459771e-01
3.675199487019143452e-01
3.679939988084479641e-01
3.683226253300195263e-01
3.670890127419371707e-01
3.677543945726979291e-01
3.667797863145323412e-01
3.682224496357420218e-01
3.665458679373485573e-01
3.796594505187737556e-01
3.669491866957037551e-01
3.688331457396713531e-01
3.660823225421001581e-01
3.677134323217818856e-01
3.666748918254585377e-01
3.673362411526485682e-01
3.668170301910623765e-01
3.665269636851432034e-01
3.674984619642056582e-01
3.731239020926649386e-01
3.657207984182788141e-01
3.663803915429758584e-01
3.660576953819790202e-01
3.679421627895793079e-01
3.658024298871118130e-01
3.664730967288478691e-01
3.658996875679086380e-01
3.664779387007413569e-01
3.673145179833278151e-01
3.671025184964737953e-01
3.677495880650265558e-01
3.682557616593570837e-01
3.656217337215942331e-01
3.697071149512640154e-01
3.661785000432721815e-01
3.666585613042971925e-01
3.654329278573136275e-01
3.684646914657399575e-01
3.663680457521039102e-01
3.679223998171877730e-01
3.657937056222573258e-01
3.662613193723344152e-01
3.664980370885888017e-01
3.662774791275383857e-01
3.652597178268628952e-01
3.662370216595090544e-01
3.653712954060228113e-01
3.664623486722625167e-01
3.658308917130585480e-01
3.701558099793802459e-01
3.656136718176316025e-01
3.698245839761020726e-01
3.654468327609755041e-01
3.677897246049318669e-01
3.651429189118565732e-01
3.649802365675849369e-01
3.657143693148134922e-01
3.654442819742666493e-01
3.664479926261320908e-01
3.652032895545658797e-01
3.665216772421865943e-01
3.646843803355713787e-01
3.665674189117913429e-01
3.646862830291064395e-01
3.649593786592499334e-01
3.645784304344785731e-01
3.657095194641317715e-01
3.655938071400431366e-01
3.642843909325917950e-01
3.639293339277057671e-01
3.648817881725560652e-01
3.637737185749188584e-01
3.642884795608772874e-01
3.636080817544376509e-01
3.644700574775308621e-01
3.636800587840823273e-01
3.636478013406475585e-01
3.638199006312111683e-01
3.642547086658930455e-01
3.634068104663137899e-01
3.638284211840784321e-01
3.631869692159582219e-01
3.638651114405661580e-01
3.640611258099214487e-01
3.645927169357195408e-01
3.637935398204970028e-01
3.630771089559368114e-01
3.629439484767806312e-01
3.630735201085137365e-01
3.631489203407187172e-01
3.633576561013294182e-01
3.627489603673909047e-01
3.632313589090078176e-01
3.630663004080461609e-01
3.631393834345222338e-01
3.627225324420708663e-01
3.632344884560448905e-01
3.629834381445096736e-01
3.640664039249999484e-01
3.626787871132820529e-01
3.634586570527186811e-01
3.629742499977198777e-01
3.631583103255135447e-01
3.625862963095926039e-01
3.633419764306108912e-01
3.625889351266083360e-01
3.627654943226697459e-01
3.628282472421078264e-01
3.634711087794593176e-01
3.621104529704149977e-01
3.628953550610152234e-01
3.621245962243475058e-01
3.625953983763152699e-01
3.621463533330492313e-01
3.632306316855499206e-01
3.622802625843470348e-01
3.624874055710291532e-01
3.622218714877639134e-01
3.633134513059030901e-01
3.621982770329374990e-01
3.623700669598597934e-01
3.623221358879164522e-01
3.626020100151821635e-01
3.623337272954192945e-01
3.623379263617249602e-01
3.620008042339761256e-01
3.622792424102221354e-01
3.623533147319182857e-01
3.622799239142016070e-01
3.619512408524465097e-01
3.619712153392785625e-01
3.631798764162882942e-01
3.618928060366852217e-01
3.626041929964896049e-01
3.622268537382619114e-01
3.618314448524560523e-01
3.618494568689237800e-01
3.618538219853673077e-01
3.621593615283033030e-01
3.618076284993427261e-01
3.619953402315758684e-01
3.620392918036640095e-01
3.629115484649345635e-01
3.617571667985811645e-01
3.621433475031604066e-01
3.618511386467090918e-01
3.621561422483304260e-01
3.617721484889152572e-01
3.617332908336840513e-01
3.617388945311942328e-01
3.621071633544656332e-01
3.618534308694607571e-01
3.617299210596409687e-01
3.615472080208235184e-01
3.626711658795228610e-01
3.617094379084412337e-01
3.623238084041745521e-01
3.614950889155381097e-01
3.616987945146334926e-01
3.617555704367202973e-01
3.632174685386125867e-01
3.616917185004242530e-01
3.629316204819816316e-01
3.612801684059630536e-01
3.621113092136424849e-01
3.613885407602441813e-01
3.616467913315098981e-01
3.610996526547912144e-01
3.615111085072874042e-01
3.612039332924578128e-01
3.616115128853022997e-01
3.610642944575306323e-01
3.617076290308668951e-01
3.612604886951631955e-01
3.621228236274696699e-01
3.609652166229927461e-01
3.610295615862822438e-01
3.613870082867304823e-01
3.618826933350320907e-01
3.607883408193069408e-01
3.615268703332780165e-01
3.609204187038110856e-01
3.607844999972922850e-01
3.609351636247853379e-01
3.610802181466827854e-01
3.606977697191837695e-01
3.619290207562532724e-01
3.605209611475185261e-01
3.606918287302497972e-01
3.604389940058276287e-01
3.613056542701120200e-01
3.608616502173417340e-01
3.602926967021978788e-01
3.602934730369015126e-01
3.602337011089910002e-01
3.605165404217296476e-01
3.614899316715134425e-01
3.604278144897745118e-01
3.606649760857053577e-01
3.601797249658942324e-01
3.607858382190451407e-01
3.601851883530312048e-01
3.604247846708255598e-01
3.603404486038918053e-01
3.621802000542165278e-01
3.601791960344333243e-01
3.608901968983667108e-01
3.602588629105312745e-01
3.613068988217502664e-01
3.600947166751523043e-01
3.605295473649244298e-01
3.599106353739148223e-01
3.613054555006744439e-01
3.603016078136042633e-01
3.612758350587796374e-01
3.600791420659602560e-01
3.605995254699378427e-01
3.596770064821691038e-01
3.599578872370430838e-01
3.595795414710637461e-01
3.605013484487725184e-01
3.595938392668417416e-01
3.600660168829142860e-01
3.596072316860322027e-01
3.602899235380357945e-01
3.594306326776346427e-01
3.597727094100304779e-01
3.594315749649781844e-01
3.603184094686489591e-01
3.593106716733277528e-01
3.594266833997715738e-01
3.588140288141937750e-01
3.587171040136691302e-01
3.588049464252879850e-01
3.591193133587477493e-01
3.593128856703231011e-01
3.591739346250957254e-01
3.590548391559411634e-01
3.597832152574532150e-01
3.589229002397119617e-01
3.592899222386953806e-01
3.590780413954144934e-01
3.594004034076460630e-01
3.588079987835338658e-01
3.586107699251508962e-01
3.585906523690275405e-01
3.599938743266030694e-01
3.587243170107859980e-01
3.597856334695078151e-01
3.589447585775334959e-01
3.578310905355483462e-01
3.582912708456859052e-01
3.577574416397987234e-01
3.577201027928456067e-01
3.582168742172933129e-01
3.578372418648075870e-01
3.584508120531039177e-01
3.579158607959450067e-01
3.587592608445997477e-01
3.578451694559878216e-01
3.582313457162280002e-01
3.574812089877188459e-01
3.581301890323297377e-01
3.572915120003714584e-01
3.575064057391315053e-01
3.576649370624888635e-01
3.577639568136342652e-01
3.573963144023840077e-01
3.574100276500765672e-01
3.572317853537659293e-01
3.575507071521037417e-01
3.572753307053548877e-01
3.578835819313970212e-01
3.574937253886861788e-01
3.573254859847191933e-01
3.570944148328931700e-01
3.575143821778338227e-01
3.573317418152399672e-01
3.572766117855392665e-01
3.568075827233098130e-01
3.565895429833202401e-01
3.575282220326918559e-01
3.573542414638234965e-01
3.564739210364919475e-01
3.574323142146704213e-01
3.564354230221424280e-01
3.570089160299005360e-01
3.563999122766564609e-01
3.568792107109085565e-01
3.563888882232032485e-01
3.564648017848472406e-01
3.563052173327946326e-01
3.571203760412040573e-01
3.564055310691746636e-01
3.565098651747876657e-01
3.563153060604876132e-01
3.571491708024331357e-01
3.564615297489897028e-01
3.567963966299808054e-01
3.563376594899888561e-01
3.570453926508702081e-01
3.570317817800167659e-01
3.568552941793872724e-01
3.565362049981092296e-01
3.563960527735941519e-01
3.563772788835722904e-01
3.563361189233739679e-01
3.566771058047770726e-01
3.582669039423428403e-01
3.560967524683471552e-01
3.558567175711326858e-01
3.559800421226038125e-01
3.567002942139143040e-01
3.558418419320659165e-01
3.562217939401111089e-01
3.561917063961377861e-01
3.568852733245139741e-01
3.557812239284237066e-01
3.566045030096902657e-01
3.558551949210027598e-01
3.559982140417081720e-01
3.563889470985050489e-01
3.558045808092757389e-01
3.554049784147862434e-01
3.555846902170434198e-01
3.554770451324214542e-01
3.558900464688544152e-01
3.557648057409467102e-01
3.558740757475361560e-01
3.555473256111232327e-01
3.560366150042839628e-01
3.555256822498999436e-01
3.557288107822274004e-01
3.558167268038805453e-01
3.555928379491187785e-01
3.556123010363008152e-01
3.554100838422832309e-01
3.553314439022171034e-01
3.553851671438761350e-01
3.552531054676631994e-01
3.556082272967303615e-01
3.551508174557221342e-01
3.557690118571824045e-01
3.552082561075373124e-01
3.555773057036174523e-01
3.552162357971359041e-01
3.560378290646976085e-01
3.549809008903818675e-01
3.559034676560799415e-01
3.548764639150652767e-01
3.554712308309035396e-01
3.548616939499030232e-01
3.551822104142728365e-01
3.549630982790407119e-01
3.556648536092001933e-01
3.549832098143938519e-01
3.562817441347062575e-01
3.546142399210417961e-01
3.546374769607190114e-01
3.546704962639186109e-01
3.550006614665964233e-01
3.548907156928728934e-01
3.562064142853166304e-01
3.546058029456367056e-01
3.552628292376602270e-01
3.548104277874068457e-01
3.547527234951098341e-01
3.547735613462692505e-01
3.546817242473774279e-01
3.543173530223768797e-01
3.548410047767258102e-01
3.542694121716508660e-01
3.547697410789703576e-01
3.543647523514682485e-01
3.544765844063058613e-01
3.543483226563973743e-01
3.545195046184851928e-01
3.545399771103375786e-01
3.554212546066298772e-01
3.543421158182577524e-01
3.545496668781804583e-01
3.541665152487496471e-01
3.542358547166450378e-01
3.543585244833719061e-01
3.543894281241728450e-01
3.543098539605994968e-01
3.549558921727980487e-01
3.542353678446704679e-01
3.547383606601894890e-01
3.542200227829663817e-01
3.546642777617908804e-01
3.541924291668499536e-01
3.545692253149863582e-01
3.545511891439679375e-01
3.549555705008551887e-01
3.542318843495774749e-01
3.541537699949459106e-01
3.542591823946814045e-01
3.537281491978270798e-01
3.538737709784677832e-01
3.544750592485649832e-01
3.538337964855798323e-01
3.540239826938275103e-01
3.544347249643563513e-01
3.539514144314373500e-01
3.537810856429903783e-01
3.544911464554177938e-01
3.537561194732594672e-01
3.547188119598935763e-01
3.536940323086186777e-01
3.543757216620199157e-01
3.538098156922432347e-01
3.544370021490463873e-01
3.536561490535082286e-01
3.541639957916047909e-01
3.538192785711353205e-01
3.539630942021723681e-01
3.538305347300227943e-01
3.544492454488836208e-01
3.534988876919393230e-01
3.538656308844251863e-01
3.536037576047619813e-01
3.542706007084252540e-01
3.535589090492651798e-01
3.534971238199685617e-01
3.536716727384825454e-01
3.550615648969204785e-01
3.541795275242559105e-01
3.538946783414620434e-01
3.534522155122740705e-01
3.540190902839334686e-01
3.533923260702919178e-01
3.535121705318661767e-01
3.533148280121016227e-01
3.545049214920918956e-01
3.532412965756717704e-01
3.536609614635605192e-01
3.532259183163873328e-01
3.537182946305300613e-01
3.535924636122605991e-01
3.534628066160424020e-01
3.533371271088462939e-01
3.539342087027868011e-01
3.530410059945974233e-01
3.532292280139327501e-01
3.534245833407210768e-01
3.533070317525566217e-01
3.534946362818460752e-01
3.539669529111515445e-01
3.532166512944610037e-01
3.528660977478215166e-01
3.528869596287635413e-01
3.533933849904909441e-01
3.526937632701796499e-01
3.529506847892742161e-01
3.527959487069131650e-01
3.530053404771892889e-01
3.530819760910179350e-01
3.528398365320178920e-01
3.528570827091074280e-01
3.525877535303593713e-01
3.524642523490091883e-01
3.536656427432453564e-01
3.526226169410866529e-01
3.533401277205364677e-01
3.527831678096762791e-01
3.531152873861714836e-01
3.525205937737976858e-01
3.523114424834691838e-01
3.522025283514044203e-01
3.525722420149438041e-01
3.524705532482482750e-01
3.524494687047923236e-01
3.522190798023722702e-01
3.530512151603108495e-01
3.525237084480728478e-01
3.524771944185777217e-01
3.518681507960139676e-01
3.524137592631951810e-01
3.518523203170922375e-01
3.517387978101410018e-01
3.521898174476137955e-01
3.523248907938308916e-01
3.517810277865972002e-01
3.514294860434819534e-01
3.513491121391155714e-01
3.523491059570533213e-01
3.516044420702765239e-01
3.522158621881140705e-01
3.512203360367714966e-01
3.518595492498649557e-01
3.512569253385761647e-01
3.511219888059296523e-01
3.514650672203410986e-01
3.509978291516999138e-01
3.510217676026676226e-01
3.519604181000561272e-01
3.514761584726698307e-01
3.512531751601578600e-01
3.509523832959702827e-01
3.513406508370134351e-01
3.508551541138830721e-01
3.513469559804854869e-01
3.509769387616184511e-01
3.515826678584366149e-01
3.509880765613421216e-01
3.518731622388979186e-01
3.510432725196035442e-01
3.514478979025635885e-01
3.511307905625967174e-01
3.510066945379181624e-01
3.511511620983653326e-01
3.510424834323099819e-01
3.509381984372876850e-01
3.507954930097771928e-01
3.510673784221227667e-01
3.513676931718522356e-01
3.504836337602662555e-01
3.507153089808744961e-01
3.504636827046038738e-01
3.511551348883101831e-01
3.505380578559957883e-01
3.511831000872717157e-01
3.504522228921861382e-01
3.509394624510752125e-01
3.510977845981035905e-01
3.514704698132977700e-01
3.504817063422749901e-01
3.505738007197837791e-01
3.506466574354480392e-01
3.507055419768076443e-01
3.505542455993373996e-01
3.502950834317142825e-01
3.503502673777076915e-01
3.514319240576532222e-01
3.504521579063442638e-01
3.510371533116992682e-01
3.504093093770380696e-01
3.506122871103464211e-01
3.505708399218206983e-01
3.502782326383366285e-01
3.504315656808799084e-01
3.514379831839590240e-01
3.509083505895503885e-01
3.506181830186584913e-01
3.504983424682824311e-01
3.506697724629521118e-01
3.507735271348820794e-01
3.498983876717527419e-01
3.502925838168489681e-01
3.500268168982615946e-01
3.501797016301321230e-01
3.499430998055632069e-01
3.503678545428158264e-01
3.498171951596100726e-01
3.499978741972307184e-01
3.505282478027841320e-01
3.497027244205515584e-01
3.501849543088918493e-01
3.497723192790019864e-01
3.510034735263983241e-01
3.499111971266193333e-01
3.507135745637818269e-01
3.497072656074005637e-01
3.501072836242871134e-01
3.498330885154763981e-01
3.502071841581569367e-01
3.498473682897573211e-01
3.500586336158056366e-01
3.501651740291364945e-01
3.506059686109201934e-01
3.500552048234232272e-01
3.492530537133986535e-01
3.491793373948644530e-01
3.504806333724257428e-01
3.496878732548076574e-01
3.507160900535306047e-01
3.492991226968403806e-01
3.488413851919804354e-01
3.489557292797599852e-01
3.489168816798140504e-01
3.488747050004243344e-01
3.494148254416151733e-01
3.485521148253963308e-01
3.488734448095006657e-01
3.485225237607230131e-01
3.487431011866058417e-01
3.484903758352541625e-01
3.492068891662354346e-01
3.485860332685711827e-01
3.489016623605182832e-01
3.483684507949290077e-01
3.489048812520486043e-01
3.484537821448088768e-01
3.489713453363437190e-01
3.483304657756711165e-01
3.493234922930573139e-01
3.486633266448340152e-01
3.484305506139594444e-01
3.485098110757121614e-01
3.487318339832148339e-01
3.484320621979465349e-01
3.489379288352178476e-01
3.484637186060310921e-01
3.497984390832384882e-01
3.482980433246791185e-01
3.490771601871816565e-01
3.486741714348762788e-01
3.483942909925537568e-01
3.484375101730182722e-01
3.484844817725891719e-01
3.482941913292221248e-01
3.489140733357670721e-01
3.484882064697655268e-01
3.492966538540860921e-01
3.484199497874366780e-01
3.486526356841617158e-01
3.486540092425541859e-01
3.484068268174147498e-01
3.484404755499218576e-01
3.486957663653504902e-01
3.482758545589109134e-01
3.494030904544055405e-01
3.482455524255244073e-01
3.487581159544052567e-01
3.487279470343003229e-01
3.493715581426929395e-01
3.489377279161363643e-01
3.486107908081484963e-01
3.482833059004463716e-01
3.486534294279561852e-01
3.482555753626448980e-01
3.490706430928962045e-01
3.483801977392372295e-01
3.494259042899684475e-01
3.486029032900894165e-01
3.487471045979460560e-01
3.482415594024564909e-01
3.490428282621765854e-01
3.482948549729718013e-01
3.486962462680019414e-01
3.483663132210017555e-01
3.485551322032127142e-01
3.483182097794327303e-01
3.493828002502730179e-01
3.485020598327704389e-01
3.491480616742618226e-01
3.482401217118946124e-01
3.482700688142938983e-01
3.489268905697193168e-01
3.487505733288574494e-01
3.479001111709192351e-01
3.481185087071296813e-01
3.481651133903893580e-01
3.485534413922793395e-01
3.477321966629101646e-01
3.490324587171043103e-01
3.477390277936462937e-01
3.477134638074440010e-01
3.476481430046720056e-01
3.481457945712532198e-01
3.477106132747528333e-01
3.474962995058837323e-01
3.475423824367393499e-01
3.478511680750653867e-01
3.476028040085689663e-01
3.475687485663281895e-01
3.474370800736320541e-01
3.474571911704681937e-01
3.474950619291061749e-01
3.481951414272136391e-01
3.473427436654620282e-01
3.478602047956861898e-01
3.473311835317098861e-01
3.476712200709866640e-01
3.472495217014097135e-01
3.479798971588916601e-01
3.474171093743642635e-01
3.483354567187718631e-01
3.474380671479860849e-01
3.475685388178275104e-01
3.473693299900907361e-01
3.473499153058312028e-01
3.473812864964989644e-01
3.473511206003742635e-01
3.474895761937771832e-01
3.479649835579818884e-01
3.473812551462970855e-01
3.481089242659478056e-01
3.473060420116385605e-01
3.474023663885397739e-01
3.473425126880717029e-01
3.475686309817293540e-01
3.472492512077985372e-01
3.477260630807796349e-01
3.473705272895407647e-01
3.477574405948068992e-01
3.473848492940722066e-01
3.476823140809364721e-01
3.474992478437958776e-01
3.475330666076629216e-01
3.472212906639952079e-01
3.477953973032643642e-01
3.472803543949514737e-01
3.488293185980163580e-01
3.469087786969509146e-01
3.468028586636272004e-01
3.470546238890784840e-01
3.472405001229037502e-01
3.468018883365150407e-01
3.474078478029210548e-01
3.467507416598835657e-01
3.473917665868381799e-01
3.469478948093013826e-01
3.462517407221170629e-01
3.462440981829208453e-01
3.466021382291093467e-01
3.468500783514539831e-01
3.464230001334720477e-01
3.465229865177110180e-01
3.468836919204345559e-01
3.462971155423046898e-01
3.465419624051004899e-01
3.463690682828854950e-01
3.463500347149326974e-01
3.459274848983998618e-01
3.464834772163531973e-01
3.460533949533467490e-01
3.471062076765497606e-01
3.463472953875719740e-01
3.473850321979226052e-01
3.462185352236874514e-01
3.473885894040719124e-01
3.462949343661606560e-01
3.466532831459561703e-01
3.460722104960255452e-01
3.469139737004101054e-01
3.458793938964581094e-01
3.460378245952646092e-01
3.458717250036809077e-01
3.458457498014722020e-01
3.463025385987674731e-01
3.460116579683372162e-01
3.460860176029368351e-01
3.458854292127296892e-01
3.457548372722438756e-01
3.458568306606493170e-01
3.460504398926679825e-01
3.460255071569519059e-01
3.455915865576463242e-01
3.466170807912202223e-01
3.457265961303105928e-01
3.458626895898684883e-01
3.455290753864911357e-01
3.460341905158249021e-01
3.459196689125140778e-01
3.458182247647294538e-01
3.459861829717637560e-01
3.450039619175233052e-01
3.455555601361376405e-01
3.465729095458575104e-01
3.450410608991962280e-01
3.449904760055927389e-01
3.453729664189301163e-01
3.456610539809470417e-01
3.448016715223267137e-01
3.453170994759876544e-01
3.446826179874432072e-01
3.449754843124235859e-01
3.444944060995221990e-01
3.452885397914458032e-01
3.445648334947863933e-01
3.449278449312385142e-01
3.444187651865283084e-01
3.449699538525751730e-01
3.444378915102777050e-01
3.450949714320961648e-01
3.447449598761574974e-01
3.442473358935417838e-01
3.442473254421113960e-01
3.446456895758786554e-01
3.442861663327260180e-01
3.453140641705815805e-01
3.438538789265881412e-01
3.445398287109660562e-01
3.439969087568852668e-01
3.442830936091223482e-01
3.441542341068578592e-01
3.444842743958691500e-01
3.438733958497842691e-01
3.443501372020714713e-01
3.447737085744315699e-01
3.445933976007510280e-01
3.441594443503896428e-01
3.435632874742404197e-01
3.436169378401873753e-01
3.436178729307367008e-01
3.435235909560838685e-01
3.454011948990357017e-01
3.436450718943417360e-01
3.436982201471655007e-01
3.437287263215248467e-01
3.437960583859748231e-01
3.437777428644831490e-01
3.435336979551494307e-01
3.434972578495417705e-01
3.440192920931972598e-01
3.435383615132921453e-01
3.435381681130284526e-01
3.437636224410716146e-01
3.444587365335592954e-01
3.435888278290486486e-01
3.438808980492132905e-01
3.435395276772719164e-01
3.437035491447694713e-01
3.434660377375757245e-01
3.439556863399569342e-01
3.433645290215897594e-01
3.441467574025323661e-01
3.433966058322441284e-01
3.429113928460383320e-01
3.428055745145598410e-01
3.425311133514485351e-01
3.423871067512247457e-01
3.429612161611530485e-01
3.427182679438212087e-01
3.431622541546218152e-01
3.424043308471702574e-01
3.430368395375855695e-01
3.424336642347653448e-01
3.428951200541716648e-01
3.423477218228309082e-01
3.435655628792017025e-01
3.434512695345149358e-01
3.425984961596536538e-01
3.425629416823359752e-01
3.428912111486705494e-01
3.429828452683096329e-01
3.430020997633136948e-01
3.419139010008485080e-01
3.414568197060868782e-01
3.414154028941365770e-01
3.412093839957663355e-01
3.412122723622477705e-01
3.413318375594667220e-01
3.411767732500293193e-01
3.417519369791885420e-01
3.414991748784941272e-01
3.411119367891484733e-01
3.411741787910957946e-01
3.413767169660325562e-01
3.413753769330523657e-01
3.421085254347837612e-01
3.411397617123337334e-01
3.417129692286399734e-01
3.411758483431323041e-01
3.412441754161913976e-01
3.414330464749834038e-01
3.410851796602071273e-01
3.411876728035356798e-01
3.407768979879135518e-01
3.408328170026819204e-01
3.415075962305695323e-01
3.408616764973275148e-01
3.432442497791273195e-01
3.409742000335307388e-01
3.401276923142394493e-01
3.403917523043193949e-01
3.412790425139330397e-01
3.402769165780772931e-01
3.400443843026783597e-01
3.401928486050044276e-01
3.403265918888224162e-01
3.403369307717689640e-01
3.407144802026947916e-01
3.404085276808251903e-01
3.409548533301230977e-01
3.406969095328042929e-01
3.399354896784430591e-01
3.398329612276269618e-01
3.405668304551893177e-01
3.398216706011938926e-01
3.402865783780453235e-01
3.397321683209512666e-01
3.403405649513667197e-01
3.395035135353205447e-01
3.401893445911432501e-01
3.394907943869613365e-01
3.395748901273566434e-01
3.395014741343355125e-01
3.400638635742340710e-01
3.395557062657949543e-01
3.393329377361659627e-01
3.394585237474047057e-01
3.395083258234697365e-01
3.395386103227785446e-01
3.392126688570601956e-01
3.390170817758448307e-01
3.394800001723076166e-01
3.392074459575326606e-01
3.399111294149725349e-01
3.388330802770453398e-01
3.397844848464982581e-01
3.393831044870231906e-01
3.395719706345565192e-01
3.390179746809252603e-01
3.391308678266436449e-01
3.390040965210729951e-01
3.396148934717794221e-01
3.389661092435972689e-01
3.389421486925374150e-01
3.388953030852301929e-01
3.399688294237918074e-01
3.388324989440748003e-01
3.393657778769164635e-01
3.389073030703981249e-01
3.394344989817298930e-01
3.389490244981359091e-01
3.397278535329819049e-01
3.389038945372687128e-01
3.397135440155235608e-01
3.391171987850896130e-01
3.397028894943411870e-01
3.389637309315102209e-01
3.400012208888230081e-01
3.388608348776229739e-01
3.391584631452788656e-01
3.388104638204539332e-01
3.390262715098274482e-01
3.389381695584151033e-01
3.394788503773883970e-01
3.390036065583110769e-01
3.396503646138928079e-01
3.389098201298152979e-01
3.389254986644745227e-01
3.389305816117324510e-01
3.385708017532308989e-01
3.386941487330735190e-01
3.393223041053866074e-01
