1.063404746015526037e+00
1.065674073138730860e+00
1.034957016882287473e+00
1.031333216629045424e+00
1.023946732612060373e+00
1.002488815466705985e+00
1.008571224835360880e+00
9.870086245676940040e-01
9.963687888856815889e-01
9.870089178279166653e-01
9.870083677913218390e-01
9.862525192833656584e-01
9.810158275043816545e-01
9.781280034510457799e-01
9.719993392334339566e-01
9.720007940331510943e-01
9.752870655064482808e-01
9.449926147213090211e-01
9.581648001407181425e-01
9.448999026216137187e-01
9.500893550798183984e-01
9.407746579096086803e-01
9.328924910131303205e-01
9.670354754345793502e-01
9.808858159288563749e-01
9.301269261680521483e-01
9.413213960886469556e-01
9.366650346103071456e-01
9.301269261680522593e-01
9.301269261680519262e-01
9.319726624947338722e-01
9.771475341201927289e-01
9.121040920131603391e-01
9.127553434589399384e-01
9.121040920131603391e-01
8.913144213665831206e-01
9.285715416669590994e-01
9.156530143421022228e-01
8.913144213665831206e-01
8.913144213665831206e-01
8.913144213665831206e-01
8.746549120606070815e-01
8.290578274083874044e-01
8.247768959277247403e-01
8.840069845845691665e-01
8.247768959277247403e-01
8.247768959277247403e-01
8.247768959277249623e-01
8.247768959277249623e-01
8.247768959277247403e-01
8.086875983233842158e-01
9.207271778459193978e-01
8.086875983233839937e-01
8.086875983233839937e-01
8.086875983233839937e-01
7.907461060291328669e-01
7.907461060291330890e-01
7.907461060291330890e-01
7.690095110289240088e-01
8.548774140730444060e-01
7.682576387961632669e-01
7.775390541018862844e-01
7.762828817693134820e-01
8.541283005356474778e-01
8.134373069882373519e-01
8.127240647232332194e-01
7.573476100892344576e-01
7.837142177918691166e-01
7.573554271913648384e-01
7.729127252864171904e-01
7.573495086197719051e-01
7.611209151667988060e-01
7.619099191711494745e-01
7.579284364036418253e-01
7.558740616913857124e-01
7.691235961750767514e-01
7.733941075715613511e-01
7.739723511802704126e-01
7.541356844900174439e-01
7.390623412157950600e-01
7.390440952171468680e-01
7.492185530136102889e-01
7.402393190029109560e-01
7.386968066859678217e-01
7.949610401196265386e-01
7.420391638593600847e-01
7.386968066859678217e-01
7.642969085715491939e-01
7.394431798774521170e-01
7.383153900451703278e-01
7.383153900451699947e-01
7.376801675135763459e-01
7.402781688982714714e-01
7.614799105673093482e-01
7.376801675135764569e-01
7.621208406217008235e-01
7.376801675135764569e-01
7.477872826703979570e-01
7.376801675135763459e-01
7.610143223981100657e-01
7.316815972635412058e-01
7.345355754404829796e-01
7.361409587113527664e-01
7.709275610244982202e-01
7.316815972635414278e-01
8.180114681618724237e-01
7.316815972635414278e-01
7.922943053390444357e-01
7.316815972635414278e-01
7.637036450706924384e-01
7.316815972635413168e-01
8.136522627757605264e-01
7.316815972635413168e-01
7.631590254476294799e-01
7.316815972635414278e-01
7.704621521183997457e-01
7.316815972635412058e-01
7.853855706517500757e-01
7.316815972635412058e-01
7.295339638457210008e-01
7.457068795895535063e-01
7.544724837325831324e-01
7.327163714912545700e-01
7.398121844761980093e-01
7.335386103032041083e-01
8.949599033911868062e-01
7.527250448723913356e-01
7.410747189440589633e-01
7.223638613348380977e-01
7.291311356188727721e-01
7.216706582365984834e-01
7.277988242163748733e-01
7.216815202212530922e-01
7.382935977997010513e-01
7.216764791643809351e-01
7.295493114027424841e-01
7.235859519113214677e-01
7.364038833104193937e-01
7.216987751724903699e-01
7.197688959673821385e-01
7.198822428800696338e-01
7.161774606399382570e-01
7.132758462780613984e-01
7.894197921215476699e-01
7.152879423930694758e-01
7.265002338410566640e-01
7.134624626433493377e-01
7.404121974708191001e-01
7.132758462780612874e-01
7.142190550985852981e-01
7.152855134777448276e-01
7.344425639122997840e-01
7.132758462780611763e-01
7.212580283301869288e-01
7.427055701977346436e-01
7.555578769323055832e-01
6.990195993758933080e-01
7.819608070712356085e-01
6.942419101737359322e-01
7.888294786139586900e-01
7.221981160734516347e-01
7.425722335844883171e-01
7.564388996657027686e-01
6.759037568358280401e-01
6.705741151637450992e-01
7.132099553334394493e-01
6.705741151637450992e-01
6.676573789153128491e-01
6.676573789153132932e-01
7.413502295907726802e-01
6.809687703665880942e-01
7.359345965070022144e-01
6.676573789153128491e-01
6.775008922788539056e-01
6.676573789153129601e-01
6.850236244844563060e-01
6.676573789153127381e-01
6.753321230161576372e-01
6.676573789153129601e-01
6.833325658743796271e-01
6.676573789153128491e-01
6.704006648139581026e-01
6.676573789153127381e-01
6.667364658500825048e-01
6.667364658500825048e-01
6.974234053534329458e-01
6.667364658500823937e-01
6.862736192630085608e-01
6.775289328417234413e-01
6.664303397145611152e-01
6.688813547099090595e-01
6.622103004117777525e-01
6.615981518555449359e-01
6.630133122636889809e-01
6.616209807878790095e-01
8.151840853014418187e-01
6.612573884837716909e-01
6.670789057135808608e-01
6.611498407559253110e-01
6.887972375724721319e-01
6.627771022460059447e-01
6.624439298252882136e-01
6.593088599399750116e-01
6.684208116924610366e-01
6.618474476435208809e-01
7.230712394723852743e-01
6.516098048654852537e-01
6.941950946365891273e-01
6.582140472717865620e-01
6.752237065832249474e-01
6.677796067705629168e-01
7.150200322707797040e-01
6.525485378890800714e-01
9.354542465904108761e-01
6.514645849156144308e-01
6.748947216528952131e-01
6.667940645310382886e-01
6.819819383722280914e-01
6.514645849156147639e-01
6.853160116705906413e-01
6.918549949145470501e-01
7.187233658443732409e-01
6.384748742229335861e-01
6.742629286939335609e-01
6.384748742229338081e-01
6.710952970784176408e-01
6.380791703661971015e-01
6.829260692427076007e-01
6.468278698938598748e-01
6.527449587004265918e-01
6.395387070522127182e-01
6.736444218480547308e-01
6.368496482577400419e-01
6.491628724696226760e-01
6.368496482577399309e-01
6.779623239825268710e-01
6.368496482577399309e-01
6.423436000709288329e-01
6.368496482577399309e-01
6.533920318679194983e-01
6.368496482577400419e-01
7.368209279100152997e-01
6.368496482577400419e-01
7.027096682959550478e-01
6.368496482577395978e-01
6.590663257152826748e-01
6.368496482577397089e-01
6.560804836977511822e-01
6.384664618792813551e-01
6.478679571292171868e-01
6.368496482577397089e-01
6.417310976090482288e-01
6.368496482577397089e-01
6.390992828446017127e-01
6.368911097762610662e-01
6.660456840057993322e-01
6.468934426301421459e-01
7.051162765432931190e-01
6.491401610879041773e-01
7.657985517671115350e-01
6.423153399395156171e-01
6.811640618436642924e-01
6.326069727519285646e-01
6.667874938964144516e-01
6.449760321583069000e-01
6.924885684717823064e-01
6.203067392020887860e-01
6.239660692839661404e-01
6.256089036210501497e-01
6.212312909535494532e-01
6.254641146839382548e-01
6.207603010939235499e-01
6.381406578579481570e-01
6.191565730055749173e-01
6.154029702648493583e-01
6.152961742493412434e-01
6.163755030842901217e-01
6.139981239976629590e-01
6.097527922470968864e-01
6.079106881994807976e-01
6.164220747460934513e-01
6.167966878809365561e-01
6.150535282718267993e-01
6.076955099270652250e-01
6.034534125311941111e-01
6.038061919811334999e-01
6.121168368732485821e-01
6.141907885398654177e-01
6.475392144084818336e-01
6.003384030655787296e-01
5.946566972051426925e-01
5.951138031406014717e-01
5.979992258004123151e-01
5.924550996062516450e-01
5.641167419623576151e-01
5.884729069777817623e-01
5.678630133965237858e-01
6.025891781014529602e-01
5.644390297892017960e-01
5.886393121645971949e-01
5.622738249488974382e-01
5.497174489605995973e-01
5.621106404758124953e-01
5.375810074369703484e-01
5.371017234981820820e-01
5.423114503049255575e-01
5.378247971845672160e-01
5.364534091586860010e-01
5.363376910780688345e-01
5.451331525191808192e-01
5.363366839253425056e-01
5.459656271065905786e-01
5.366065277385942967e-01
5.632447081100807607e-01
5.361084760115064629e-01
5.451287272662823646e-01
5.359704159743936547e-01
5.407370054562898876e-01
5.371733352479284296e-01
5.452994782607389901e-01
5.359704159743935437e-01
5.490315779356332859e-01
5.453535199465738836e-01
5.315085080167750720e-01
5.327983243592169238e-01
5.315024908170760121e-01
5.354338841683257133e-01
5.313494007591476054e-01
5.278879964420715165e-01
5.164912606586934407e-01
5.161278034305363249e-01
5.178045188710409530e-01
5.168001479598369752e-01
5.218744067617950844e-01
5.178785168288699836e-01
5.374514056083674607e-01
5.219473583370495273e-01
5.218170987485544199e-01
5.201277746925984102e-01
5.086576431484342020e-01
5.092690013860490250e-01
5.233047992190029696e-01
5.070781940125925757e-01
5.063904666088236972e-01
5.087377446741897513e-01
5.142856267845663520e-01
5.066337651804742048e-01
4.986501298758033163e-01
5.002867184438797299e-01
5.363354850138135621e-01
4.976568319746609848e-01
5.326634129045116905e-01
4.974324657999997790e-01
5.305462483950575958e-01
5.037011130699250439e-01
5.005224895899932358e-01
4.925561336646593902e-01
4.960123232637280721e-01
4.962649096636611579e-01
4.983753991420319385e-01
4.901213151039207627e-01
4.972534169396747861e-01
4.922329913093240750e-01
5.067781051365682909e-01
4.899269032333751772e-01
5.025939614551716561e-01
4.905404589586178088e-01
4.841017013611171871e-01
4.859019443370489189e-01
4.972427997736069694e-01
4.835588320109962535e-01
4.925197267663561917e-01
4.848234007912030075e-01
4.843845709489095763e-01
4.835527902266842371e-01
4.975239720251043996e-01
4.836043948597069653e-01
4.898835941172856034e-01
4.834238124321621477e-01
4.826530391847473345e-01
4.825154937165157532e-01
4.826188806122949648e-01
4.852784181854241097e-01
4.805960468846732225e-01
4.810298017502250834e-01
4.824975400074490439e-01
4.817728917598740890e-01
4.883599568263284341e-01
4.831378089208825388e-01
4.788014122523888694e-01
4.785983834139693749e-01
4.973739151555299776e-01
4.844465226384795375e-01
4.800673563564680224e-01
4.757965532498795169e-01
4.853454278500714536e-01
4.745958635813330995e-01
4.813491454420517623e-01
4.737881457852990974e-01
4.801309045013412158e-01
4.769233987224451021e-01
4.783407367152796019e-01
4.735296452348722873e-01
4.893670721731212536e-01
4.749682015720681494e-01
5.302286155621956931e-01
4.733267888520790168e-01
5.054846727288205832e-01
4.805679538060980138e-01
4.963228981375320537e-01
4.743827766612668806e-01
4.728104286898818787e-01
4.732283039289202908e-01
4.765478002869412699e-01
4.803319201650927961e-01
4.780420625452035943e-01
4.740525243453786453e-01
4.863365123783013333e-01
4.737038704008336709e-01
4.865291861402793461e-01
4.744560629907054738e-01
4.787056515515984989e-01
4.735305643615623228e-01
4.838550185578683882e-01
4.725056121553712352e-01
4.817650708915128810e-01
4.738290036347810319e-01
4.827352394514149436e-01
4.721177090400982546e-01
4.878251510958686032e-01
4.705943428975685738e-01
4.764500000551669667e-01
4.707334395817956429e-01
4.738562545428925965e-01
4.706937521310496919e-01
4.785031056555753559e-01
4.704995605031775385e-01
4.853354163963191081e-01
4.703255085971373983e-01
4.700700748841723509e-01
4.702698600312212318e-01
4.712986351653918327e-01
4.692129467368580942e-01
4.699723616415449889e-01
4.692881176566168211e-01
4.696567365296164809e-01
4.711389356323981703e-01
4.744430118151746756e-01
4.752388915416091986e-01
4.821585501564979448e-01
4.702698194762856554e-01
4.773345552889295407e-01
4.743733970705937275e-01
4.779319369488437275e-01
4.702233460273901322e-01
4.734006228083627588e-01
4.748651494982061849e-01
5.051590198133746323e-01
4.657773657300605663e-01
4.963938620585618411e-01
4.644415637477805059e-01
4.821421467976163000e-01
4.642579517780534570e-01
4.722663079230489114e-01
4.651974704664764704e-01
4.685400031867421045e-01
4.685604349716444572e-01
4.806228125669895768e-01
4.641652107068489630e-01
4.732169314862230136e-01
4.671366459787855696e-01
4.753892247515326130e-01
4.647275470356995175e-01
4.713691094094764056e-01
4.648858115766431043e-01
4.753552718964753621e-01
4.668586366861388615e-01
4.700035004683093542e-01
4.655130052372990490e-01
4.693131822796005603e-01
4.647864564923201436e-01
4.781700860419563215e-01
4.646125250386062833e-01
4.745548625088812367e-01
4.655441678283480655e-01
4.696376851579902034e-01
4.653383258418930524e-01
4.640443940835430880e-01
4.648842384406142725e-01
4.634743746173776713e-01
4.644135204430169805e-01
4.649015474622230637e-01
4.635369813100195246e-01
4.634781660946794557e-01
4.659953996920502273e-01
4.632471363430371580e-01
4.645002783584332717e-01
4.632815799232668508e-01
4.650362601925661643e-01
4.633099038190575669e-01
4.640990507996721748e-01
4.631535434289333897e-01
4.635320479861990139e-01
4.633153902121341372e-01
4.645032733614563591e-01
4.641697140560510637e-01
4.711711836644526530e-01
4.637627106203885963e-01
4.660785935097519483e-01
4.647388257036921266e-01
4.667634037352705878e-01
4.630925350616206804e-01
4.662029890287408551e-01
4.635361335135894656e-01
4.656765590489272411e-01
4.629379869038740547e-01
4.660307658689741284e-01
4.630067821551949181e-01
4.685936745831915107e-01
4.636956141504710582e-01
4.669105480747888781e-01
4.634911543088657271e-01
4.654622055679977222e-01
4.649273863908452431e-01
4.651993196913430939e-01
4.618644912492708698e-01
4.639456792751068814e-01
4.620633508267185108e-01
4.632001118798376171e-01
4.618846286432302106e-01
4.626395321963233664e-01
4.619204883742537016e-01
4.648185714141189750e-01
4.622039294515719599e-01
4.649221095953147143e-01
4.624056902593597362e-01
4.630342649734461302e-01
4.618496621824126902e-01
4.632812128581538791e-01
4.622512938679584904e-01
4.628519612559052199e-01
4.621431907056907096e-01
4.626206905154373050e-01
4.615871189500541094e-01
4.646122994347739454e-01
4.617546547723432870e-01
4.632901248973419484e-01
4.610642409712004119e-01
4.611024156357023118e-01
4.611558266711432430e-01
4.610748545734479897e-01
4.618480165248118330e-01
4.613878020207055619e-01
4.608066959755712788e-01
4.608715199393761397e-01
4.611465081595775284e-01
4.610240957382251703e-01
4.608324470377964666e-01
4.606722417711222040e-01
4.614025525771984770e-01
4.612121909674452569e-01
4.604260269173076070e-01
4.602124084538597448e-01
4.588455205451096863e-01
4.587373962263476823e-01
4.592017282285429935e-01
4.589796245488558246e-01
4.591307037616760844e-01
4.587878946976532979e-01
4.603279973719159313e-01
4.589484798288955836e-01
4.584615649493334333e-01
4.590712741645986972e-01
4.584204632028237580e-01
4.585574117387594129e-01
4.590722873648024893e-01
4.583203507064436133e-01
4.581134394624424289e-01
4.578561643146007443e-01
4.574701080844553736e-01
4.575308127930355351e-01
4.577800341115684790e-01
4.573690611052289023e-01
4.571247995690067012e-01
4.577552132711445454e-01
4.571556511167534365e-01
4.571326379613958046e-01
4.594858062308737612e-01
4.565871278124652433e-01
4.554803531452991661e-01
4.560877398961415419e-01
4.551599667138152006e-01
4.553856359108787721e-01
4.550590869470118593e-01
4.555054003666476059e-01
4.542917932233994094e-01
4.542727769740662613e-01
4.552735568684170842e-01
4.544964655367257911e-01
4.548639045795171421e-01
4.539865758154230657e-01
4.543691613496671500e-01
4.537196711215542022e-01
4.545066670426452515e-01
4.539007102844840880e-01
4.532021451472025841e-01
4.533278034260794231e-01
4.538047250509579245e-01
4.533655475047980166e-01
4.531391926719808838e-01
4.535934609874824330e-01
4.537391760408385211e-01
4.530525504501990430e-01
4.534884633700193568e-01
4.528492642979335403e-01
4.544923688832116504e-01
4.529412612146833106e-01
4.522127453384148232e-01
4.519093890419523807e-01
4.524337306568838035e-01
4.518003571140144503e-01
4.531932576419820391e-01
4.518437020235978041e-01
4.527531987309459938e-01
4.518482777466986677e-01
4.520192337574543973e-01
4.517332374263886008e-01
4.522910076378236499e-01
4.516967341971201977e-01
4.531041865877671881e-01
4.518034672775008698e-01
4.527600888376637767e-01
4.516252950327445115e-01
4.518354677745579084e-01
4.516539294646276237e-01
4.520606566997775189e-01
4.514944142537475891e-01
4.541318311403807484e-01
4.515278034207810265e-01
4.513969984065498431e-01
4.515512578238709551e-01
4.513707090299175495e-01
4.514867046270878426e-01
4.521003693056536155e-01
4.515702349422744954e-01
4.520930680540524160e-01
4.513437768955851914e-01
4.531344208648925842e-01
4.513652376901926000e-01
4.523209146445563711e-01
4.514171960994509680e-01
4.519692246046315698e-01
4.513578197986082285e-01
4.534447224892558803e-01
4.516000438570543229e-01
4.521306494193729764e-01
4.517212698045610098e-01
4.518860828155141229e-01
4.513110559212762940e-01
4.528898969845733258e-01
4.521635911787977857e-01
4.524265632642575641e-01
4.517906500445250662e-01
4.518307001432894099e-01
4.515487463731545081e-01
4.524048636581118887e-01
4.513274117749060399e-01
4.529336562497943142e-01
4.507719643910199636e-01
4.495808321424309417e-01
4.494600544824440824e-01
4.505232861371460951e-01
4.494622522366761297e-01
4.493383724749240304e-01
4.494921116703589625e-01
4.495463320667475449e-01
4.496519942627592026e-01
4.501922681025111173e-01
4.486689000226825597e-01
4.500219525868966453e-01
4.488513305958988231e-01
4.512661672166369264e-01
4.487758667215341335e-01
4.502061685602422592e-01
4.487390638552705702e-01
4.492536548963604326e-01
4.488896022172573219e-01
4.489609793866745635e-01
4.487436549729861279e-01
4.489381117921716902e-01
4.487680293595948666e-01
4.491972788144273920e-01
4.486595441385856087e-01
4.496760705616175136e-01
4.483705609645624035e-01
4.491374897806446609e-01
4.486424120373236901e-01
4.483891407404134166e-01
4.490093537926608258e-01
4.480122666483047356e-01
4.483899621853186801e-01
4.489114036356466331e-01
4.480099001985419771e-01
4.478456528080112520e-01
4.471576487430696800e-01
4.475747827861854544e-01
4.471178741127116441e-01
4.474764254474682401e-01
4.474225322270652394e-01
4.475582123495934206e-01
4.471079689732001539e-01
4.478117727797292780e-01
4.471446175895911757e-01
4.473459776101127994e-01
4.471181172952618521e-01
4.479159500915913528e-01
4.473363810805485730e-01
4.482742687982660401e-01
4.471784826101540267e-01
4.480491084234309862e-01
4.470823766482558415e-01
4.472351223498269301e-01
4.474628013656675729e-01
4.475349153835135319e-01
4.474576341182132655e-01
4.480208912434980872e-01
4.472652710986625424e-01
4.496202994573830769e-01
4.467988753603376328e-01
4.467995386340756214e-01
4.468678592304231034e-01
4.476354345100583276e-01
4.467598695489034544e-01
4.463408537483068983e-01
4.462293675310238239e-01
4.467827780462348408e-01
4.464850871452667458e-01
4.462406642498013554e-01
4.464892350724387615e-01
4.467674283790469825e-01
4.462175626370927795e-01
4.461395783061692377e-01
4.463892651387585397e-01
4.464310675392420547e-01
4.463504162380470541e-01
4.468250070400299201e-01
4.463046321936808836e-01
4.464948182418274070e-01
4.462245607685521587e-01
4.464680185197178464e-01
4.461696425274507827e-01
4.460721570815499581e-01
4.462355937022898233e-01
4.463915067237780865e-01
4.463181193743976927e-01
4.476376102750803665e-01
4.464826472907316157e-01
4.457029508321931344e-01
4.460465902166672048e-01
4.467991290696276541e-01
4.458223623613703501e-01
4.445570549011893524e-01
4.449289365915451988e-01
4.453600606245181615e-01
4.443158087405834067e-01
4.441281929366844849e-01
4.444297052076933152e-01
4.448435158777894749e-01
4.441326014130986266e-01
4.444312000731520107e-01
4.445617936445209750e-01
4.451786148130132403e-01
4.439842964096375466e-01
4.450005922554438054e-01
4.440419044069551791e-01
4.453657832815546835e-01
4.443090691897477740e-01
4.445418694577442098e-01
4.445375856165946216e-01
4.447038031474769282e-01
4.442128390597517296e-01
4.442025394293807050e-01
4.439656469781605996e-01
4.445184516329486746e-01
4.439328819769305379e-01
4.451846200548404964e-01
4.440428886713006507e-01
4.436671704760328794e-01
4.437740197852781954e-01
4.443018032847061982e-01
4.436646970265805123e-01
4.433992295414207474e-01
4.444374378603754838e-01
4.432387075053489389e-01
4.437659440585933202e-01
4.434153510963512179e-01
4.424627867148264171e-01
4.418501276927097599e-01
4.417743897566199229e-01
4.425624565478297745e-01
4.418974227716383485e-01
4.416055054279695025e-01
4.417818676604692296e-01
4.420690710893819819e-01
4.415520906534535772e-01
4.420428272677935366e-01
4.417619173974534630e-01
4.417596512927217112e-01
4.414822121650831543e-01
4.414914466435318485e-01
4.416107737272491063e-01
4.413743343941297081e-01
4.417959767092001777e-01
4.417096002190152859e-01
4.413716923925626867e-01
4.420178292014716459e-01
4.412360009371916192e-01
4.421413744912723320e-01
4.411675283733595410e-01
4.439375645276184001e-01
4.407387466402031828e-01
4.415587109071992256e-01
4.408781188199717427e-01
4.420147670027108622e-01
4.404913135924149459e-01
4.399422414862722563e-01
4.398895126189754090e-01
4.396270222700814911e-01
4.400293068982122913e-01
4.402444997759699108e-01
4.397889245312018858e-01
4.394384360869723616e-01
4.396485717168604479e-01
4.399093509631974985e-01
4.391361465697066757e-01
4.397051391988540114e-01
4.396903272751743752e-01
4.391550213753576126e-01
4.391999211342926257e-01
4.391033982842250105e-01
4.393266260052031136e-01
4.394473793739182566e-01
4.390364021206944467e-01
4.392265953950995616e-01
4.392421018189823223e-01
4.392989593535525650e-01
4.394679911435019903e-01
4.391955119060750867e-01
4.389494594708489017e-01
4.402281524485570641e-01
4.394391751322910267e-01
4.413018444398220663e-01
4.395117065759789887e-01
4.390339023067432178e-01
4.390116416985164194e-01
4.426683847128715654e-01
4.390621758775191119e-01
4.388066740924508879e-01
4.387286825573750160e-01
4.390536591072371486e-01
4.394368323356185324e-01
4.374805452147886853e-01
4.373512839888435422e-01
4.366957386050875356e-01
4.366771750125634788e-01
4.366888093519434300e-01
4.368271259406948381e-01
4.377033491584759184e-01
4.365295668082580516e-01
4.363611289438732443e-01
4.362678338828329117e-01
4.370889427444065167e-01
4.363990139428417514e-01
4.371994845336234503e-01
4.366391028931984608e-01
4.377212392749695313e-01
4.364396967539053152e-01
4.357175774201372254e-01
4.358826831235186883e-01
4.365212523777263209e-01
4.355950014341110621e-01
4.384434460268444855e-01
4.354624027070734815e-01
4.375805165272003139e-01
4.356143069519435862e-01
4.371645561733953356e-01
4.369358003056623141e-01
4.338276520506684220e-01
4.342758950864124001e-01
4.338097954389475985e-01
4.336862776525413632e-01
4.334368284468880783e-01
4.336369408518216950e-01
4.332900117042161048e-01
4.332527919061767152e-01
4.347055112892342921e-01
4.329971865432662992e-01
4.329807224217511741e-01
4.329593116336301062e-01
4.340741194091448096e-01
4.329559175200254906e-01
4.332209409565763725e-01
4.330292224836401749e-01
4.335579655245113684e-01
4.331532382136119019e-01
4.334114937703771320e-01
4.328788451681435667e-01
4.331579790771340477e-01
4.329288277935288698e-01
4.335081574498302892e-01
4.327334278390066458e-01
4.335119316587412452e-01
4.330961622491962260e-01
4.333826817175553403e-01
4.326112487928292505e-01
4.318423811447239524e-01
4.319356833171149601e-01
4.326703269228986959e-01
4.326378566956244898e-01
4.321458652384828070e-01
4.320439529313122029e-01
4.322229010225707158e-01
4.317181789069707842e-01
4.317706139248880248e-01
4.313810666228417023e-01
4.311287617037209974e-01
4.312301268269481680e-01
4.310615601462712276e-01
4.310790792675345262e-01
4.310996188080927771e-01
4.310300784025108412e-01
4.308806133244585390e-01
4.308168610739923632e-01
4.310587648318092158e-01
4.309314670965143090e-01
4.308222354427745371e-01
4.309810984001823941e-01
4.316389654314164437e-01
4.308208266641314621e-01
4.315456946810108940e-01
4.309482291053513547e-01
4.330490020882813984e-01
4.312690599674544045e-01
4.319789111400503812e-01
4.307572052057152545e-01
4.311392551773768345e-01
4.307169090106571785e-01
4.325788455860700710e-01
4.306322891936163466e-01
4.317132952818624192e-01
4.312565735422204671e-01
4.303857948399336664e-01
4.306010529790909591e-01
4.308627727008488284e-01
4.301583914723339785e-01
4.309075293302063181e-01
4.298488870554217356e-01
4.298118422196512967e-01
4.297281750242615272e-01
4.306399776037783123e-01
4.297928672302934738e-01
4.303241589170219150e-01
4.292868728817313961e-01
4.292048021513736877e-01
4.292595244820464062e-01
4.300237299290968762e-01
4.292497837930142612e-01
4.301047337414874994e-01
4.296330086789014735e-01
4.299925216880461920e-01
4.292367781983794095e-01
4.300493008042378107e-01
4.292725108723323690e-01
4.307097271785611525e-01
4.289234994253982580e-01
4.328774749841813874e-01
4.287381617904609810e-01
4.286077337838052892e-01
4.286455770622554229e-01
4.303093093558970073e-01
4.288850691359378242e-01
4.290678591988630330e-01
4.283595808709936836e-01
4.288317270035452156e-01
4.283817093882230642e-01
4.290577689043417742e-01
4.297080327504545494e-01
4.273642184901524366e-01
4.274430621249735163e-01
4.282901918643644001e-01
4.274723689194807053e-01
4.275249461820765373e-01
4.271124029063638194e-01
4.277569531439781580e-01
4.275664980886415556e-01
4.284038127750375291e-01
4.272887686373614269e-01
4.278203023143081207e-01
4.271114727014429513e-01
4.282320988006066420e-01
4.271503192587504105e-01
4.276174037955700613e-01
4.272134131904137822e-01
4.274758058495984892e-01
4.274523596558160166e-01
4.277030183427723564e-01
4.271043758318707750e-01
4.275361302757587079e-01
4.270561978270144277e-01
4.271551873497887453e-01
4.278911453442312274e-01
4.285461361236151401e-01
4.272648223428925918e-01
4.272567130985082673e-01
4.270136961626511685e-01
4.292797117504846272e-01
4.270345404841035530e-01
4.271207297800398983e-01
4.268901684090087856e-01
4.273433438454316557e-01
4.272072650099423829e-01
4.268962329183410009e-01
4.267651085739517236e-01
4.266406542475270625e-01
4.268569857680125090e-01
4.267825745829878503e-01
4.266944212395028524e-01
4.268567674022988312e-01
4.266467327895309136e-01
4.272401949244002406e-01
4.264970724159931059e-01
4.277250058826312373e-01
4.265615618436851553e-01
4.266302609885510577e-01
4.267536085830977988e-01
4.270241150983837275e-01
4.268022142934218000e-01
4.271954652203848180e-01
4.266465867406882273e-01
4.269464841076444084e-01
4.265469667856450764e-01
4.292118098193339892e-01
4.264948562562131951e-01
4.263395121156366430e-01
4.266136672171531585e-01
4.268325639703764995e-01
4.267897379796674606e-01
4.282771958194471762e-01
4.267921918858687547e-01
4.257086205548902269e-01
4.256655782997685322e-01
4.271358691467382340e-01
4.255234350718595238e-01
4.258524224634545607e-01
4.253714186470901604e-01
4.263903835543739196e-01
4.255083466912878976e-01
4.271643984465427479e-01
4.254581622299721255e-01
4.259026647061582849e-01
4.253275820047470734e-01
4.261009222440568789e-01
4.255673356259763729e-01
4.253474983988513314e-01
4.257460301821630599e-01
4.265531335637796628e-01
4.253665296703623699e-01
4.257550459031502754e-01
4.253736305501054638e-01
4.255558692340383753e-01
4.253366665292694915e-01
4.257545425324740784e-01
4.260914099176570380e-01
4.269685260381420044e-01
4.255474582994663302e-01
4.257640909445334909e-01
4.252826036573649771e-01
4.257011365635122724e-01
4.253181260392801533e-01
4.253570403991760451e-01
4.252125683344786244e-01
4.252583363239254566e-01
4.254695504517825855e-01
4.256459356953912199e-01
4.250760854465497340e-01
4.249373617562759442e-01
4.251010228281636438e-01
4.252000757276747089e-01
4.249378653710512710e-01
4.253316571388884859e-01
4.251013318697338117e-01
4.254083020361487111e-01
4.252502059995399986e-01
4.256127049881283653e-01
4.250983098572420071e-01
4.256622119214510946e-01
4.249054877513448458e-01
4.251696138947861359e-01
4.249778700535947751e-01
4.256982967715493005e-01
4.249385272236438915e-01
4.268117830585620442e-01
4.251297942347746495e-01
4.256869529019335907e-01
4.249572019201294237e-01
4.256728520091646595e-01
4.251797505461142324e-01
4.258599362021852075e-01
4.250252460545954070e-01
4.257597529962857674e-01
4.253187184367457907e-01
4.267623231150610708e-01
4.249145013862875020e-01
4.244860492318239809e-01
4.244908866678461790e-01
4.244387291987643529e-01
4.244636922312184923e-01
4.247029100539639335e-01
4.245003637181239964e-01
4.244905843266647549e-01
4.244736538982570306e-01
4.245975004086505744e-01
4.244587928124107234e-01
4.245876459287040716e-01
4.246156161325104206e-01
4.246361655530363488e-01
4.245056317335239027e-01
4.246513465241391616e-01
4.242148974454602040e-01
4.241629295574800285e-01
4.241034703548547391e-01
4.245358102479904194e-01
4.240879985402558061e-01
4.241476169527262918e-01
4.241067183996106160e-01
4.241815674830337057e-01
4.241178071677750294e-01
4.243332390791239583e-01
4.240636173632667538e-01
4.242533002286022481e-01
4.240990728534033138e-01
4.241264914749379722e-01
4.240811821370657486e-01
4.241832433163315597e-01
4.240501565338031242e-01
4.244421976322290679e-01
4.240576280845453350e-01
4.240545985634335269e-01
4.239750287322189282e-01
4.239614967745558571e-01
4.239738119336301514e-01
4.245210228715729506e-01
4.239063831743559718e-01
4.240606547826858974e-01
4.238392343120250816e-01
4.239150499002991013e-01
4.238341334874696220e-01
4.238609407536394480e-01
4.242066619695416541e-01
4.237188305091162954e-01
4.237606700776369029e-01
4.236949523939957940e-01
4.238096327779299344e-01
4.238470196972181081e-01
4.238471716263554900e-01
4.238105777924719986e-01
4.237546075859505157e-01
4.237514139389632062e-01
4.237731188208069266e-01
4.237343787709618725e-01
4.236730315102660849e-01
4.239064034958200944e-01
4.236960898232723371e-01
4.234554208432167455e-01
4.235027216513385651e-01
4.235319919886485485e-01
4.234448338233333664e-01
4.235052335507974441e-01
4.236594901443216377e-01
4.234550466603937968e-01
4.235691220157338233e-01
4.235385235736027210e-01
4.235228370574627421e-01
4.234490505227084811e-01
4.233905825513387122e-01
4.235515901510568115e-01
4.233973124359591833e-01
4.236573220457605093e-01
4.232531298492458460e-01
4.230369444934630740e-01
4.230520714831115248e-01
4.233230585890702669e-01
4.229574851543474456e-01
4.229652446806451138e-01
4.229384339709065244e-01
4.228943269041232633e-01
4.229374668646923574e-01
4.229154403483915137e-01
4.228653347750760405e-01
4.229166297977857703e-01
4.228989281552073543e-01
4.229326930675838536e-01
4.228751303407661810e-01
4.229755576773885362e-01
4.228069451126930112e-01
4.228545628916732801e-01
4.227600602236315508e-01
4.226213722475784529e-01
4.226810870859030178e-01
4.226859403665085280e-01
4.226137432962273066e-01
4.227367706938225944e-01
4.225444195021660909e-01
4.226122797882115867e-01
4.226183729845355286e-01
4.228129120173583222e-01
4.225622400088024921e-01
4.226298725321424588e-01
4.225581168223064288e-01
4.227099451204875957e-01
4.226305909662704807e-01
4.225565346615490769e-01
4.225959909498409606e-01
4.230203664550898912e-01
4.225159827379652011e-01
4.226401003630739228e-01
4.225359392952208748e-01
4.227404532102083112e-01
4.225553689967308513e-01
4.225490446733309313e-01
4.224787165556139201e-01
4.233980410720604159e-01
4.224774101952742389e-01
4.225783070679151598e-01
4.225718316324084123e-01
4.223467810685822554e-01
4.225270595543892393e-01
4.223047145321664475e-01
4.223124675002443706e-01
4.225101488135106775e-01
4.223880779194518764e-01
4.225924476972182653e-01
4.223668053974246606e-01
4.224308019947973225e-01
4.222535748632766373e-01
4.223614824077281393e-01
4.222912264322467024e-01
4.227140715331875187e-01
4.222110761812618573e-01
4.223813372768407959e-01
4.222497334480956321e-01
4.225910255371355673e-01
4.221660470981373203e-01
4.221603484787563310e-01
4.222051286460918873e-01
4.221843317459342826e-01
4.221620932029740425e-01
4.222141660448786582e-01
4.221930229970186077e-01
4.222381477825655760e-01
4.221961858658933586e-01
4.222247055922457859e-01
4.221343067932541993e-01
4.222064695701138737e-01
4.221504898784115833e-01
4.227765665811495377e-01
4.221407039679156981e-01
4.220431828884708692e-01
4.219339240350587494e-01
4.223129699367754175e-01
4.219847821324605452e-01
4.219510249814902858e-01
4.220082060219850217e-01
4.220013382290895287e-01
4.220533465702629439e-01
4.220491766840943626e-01
4.216947900252734915e-01
4.216786248463379461e-01
4.217456480086660964e-01
4.219421616450379497e-01
4.217215840122544579e-01
4.217163307865756106e-01
4.216994905761434209e-01
4.219329487689224556e-01
4.216770988842312162e-01
4.218735381673054952e-01
4.216895487573485424e-01
4.218268474784636624e-01
4.217096691318897861e-01
4.221459241263795237e-01
4.217234626829203803e-01
4.218872678571822799e-01
4.216069181652096209e-01
4.218172198363950853e-01
4.219365063595562071e-01
4.215296242413113514e-01
4.214525711288131804e-01
4.210613403594049009e-01
4.210888336982800961e-01
4.213815523304868527e-01
4.210199233102565608e-01
4.210334246103767386e-01
4.212737115617977146e-01
4.210703502908159646e-01
4.209997370002459549e-01
4.210004396175800467e-01
4.213143004185485596e-01
4.209881267634927871e-01
4.206420847767645133e-01
4.205683071549050078e-01
4.205480718518501693e-01
4.204578113729254274e-01
4.204290574171443695e-01
4.204902356207982916e-01
4.205698638796310229e-01
4.204278637600321611e-01
4.205759442250058822e-01
4.204241034317626746e-01
4.205333623187116343e-01
4.204205934109935816e-01
4.204915535444117558e-01
4.204089681825605163e-01
4.204777886818506505e-01
4.204648958563947936e-01
4.204395253047876757e-01
4.204468180319629322e-01
4.205960119179031342e-01
4.204020645924163579e-01
4.203982870316099740e-01
4.206099044157862732e-01
4.204466834972914735e-01
4.203923380827588319e-01
4.206364904293721230e-01
4.205001976364290961e-01
4.202724612000571791e-01
4.203909400220912085e-01
4.203380415872769449e-01
4.202592562726879533e-01
4.204170019239759637e-01
4.202502382105632317e-01
4.202327719192386901e-01
4.203492676142170370e-01
4.201732843160651543e-01
4.202644632486694509e-01
4.202117572532029222e-01
4.201891453922615427e-01
4.209467715351744022e-01
4.202265808641245104e-01
4.201266086527827848e-01
4.201162392891276132e-01
4.200940314027720723e-01
4.201054392226052925e-01
4.202995533282496421e-01
4.201622908355996389e-01
4.202648935045754097e-01
4.200639352943524307e-01
4.204998083091439076e-01
4.200794132654162572e-01
4.203671928442468397e-01
4.200426695740868688e-01
4.198890731961479883e-01
4.198875166884324939e-01
4.198882928454699681e-01
4.199346848417205846e-01
4.199692778650107594e-01
4.199173682823971188e-01
4.204299724381934111e-01
4.198683963598939251e-01
4.199075337861279955e-01
4.198390030693605057e-01
4.198967420018294150e-01
4.198539352942707303e-01
4.199860838207102876e-01
4.198929383053699449e-01
4.198836278587968485e-01
4.198543081574295788e-01
4.199728306845666448e-01
4.198357547600639061e-01
4.199599010490966400e-01
4.198576608201111116e-01
4.199629014709296837e-01
4.198698769674124587e-01
4.198736391047037664e-01
4.198516367217357548e-01
4.200908898094116717e-01
4.198222200066498710e-01
4.198135667139155647e-01
4.197807869176462536e-01
4.202330070830128106e-01
4.198573892690527498e-01
4.197935041764185304e-01
4.197914902087261368e-01
4.203021109812760669e-01
4.199612048447466384e-01
4.197299811886915366e-01
4.197812221719254278e-01
4.202873450131036082e-01
4.197217781481328291e-01
4.197300605078208013e-01
4.196892726511087801e-01
4.197267533174741105e-01
4.198731941462533479e-01
4.195524111385412480e-01
4.194727658356979805e-01
4.196705469617997841e-01
4.194832958741215867e-01
4.194568195957891765e-01
4.194560086070083793e-01
4.197849653949073390e-01
4.195010681267613006e-01
4.196035613437805734e-01
4.194447803972757294e-01
4.197218214246755674e-01
4.194970136711467235e-01
4.195503371486540289e-01
4.195666174337293053e-01
4.195180917455512137e-01
4.195321708760419988e-01
4.197051960199724152e-01
4.195927758069523117e-01
4.198078246145159342e-01
4.194449050984351834e-01
4.194299422918250086e-01
4.194662194818546963e-01
4.195191229649911646e-01
4.194415820048906784e-01
4.195475331154105425e-01
4.193623282841084654e-01
4.191926012039225435e-01
4.192960885486921585e-01
4.190766756365511547e-01
4.191805567473662619e-01
4.192066086709763106e-01
4.190835492653505190e-01
4.190838063956960902e-01
4.190922768541059940e-01
4.191477256194651169e-01
4.190806659276326007e-01
4.191280717746833084e-01
4.191233687307484024e-01
4.190659517583384952e-01
4.190683858693600716e-01
4.191258806360207423e-01
4.190937466821354485e-01
4.193670640143692951e-01
4.190603443303830278e-01
4.193339267130865577e-01
4.190415631462757751e-01
4.193998463712970137e-01
4.191069597978959171e-01
4.190710999905047363e-01
4.190407101582462879e-01
4.192311093382112830e-01
4.195335334478609290e-01
4.190465760430350239e-01
4.189613103330808719e-01
4.190634683308535058e-01
4.189401016544260226e-01
4.190447898832813656e-01
4.189360471123017016e-01
4.189363799066975202e-01
4.189109476400922905e-01
4.191199896818421644e-01
4.188995855324461615e-01
4.190989630459355242e-01
4.188819512481145590e-01
4.189226840327122670e-01
4.189542020651731424e-01
4.192011901656235717e-01
4.188918165092480050e-01
4.189114995565156319e-01
4.189515619545947089e-01
4.189699111372782170e-01
4.188781062864473381e-01
4.191501746794563665e-01
4.189896187842035435e-01
4.190312880164472897e-01
4.188802013047871475e-01
4.190670642933314594e-01
4.188988387100412991e-01
4.188906472425333316e-01
4.188674968662656761e-01
4.188554090310369071e-01
4.188614169767341799e-01
4.189871670404495263e-01
4.188574373361423353e-01
4.192289367885153051e-01
4.188137937960326740e-01
4.188736294015848460e-01
4.188301632491340798e-01
4.190310004711026437e-01
4.188291185174968234e-01
4.189213629454367482e-01
4.188467069836397383e-01
4.189799659877365134e-01
4.188133346620669384e-01
4.187861432579990661e-01
4.187996984407271195e-01
4.188602946870587651e-01
4.188400620024967935e-01
4.192208858787787040e-01
4.188134758855620032e-01
4.188653641761566071e-01
4.187876488195277358e-01
4.188794550508562198e-01
4.188097464140043691e-01
4.187343213596724234e-01
4.186971995400669555e-01
4.186844880554267956e-01
4.186349289608245483e-01
4.190077324174850126e-01
4.186280445908058256e-01
4.186412431326989037e-01
4.186714759569792887e-01
4.191191476033764296e-01
4.188149017938656016e-01
4.188500891608589738e-01
4.187510309969861844e-01
4.184629455918823515e-01
4.184494232575020622e-01
4.188863399546350341e-01
4.184422403839717641e-01
4.185749580054587415e-01
4.184739546092867135e-01
4.185974343633177552e-01
4.185550267649177369e-01
4.186037320211977719e-01
4.184345772537313435e-01
4.185918444060852117e-01
4.184359227168450435e-01
4.185897180234983694e-01
4.184602931126584768e-01
4.184948371580064497e-01
4.184603775393095360e-01
4.184635434168397228e-01
4.184676775809880733e-01
4.187672917936774986e-01
4.184443969811105224e-01
4.185610751144322461e-01
4.184012766721891818e-01
4.186533822320100962e-01
4.183976011496206571e-01
4.184562975627327819e-01
4.184241254250425368e-01
4.185326389199141572e-01
4.184283280797521098e-01
4.185526085001882723e-01
4.183755377017552290e-01
4.185829529742913779e-01
4.183664021689836865e-01
4.184458634604720784e-01
4.184261864201033188e-01
4.184134995095498688e-01
4.183515543858064012e-01
4.184531660235942252e-01
4.183405129542264178e-01
4.184672743850667564e-01
4.184514011560682700e-01
4.182894874104838290e-01
4.182967743968599716e-01
4.184705911230390818e-01
4.183006279047814524e-01
4.186753915407905868e-01
4.182786850091065878e-01
4.184317037715155618e-01
4.183600115028540678e-01
4.182915776325217827e-01
4.184131140974522434e-01
4.185104362856125748e-01
4.183676405485760585e-01
4.183273135063986792e-01
4.183602100579330574e-01
4.186997132328282301e-01
4.183364889065743775e-01
4.185139321404244828e-01
4.182472411969834769e-01
4.182444224033792790e-01
4.182378565388399916e-01
4.181878879830945861e-01
4.181311417702781030e-01
4.182490323967625323e-01
4.182515255453397862e-01
4.181299907541617955e-01
4.180388605281515901e-01
4.180560379997234066e-01
4.180790022308799592e-01
4.183075172965800004e-01
4.182542139999710917e-01
4.183267507020084763e-01
4.179801199967440040e-01
4.180578661709358768e-01
4.180598886803176817e-01
4.178504077488471857e-01
4.178607187244151588e-01
4.178350110387900607e-01
4.179262010811042871e-01
4.178248720311156239e-01
4.178098741333145516e-01
4.178603915463149354e-01
4.178304984762825636e-01
4.178571719550903119e-01
4.178729035198563424e-01
4.177733271722216535e-01
4.177909388544213676e-01
4.180199529064211883e-01
4.177270355071276420e-01
4.178563664350020690e-01
4.177490037198421380e-01
4.176975612097116874e-01
4.177303584896389088e-01
4.178445966191417504e-01
4.176791108554902543e-01
4.178597364502080747e-01
4.176725361608960019e-01
4.174763089673786398e-01
4.175010469658269052e-01
4.176605788164871047e-01
4.175334014705935903e-01
4.177042698846438196e-01
4.175562139656850968e-01
4.177594847673810619e-01
4.174552499032877506e-01
4.174833858607578940e-01
4.174593745712915638e-01
4.176664444679243360e-01
4.174789733051196827e-01
4.175562270813709675e-01
4.174593422643823049e-01
4.174693488200033609e-01
4.174931398475615341e-01
4.175918717085692067e-01
4.174637108129747309e-01
4.176456437022640911e-01
4.173393669080709412e-01
4.175244318339418892e-01
4.173946689300787050e-01
4.172923007600444767e-01
4.173259110826775808e-01
4.173526141876586770e-01
4.173504908860480311e-01
4.174683984153824690e-01
4.172812379911996494e-01
4.174299530543337799e-01
4.173363761540599404e-01
4.172682566620827260e-01
4.173162165065891771e-01
4.177359464430810965e-01
4.172677669000384726e-01
4.172828389005551197e-01
4.172404453004509572e-01
4.174469230124850383e-01
4.173128635513682072e-01
4.174380258157853740e-01
4.172160793598303496e-01
4.172821599065085207e-01
4.172410840769740781e-01
4.172280748487449120e-01
4.172629156609656831e-01
4.173647848698778806e-01
4.171868609582841669e-01
4.171849329864620870e-01
4.171420893769781646e-01
4.173305105619721234e-01
4.171029377871483534e-01
4.171736929729772947e-01
4.171367651667200471e-01
4.172274782347948907e-01
4.170980991821021666e-01
4.171634099771821536e-01
4.171066016581279068e-01
4.171604920076259493e-01
4.171229927793338454e-01
4.168154612352169552e-01
4.170311888177681281e-01
4.166734709798771696e-01
4.167919270535010434e-01
4.168392198987485586e-01
4.166757391126565402e-01
4.166313634644633890e-01
4.166542550572070458e-01
4.168850250514836153e-01
4.167065442239216155e-01
4.167483093635682145e-01
4.166698114946034148e-01
4.167725274483443099e-01
4.166570205320422327e-01
4.166486926555575399e-01
4.165922486911325939e-01
4.166510253730809632e-01
4.166126763413988687e-01
4.165797568105017445e-01
4.166339355618258189e-01
4.171004908428059821e-01
4.167237826282113589e-01
4.166434931397303698e-01
4.165875134403565494e-01
4.168134660761821930e-01
4.166963312901879601e-01
4.165511665191037882e-01
4.166053287448424625e-01
4.168152235901959046e-01
4.166021182177783722e-01
4.167478789444957199e-01
4.165603353007722442e-01
4.165851457192603635e-01
4.165598417631075079e-01
4.168614643795785502e-01
4.165868972787797331e-01
4.165444253406700437e-01
4.165662851274512524e-01
4.165021463974379334e-01
4.164958360440249585e-01
4.166823303504874620e-01
4.165048942462949988e-01
4.166413239164982740e-01
4.164956850667986821e-01
4.166039107821815635e-01
4.164840973918213507e-01
4.165437197564055283e-01
4.164571184069413290e-01
4.165899478317162119e-01
4.165213248635335486e-01
4.165260864352406389e-01
4.164404097593026877e-01
4.164619594275221215e-01
4.164904581733975819e-01
4.165087703505853112e-01
4.164254853383269062e-01
4.164890815288810888e-01
4.163855690255240383e-01
4.172681534992995767e-01
4.163686279921657296e-01
4.161822918950739414e-01
4.163766049157788252e-01
4.163090849772067559e-01
4.161388795237142557e-01
4.159814194780449004e-01
4.160129183681163245e-01
4.160039550498687566e-01
4.159975067560451878e-01
4.161390101860873436e-01
4.161347826028404251e-01
4.161813444342806201e-01
4.161152991548223157e-01
4.160299377469778848e-01
4.159690294880459271e-01
4.162283851978120230e-01
4.158478936149790361e-01
4.157894788964561217e-01
4.157475495011541677e-01
4.156715309658826074e-01
4.157062959666154023e-01
4.159430293235621967e-01
4.156713419140555255e-01
4.158468218048567699e-01
4.157447634268180980e-01
4.158117410588005880e-01
4.156977798960180270e-01
4.155130831606549946e-01
4.156163486731540013e-01
4.154701329516354291e-01
4.154155292962900536e-01
4.155779117608363049e-01
4.154381803083873614e-01
4.154387018376660690e-01
4.154796917887838559e-01
4.153707447011226184e-01
4.153142117189534410e-01
4.153799688097854492e-01
4.153365925603252351e-01
4.154267398234668396e-01
4.153221569118694112e-01
4.155700955938484431e-01
4.153855577774311358e-01
4.154798887050295542e-01
4.153169310928789826e-01
4.152707870005370450e-01
4.153019026709099393e-01
4.152126730386422326e-01
4.152070651607035479e-01
4.152662348302394446e-01
4.151945765617092166e-01
4.153483172893165931e-01
4.151726392822286948e-01
4.152797639187766343e-01
4.152199486870950529e-01
4.152848572160687257e-01
4.151662313214826150e-01
4.152340768212406941e-01
4.152175529438482671e-01
4.152718923631065207e-01
4.157455984498884538e-01
4.151646727757908883e-01
4.153352833473378247e-01
4.149990158042333177e-01
4.148483435328301772e-01
4.157678550254469418e-01
4.148837103251412639e-01
4.148678479478438152e-01
4.148957176021072502e-01
4.147786317337686102e-01
4.147812197302944703e-01
4.147254769988500955e-01
4.147621237552795437e-01
4.149049638828330444e-01
4.146456305902807560e-01
4.148328284493891793e-01
4.146307876997637476e-01
4.145207470913541692e-01
4.144855491302437689e-01
4.145023315484320792e-01
4.144709515930362631e-01
4.145184632474703812e-01
4.144777799130328066e-01
4.147238911379647619e-01
4.145408480214751723e-01
4.146405821109285239e-01
4.143550890091740047e-01
4.145568449527108346e-01
4.144606644245569793e-01
4.145366750902429454e-01
4.142984028948389907e-01
4.145859916082733077e-01
4.143802550840143262e-01
4.139787630795363493e-01
4.139968814401521202e-01
4.140836881413273995e-01
4.139991020366717844e-01
4.139811540950005808e-01
4.139546828995978034e-01
4.140484110062598866e-01
4.140010305531061641e-01
4.139511544527555431e-01
4.139605542954353790e-01
4.139227014493699341e-01
4.139174837207287849e-01
4.139835582685992277e-01
4.139761598469202664e-01
4.139787577158164367e-01
4.139523388377926438e-01
4.152280500027986654e-01
4.139200053913599242e-01
4.136214427672935123e-01
4.136177105166443657e-01
4.137108682315010499e-01
4.136208618460811004e-01
4.136577872893199004e-01
4.140333641970850853e-01
4.136434666253623327e-01
4.136606083443910564e-01
4.136521328756753713e-01
4.139567360839541688e-01
4.136885468062826421e-01
4.136554514063468524e-01
4.137288041049917986e-01
4.136604863647582175e-01
4.137035031109699834e-01
4.137779603635807768e-01
4.136527108656339324e-01
4.137960362787482249e-01
4.136028946414753160e-01
4.137293622731299525e-01
4.135420851171424106e-01
4.137202615609543166e-01
4.136089245687684657e-01
4.136937887051971852e-01
4.136587226929587247e-01
4.135380899039078906e-01
4.135806213010330135e-01
4.136489127849712344e-01
4.135197260551244369e-01
4.137091410259333690e-01
4.134895699206774800e-01
4.138394035898158019e-01
4.134432139736569645e-01
4.137831214970861815e-01
4.135045315858836834e-01
4.137180366998203795e-01
4.134816882048094611e-01
4.136894333404562696e-01
4.134110213637653963e-01
4.138978579326534901e-01
4.135756674689768375e-01
4.139283968323891338e-01
4.135509325856127627e-01
4.134875861594815016e-01
4.134632901923134263e-01
4.133919993531055548e-01
4.133891188079166779e-01
4.131168889946277289e-01
4.134677569250823637e-01
4.130658583684347906e-01
4.130963407389378061e-01
4.130644429779636861e-01
4.130222835389389946e-01
4.130762387996457785e-01
4.130646991800339674e-01
4.130441380424299536e-01
4.130365030709073904e-01
4.130441471391969044e-01
4.138714535610921730e-01
4.134637981599521561e-01
4.134930961674668781e-01
4.130257503831685773e-01
4.128396790486806855e-01
4.128407730266636655e-01
4.127438432621194364e-01
4.127390837919792665e-01
4.130531875840748324e-01
4.127638853208254188e-01
4.125685578833599432e-01
4.125593921868377367e-01
4.125903441671979199e-01
4.126233359982901527e-01
4.127506626836267567e-01
4.126037962555605954e-01
4.124596127260587997e-01
4.124536914412320066e-01
4.125675940987215684e-01
4.125214929636631389e-01
4.125308852668665982e-01
4.125532951755671029e-01
4.124452630754593674e-01
4.123732316311339297e-01
4.125059644396393277e-01
4.123920936787210390e-01
4.124572404735905029e-01
4.123513535113201844e-01
4.123623041908056064e-01
4.124154306988638274e-01
4.124538521364146670e-01
4.123446691802807873e-01
4.122116932328615535e-01
4.122832613288611725e-01
4.123245499153737059e-01
4.122505624629294596e-01
4.122776811740487823e-01
4.122536716031087178e-01
4.122963856964155793e-01
4.122279875977847285e-01
4.122539666493775234e-01
4.122138307440120775e-01
4.124460763504408378e-01
4.122673565290306819e-01
4.123959471939984134e-01
4.122573125072880318e-01
4.128554987304940416e-01
4.122268058822959325e-01
4.135507205367650596e-01
4.123817062308220427e-01
4.119139989556327430e-01
4.120066281175183143e-01
4.120615339305266356e-01
4.119513575684714546e-01
4.123540446677021465e-01
4.119253434388112645e-01
4.120622268331161631e-01
4.119893433670448468e-01
4.119851555348750805e-01
4.119091487832450271e-01
4.119556719968108238e-01
4.119523897870311369e-01
4.120067086975191528e-01
4.119556181047419052e-01
4.121113015925400025e-01
4.118606613631709545e-01
4.119853946286273771e-01
4.119049229252300104e-01
4.121684729002118575e-01
4.119366240377860255e-01
4.118980561071365343e-01
4.119091151160863551e-01
4.119941312336934947e-01
4.119119409321623237e-01
4.118487207650238235e-01
4.119880447918952138e-01
4.120701058597591726e-01
4.118542584086915537e-01
4.119500638715213325e-01
4.118401783242837122e-01
4.118247552309551862e-01
4.118549052432520785e-01
4.119027941951448613e-01
4.118576233359320105e-01
4.117823177764398657e-01
4.117757919497259111e-01
4.126064055976475520e-01
4.118913838729210686e-01
4.118561972258659720e-01
4.118186587209801131e-01
4.119749122213132164e-01
4.118766946016847452e-01
4.115580689426633354e-01
4.115487346988024875e-01
4.116968537507934012e-01
4.115357518822539418e-01
4.116066558899003081e-01
4.115796125574757713e-01
4.116126846858658150e-01
4.116200171873033997e-01
