1.038980769386075087e+00
1.038457339108768362e+00
1.039163946855431453e+00
1.033308317962763345e+00
1.037669233749504150e+00
9.892172035054251911e-01
1.059502935184535533e+00
9.683038893820266058e-01
9.883041884629006901e-01
9.728437470611019933e-01
9.682991609430718905e-01
9.629323197295452941e-01
9.831585695421439786e-01
9.365157590235545504e-01
9.657419575401184897e-01
9.380131922390804178e-01
9.483708169307999425e-01
9.299562200520566924e-01
8.900632282209700596e-01
8.984506861574617087e-01
8.899376391652422669e-01
8.948563699212018774e-01
8.859586545711186645e-01
8.855189003936411174e-01
9.238277356198365542e-01
9.929698716163448680e-01
8.612700106778137243e-01
8.468852519829572767e-01
8.468852519829574987e-01
8.468852519829574987e-01
8.465359655970863262e-01
8.435208512215768284e-01
8.289642791862915638e-01
8.708160391407311351e-01
8.289642791862915638e-01
8.277962853228673090e-01
7.938670893070023382e-01
8.857978429329174119e-01
7.938670893070022272e-01
7.938670893070022272e-01
7.938670893070023382e-01
7.910868188728583661e-01
7.909739381102421918e-01
8.078477794039806703e-01
8.316026678597161492e-01
7.909739381102420808e-01
7.909739381102420808e-01
7.909739381102420808e-01
7.909739381102420808e-01
7.909739381102420808e-01
7.910430738440888954e-01
7.735591890906012846e-01
7.735591890906012846e-01
7.735591890906012846e-01
7.735591890906012846e-01
7.612389544008441034e-01
7.612389544008441034e-01
7.612389544008441034e-01
9.651514861979054727e-01
7.615176422385557808e-01
8.827262541370914928e-01
7.607491964527204331e-01
7.836254651137126714e-01
7.590700390999336467e-01
8.072272209870150483e-01
7.360212311258568230e-01
7.333350884659578517e-01
7.332465089950062076e-01
7.312864327859542879e-01
7.312916260704174221e-01
7.381364929775995343e-01
7.340120590961272118e-01
7.742621551743343877e-01
7.312470038550319407e-01
7.300023977321926649e-01
7.233153844273072508e-01
8.482425303565144237e-01
7.215453573203567395e-01
7.731576004122279189e-01
7.196945390609392756e-01
6.905541579175016320e-01
6.905152783039510966e-01
6.921240684889147232e-01
6.883630089775072403e-01
7.005434016115839047e-01
6.883630089775072403e-01
6.903450440821958800e-01
6.883630089775073513e-01
7.206045968155642134e-01
6.884743471529929382e-01
7.639114048250951194e-01
6.881280875554954823e-01
6.916805266331985669e-01
6.881280875554954823e-01
7.000214933153240393e-01
6.881280875554954823e-01
6.948655719704167621e-01
6.881280875554954823e-01
7.468406334291584070e-01
6.881280875554955934e-01
7.099324616532798338e-01
6.849195206966173233e-01
6.861352596736783882e-01
6.838051545681241850e-01
6.815361900181675647e-01
6.815361900181675647e-01
6.908756752546681978e-01
6.815361900181675647e-01
7.077194877605786916e-01
6.815361900181676758e-01
7.313594130639581303e-01
6.815361900181676758e-01
7.783489398063252462e-01
6.815361900181675647e-01
7.404553306730418116e-01
7.213421125172422288e-01
7.461500944100512012e-01
6.815361900181675647e-01
7.382174630739687382e-01
6.815361900181675647e-01
7.374849716206069994e-01
6.817369687305168124e-01
7.053696970405034516e-01
6.781334097010385253e-01
7.060636802941544499e-01
6.777787145292422100e-01
6.881271383025915345e-01
6.731755971024998564e-01
7.302213820185463611e-01
6.706423731668216259e-01
7.464619958546058198e-01
6.717527761733678160e-01
7.208360728095417613e-01
6.706859425042761558e-01
6.989248804132899284e-01
6.708571176124928925e-01
6.826941547550818834e-01
6.739177828479874233e-01
6.780380445273727075e-01
6.716138704501475321e-01
6.992697542340186034e-01
6.846308268007140763e-01
6.978705907349890269e-01
6.687282736928805704e-01
6.824711167704330395e-01
6.621023929388125673e-01
7.171626075712085324e-01
6.627896273451053810e-01
7.018469748918462203e-01
6.499621945176980997e-01
6.636918721487570227e-01
6.472691272749201419e-01
6.732937882579990152e-01
6.434778241277641087e-01
7.315694142954938251e-01
6.468338210920927533e-01
6.861684825031907353e-01
6.438236424236862820e-01
6.637676883170198217e-01
6.451725062525939247e-01
6.812445780107806437e-01
6.429316775630551373e-01
7.814033780052310751e-01
6.432617658052184328e-01
6.607397528006833110e-01
6.429275302134742631e-01
6.663881248561634996e-01
6.433384864909422740e-01
6.756688934329566631e-01
6.423897089676980920e-01
6.397540364303042626e-01
6.389080376675423389e-01
6.424755251864074923e-01
6.389080376675424500e-01
6.402606803458950058e-01
6.395654727585226018e-01
6.410115337061748075e-01
6.391415831239910528e-01
7.272919439085259175e-01
6.390669308871778087e-01
7.050825862731092686e-01
6.395125499934660729e-01
7.148562151471091752e-01
6.394677873335657958e-01
6.399707607852184177e-01
6.398035420510413962e-01
6.478040506597120274e-01
6.413281061347119172e-01
7.255322539245808722e-01
6.410846011448880777e-01
6.651686614974552381e-01
6.420389219790304525e-01
6.450704987071144147e-01
6.380405172936651770e-01
6.555209834295694371e-01
6.433154461613829200e-01
6.870078707629401205e-01
6.449662284110233568e-01
6.815299474686475900e-01
6.503214071757824621e-01
6.306370322829287778e-01
6.231787338583185676e-01
6.541714065113047871e-01
6.237182706412982558e-01
6.376582872331902907e-01
6.257041454508822653e-01
6.594674702472199668e-01
6.214961575736328570e-01
8.235298025831608859e-01
6.239772264570280225e-01
7.343427349054012510e-01
6.287756153680851279e-01
6.573763904666201086e-01
6.149010429576908798e-01
6.757885562151695336e-01
6.277559527063096834e-01
6.288088040369167464e-01
6.358071216676456361e-01
6.895598302156064063e-01
6.153915838897683344e-01
6.399186548039748068e-01
6.260531946823834071e-01
6.554771374700566478e-01
6.327490283043231134e-01
6.423747924341631776e-01
6.218685555007567034e-01
7.278455048372081126e-01
6.223222369127375808e-01
6.525482011001223492e-01
6.310011703792055560e-01
6.109037685111933236e-01
6.127769417034839572e-01
6.115342467485153088e-01
6.095361815965812946e-01
6.090581867311939401e-01
6.068286632527100100e-01
6.069257697534904406e-01
6.085138460125419924e-01
6.081054696962373551e-01
6.062536626717880406e-01
6.069105085606903982e-01
6.160407930129424559e-01
6.099575744683457534e-01
6.245811512396917120e-01
6.063958354481135959e-01
6.207800621901580218e-01
6.092311059258921357e-01
6.096012556031306096e-01
6.078590443958444833e-01
6.131949634447204645e-01
6.069878786961842021e-01
6.108737859528018399e-01
6.066448490977423003e-01
6.067334695806050338e-01
6.068264380447419004e-01
6.067436726111299361e-01
6.066591165432498878e-01
6.070288198810106506e-01
6.057773463377762457e-01
6.073360474453185498e-01
6.078576759561858944e-01
6.096143369832999204e-01
6.091396069896937160e-01
6.177535789817514278e-01
6.263275264278208576e-01
5.694508875889249255e-01
5.961366929293495653e-01
5.781919041692197281e-01
5.693129335037702132e-01
5.684130798720741229e-01
5.782866382964281238e-01
5.628588718219719178e-01
5.621125041709100767e-01
5.615034773841071081e-01
5.740760473424543209e-01
5.622659759231950494e-01
5.708519910721815416e-01
5.598584753462206853e-01
5.637436296800459878e-01
5.621326055679999323e-01
5.711658228700725592e-01
5.632136093251782771e-01
5.756782070738475365e-01
5.577440081029317875e-01
5.485793733055190913e-01
5.566229095379108260e-01
5.370798495017373719e-01
5.408072846454136107e-01
5.410718712497452065e-01
5.397039330327403350e-01
5.513786979014416723e-01
5.359066356571872136e-01
5.393440505939297580e-01
5.357139044092438240e-01
5.474933670443139500e-01
5.361351150687408973e-01
5.355462817096841022e-01
5.377753410768778553e-01
5.420860021057800626e-01
5.367589169527267057e-01
5.388133831436148213e-01
5.372160079207715100e-01
5.399944393890763195e-01
5.333310217110331930e-01
5.280279558506851822e-01
5.277677916384255763e-01
5.659572284117287966e-01
5.281471142915256101e-01
5.345575110228957261e-01
5.265540346560884100e-01
5.269349338796145421e-01
5.269547831081897726e-01
5.331059994562193927e-01
5.266426328412799895e-01
5.347705927314078123e-01
5.268722730577888314e-01
5.329064966303774797e-01
5.277994378205279613e-01
5.342986432596301682e-01
5.276305049403120506e-01
5.404927720983733197e-01
5.266889826889725734e-01
5.371648859197041270e-01
5.475221497211115729e-01
5.491548564399858501e-01
5.267409334517592079e-01
5.316015216657647979e-01
5.304730575968471529e-01
5.096897630139743951e-01
5.119981540782767571e-01
5.300303116077120791e-01
5.060540888387103919e-01
5.152297463934560895e-01
5.093563597995056647e-01
5.425472176513745914e-01
5.053870060611055370e-01
5.167403079779689934e-01
5.078175045340053151e-01
5.126865164516412054e-01
5.067344097477372022e-01
5.130125752538261530e-01
5.050148059445846993e-01
5.272752634569679575e-01
5.061032290515434795e-01
5.141742844221459663e-01
5.089294166819698928e-01
5.132671976186102825e-01
5.033952296123762604e-01
5.095233334020521365e-01
5.043667085448757526e-01
5.137485742470943029e-01
5.028581919016831270e-01
5.034207515424165003e-01
5.050818941860294453e-01
5.016430603091868168e-01
5.030320624300569365e-01
5.077212031308747653e-01
5.019222814671265853e-01
5.065333892496101109e-01
5.041893190871225006e-01
5.104769636440540381e-01
5.006613622768146810e-01
5.107334434293987480e-01
4.938472578328220730e-01
4.974465759397727060e-01
4.944472275654399063e-01
5.031190299913370634e-01
4.925081863741713750e-01
4.920129510969417641e-01
4.930094080173250681e-01
4.971535521929106305e-01
4.966535890515978990e-01
4.960714391907889431e-01
4.947825801974432558e-01
5.240881671515988938e-01
4.923092065486057156e-01
5.078463325838606934e-01
4.917657421100281034e-01
5.103098400414721736e-01
4.915421754327810588e-01
4.932735687841000582e-01
4.914319987496580389e-01
4.914742156588075006e-01
4.930050123418022734e-01
4.957013868076384777e-01
4.911440762593743403e-01
4.924740075193002053e-01
4.989103556287959873e-01
5.038548135452187715e-01
4.920163919292314669e-01
4.948812085840875175e-01
4.923525808382430147e-01
4.926154908303913560e-01
4.969164895571612783e-01
4.991446037179911310e-01
4.934572854532975339e-01
4.916046441599761785e-01
4.916879017575321864e-01
5.015778699138793151e-01
4.897157924634823467e-01
4.911263619897541788e-01
4.895447827373932692e-01
4.930699956123985039e-01
4.905611981602668870e-01
4.920405122438111789e-01
4.905703745316163378e-01
4.924265516512557617e-01
4.910261224249254930e-01
4.985324639749433850e-01
4.898248678218320440e-01
4.902127796589058617e-01
4.895794879378350117e-01
4.902808466737431092e-01
4.906270645969362243e-01
5.002388094031287036e-01
4.910776692128165921e-01
4.939967282415698713e-01
4.941074869682974269e-01
4.912649577967431180e-01
4.963450290357973027e-01
4.985365392354286218e-01
4.897837918548373359e-01
4.895921362828216661e-01
4.734376597539619591e-01
5.383694779409894382e-01
4.743655996467895930e-01
4.852713088350684711e-01
4.769820711230667309e-01
4.682298967969427683e-01
4.701386748986662867e-01
4.678653397390317714e-01
4.673748402115124323e-01
4.665824429214613378e-01
4.668562224646953807e-01
4.695493440690245990e-01
4.647447395037963003e-01
4.640745737083628031e-01
4.641954960788944318e-01
4.646747357193153904e-01
4.664748758907588666e-01
4.639784570634448158e-01
4.652674456002706127e-01
4.640041993429161460e-01
4.641065194045583819e-01
4.650112003713897657e-01
4.684883647681165053e-01
4.652051997272653172e-01
4.661957251194396856e-01
4.638061751175026615e-01
4.618031353018786644e-01
4.608702260852459709e-01
4.645544054776026832e-01
4.601636474924746811e-01
4.600437563410255670e-01
4.574773859594842840e-01
4.543919244236135357e-01
4.546171967441032802e-01
4.571509087559084139e-01
4.556285993348218044e-01
4.574984761061650640e-01
4.551407854533072173e-01
4.552216257289762313e-01
4.537572731044140495e-01
4.588885834832593935e-01
4.538374012031999860e-01
4.572199474506088990e-01
4.543451301373446216e-01
4.579977103587803411e-01
4.546335369271540805e-01
4.576836634126967840e-01
4.518115779281427491e-01
4.530503420398196424e-01
4.543669221277415460e-01
4.497998150600009404e-01
4.506728616512590269e-01
4.517039441080938356e-01
4.503769292786641842e-01
4.548024773206832405e-01
4.478137906276926095e-01
4.487246179705299265e-01
4.466611739285056837e-01
4.450361837454687164e-01
4.448935713010567783e-01
4.470209837688365884e-01
4.444442502399046924e-01
4.448717559898908713e-01
4.453987883714048412e-01
4.474870606047992028e-01
4.445686417936147161e-01
4.531020199673124749e-01
4.453736419025827731e-01
4.471633758473073095e-01
4.440192736506395899e-01
4.474287972180623352e-01
4.443109739411224002e-01
4.481659035379134126e-01
4.435132628024321400e-01
4.454291903735374536e-01
4.435838966179951326e-01
4.428755035430170239e-01
4.433747692319153777e-01
4.439716107188549366e-01
4.441248196640587564e-01
4.425853771137222559e-01
4.430396496922035521e-01
4.442732439535065914e-01
4.427924892335194373e-01
4.399011232080417555e-01
4.403195968798487292e-01
4.448115335496107825e-01
4.434082101635956064e-01
4.441728029696167535e-01
4.421661136777380596e-01
4.422806523844273197e-01
4.401482828696215988e-01
4.401070015735233931e-01
4.410290287865799574e-01
4.369636199859023851e-01
4.367000246934663044e-01
4.378020150447600178e-01
4.378752746852875299e-01
4.391670950788325034e-01
4.366490363529768048e-01
4.342895151778942697e-01
4.346663820529631517e-01
4.350247134367761226e-01
4.360044212123201368e-01
4.380495026874999809e-01
4.341308602768635394e-01
4.392639228995474099e-01
4.363032686421373096e-01
4.335504547268034803e-01
4.357543323010226732e-01
4.360580161552259360e-01
4.339244402872289852e-01
4.324105546636710096e-01
4.325687568813423867e-01
4.319565359331747345e-01
4.301283496587808286e-01
4.314505184378840119e-01
4.298496787997921897e-01
4.329563378670918117e-01
4.307618036594651478e-01
4.310295621917337172e-01
4.292950381173425978e-01
4.299268478819163186e-01
4.298885616180062597e-01
4.321349234243294091e-01
4.289722597283458505e-01
4.295724263000151866e-01
4.299130525279400428e-01
4.300915390779307956e-01
4.290831150779864656e-01
4.285584674932722549e-01
4.290254975550237271e-01
4.323795457812212306e-01
4.286580558035784638e-01
4.282596744115925724e-01
4.281194496429665541e-01
4.314175796953765296e-01
4.281550074263550387e-01
4.288220000930332287e-01
4.279166911189523081e-01
4.294083513570778887e-01
4.281833457963943323e-01
4.363186874730937137e-01
4.278280917018991714e-01
4.268430263239842981e-01
4.280347204129152372e-01
4.311499790190067016e-01
4.250932843146926210e-01
4.324442852153590477e-01
4.257402108862805012e-01
4.280398981648614876e-01
4.252584067095946385e-01
4.306182771383394448e-01
4.260781732770954067e-01
4.247595688376919476e-01
4.255229567248984823e-01
4.263208295454588570e-01
4.243364353484224694e-01
4.275306233785794996e-01
4.251490741689095687e-01
4.283862977847666120e-01
4.243301610494780163e-01
4.275816030048908978e-01
4.246432579328150991e-01
4.266030654032262892e-01
4.248554423416492365e-01
4.292201602759453949e-01
4.249220382476450730e-01
4.349926007408148054e-01
4.250620260735369915e-01
4.229234042738842514e-01
4.245633592686724467e-01
4.237092956480880135e-01
4.251547239317640670e-01
4.223617884043728843e-01
4.247763367297672232e-01
4.220202654621515448e-01
4.205362240581796418e-01
4.283745616132271228e-01
4.219978150444052001e-01
4.206577074888988022e-01
4.218593892636465226e-01
4.196180844245109842e-01
4.199301661085216297e-01
4.226259649164678667e-01
4.203828528819278376e-01
4.190796659574021477e-01
4.185967475355615308e-01
4.286187271115133313e-01
4.182674298122896483e-01
4.181135005294768781e-01
4.183511970133126368e-01
4.181975886755026073e-01
4.177350449737572968e-01
4.190144093671223091e-01
4.183390209921415415e-01
4.181261490269158054e-01
4.176453048120126188e-01
4.201536463208008776e-01
4.178187477640423753e-01
4.197545073524265313e-01
4.175727641220112196e-01
4.231671664098325403e-01
4.158042870374534239e-01
4.166058932275841231e-01
4.139667917382431339e-01
4.161855709533763825e-01
4.146663334022794856e-01
4.227500088582429316e-01
4.156604037818014130e-01
4.197841437514026608e-01
4.147485727247688936e-01
4.157056943917348257e-01
4.140794843953781168e-01
4.154745285241440156e-01
4.148342267341315615e-01
4.134650915485084677e-01
4.142553388674240500e-01
4.174019453675812952e-01
4.140190762269254088e-01
4.155720253549906040e-01
4.130515962241965155e-01
4.181660138180608999e-01
4.154256783233680750e-01
4.152250030292915506e-01
4.125482535051184785e-01
4.133562155234755120e-01
4.126377469211801041e-01
4.152236262934173583e-01
4.125401844462941447e-01
4.153708213983500208e-01
4.116467569975877927e-01
4.153972051595691828e-01
4.129244462829628759e-01
4.115069735753074109e-01
4.110426695315951839e-01
4.131002181907513227e-01
4.103763499234985290e-01
4.120282483597234591e-01
4.102895547305255297e-01
4.120635040935894944e-01
4.109238549051547063e-01
4.163150207542037906e-01
4.108141009016074152e-01
4.098625927258462975e-01
4.106639239872894587e-01
4.114119108479510345e-01
4.103288331751338558e-01
4.109278006661406524e-01
4.088644894408512420e-01
4.093781160703452993e-01
4.090202203713503848e-01
4.109646915170174775e-01
4.087585585369873376e-01
4.093642316580735074e-01
4.090849306551229136e-01
4.192595041578650039e-01
4.093757596087032602e-01
4.108571796829564304e-01
4.087592946626336099e-01
4.087767924569238875e-01
4.076674340536284857e-01
4.064435617661465994e-01
4.066384909720472951e-01
4.100308458741716011e-01
4.061564270133623533e-01
4.066532967483227901e-01
4.057240991373019523e-01
4.123207563657386721e-01
4.063537823172360675e-01
4.074352840643868934e-01
4.074663472084992799e-01
4.064612436212626800e-01
4.056679774854244358e-01
4.089471916056490186e-01
4.061130920865771987e-01
4.103500956636711994e-01
4.060832586169189073e-01
4.085326142662462634e-01
4.057816822697394299e-01
4.085143815688417890e-01
4.067618752605733357e-01
4.085207839729890766e-01
4.052096277976153793e-01
4.098333519443193018e-01
4.060964886154107556e-01
4.098464673791544222e-01
4.053826577770279216e-01
4.062802784341421614e-01
4.055488994497548627e-01
4.096834953516756417e-01
4.047155825492251280e-01
4.101540249911267422e-01
4.050954632866600180e-01
4.084460781807652818e-01
4.077533980324052898e-01
4.011230490834202800e-01
4.032097568287221212e-01
4.022481337268049573e-01
4.013517796597345644e-01
4.044447871722026133e-01
4.020523860512755232e-01
4.020301565941672983e-01
4.015516916478964471e-01
4.026229313474574134e-01
4.009672293381313368e-01
4.085794711560729042e-01
4.009203378373958349e-01
4.028734194055304529e-01
4.009393106084939706e-01
4.013639585098653373e-01
4.034900868066949586e-01
4.016986167625564708e-01
4.011371021926124492e-01
4.046577986197639198e-01
4.020152763842694266e-01
3.999365146063841303e-01
4.008478589129945702e-01
4.003574532601535951e-01
4.003068514031231651e-01
4.017025310698288387e-01
4.005705144215903069e-01
4.057953445348240762e-01
4.029653791730777312e-01
4.016174938405921990e-01
4.000041907975542266e-01
4.008413775973765358e-01
4.007697483754462109e-01
4.011433987903382792e-01
3.985310548378774298e-01
3.980101266088392209e-01
3.990259816203501897e-01
3.995843615629773860e-01
3.984201438797718708e-01
4.003109773397875437e-01
3.985662957148718988e-01
4.007624541141829866e-01
3.985337150507419768e-01
4.031432425854449275e-01
3.980617252599993883e-01
4.031662875294719783e-01
3.982100631989992645e-01
3.992952974168742508e-01
3.984137417088478572e-01
4.001284666243608568e-01
3.991208281151537585e-01
4.000419288161458087e-01
3.976930045966443061e-01
3.992210418942762074e-01
3.977583150709428916e-01
3.989668836264738672e-01
3.972143829175467933e-01
3.974608916578579731e-01
3.966582980549805404e-01
4.015837989681477205e-01
3.990135200792324643e-01
4.026160306959683521e-01
3.967207088200567777e-01
3.971602952798550801e-01
3.972931006281741340e-01
3.971594497442648697e-01
3.975358653993656399e-01
3.985599698910461397e-01
3.963170389376829972e-01
3.977243546157215870e-01
3.965982273338463648e-01
3.972599795257450439e-01
3.968610318217251631e-01
3.987066175656104328e-01
3.965556686500298356e-01
3.996597771709734515e-01
3.965873296712890128e-01
3.961319472347955006e-01
3.968067330744700638e-01
3.960425822177643385e-01
3.961510111827423741e-01
3.961517744292512022e-01
3.965134184007407248e-01
3.956767238038995105e-01
3.963756840660433989e-01
3.956552645937487789e-01
3.955961985688898341e-01
3.957195849459800296e-01
3.952425219951770652e-01
3.952371363525778447e-01
3.959070821696132891e-01
3.953757236933138630e-01
3.951930056832749227e-01
3.953933318229416738e-01
3.968002203433760866e-01
3.956003811900226652e-01
3.964025754276540026e-01
3.954534340781944435e-01
3.958394731624784724e-01
3.955111518923862257e-01
3.941483577963696416e-01
3.948567187281161184e-01
3.940410890995026949e-01
3.940480799819084945e-01
3.942067508485553873e-01
3.938129675242719729e-01
3.950533043191971627e-01
3.939490973880124813e-01
3.944686631272057986e-01
3.937252338206246316e-01
3.936683356314621962e-01
3.941223809670491574e-01
3.933486863044476922e-01
3.937925001001804093e-01
3.939072391858376987e-01
3.933507041189115427e-01
3.937033362206612264e-01
3.937143374079952740e-01
3.931397322763775515e-01
3.931900866729027832e-01
3.940381749386671628e-01
3.932701317805431529e-01
3.937455262638986930e-01
3.933274767889671786e-01
3.938517291297699008e-01
3.933073766557589335e-01
3.935949975419251179e-01
3.929771148518972912e-01
3.940277253964566961e-01
3.930760371035936229e-01
3.933425284265689714e-01
3.927986983686150846e-01
3.935221010704739730e-01
3.929905518344285476e-01
3.925365204383809425e-01
3.926392318727841002e-01
3.920484842796954639e-01
3.923422415333266411e-01
3.925367765658667740e-01
3.925036429437213092e-01
3.935459403211598595e-01
3.918890788552379933e-01
3.930215682324497140e-01
3.919342579252093617e-01
3.912679712608088112e-01
3.911755949838577329e-01
3.930518115689589087e-01
3.920108326935460297e-01
3.904181949663742546e-01
3.905422016908318694e-01
3.909976956000102422e-01
3.906011201128903876e-01
3.905518421372528026e-01
3.904970878038965809e-01
3.904179088500032702e-01
3.909916243013694670e-01
3.911697078142764572e-01
3.904867767401372647e-01
3.914570550029267126e-01
3.907912270552219014e-01
3.911438164251168637e-01
3.903540878741288411e-01
3.905860036264893198e-01
3.904093923709889280e-01
3.909970874966623433e-01
3.903244703261583015e-01
3.907641989731115428e-01
3.905173965343853859e-01
3.904682034708971128e-01
3.904151507784366926e-01
3.912438714473583934e-01
3.899354297207833775e-01
3.903004797078639121e-01
3.898411095430716067e-01
3.907625793350628096e-01
3.899852416930001398e-01
3.895325367760533175e-01
3.898215845934552282e-01
3.896603837743107812e-01
3.898257155669871965e-01
3.901634857754032737e-01
3.897085201767956919e-01
3.905677663320203385e-01
3.893137404878921348e-01
3.896774603623222588e-01
3.894860510390296127e-01
3.899974583413725049e-01
3.894312207230281597e-01
3.895199273754841318e-01
3.894606884142691183e-01
3.893826986239412036e-01
3.894832759688509061e-01
3.901588929924352800e-01
3.897779086140055194e-01
3.898171691706352471e-01
3.894232986908591210e-01
3.895402149909752421e-01
3.895982817603487747e-01
3.898413694168083587e-01
3.893175056606659190e-01
3.894850093670892965e-01
3.895853481813678076e-01
3.901266030719306999e-01
3.893610127484424255e-01
3.913025743128561440e-01
3.893642858924368788e-01
3.890358768026982994e-01
3.893500252625361480e-01
3.902375251638846021e-01
3.892044744433309500e-01
3.892278687820905914e-01
3.890741790968021974e-01
3.893671792368323947e-01
3.890731148180429644e-01
3.894855466908246910e-01
3.891238925154635320e-01
3.892214145392297042e-01
3.889756709128039391e-01
3.892300771492348543e-01
3.890918606021515624e-01
3.892552559240735066e-01
3.888411816905985030e-01
3.887805984763323397e-01
3.888479281319115466e-01
3.890157481356010249e-01
3.890771426240345887e-01
3.898821869899422587e-01
3.889335357589364106e-01
3.886609983679377156e-01
3.887229361925110260e-01
3.888821594121278924e-01
3.886698063798715852e-01
3.885209618519014918e-01
3.885800970019462897e-01
3.892900419596100337e-01
3.882640850580446612e-01
3.888413422571331823e-01
3.881448169702834683e-01
3.884541973929377390e-01
3.881908404208799790e-01
3.882698423908885199e-01
3.883042227883429787e-01
3.883494754406812688e-01
3.880594196079140135e-01
3.882247125458988535e-01
3.883692595536161751e-01
3.890126282312034722e-01
3.883097098756958521e-01
3.885384411264563020e-01
3.882488077414210648e-01
3.884833200581598867e-01
3.881196779947253539e-01
3.885492157760267462e-01
3.880846420818453435e-01
3.884201749835550777e-01
3.883454130593491094e-01
3.894157424000687651e-01
3.881211452801122674e-01
3.891544957909945923e-01
3.882851961327630219e-01
3.890145073662737984e-01
3.882732114228304998e-01
3.884835764980638650e-01
3.881321605451685808e-01
3.880314798458919245e-01
3.881659811260049220e-01
3.888463193138287921e-01
3.882491024505562716e-01
3.876361870336166304e-01
3.874615880791675293e-01
3.872419739721572052e-01
3.874735387926898089e-01
3.872257063397619437e-01
3.873267401265358956e-01
3.872514434811727968e-01
3.872855946268586314e-01
3.878892669226262080e-01
3.873037474254165669e-01
3.878273377182716586e-01
3.874999617279956676e-01
3.880173266802163790e-01
3.872287306455001743e-01
3.880146994193443000e-01
3.872898428620472067e-01
3.871391274168693997e-01
3.872257279196815172e-01
3.876826823921700749e-01
3.875160156551609725e-01
3.883274184625983283e-01
3.875358650576719022e-01
3.882246033768802507e-01
3.869847470174065940e-01
3.864456678621555064e-01
3.868678031793931216e-01
3.868875974762402414e-01
3.864875752022239874e-01
3.865039883527374154e-01
3.863589691080566713e-01
3.863545884728196711e-01
3.864658765544526364e-01
3.865567477543245256e-01
3.868027681158658915e-01
3.864003309761687710e-01
3.861694320955937343e-01
3.866760943236050019e-01
3.862946967910437235e-01
3.868300230166091258e-01
3.859720852356181564e-01
3.868397569799507107e-01
3.861794029735986511e-01
3.864874689066252200e-01
3.864149687413863665e-01
3.864509153098493743e-01
3.862065826998837825e-01
3.860392100693116335e-01
3.860551815108377305e-01
3.864525911744279285e-01
3.858494798261409842e-01
3.862483150899042594e-01
3.859083794538431533e-01
3.858376523384025591e-01
3.859941003315568997e-01
3.860659575352782258e-01
3.860134251407402184e-01
3.858762962504557192e-01
3.855849425977189715e-01
3.869915639652232175e-01
3.856551411672238805e-01
3.859940505921017895e-01
3.857075835999406177e-01
3.860325037930302239e-01
3.857539140755902873e-01
3.854561111102975945e-01
3.857570422073789973e-01
3.856774568782765367e-01
3.855072563108632999e-01
3.860071081407635551e-01
3.855220913692419815e-01
3.854068415379504065e-01
3.855198312879969391e-01
3.849474629088487365e-01
3.850526048878155638e-01
3.854947925083009874e-01
3.848926292281856787e-01
3.854084312126561662e-01
3.852053931337372505e-01
3.849745742109564328e-01
3.848405229177845888e-01
3.851484351225445413e-01
3.848677592331122277e-01
3.855152657764476243e-01
3.853269450405846230e-01
3.856058685380708839e-01
3.849407560515740734e-01
3.852590287141356429e-01
3.847776862732802949e-01
3.854734474356969476e-01
3.849108196131691972e-01
3.855126574955468066e-01
3.849593989717205456e-01
3.848504737141014154e-01
3.850947184236811482e-01
3.855811484095254538e-01
3.851856666588548972e-01
3.851141951218770010e-01
3.854583481380141063e-01
3.853131409339872193e-01
3.848479368731839156e-01
3.846447839436499816e-01
3.846310828861890796e-01
3.849749551052643604e-01
3.847106775210368812e-01
3.861446157768727572e-01
3.848603399798796176e-01
3.854474424690367829e-01
3.846758251451533606e-01
3.867771551814044306e-01
3.843156162121467712e-01
3.850329740213440100e-01
3.843858360385633000e-01
3.844635049243643188e-01
3.843919679337184370e-01
3.843700532652637447e-01
3.844022548545805718e-01
3.848218547353114416e-01
3.842473624732590243e-01
3.860257355991387196e-01
3.843870764332399381e-01
3.850155071400881979e-01
3.843311949709307118e-01
3.845596202982227707e-01
3.840613689946592024e-01
3.838917879696068236e-01
3.837878087692890294e-01
3.851725949633132973e-01
3.838008701332626948e-01
3.837628370098827846e-01
3.837656987338932679e-01
3.844972889929042514e-01
3.840243170376679838e-01
3.840388614307831405e-01
3.840394972259557060e-01
3.842513388709741240e-01
3.842800403145992250e-01
3.837522249836627930e-01
3.841177860858039361e-01
3.834992634846853821e-01
3.834241563090986515e-01
3.841356178601312843e-01
3.835034163811159580e-01
3.843089124587677485e-01
3.836027778462592908e-01
3.840597207848749362e-01
3.835573737213412437e-01
3.844298040498519420e-01
3.837110228662835021e-01
3.847100413793049234e-01
3.833596683399845828e-01
3.841674486346131623e-01
3.832930482095539548e-01
3.843339630082920899e-01
3.833508585468785590e-01
3.840506058217202923e-01
3.835272572314787909e-01
3.850962219731331460e-01
3.835382514870617210e-01
3.843148582587140316e-01
3.830604429580548032e-01
3.834767286184004309e-01
3.830998571657263652e-01
3.837423401006191948e-01
3.831182457207826797e-01
3.831303209984066593e-01
3.832803053209843380e-01
3.833213306311875068e-01
3.831981819101484832e-01
3.832413848143605417e-01
3.828536215738571058e-01
3.831669936305582835e-01
3.829706923446681288e-01
3.829075082912101191e-01
3.829880321563261525e-01
3.838847316618440031e-01
3.827858786434125693e-01
3.831707093116231699e-01
3.828262381627011712e-01
3.829926403808707192e-01
3.828298708760736191e-01
3.833056249968836982e-01
3.830111820386725707e-01
3.831098430228772611e-01
3.828238508881207092e-01
3.837730910578224797e-01
3.828030494734250833e-01
3.830294640922253802e-01
3.826014938280818956e-01
3.834619019089671177e-01
3.826472726362953880e-01
3.841085082795429595e-01
3.826536521045706962e-01
3.835531928779085109e-01
3.827060755705070649e-01
3.828309018014050547e-01
3.828197343611079440e-01
3.835510891070275097e-01
3.828054226053742015e-01
3.830946296590774791e-01
3.825694226589841929e-01
3.830015666277679087e-01
3.826042962538279135e-01
3.832677303514506195e-01
3.826306607282016214e-01
3.826690230131565840e-01
3.825898126332550886e-01
3.825552856423166115e-01
3.827702399445244152e-01
3.825795518274662244e-01
3.827191980087203405e-01
3.826904631143301372e-01
3.828230687694156309e-01
3.826605658996684589e-01
3.826637743523400581e-01
3.826537671333379853e-01
3.824669204963290770e-01
3.825449279444828043e-01
3.826656529202877022e-01
3.824706806056412667e-01
3.825444890546567667e-01
3.824587481904885844e-01
3.824745319794827236e-01
3.823842702246577074e-01
3.825741117585070294e-01
3.823958759999142587e-01
3.827023933233196784e-01
3.823730905178038819e-01
3.824837850976716691e-01
3.823531891710599262e-01
3.826001779766469713e-01
3.824179071458047030e-01
3.824171329770754135e-01
3.824195837745944515e-01
3.823319307331677352e-01
3.823299304070053029e-01
3.822444341656164313e-01
3.822822686298371075e-01
3.828757384673210917e-01
3.823772906213290246e-01
3.822474174059913854e-01
3.822317895425519918e-01
3.824938442425614427e-01
3.822237604478124218e-01
3.823715033701005628e-01
3.822362758271021232e-01
3.822887858482206802e-01
3.822344699395859857e-01
3.822578925422664975e-01
3.823271431441696011e-01
3.824806924384591689e-01
3.822602773998743375e-01
3.822671119729921241e-01
3.822037966149599009e-01
3.822859738590979606e-01
3.822389470056843930e-01
3.823601232527167326e-01
3.822642265034164599e-01
3.822798323322104674e-01
3.822025863557736436e-01
3.822885764919385365e-01
3.822774066199496890e-01
3.821991428589279205e-01
3.821554973961720503e-01
3.821857251590189963e-01
3.822357393977576789e-01
3.822229738425429457e-01
3.821320546802400298e-01
3.822101845578740331e-01
3.820738193469611632e-01
3.825798522943444913e-01
3.821045463232469741e-01
3.823695611550043116e-01
3.820687376633498666e-01
3.821033203999957828e-01
3.821504256138024136e-01
3.822540617481800518e-01
3.821348662973333421e-01
3.822635716611705869e-01
3.820646983180810974e-01
3.823267565283465785e-01
3.820831746518424388e-01
3.821252762032396610e-01
3.821012464263876529e-01
3.821946321291369020e-01
3.820656442788593621e-01
3.822642306767026765e-01
3.821365642221509207e-01
3.820818885831244738e-01
3.820625208632900671e-01
3.821822279252896637e-01
3.820939227895422396e-01
3.822090783972054151e-01
3.820711012478214541e-01
3.822576828778075919e-01
3.820511635090191316e-01
3.823102237257542946e-01
3.821583490283285700e-01
3.822303353467781939e-01
3.820959717676872258e-01
3.821545304176675040e-01
3.820793502393494134e-01
3.821850966524743543e-01
3.821120035198045661e-01
3.821939758329782610e-01
3.820887881378335349e-01
3.821400455787238859e-01
3.820133398322707041e-01
3.820455779783269445e-01
3.820380175550999735e-01
3.820892771763795270e-01
3.820634280515408654e-01
3.820966662384642776e-01
3.820239361796799460e-01
3.822906053926358738e-01
3.820712591371163147e-01
3.820577131830275586e-01
3.820446185446250142e-01
3.822956627947974306e-01
3.821423261398552707e-01
3.820763692658945554e-01
3.820124533341137107e-01
3.820791086663737901e-01
3.820215259027343047e-01
3.819883104778744598e-01
3.819887249964012965e-01
3.819631615152627724e-01
3.819564664352230188e-01
3.820447426843417982e-01
3.819960847754220179e-01
3.820195808992258857e-01
3.819020278621095832e-01
3.819054651975185011e-01
3.818934176372024147e-01
3.818992158416900651e-01
3.819307126252380336e-01
3.819469151965245168e-01
3.818664186932579918e-01
3.819137720506475819e-01
3.818574183481856510e-01
3.818752461118116726e-01
3.818655369046525250e-01
3.818036886097689320e-01
3.817844795759543497e-01
3.817809429354576678e-01
3.818137270090469770e-01
3.817627363810246477e-01
3.818088243503171553e-01
3.817493228046464071e-01
3.817559041771051431e-01
3.817667519480228977e-01
3.817877764547705222e-01
3.817967477450373570e-01
3.817721880842680493e-01
3.817167298218797633e-01
3.817056835254135638e-01
3.816668753760076305e-01
3.816830754222265143e-01
3.816777674512465968e-01
3.816772747817249734e-01
3.817092440318965441e-01
3.816826516371588651e-01
3.817640214086049366e-01
3.816723902813063951e-01
3.816948369499230109e-01
3.816611881312857446e-01
3.816872231737035714e-01
3.816345452309808928e-01
3.817070430745814758e-01
3.816207979191479360e-01
3.816665640526613612e-01
3.816369689842946666e-01
3.816319249196969965e-01
3.816201144891923080e-01
3.816276221112684941e-01
3.816636870515002222e-01
3.816557453037638936e-01
3.816172531978858085e-01
3.816262681229754539e-01
3.816014232115298443e-01
3.816280190200049272e-01
3.816191219049355765e-01
3.816498322122458542e-01
3.816293853576802064e-01
3.816758640208237074e-01
3.816223062363066076e-01
3.815608381216562539e-01
3.815521436982745040e-01
3.815837117861861638e-01
3.815539490720679106e-01
3.816958268532308352e-01
3.816172263868984338e-01
3.815501248732431350e-01
3.815429434069377845e-01
3.815360379870832430e-01
3.815435525072607414e-01
3.815262431980442903e-01
3.815384155500750052e-01
3.815391167287857099e-01
3.815063147817751577e-01
3.816815805011546381e-01
3.815373515231951784e-01
3.815516736393765318e-01
3.814819361519578012e-01
3.814750592156511688e-01
3.814793494879450408e-01
3.814995459405449707e-01
3.815077310397017585e-01
3.814374428408837114e-01
3.814498602674012973e-01
3.815186788321981437e-01
3.814256243872889973e-01
3.814488074886993041e-01
3.814168884685348870e-01
3.813921233059974769e-01
3.814023851485708327e-01
3.814682398021878584e-01
3.814051448435216707e-01
3.813351903399547216e-01
3.813356170220633667e-01
3.813633233437889181e-01
3.813314704520693321e-01
3.813554126311574088e-01
3.813350346505429700e-01
3.813171953992942065e-01
3.813118389607501046e-01
3.813346990855653873e-01
3.813008880870599193e-01
3.813077617640261430e-01
3.813075084030186912e-01
3.813896454168258510e-01
3.812885918981226974e-01
3.813831742180577855e-01
3.813012287050764337e-01
3.813620923897348969e-01
3.812927066349821592e-01
3.813638249947566838e-01
3.812920157365537466e-01
3.813449095829744562e-01
3.812948779368780516e-01
3.813161224394508997e-01
3.813005846632868678e-01
3.813456710407571171e-01
3.812820414666480695e-01
3.813035447083786833e-01
3.813098471742372153e-01
3.813456079381890573e-01
3.812759246914840805e-01
3.813567883005011261e-01
3.812802901810183887e-01
3.813716185022979488e-01
3.812573934786209207e-01
3.812393130254311258e-01
3.812468617264103687e-01
3.812843588243782222e-01
3.812570745883621659e-01
3.812555166771091075e-01
3.812569705023293176e-01
3.812699264916989961e-01
3.812466228800270862e-01
3.813109696809037774e-01
3.812715177200698968e-01
3.812310206894210518e-01
3.812416118624399330e-01
3.812658668409161788e-01
3.812408016453030513e-01
3.812359802432981337e-01
3.812679656068930223e-01
3.812942275184496577e-01
3.812299151753433812e-01
3.812328654774873593e-01
3.812245663420672503e-01
3.812897882813374717e-01
3.812450470129268854e-01
3.812945548475560331e-01
3.812345501116049529e-01
3.813019379903149764e-01
3.812331277312274169e-01
3.812713830422202466e-01
3.812493335381322845e-01
3.812160588512639170e-01
3.812336024812478796e-01
3.812311235725152625e-01
3.812318445030068448e-01
3.812168632579122640e-01
3.812552862840656309e-01
3.811485006864618885e-01
3.811537849923363752e-01
3.811339022483475891e-01
3.811641516009424691e-01
3.811555960194349946e-01
3.810901480260738827e-01
3.811138552141385416e-01
3.810937559734177693e-01
3.810617401123477244e-01
3.810729141433947809e-01
3.811074393738203003e-01
3.810514490534623322e-01
3.810722613421190230e-01
3.810508300205771581e-01
3.810553016536820103e-01
3.810413885732440997e-01
3.810917914060375500e-01
3.810531853500187527e-01
3.810703286785436239e-01
3.810519226246783520e-01
3.810452485504938203e-01
3.810535203536923321e-01
3.810531439486649630e-01
3.810381119685319895e-01
3.810841633036939902e-01
3.810329915063790929e-01
3.810547416939285559e-01
3.810445863474508088e-01
3.810488913365790431e-01
3.810500831125280818e-01
3.811615614086325543e-01
3.809993290471382910e-01
3.810364899661999316e-01
3.809982946108756430e-01
3.810028983418177195e-01
3.809976656186966903e-01
3.809971132092080381e-01
3.810173391113574892e-01
3.809947512660932789e-01
3.809899290554456530e-01
3.810165157366429689e-01
3.810080925323506840e-01
3.809994093647682267e-01
3.810074008624830810e-01
3.810006740895049426e-01
3.809718318004233772e-01
3.809827054194198093e-01
3.809663371935211318e-01
3.810276509293568092e-01
3.809509236917368313e-01
3.809321611456949475e-01
3.809341915770121378e-01
3.809364127767195241e-01
3.809582109227306335e-01
3.809906540958389320e-01
3.809304333506499662e-01
3.809665557849860051e-01
3.809311146371695544e-01
3.811943985968226367e-01
3.809041756142860224e-01
3.808711263496566413e-01
3.808964056629831063e-01
3.808707083935810034e-01
3.808501420149305594e-01
3.808635067263335672e-01
3.809144349826542042e-01
3.808705000637345739e-01
3.808799672570134520e-01
3.809026256586511838e-01
3.808598570604150857e-01
3.808485715939097793e-01
3.808542557482549329e-01
3.808840087165473731e-01
3.808602307645542195e-01
3.809148568484189146e-01
3.808398109905006268e-01
3.808685326784274072e-01
3.808276076914953179e-01
3.808319459526819939e-01
3.808276147319865634e-01
3.808184440497699996e-01
3.808304476449614340e-01
3.808218564818474650e-01
3.808295500556450053e-01
3.808575842340291007e-01
3.808215799907458954e-01
3.808177505560316756e-01
3.808339013868380918e-01
3.808393261502002192e-01
3.808244195084794503e-01
3.808680185211583136e-01
3.808313938511000418e-01
3.808598703940147545e-01
3.808084236441484083e-01
3.808018917902550871e-01
3.807897394963073445e-01
3.807346339859806195e-01
3.807350029445222273e-01
3.807980494870352728e-01
3.807056052595276796e-01
3.806953765093997744e-01
3.807138468571321654e-01
3.807694783351471268e-01
3.806896428703988033e-01
3.807534341076850293e-01
3.807075846174693412e-01
3.806639275826623203e-01
3.806743651497609404e-01
3.806723977472226128e-01
3.806585764561174479e-01
3.806883548275058482e-01
3.806841497748937875e-01
3.806413826713108683e-01
3.806526837849230627e-01
3.806389016837716244e-01
3.806506342046787617e-01
3.807210591899458096e-01
3.806502203408393958e-01
3.807135616225276742e-01
3.806440278151886902e-01
3.806676792865814618e-01
3.806470850814482332e-01
3.806089842735039808e-01
3.806113772717208410e-01
3.807111693822244902e-01
3.806219299580003157e-01
3.806155747727227312e-01
3.806358524897492934e-01
3.806981816635749971e-01
3.806022038318984668e-01
3.806133289400208120e-01
3.806229705132700980e-01
3.806153323460036431e-01
3.805865086014398324e-01
3.806360918009291106e-01
3.805796759944482521e-01
3.805969961714105732e-01
3.805831608236325270e-01
3.805942753831888514e-01
3.805812425284960110e-01
3.805735897347952701e-01
3.805898871668373373e-01
3.806536011894622318e-01
3.805638373624823934e-01
3.805932128099471790e-01
3.805699850300112708e-01
3.805975638436099318e-01
3.805553147795955882e-01
3.805591824158921499e-01
3.805529124018630638e-01
3.805817825648752373e-01
3.805550277737258513e-01
3.805871065141151477e-01
3.805543480459870342e-01
3.805808085977626654e-01
3.805704289884054292e-01
3.806675657707719873e-01
3.805975551489771957e-01
3.805730869667560134e-01
3.805455277030880823e-01
3.806044140727366520e-01
3.805707474645912969e-01
3.805691068987689940e-01
3.805138127082556276e-01
3.805432468242371802e-01
3.805131182347885610e-01
3.805410837290170156e-01
3.805216777105934756e-01
3.805370007494688345e-01
3.805063561677579642e-01
3.805308174193913762e-01
3.805181988001339333e-01
3.806122580355738583e-01
3.805329193466970850e-01
3.805150384922825202e-01
3.805106196849835087e-01
3.805306706847654818e-01
3.805093738716345264e-01
3.805461320795967550e-01
3.805192337889843901e-01
3.806008447010467699e-01
3.805108677233982606e-01
3.805620362271441293e-01
3.805180424392403671e-01
3.804823265720376768e-01
3.805032217820626950e-01
3.804697694493771043e-01
3.804656470529486634e-01
3.804859586645036318e-01
3.804824202277928280e-01
3.805099631516001280e-01
3.804449984692112041e-01
3.805149075869999620e-01
3.804461662985361148e-01
3.804523748718424692e-01
3.804516045666098134e-01
3.804431282169550843e-01
3.804338469296650871e-01
3.804362734615339692e-01
3.804267655635414913e-01
3.804512037923834522e-01
3.804358226863495118e-01
3.804350624119818836e-01
3.804355028949240047e-01
3.805182482508336905e-01
3.804218987622284276e-01
3.804517383136412079e-01
3.804114538181710414e-01
3.804217130893796095e-01
3.804379593411636451e-01
3.804593902468976774e-01
3.804117307643233303e-01
3.804255317438014483e-01
3.804212397718210736e-01
3.804434022197750176e-01
3.804209550956941799e-01
3.805217499566946882e-01
3.804062449781379085e-01
3.803715021403237251e-01
3.803730598661360096e-01
3.804305865036971546e-01
3.803826988991984015e-01
3.804428789829219504e-01
3.803687147248148714e-01
3.804714054032543591e-01
3.803727176220054740e-01
3.803906797800968853e-01
3.803694934210048451e-01
3.804014226030830170e-01
3.803797242663614631e-01
3.803963964471273607e-01
3.803831159282688446e-01
3.804031083130133273e-01
3.803662291062104850e-01
3.804031135399060237e-01
3.803659342951806188e-01
3.803668335151486057e-01
3.803782331557804541e-01
3.803831997018929933e-01
3.803768520242551410e-01
3.803504759059527784e-01
3.803423901372083860e-01
3.804069494627302372e-01
3.803340261926063115e-01
3.803948016981701374e-01
3.803287793353158919e-01
3.803363023233147788e-01
3.803338168985133105e-01
3.803577977102173269e-01
3.803280900915205764e-01
3.804454283523351910e-01
3.803472317716481976e-01
3.804150471018723501e-01
3.803387894742036868e-01
3.803712901622532949e-01
3.803407890024489979e-01
3.803557797488863468e-01
3.803844363602807421e-01
3.803263744502697885e-01
3.803283174920640830e-01
3.805456823283998036e-01
3.803235318132757170e-01
3.803495056325931767e-01
3.803337662907828043e-01
3.803279329974073586e-01
3.803072741753220076e-01
3.803338511846225956e-01
3.803125132214982829e-01
3.803216482549125477e-01
3.803166562238667892e-01
3.803194456378863886e-01
3.802988378341626285e-01
3.803434713994807703e-01
3.803067973843899940e-01
3.803042094648408922e-01
3.803188566645189228e-01
3.802526918718301951e-01
3.802495190928821822e-01
3.802616308049429072e-01
3.802738844368349636e-01
3.802494760354018233e-01
3.802452039201216216e-01
3.802332730671633132e-01
3.802444615515047643e-01
3.802310401820455099e-01
3.802409344665588220e-01
3.803146678432017258e-01
3.802282598473497033e-01
3.802175729316424890e-01
3.802416207469933029e-01
3.802421851806547237e-01
3.802435525978257735e-01
3.802647976305658095e-01
3.802240325979751590e-01
3.802104135660108186e-01
3.802128120017729818e-01
3.802697469381995932e-01
3.802198175094897992e-01
3.802987089061775627e-01
3.801977890456266218e-01
3.802608255586936714e-01
3.802181008733260259e-01
3.803784421460787435e-01
3.802415840338874697e-01
3.801427511058450559e-01
3.802192373702504291e-01
3.801659432194627319e-01
3.801875862040781651e-01
3.801369550837278566e-01
3.801415695840965059e-01
3.801473282844525237e-01
3.801746765083361956e-01
3.801521872032250782e-01
3.801648861531617407e-01
3.801453328223714512e-01
3.801950911570585179e-01
3.801402809413431116e-01
3.801506696657761530e-01
3.801671393254608677e-01
3.801483098969800078e-01
3.801431532921275003e-01
3.801530609184844423e-01
3.801743980094797193e-01
3.801822300357343143e-01
3.801463922525589734e-01
3.801540717268772074e-01
3.801491288223501352e-01
3.801528419270532866e-01
3.801505838691056072e-01
3.801832110670058107e-01
3.801362729629678694e-01
3.802035846456274792e-01
3.801407078481564006e-01
3.801719791566717799e-01
3.801655873239804806e-01
3.802516352861314841e-01
3.800965473282906792e-01
3.800974929249482104e-01
3.800835620927068281e-01
3.801317035585777271e-01
3.800830287258035733e-01
3.801165118932991471e-01
3.800904572713289520e-01
3.800994765026094457e-01
3.800929569514991946e-01
3.801141257274852081e-01
3.801026589711423709e-01
3.801144787928755209e-01
3.800897593009418540e-01
3.800963305166630279e-01
3.800816589267985157e-01
3.800836284017677924e-01
3.800859990647816877e-01
3.800850058967563672e-01
3.800932976557880316e-01
3.801137543865529822e-01
3.800849677493924883e-01
3.801528587575085938e-01
3.800918962445913318e-01
3.801063812141795561e-01
3.800799752496355488e-01
3.800732107788836189e-01
3.800900787721593899e-01
3.800688294232235087e-01
3.801039711463481408e-01
3.800657605643135706e-01
3.801284694568641820e-01
3.800980536809214771e-01
3.800654525282290974e-01
3.800599297761413364e-01
3.800393216913460770e-01
3.800326643244139602e-01
3.800407266542863427e-01
3.800454942057649443e-01
3.800440914335189158e-01
3.800303372527950030e-01
3.800349607239465466e-01
3.800335075810442054e-01
3.800431988097581759e-01
3.800529121793879694e-01
3.800180588655620584e-01
3.800163702349502737e-01
3.800367527935528122e-01
3.800170015352194453e-01
3.800259134048709631e-01
3.800459508648081908e-01
3.800027188675115242e-01
3.800063487883272861e-01
3.800191950235256022e-01
3.799997996990402971e-01
3.800010555915028787e-01
3.800085098311449805e-01
3.799975469614301216e-01
3.799982384319329221e-01
3.800098572363187488e-01
3.799956921980440772e-01
3.800189390095003450e-01
3.799992014323687606e-01
3.800222334400114588e-01
3.799952592767424919e-01
3.800199526197245992e-01
3.799973863885359737e-01
3.799714411338794839e-01
3.799904867160391331e-01
3.799461191617710121e-01
3.799581092787381875e-01
3.799249586800169665e-01
3.799352750863424499e-01
3.799314502951502415e-01
3.799298665382218054e-01
3.799469858455262194e-01
3.799217676768458229e-01
3.799278196609039426e-01
3.799235968093817029e-01
3.799358443982164824e-01
3.799250670569294108e-01
3.799194200954681966e-01
3.799173820191216744e-01
3.799264737379833279e-01
3.799147068629852297e-01
3.799208801468257901e-01
3.799142383629031672e-01
3.799125593316561300e-01
3.799073275094904112e-01
3.799338541867134378e-01
3.799080111606546462e-01
3.799134459773447214e-01
3.799080072642216366e-01
3.799163078239016222e-01
3.799055949680931743e-01
3.799268001457840049e-01
3.799030395915952152e-01
3.799031318639003452e-01
3.799006713697850035e-01
3.799261415917892237e-01
3.799078012068616839e-01
3.799109355415320466e-01
3.798970566514741631e-01
3.799439084003362610e-01
3.798979601856252164e-01
3.798815107588324191e-01
3.798876778863348180e-01
3.798985107697935293e-01
3.798827705586608761e-01
3.798750171605675963e-01
3.798756575139884406e-01
3.798930122982175916e-01
3.798796075330250765e-01
3.798856683086396790e-01
3.798798393243615346e-01
3.798819010126939233e-01
3.798783979642760822e-01
3.798855828028845916e-01
3.798778705789420118e-01
3.798841732314507946e-01
3.798739149592775810e-01
3.798688633088628253e-01
3.798758482134821368e-01
3.798677321212552971e-01
3.798672857682117709e-01
3.798853980765010685e-01
3.798636167930831142e-01
3.798899833280681704e-01
3.798664506960005571e-01
3.798930876127507017e-01
3.798645927258222366e-01
3.798769475663717476e-01
3.798660899001785607e-01
3.798760953122265471e-01
3.798649843318523400e-01
3.798798916544741111e-01
3.798654614338204394e-01
3.798742410037085349e-01
3.798579839760403143e-01
3.798567212198905030e-01
3.798494055266848357e-01
3.798478759028394713e-01
3.798617172353255245e-01
3.798525349163719977e-01
3.798602434742439637e-01
3.798783987090637027e-01
3.798473414525054825e-01
3.798611378717031695e-01
3.798493080498912544e-01
3.798763264687224916e-01
3.798462065059211579e-01
3.798579943356288902e-01
3.798542173322826399e-01
3.798774969901407284e-01
3.798521576454200188e-01
3.798672878803279751e-01
3.798536104742031849e-01
3.798176331326170718e-01
3.798195411558329959e-01
3.798287299520995974e-01
3.798198839241805347e-01
3.798209889150388485e-01
3.798176787491778783e-01
3.798218391581923425e-01
3.798257849174670464e-01
3.798422630642427356e-01
3.798286057314113617e-01
3.798430025430878376e-01
3.798159417669347282e-01
3.797934747701235958e-01
3.797948210057274232e-01
3.798113297852901415e-01
3.797917903860394961e-01
3.798072652581632735e-01
3.797943087873289492e-01
3.798064683203592473e-01
3.797939925376133674e-01
3.797943867721561007e-01
3.797937266946436741e-01
3.798110741848075844e-01
3.797931620442979161e-01
3.798123486538698135e-01
3.797911429876790756e-01
3.798367581794840353e-01
3.797885549610902634e-01
3.798271934377582260e-01
3.797904409635510237e-01
3.797986485427184422e-01
3.797918025722586410e-01
3.797966123245373193e-01
3.797922911307177185e-01
3.797965257950631779e-01
3.797893917006697206e-01
3.797958098833169593e-01
