1.028741633850640547e+00
1.028765969812448500e+00
1.029798865294978771e+00
1.029774138242246284e+00
1.066480896186329907e+00
9.594662009083908538e-01
1.026412843054089752e+00
9.791546505102659559e-01
9.563621260391146350e-01
9.559836339183914733e-01
9.559322686659245116e-01
9.560458811220835518e-01
9.605364779447421730e-01
9.645576244810640798e-01
9.900509659705902799e-01
9.556252316814618508e-01
9.552202858361628079e-01
9.761836133777208602e-01
9.744531233705485684e-01
9.567402438631352757e-01
9.551940052154254124e-01
9.550833057735870213e-01
9.538583327980286741e-01
9.552593608192525565e-01
1.013462041375333023e+00
1.083289033625481235e+00
9.531888940501910268e-01
9.571094780106057520e-01
9.533465083841466958e-01
9.532020194869383900e-01
9.533621427606403520e-01
9.507296735915777841e-01
9.249499189635366214e-01
9.138446639811816929e-01
9.137419067362053671e-01
9.144575715791906090e-01
9.053209102505296313e-01
9.401483910408143796e-01
9.059866501241339298e-01
9.052799444033549081e-01
9.052147519260277386e-01
9.067141638178823904e-01
9.052401162808692003e-01
9.253467406899880121e-01
9.085414814677796880e-01
9.048491779574195926e-01
9.135463523329550029e-01
9.048491779574195926e-01
9.048491779574195926e-01
9.049150342433696093e-01
9.037594193258625674e-01
1.021254295490367836e+00
8.993074513189039942e-01
8.993074513189039942e-01
8.986198029553041922e-01
8.985913099940161519e-01
8.851296902444044656e-01
8.851296902444047987e-01
8.851296902444045767e-01
8.851296902444045767e-01
8.849187021248862139e-01
8.912941493340620358e-01
9.781688342804990555e-01
8.604081079657278641e-01
8.604081079657278641e-01
8.604081079657280862e-01
8.604081079657280862e-01
8.604081079657280862e-01
8.604081079657278641e-01
8.763138156194040240e-01
9.535250403176708245e-01
8.604081079657280862e-01
8.604081079657280862e-01
8.604081079657280862e-01
8.801668481375806152e-01
8.604081079657280862e-01
8.604081079657280862e-01
8.588958733639021625e-01
8.379147900637109458e-01
8.805006220653369686e-01
8.386819973734847000e-01
8.600656858745848732e-01
8.359506777523306731e-01
8.816557125650563709e-01
8.921764669237675083e-01
8.926584005449494930e-01
8.306763369659755369e-01
8.294507378593335423e-01
8.583529177732758253e-01
8.092137978965205924e-01
7.893440494654782036e-01
7.276072170286204122e-01
7.274626857787637180e-01
6.652970169084838625e-01
6.977291188885355044e-01
6.653485132620542419e-01
6.976932759353590141e-01
6.659584634245252488e-01
6.599818290609051896e-01
6.470810964311962676e-01
6.813932290475310793e-01
6.448303091200858761e-01
6.436506254575400376e-01
6.435379959188465282e-01
6.423805548170368196e-01
6.587476058680665769e-01
6.419978911064895266e-01
6.413340055110797744e-01
6.494951519833982445e-01
6.408397641020748825e-01
6.710615674324267310e-01
6.393315828449545046e-01
6.408284725880516453e-01
6.298409965324746063e-01
6.762677213914197738e-01
6.297586878387912979e-01
7.433907455853455692e-01
6.298175006121743413e-01
6.752529207496694719e-01
6.347703596858835784e-01
6.361501520855106229e-01
6.314931567474767471e-01
7.188062604221837626e-01
6.296808498984294289e-01
7.552166652067389130e-01
6.230007869243129326e-01
7.400235493692295385e-01
6.295112692610894678e-01
7.019988809100009552e-01
6.221544631287710958e-01
6.166540522996604157e-01
6.166540522996603046e-01
6.206976083339030836e-01
6.166540522996604157e-01
6.248612924298009297e-01
6.174055121049517592e-01
6.417798343386384996e-01
6.166540522996604157e-01
6.373712666479691702e-01
6.166540522996603046e-01
6.154987452910808399e-01
6.154987452910808399e-01
6.490178331436678993e-01
6.167361700065662200e-01
6.294270697006090209e-01
6.154987452910807288e-01
6.842634051674536533e-01
6.154987452910806178e-01
6.058423006318165438e-01
6.058423006318166548e-01
6.543395309265523929e-01
6.058423006318166548e-01
6.451230217918706433e-01
6.058423006318165438e-01
6.496419427027029236e-01
6.058423006318166548e-01
6.328994901950341090e-01
6.058423006318166548e-01
6.249439153601745733e-01
6.058423006318169879e-01
6.650512917536953728e-01
6.058423006318166548e-01
7.299632510173941213e-01
6.083085780622377037e-01
6.058790899343254877e-01
6.066239979812584338e-01
6.036663152232490948e-01
6.124362726796307443e-01
6.301130633548881477e-01
6.039899135494789517e-01
6.788733107235493947e-01
6.202453644080387907e-01
6.102374538235230128e-01
6.046881540503039609e-01
6.217611515426141322e-01
6.041048671403264070e-01
6.225200535240776878e-01
6.071567762858410822e-01
6.087911432145856061e-01
6.089797833362518009e-01
6.209800680242231197e-01
6.036056147837951524e-01
6.105445009692505032e-01
6.026779853136920995e-01
6.001168534346492667e-01
6.056216039820887520e-01
6.488770014244943374e-01
6.050815891706777805e-01
6.457422733574303964e-01
6.004605833100287171e-01
6.612725674545378851e-01
5.999777571858360137e-01
6.546789605356299058e-01
6.230529567632629995e-01
8.132583476764900787e-01
6.002802520426521182e-01
7.381754532535393931e-01
6.022211369406732517e-01
6.423750403924186614e-01
6.149075968999353492e-01
6.260058932215573080e-01
6.009116410852233248e-01
6.077985321371477401e-01
6.003794172953874630e-01
6.040949535178274932e-01
6.132336312238000353e-01
6.451261794009851558e-01
5.993066931813713083e-01
6.173905119142507614e-01
6.079908631455043233e-01
6.000398395850857769e-01
5.989141709865983820e-01
6.023893054566573646e-01
5.989141709865982710e-01
6.587679999441287126e-01
5.989141709865984931e-01
6.281338678543143539e-01
5.989141709865981600e-01
6.443994967039158306e-01
5.989141709865981600e-01
7.155930039779594409e-01
5.991821470894644897e-01
6.461557681602818626e-01
6.121861364137879402e-01
6.311994352956362686e-01
5.989141709865982710e-01
6.411436120186786436e-01
5.989141709865981600e-01
6.264586296864785853e-01
5.989141709865980490e-01
6.150265834252298669e-01
6.005338606649612831e-01
6.192557238547711229e-01
5.975789546971291832e-01
6.638297126762251477e-01
5.972540087895322758e-01
6.453723191287077388e-01
6.052310391136617174e-01
6.120631140746815024e-01
5.972540087895322758e-01
6.128187157004626462e-01
5.972540087895321648e-01
6.250498987431082343e-01
5.972540087895320537e-01
6.242494093972930091e-01
5.972540087895319427e-01
5.996983717244772638e-01
5.972540087895320537e-01
6.358228240399912412e-01
5.972540087895320537e-01
6.307963371051525936e-01
5.972540087895322758e-01
6.491408735063021185e-01
5.983769723691039211e-01
6.123804172716430516e-01
5.976158985699887571e-01
6.022746955415482217e-01
5.965204487077481188e-01
6.515966901962527702e-01
5.963776427156117776e-01
6.415483950305334027e-01
5.965203298386518860e-01
6.614262134707429297e-01
5.968427288117215124e-01
6.225030546612300153e-01
5.997702548314490789e-01
6.165912608548589358e-01
6.227697188959334662e-01
7.241081168397206502e-01
6.005101496785474335e-01
7.278612350955747656e-01
6.051057243227129234e-01
6.136103911634407382e-01
5.962293078878401209e-01
6.427770656770719349e-01
6.003171322314567737e-01
6.425264155142661471e-01
5.951223705176582612e-01
6.440282007182833723e-01
5.950702935211437117e-01
6.443046522345626803e-01
5.930340588941291902e-01
6.062884814397498934e-01
5.931357873625237032e-01
6.096646813921036134e-01
5.947968672048524752e-01
6.160045274617962363e-01
6.080050623916261054e-01
5.954332679598989264e-01
6.026630331507828453e-01
6.053966193749737990e-01
5.970160168598944717e-01
7.332786080685542718e-01
6.125740680600685328e-01
5.934558876547105788e-01
6.002863658986056228e-01
5.944568352804111555e-01
5.983256210555983889e-01
5.934337455895251079e-01
5.993516575709454397e-01
5.930158014735745775e-01
6.180818373359678874e-01
5.927485674023802442e-01
5.886462328179187242e-01
5.920832933828007461e-01
5.974097017988506675e-01
5.873831970933868218e-01
5.979161299952836517e-01
5.874119080952544536e-01
6.312494343462720092e-01
5.873216078967650189e-01
6.084226423431989828e-01
5.868357584805179439e-01
5.927780941334409581e-01
5.892256718188061404e-01
6.025313334221588102e-01
5.872055618314622194e-01
5.922166258994537857e-01
5.868357584805181659e-01
5.958274698855591245e-01
5.868357584805181659e-01
5.894941834494155097e-01
5.868357584805180549e-01
5.935779631717141847e-01
5.898978746566123643e-01
6.009365700222006890e-01
5.867115731665877298e-01
5.920050978003521536e-01
5.864137760974174052e-01
5.912541446684185242e-01
5.866039532939045786e-01
6.024888936586417776e-01
5.871112744455790899e-01
6.204499053166567801e-01
5.864137760974172942e-01
6.050691396742223782e-01
5.844470234227479022e-01
6.004520863604526637e-01
5.915029065180996692e-01
5.848101461541679313e-01
5.844470234227477912e-01
5.983087128885890005e-01
5.848431097406466828e-01
6.015851226485466885e-01
5.842475757427040284e-01
5.912043236424123771e-01
5.844841084901982731e-01
6.083797141777720352e-01
5.841547080785686186e-01
5.944096286497627668e-01
5.839888321191893938e-01
5.898553651766716976e-01
5.844273697930461031e-01
5.897645231666196475e-01
5.841883822793290104e-01
5.868332710698511701e-01
5.840060215295357349e-01
6.017858308753238905e-01
5.842521617555002100e-01
5.916191044977898716e-01
5.857607202192853801e-01
5.863523766291302008e-01
5.853596138768734081e-01
5.874001698969534280e-01
5.848674612785896842e-01
5.925066567153413066e-01
5.881890956790248870e-01
5.961461395691257659e-01
5.849031121601476757e-01
5.859714116973415710e-01
5.824542387715903047e-01
5.864425707976799185e-01
5.825209238234028142e-01
5.852357599375456187e-01
5.819084541715506820e-01
6.050068106237384002e-01
5.818603940222232263e-01
5.952728342905205805e-01
5.817233266490839938e-01
6.050192127298534839e-01
5.815719897127068494e-01
5.928365678160675278e-01
5.818006263105812703e-01
5.940194541004019113e-01
5.889988330732169874e-01
5.887213573708189873e-01
5.815391237366925870e-01
5.934167730473125513e-01
5.831964628716419519e-01
5.887093154399100081e-01
5.787451717607763335e-01
5.906114001575379913e-01
5.859036972017271916e-01
5.800893990723110516e-01
5.785573317718040176e-01
5.825306864624757441e-01
5.791515765824859496e-01
6.033208961862682740e-01
5.786750464173888719e-01
5.910905612047083757e-01
5.792393620669218368e-01
5.862335626761092655e-01
5.786075978456055591e-01
5.873207280814729536e-01
5.801377238766217692e-01
5.800483909111249226e-01
5.784406821133838417e-01
5.934502984641356615e-01
5.785305741752100328e-01
5.898423090799645996e-01
5.784413595454924728e-01
5.835215771298892795e-01
5.784408002583030228e-01
5.792303537044931616e-01
5.784722005190502392e-01
5.795533343272014637e-01
5.788133721887531724e-01
5.834070039022919429e-01
5.757745837790114729e-01
5.945239538813422708e-01
5.775855125231332821e-01
5.845653208090736408e-01
5.751634917560439764e-01
5.805129532873388731e-01
5.753815469980066988e-01
5.960356402691404654e-01
5.765166288062419930e-01
5.949379339281792856e-01
5.819181035994873685e-01
5.751634917560439764e-01
5.732897452040615072e-01
5.744260721807239456e-01
5.753931538748474628e-01
5.742348056980927096e-01
5.741376568509616307e-01
5.724371142227645537e-01
5.747385689295446687e-01
5.726849632790199651e-01
5.737792489714452770e-01
5.735509342258021670e-01
5.699527469262294366e-01
5.700977481158820970e-01
5.718543801868788412e-01
5.698545643674737260e-01
5.697387889132307093e-01
5.697065655925870331e-01
5.700437361110809453e-01
5.687632575969419069e-01
5.724233122989741407e-01
5.681087821179955366e-01
5.716433479380872429e-01
5.687889328726785099e-01
5.724564365811259936e-01
5.674468677500085212e-01
5.687546170065655993e-01
5.671968800139999267e-01
5.696905595871856187e-01
5.673158778573431649e-01
5.705334716919141513e-01
5.668535875859092021e-01
5.648642973636394116e-01
5.647820768660587465e-01
5.602555601173047073e-01
5.602300588420279226e-01
5.620362194512795728e-01
5.601930296342163551e-01
5.597558239535891378e-01
5.594878852627351851e-01
5.609808771424065199e-01
5.594665775987673895e-01
5.623797708580378085e-01
5.591821766599776034e-01
5.626711987416337379e-01
5.598497240319755264e-01
5.612195392188263909e-01
5.594682970503940256e-01
5.598105231215111388e-01
5.598826043977882527e-01
5.587835289171585451e-01
5.596619916783280857e-01
5.592569637322032383e-01
5.591145088920642658e-01
5.604082489745352280e-01
5.603599725799285336e-01
5.635076601051108858e-01
5.585903432161680726e-01
5.649965045145526332e-01
5.579020792870552636e-01
5.552790810637605601e-01
5.577935389948441847e-01
5.571479408303396941e-01
5.574989400916399163e-01
5.542214892882132427e-01
5.532057601780324685e-01
5.521313035628923060e-01
5.530961842565044195e-01
5.500112848380764863e-01
5.509734123254798055e-01
5.468363625885358514e-01
5.490112355868046468e-01
5.485561673816530259e-01
5.468977295540294881e-01
5.466180053939672101e-01
5.466437891850242092e-01
5.476783742010026268e-01
5.474762887872203221e-01
5.542757809595075802e-01
5.466180053939674321e-01
5.553883389325855457e-01
5.464681402931289567e-01
5.512553575045456844e-01
5.470408589768529506e-01
5.452110009336066376e-01
5.466130073278541168e-01
5.469334816472501970e-01
5.444797837373543947e-01
5.424645583517316849e-01
5.437877208976809040e-01
5.423988656797789076e-01
5.422378204815391234e-01
5.408663846683063881e-01
5.408953644725046361e-01
5.430100189172182290e-01
5.410689357136350131e-01
5.482725321743541214e-01
5.425170487695564203e-01
5.460857531656811981e-01
5.409051625320855372e-01
5.389097884878022438e-01
5.370807567098376811e-01
5.380792923518887827e-01
5.394141389937116005e-01
5.353743687552183772e-01
5.354605252603261700e-01
5.420855175033336693e-01
5.350781742241926819e-01
5.363103009639532681e-01
5.357050771319147309e-01
5.408532953871167948e-01
5.358220061374959764e-01
5.377700773059778117e-01
5.357175976494041869e-01
5.300192162257678641e-01
5.300252077320914967e-01
5.307467625356423468e-01
5.309417817071564460e-01
5.232941516416707017e-01
5.240648290189510172e-01
5.206481548119227254e-01
5.202029552780460531e-01
5.202904676082898972e-01
5.201482676509405767e-01
5.215684336975225932e-01
5.205219073792738405e-01
5.187833419103545785e-01
5.191235744684450371e-01
5.222526721990987664e-01
5.196367948411599880e-01
5.199374072094496979e-01
5.165250674237366058e-01
5.189914373278261550e-01
5.182670079004110253e-01
5.226317444105964549e-01
5.165954851183616192e-01
5.165771796937091986e-01
5.179698347235545119e-01
5.151478063256881290e-01
5.181692991035294904e-01
5.161157025753079219e-01
5.122169634595682419e-01
5.156576578765147412e-01
5.087109894672844357e-01
5.146032516010000668e-01
5.094335499075335338e-01
5.102792328849170556e-01
5.107017879302221397e-01
5.046462659659938232e-01
5.042339849846391164e-01
5.075739906456701034e-01
5.065803771629892038e-01
5.043937418952306739e-01
5.043142292009125116e-01
5.044815271485916242e-01
5.042120281561007777e-01
5.053402378618323532e-01
5.042044484662238091e-01
5.050052323937270771e-01
5.042044484662241421e-01
5.086280598321555324e-01
5.029910578190814885e-01
5.048981352862392802e-01
5.026930406420280217e-01
5.048163012378156234e-01
5.057846577867051163e-01
5.016981544192768983e-01
5.028561327835977535e-01
5.020728796185865983e-01
5.023903298588163757e-01
5.041795654467985388e-01
5.012802257374510129e-01
5.049014795759279028e-01
5.010541871299304395e-01
5.077432050199522928e-01
5.010292301354384303e-01
5.037592947476945415e-01
5.009731389221074860e-01
5.042063773092466672e-01
4.996462749478512433e-01
5.021207225795181195e-01
5.015417753757583919e-01
5.006787061561448482e-01
4.990768604941432374e-01
5.003771884189063268e-01
4.982920326182053161e-01
4.981181774254528904e-01
4.980383829846416477e-01
5.000186573090485975e-01
4.978514887671590117e-01
5.045294791046804894e-01
4.979222941611077813e-01
5.024779077293989316e-01
4.978177641555688315e-01
4.979957212304207959e-01
4.991542189262728191e-01
5.054697319239084274e-01
5.074317633916858306e-01
4.964301304621149824e-01
4.994596660769168306e-01
4.918688987883231278e-01
4.919534874131152868e-01
4.921018739607863068e-01
4.919480949042330242e-01
4.927318326250403890e-01
4.926935561858758472e-01
4.925752950583023870e-01
4.925728884587671219e-01
4.936656631770778847e-01
4.931433506514678600e-01
4.963399957880694768e-01
4.923755026186598660e-01
4.941954546846617502e-01
4.921357634158286531e-01
4.894096378502382771e-01
4.932396072684273047e-01
4.985826770252697604e-01
4.916692528951079333e-01
4.850847260725642540e-01
4.867302116817581181e-01
4.897410739490641873e-01
4.842174038525132174e-01
4.894110682354606001e-01
4.849872687157587570e-01
4.842179767593717821e-01
4.905584674232554288e-01
4.831709439090823843e-01
4.832190644139525149e-01
4.865696634679750332e-01
4.863676524856925254e-01
4.816133040944644561e-01
4.808628089694035879e-01
4.847961425310757244e-01
4.816328307295635880e-01
4.889768722968851900e-01
4.804824521291078954e-01
4.792107459235053768e-01
4.795581577374198878e-01
4.822569393534085203e-01
4.791765202514590705e-01
4.843380577614758709e-01
4.792172216516000782e-01
4.829591122613294818e-01
4.786084108430192496e-01
4.807501267749990093e-01
4.793035307214992269e-01
4.859267908910984146e-01
4.794162063490369219e-01
4.758799465712713617e-01
4.765844174355568508e-01
4.776875989089724994e-01
4.758258076459871422e-01
4.788825479474688729e-01
4.758522712990766457e-01
4.755421971544597226e-01
4.755691436466147337e-01
4.784046028723845656e-01
4.754198170084004693e-01
4.761844328505614454e-01
4.778254055916716925e-01
4.806734882760266281e-01
4.774019908532790568e-01
4.781611351475517635e-01
4.751171030304823240e-01
4.783839591578827877e-01
4.742719398448634882e-01
4.814150257636236607e-01
4.753257154264634021e-01
4.795330333258551736e-01
4.745662959812361748e-01
4.757500650345403148e-01
4.768155050331382983e-01
4.775287264309223678e-01
4.741959422822502046e-01
4.792970875970165023e-01
4.747051115901489982e-01
4.750231507225752825e-01
4.758404044418170775e-01
4.767448648738797368e-01
4.769092325065003024e-01
4.741299329282401276e-01
4.742016189017378980e-01
4.799373276511373909e-01
4.740086855059188475e-01
4.750325833625631544e-01
4.740393381264472739e-01
4.751056170818834801e-01
4.753374782244677021e-01
4.731266755838715032e-01
4.733723517954161464e-01
4.736591743630005902e-01
4.737822488918617125e-01
4.770890604959196479e-01
4.722274354241979277e-01
4.768789647021428602e-01
4.681184042083327834e-01
4.679443045238271259e-01
4.690124368300305213e-01
4.730769297914526050e-01
4.690987515874100455e-01
4.745726157828730196e-01
4.673853702605164084e-01
4.699227614213383197e-01
4.675472885275779866e-01
4.712053740532344825e-01
4.670354821564837722e-01
4.693608186965443907e-01
4.675831325905863145e-01
4.682517191757036290e-01
4.692840985361050321e-01
4.719284715654256668e-01
4.664153610266838501e-01
4.658779353505030918e-01
4.648509895284178572e-01
4.660419627855967861e-01
4.677039541283098401e-01
4.616953172409031247e-01
4.647306898181495227e-01
4.682954531529625597e-01
4.620538549991937138e-01
4.620703385890722048e-01
4.621018106297179462e-01
4.650298508345852566e-01
4.616488011596497354e-01
4.627342747097517583e-01
4.621302192820989085e-01
4.653752371309324842e-01
4.616919474763849784e-01
4.632503968514430359e-01
4.626789235818429824e-01
4.630761233464165127e-01
4.616641167290784220e-01
4.611459992646321782e-01
4.605750152246820273e-01
4.639482240865216989e-01
4.612569986022919677e-01
4.613064935608451878e-01
4.618168071117678686e-01
4.698976402773731853e-01
4.614854405918107916e-01
4.638303881723707112e-01
4.605723910276360300e-01
4.632046835488236036e-01
4.613767848892899037e-01
4.641186813071972450e-01
4.604993236364323117e-01
4.611435943786568181e-01
4.604845140273103321e-01
4.608951125767757340e-01
4.620436658895809012e-01
4.621749159259739836e-01
4.608398017886045084e-01
4.619570804552364240e-01
4.606576642736013860e-01
4.653395760667306535e-01
4.605888349679443938e-01
4.592169994655792009e-01
4.594499875166794811e-01
4.621270943174882739e-01
4.609771217789784270e-01
4.591159326845813404e-01
4.607449545001561786e-01
4.641703706081540814e-01
4.590640203081534088e-01
4.605005746665244981e-01
4.594722530601745292e-01
4.605802442011707187e-01
4.589083396931912806e-01
4.608771799194874563e-01
4.590220219612096697e-01
4.591909621392152308e-01
4.595404080732988228e-01
4.678393852554658672e-01
4.598050518216704741e-01
4.603208515754517727e-01
4.592192239203130022e-01
4.617370865219281306e-01
4.589676256205073024e-01
4.597922848349624836e-01
4.611288824119745833e-01
4.565915324461193858e-01
4.574626358610931476e-01
4.600201784772696145e-01
4.566893760350883014e-01
4.568423481700731315e-01
4.563835976354688739e-01
4.581313462438982298e-01
4.563230673011736682e-01
4.582685362528861051e-01
4.566957034892095146e-01
4.573424491918474666e-01
4.564126451130965934e-01
4.632870635001867798e-01
4.567420466807010082e-01
4.648114196397261644e-01
4.574811200724627769e-01
4.615454211966505960e-01
4.572604384140684930e-01
4.592543890526736283e-01
4.578917042869066201e-01
4.571576341451341063e-01
4.564226772115328457e-01
4.653501429845880999e-01
4.561432930735624391e-01
4.606506778647416200e-01
4.560336197550963755e-01
4.564509451635872517e-01
4.560823220113474075e-01
4.582193440113734306e-01
4.557017178180389760e-01
4.551310864040314930e-01
4.560487758201045017e-01
4.608345577266451665e-01
4.566621126336585235e-01
4.549805278318655444e-01
4.561437211351973553e-01
4.567783755803073165e-01
4.561293179426104683e-01
4.585815075660628071e-01
4.548933849508313698e-01
4.569606166659123669e-01
4.541245837473387725e-01
4.563097126623634203e-01
4.546345786845493175e-01
4.560789220950257072e-01
4.541731258405461991e-01
4.544787952792673780e-01
4.539978477964029535e-01
4.561185498842605379e-01
4.540788022645176336e-01
4.549075116601052349e-01
4.544115572162037431e-01
4.564529964875179702e-01
4.539298103912511873e-01
4.534891052146318713e-01
4.531893812786245701e-01
4.558789588708504481e-01
4.547542441260165047e-01
4.544868439073648791e-01
4.524367902359116012e-01
4.508671781285494284e-01
4.512785729459635742e-01
4.509408589561920144e-01
4.519201572792693189e-01
4.552656146470749343e-01
4.507011698533502364e-01
4.511169146061271285e-01
4.512408880404722988e-01
4.535671732355014973e-01
4.508172538459277456e-01
4.546749518093535225e-01
4.506381148452576202e-01
4.525371804255748920e-01
4.508983867648326260e-01
4.535746557402816626e-01
4.505335098491902168e-01
4.511139291893017100e-01
4.505953263207004289e-01
4.581192238724287047e-01
4.504476783947624630e-01
4.508167309390421207e-01
4.503156845835097899e-01
4.535171455376710292e-01
4.503487041223337428e-01
4.539878619462497933e-01
4.527574846690339827e-01
4.517622165229470688e-01
4.508804320820344880e-01
4.550474924405051302e-01
4.513359443917493441e-01
4.508993155761437110e-01
4.501790895497909673e-01
4.556211934003087105e-01
4.494904438774824929e-01
4.535988445049065065e-01
4.510655126540251136e-01
4.491355208156589951e-01
4.502546601315280395e-01
4.532103258329286954e-01
4.491091124146189828e-01
4.487969995768289477e-01
4.492154392009528596e-01
4.519766165595481278e-01
4.490766599332096654e-01
4.513231713551529301e-01
4.484816760415391013e-01
4.492112502957810172e-01
4.483503022905768187e-01
4.495166009110110328e-01
4.486542991140148873e-01
4.511685787063456354e-01
4.486641418531917003e-01
4.508910449617428151e-01
4.483945795487639940e-01
4.503233007069591953e-01
4.482146023950325242e-01
4.496525488605744858e-01
4.490777575031509872e-01
4.504090645150334860e-01
4.478210808280985167e-01
4.515667541334477120e-01
4.465270566072407910e-01
4.460631775996843351e-01
4.464490116355071536e-01
4.470279164002390893e-01
4.460308527471243401e-01
4.464314152290461690e-01
4.464396300172039367e-01
4.491293431666751879e-01
4.465704682401291370e-01
4.547024065780774782e-01
4.462184205025833683e-01
4.479653418274953669e-01
4.520943717276766916e-01
4.471077740741245532e-01
4.462334434005775785e-01
4.476304585292877891e-01
4.467067134322137423e-01
4.472421084595660790e-01
4.469455085400266814e-01
4.482738239430568705e-01
4.460187429219251709e-01
4.479842694738560560e-01
4.458937399290477943e-01
4.466144362973631377e-01
4.454529044425124540e-01
4.472274127277653388e-01
4.460417311310069244e-01
4.475386386904607328e-01
4.459658286692135265e-01
4.454578916069993899e-01
4.455308594263668875e-01
4.463810198867553258e-01
4.456159855165556793e-01
4.478823358181218128e-01
4.459097664902604841e-01
4.493836485219822596e-01
4.454807144147434617e-01
4.469710726825323888e-01
4.467090281878797198e-01
4.475594400957937369e-01
4.457812270643832231e-01
4.478740648413325198e-01
4.476795747570266881e-01
4.466203679835823448e-01
4.463433671728412877e-01
4.440919607707214389e-01
4.431739663771699922e-01
4.420593491227678418e-01
4.425398063551864158e-01
4.448597250811561765e-01
4.425704294476516809e-01
4.452531989702363524e-01
4.417423358672435962e-01
4.445542793316927255e-01
4.416162817264611129e-01
4.473502450422449095e-01
4.412305920067833842e-01
4.422917152838669042e-01
4.413225129567293625e-01
4.420784196393827692e-01
4.402375619287542952e-01
4.401156034850684518e-01
4.424240266757325513e-01
4.412282027708386289e-01
4.412720946825339774e-01
4.405799803263832359e-01
4.409270089366617573e-01
4.405810153761263170e-01
4.406136470517312831e-01
4.417968104266926099e-01
4.405478628210323655e-01
4.424728065268517252e-01
4.399631881694381907e-01
4.403932174806938771e-01
4.401347588493010887e-01
4.421808335651381539e-01
4.405782024758616022e-01
4.418386049654480785e-01
4.404553313891367838e-01
4.404242221397172141e-01
4.402134244009170971e-01
4.425020821572874796e-01
4.407258177737983784e-01
4.416825992699958681e-01
4.395083753027175244e-01
4.433964147982970561e-01
4.394221282221704161e-01
4.409964224511000452e-01
4.409436540381645453e-01
4.422053271578382794e-01
4.402136992793403425e-01
4.460118223930193415e-01
4.383601968035969465e-01
4.417102734126351349e-01
4.390702662432585668e-01
4.392254332481447254e-01
4.377706887465916963e-01
4.386405848778936467e-01
4.356154364993195527e-01
4.395937585635439349e-01
4.359006511909325754e-01
4.363831718561000939e-01
4.357505708374667108e-01
4.367214722991751841e-01
4.355796404526713905e-01
4.358539441620606913e-01
4.353820522583242147e-01
4.353456537701860252e-01
4.360069953094916628e-01
4.367612889399869469e-01
4.353001917123327513e-01
4.390437423889276825e-01
4.352542979841569348e-01
4.395708529610942161e-01
4.351091621880791571e-01
4.356658180337794062e-01
4.344209772268048386e-01
4.377923259949273449e-01
4.363190082128698966e-01
4.341475221883376867e-01
4.347120020824957187e-01
4.389834223236432353e-01
4.360383275911685064e-01
4.405720599880532662e-01
4.340951002194087804e-01
4.339218127070813558e-01
4.339448693238770471e-01
4.375027501262072627e-01
4.345804521372961249e-01
4.383253387087254760e-01
4.348410655900729616e-01
4.369933292965831328e-01
4.353423843812307403e-01
4.337224003327674327e-01
4.333101934923785370e-01
4.329491902019524940e-01
4.325774605884560309e-01
4.342832861966308688e-01
4.318753280998410826e-01
4.357735162833764053e-01
4.321176168454129440e-01
4.341203873791990020e-01
4.318433110317208001e-01
4.317095618721835670e-01
4.299213911093763829e-01
4.308273398648945762e-01
4.301443508948815664e-01
4.328830962420540107e-01
4.302239627170033054e-01
4.340898953182824038e-01
4.304936929846255866e-01
4.341943269084542756e-01
4.313738495338272361e-01
4.330067109313727736e-01
4.320534664700381722e-01
4.308875468410753307e-01
4.308536076687465299e-01
4.314519693474599960e-01
4.303359928291529690e-01
4.319992846872573455e-01
4.298727736776534192e-01
4.309698010382384536e-01
4.309557216375581312e-01
4.318544634197771792e-01
4.296925302890777232e-01
4.318009478943715673e-01
4.284372923490076812e-01
4.338954511974506545e-01
4.291556461696365288e-01
4.298260351330151496e-01
4.287221845744816351e-01
4.298917560774467295e-01
4.281428683178336025e-01
4.292816789262799970e-01
4.277028267097159886e-01
4.361665939173090534e-01
4.274832232991614411e-01
4.305876642466646143e-01
4.272687380390391421e-01
4.331801607042380375e-01
4.283203511504937167e-01
4.264973870697135738e-01
4.266853288441513348e-01
4.302201074761549671e-01
4.264801980957292904e-01
4.302093981640779941e-01
4.264090848723561256e-01
4.272301705645889514e-01
4.263829766247252406e-01
4.250226788082489549e-01
4.251657757951138872e-01
4.257483498556053347e-01
4.259979909083745353e-01
4.300223282963379079e-01
4.253280283648604443e-01
4.286185803675675032e-01
4.243420558547166821e-01
4.278980481074384778e-01
4.242118169812977846e-01
4.288546650744137212e-01
4.243843710518508949e-01
4.251079650214373840e-01
4.252393605160741386e-01
4.264112747848480267e-01
4.243746183039778241e-01
4.261502172789266574e-01
4.241578048455957317e-01
4.255317362979978979e-01
4.252144758309430728e-01
4.257107596255761406e-01
4.230583566979790322e-01
4.226638760283575880e-01
4.228413128509836416e-01
4.228389701812712564e-01
4.238125177081200623e-01
4.271862670307899901e-01
4.226444329967984914e-01
4.291549917611334752e-01
4.229137653358946425e-01
4.252971027531560755e-01
4.221724196371188786e-01
4.240145861329168708e-01
4.220896037412784629e-01
4.247733110198541051e-01
4.252572828516067438e-01
4.215445714071041072e-01
4.223998914299352259e-01
4.232671572714775676e-01
4.230404539015880094e-01
4.199786089784358079e-01
4.213458639760319091e-01
4.214829784718852057e-01
4.179552812015680519e-01
4.190393068611029115e-01
4.205845071714447436e-01
4.231411504675832713e-01
4.183953226095449840e-01
4.215806884898568585e-01
4.188677127104621367e-01
4.215955629971172014e-01
4.178178189025333888e-01
4.175878403030477415e-01
4.160365330415223828e-01
4.187098841058446430e-01
4.175003904438806535e-01
4.189046746217294781e-01
4.158303272576976961e-01
4.166397513842922673e-01
4.140391015787628914e-01
4.172307453301540847e-01
4.150968763266447148e-01
4.172166650717559766e-01
4.140943012163276205e-01
4.216635628427999882e-01
4.147489900973371779e-01
4.150538582650170061e-01
4.140340005592201833e-01
4.136177316347337540e-01
4.132709513300266702e-01
4.128857575173838779e-01
4.143276377628399842e-01
4.146997235604782395e-01
4.133586299281764020e-01
4.222436178696914455e-01
4.124568362156783574e-01
4.132503539275865223e-01
4.126958386059467188e-01
4.142152310963145845e-01
4.124228148260414839e-01
4.123661109638793176e-01
4.118221495503018303e-01
4.135123445157818378e-01
4.135619105067194767e-01
4.127138214726082110e-01
4.120611269414583000e-01
4.128235830212419466e-01
4.126843687635187718e-01
4.135562871172166477e-01
4.121492638417955656e-01
4.136308141332199484e-01
4.115365595144251931e-01
4.164911296958050957e-01
4.125852488320411737e-01
4.123985193333723487e-01
4.141186132521101904e-01
4.179359721673370776e-01
4.113507477919226551e-01
4.155289886197378046e-01
4.119540206442175445e-01
4.144627200160278524e-01
4.113722772260122174e-01
4.127015160698684348e-01
4.122177768668916498e-01
4.107732391207878919e-01
4.097932198133210635e-01
4.098049056795269318e-01
4.121813328007881694e-01
4.153917102032561037e-01
4.096557708760550365e-01
4.111787390656888586e-01
4.095567036375754033e-01
4.080581928970219985e-01
4.082308803702600630e-01
4.084315835448337206e-01
4.091448645115745575e-01
4.126168179601130692e-01
4.103797176636314048e-01
4.126224344749469530e-01
4.106663653791384205e-01
4.123437703351465200e-01
4.116676673745287007e-01
4.068964836435042809e-01
4.076844701617718947e-01
4.078654169489504544e-01
4.081606149067777967e-01
4.109287672552318638e-01
4.079810047570354148e-01
4.107634398183442892e-01
4.072598993834342651e-01
4.072155616969317937e-01
4.075360456052584124e-01
4.112065653229364237e-01
4.057073748427447168e-01
4.053205506930391278e-01
4.051870899896435896e-01
4.070007866462608814e-01
4.065706587382860171e-01
4.079210345973359186e-01
4.046337499398441340e-01
4.076379350691610171e-01
4.049261097674491383e-01
4.084635696948449857e-01
4.061962756925293627e-01
4.026724478065996093e-01
4.027507242569809409e-01
4.031367272562380588e-01
4.022524523548304809e-01
4.019998056163241462e-01
4.034841969322202071e-01
4.030725158042769429e-01
4.030792195462877259e-01
4.010481775952605688e-01
4.008601566912010639e-01
4.014296557603094784e-01
4.007751392112248179e-01
4.001960175151096921e-01
3.997228556975842007e-01
4.010768150547623367e-01
3.986356482411178570e-01
4.024207093696375859e-01
3.983404240684791375e-01
3.999493607605280054e-01
3.977237521186289815e-01
3.977496055663888308e-01
3.986610166894570262e-01
3.989020101928868467e-01
3.986136583234460296e-01
4.018415817177884986e-01
3.982716167361680659e-01
4.027358093809698114e-01
3.998071968903752493e-01
3.983397182532983360e-01
3.983178185984007080e-01
4.044621154729358681e-01
3.970256596478985434e-01
3.981640993845235177e-01
3.988203928056897052e-01
3.977891708251227731e-01
3.971076317149268009e-01
4.060003384411599581e-01
3.971969675711338188e-01
3.985178569849324726e-01
3.983526766927047436e-01
4.045979777104102282e-01
3.961228708295723711e-01
3.975166306478174483e-01
3.958105229931386249e-01
3.970337677621637029e-01
3.961862567344662800e-01
3.982960530675009880e-01
3.956382199116955656e-01
3.969605400330800116e-01
3.975380617388009075e-01
3.978321251260606983e-01
3.951594172404654381e-01
3.984714456221508105e-01
3.957978874812945747e-01
3.940871935408177262e-01
3.933434770010086345e-01
4.010089604906910132e-01
3.939564698913264329e-01
3.968462983033783087e-01
3.940871028601386494e-01
3.952234869432388331e-01
3.971836196247480189e-01
3.933693002531224447e-01
3.942166078567628240e-01
3.941906299415325332e-01
3.932754916135123846e-01
3.953073243207809173e-01
3.932727259023822142e-01
3.955863930624539115e-01
3.929829959522453953e-01
3.987167197805880914e-01
3.923020809820660371e-01
3.961537816921358313e-01
3.925322101720446488e-01
3.944384190907651577e-01
3.941381167933252772e-01
3.931746115279237119e-01
3.969696851276879324e-01
4.034846212322654724e-01
3.927238009720570022e-01
4.000544627031116796e-01
3.925302713316521364e-01
3.961329603903037677e-01
3.921599068877600347e-01
3.913917146107389056e-01
3.919684916401561248e-01
3.972777920286824638e-01
3.912535074844930016e-01
3.918555080855701256e-01
3.919857896751078874e-01
3.939724289663033563e-01
3.920940461220676077e-01
3.940446017000261425e-01
3.912748325765498247e-01
3.951459911672627889e-01
3.922932365194576887e-01
3.930372363714854100e-01
3.913490847387399163e-01
3.928794208351535922e-01
3.921056932378799154e-01
3.963553555987522903e-01
3.908807805643811917e-01
3.939163268530989637e-01
3.918984380798120060e-01
3.920996156740814143e-01
3.908889183365741316e-01
3.912559305805554111e-01
3.898464821143575176e-01
3.945052352983152155e-01
3.904055605397585560e-01
3.932635248253275040e-01
3.900884584502472552e-01
3.926708247820520081e-01
3.895393962400328092e-01
3.922204801874963898e-01
3.896671737183836637e-01
3.910318449723276246e-01
3.917712726513390975e-01
3.945785663572630164e-01
3.897086763583648139e-01
3.937223084609060009e-01
3.894115644817838229e-01
3.919222842191369960e-01
3.892693920289563847e-01
3.907910077511044800e-01
3.893459147044106561e-01
3.932473599673791398e-01
3.897662885890271212e-01
3.912210056132630065e-01
3.893348211474288445e-01
3.954348420593205571e-01
3.908198002103918101e-01
3.894356539314333121e-01
3.898771234519923246e-01
3.895147900891762771e-01
3.896813892693422599e-01
3.904307086272132965e-01
3.890017084405825720e-01
3.910196840667760632e-01
3.896585352442772376e-01
3.908741756245676102e-01
3.891938512908111325e-01
3.887448357299599921e-01
3.892115451896057676e-01
3.931023961298690805e-01
3.896863977682948343e-01
3.904773680841260308e-01
3.889203667101871487e-01
3.916606327904891827e-01
3.892057517265632982e-01
3.911266391545806242e-01
3.885305873901362395e-01
3.888665446098421019e-01
3.887092697600933455e-01
3.941532560656500483e-01
3.885460960571371913e-01
3.902665173002078380e-01
3.886969677495299424e-01
3.919704063606357369e-01
3.898655356825416196e-01
3.928136455203278810e-01
3.891535608886949604e-01
3.905570149881621433e-01
3.891258300830264250e-01
3.896938144673485760e-01
3.896585640842063492e-01
3.906951757628953636e-01
3.883595787046308367e-01
3.895152710651895167e-01
3.884836999128165047e-01
3.891273501455747019e-01
3.885454159477098046e-01
3.901470199075117717e-01
3.887970071963636753e-01
3.903832024870561024e-01
3.885109459492605555e-01
3.902039542040743880e-01
3.887170718874510267e-01
3.905022375533678813e-01
3.882083219587565970e-01
3.896275738281026468e-01
3.891368614743426768e-01
3.884830736180194810e-01
3.886992424200477747e-01
3.919716831162461945e-01
3.888778745248555602e-01
3.880379059228244443e-01
3.877408135009796086e-01
3.880360470974295595e-01
3.888052156734281284e-01
3.876976168487668017e-01
3.883170339561665685e-01
3.875873849906154578e-01
3.883034836806081858e-01
3.875951118165935627e-01
3.877510652126955892e-01
3.878827546960274542e-01
3.877343421513264610e-01
3.871285062776880226e-01
3.881149659136761132e-01
3.871066997506778518e-01
3.885143377353396654e-01
3.869266043747314199e-01
3.877578625520520239e-01
3.868998234380918722e-01
3.866228122680024359e-01
3.869195356970164257e-01
3.871572449961223628e-01
3.867996846955623624e-01
3.879768440376659133e-01
3.865711669121899563e-01
3.884189783968183263e-01
3.864460491438323486e-01
3.867662066470011206e-01
3.865771245530302269e-01
3.865056978514044284e-01
3.864760484443572341e-01
3.866952862827260362e-01
3.865535665510788088e-01
3.866372540203225627e-01
3.864786558433846442e-01
3.869904691123542961e-01
3.865041197072378032e-01
3.867206323565926529e-01
3.865384508123185792e-01
3.866449378893941913e-01
3.862572526377918147e-01
3.874000311365253246e-01
3.862627285365686225e-01
3.871338009663362612e-01
3.868852443176585831e-01
3.858974165864115236e-01
3.856852962842495236e-01
3.854818095391112642e-01
3.850420373995421808e-01
3.860985568389313505e-01
3.846834970515204399e-01
3.850186517651188467e-01
3.856329481510921697e-01
3.845421448341058146e-01
3.847493298319645261e-01
3.844132915742772827e-01
3.839830204839112526e-01
3.844357152697146507e-01
3.828561515011368321e-01
3.833025817921270617e-01
3.829543366204019583e-01
3.830815306808602050e-01
3.828730057068887027e-01
3.823067400866422827e-01
3.823161945033470288e-01
3.835106005659397188e-01
3.822587941834821312e-01
3.830575489193301375e-01
3.826628845532414336e-01
3.829143112159811291e-01
3.823949019619667378e-01
3.831150079638703243e-01
3.828918989378960469e-01
3.833346565232145786e-01
3.824529439961663058e-01
3.823297244596464139e-01
3.822934297448590257e-01
3.817049853730162257e-01
3.818534118632815888e-01
3.823513099531019033e-01
3.814790999113698011e-01
3.815178562340730828e-01
3.820802048121724193e-01
3.816828820864673344e-01
3.814708546469313122e-01
3.818469885858048474e-01
3.814610786320121183e-01
3.815213815000210729e-01
3.818092076764059151e-01
3.815081938950644069e-01
3.816817083071790684e-01
3.820593870770037648e-01
3.815035481235939385e-01
3.825002380449446515e-01
3.815727055661611855e-01
3.820559958613201634e-01
3.817032203400486656e-01
3.826854335545207819e-01
3.813890812894529803e-01
3.815172436086678998e-01
3.817028245465858838e-01
3.819355679635764722e-01
3.814864947144344653e-01
3.815096828439540899e-01
3.816373320011249848e-01
3.813915237333430075e-01
3.814100563347449513e-01
3.812841453585178453e-01
3.813303432509791979e-01
3.817103263690465043e-01
3.815997984560181577e-01
3.817724921837769569e-01
3.812286231345706766e-01
3.825782230009321938e-01
3.813152360358805226e-01
3.812357141031555985e-01
3.813722868135908106e-01
3.814933544626257778e-01
3.813587757280043622e-01
3.822528080686022900e-01
3.810752378005322072e-01
3.819833470442677292e-01
3.815936256466627152e-01
3.813771894029231446e-01
3.810366391336207359e-01
3.812618413811588169e-01
3.809765205161229629e-01
3.813980098099056248e-01
3.810410504812848376e-01
3.817259487891845327e-01
3.810404322950706746e-01
3.813380043092924332e-01
3.806454351604465769e-01
3.805224398029692923e-01
3.803672094969047235e-01
3.798178587546024998e-01
3.797843156585356539e-01
3.810149100098558228e-01
3.798449360067336911e-01
3.799796840023025313e-01
3.800202322197333005e-01
3.807128338721972871e-01
3.800880722712005610e-01
3.800963760562924842e-01
3.799817778427082016e-01
3.792987751659112616e-01
3.792844615910460071e-01
3.801092362547359160e-01
3.796845524423591023e-01
3.792170105342697606e-01
3.794010150045923346e-01
3.793266211483601880e-01
3.791839681741491219e-01
3.797625995675438237e-01
3.793163308319363880e-01
3.803722226818601060e-01
3.793376484693455897e-01
3.786602094857305367e-01
3.790445968260077181e-01
3.784442431915144844e-01
3.785301203923324698e-01
3.781396659525748105e-01
3.785121483166649092e-01
3.783252633990673575e-01
3.781275996082921198e-01
3.784557628270867058e-01
3.780375582730863271e-01
3.777649236091666363e-01
3.778584654511114027e-01
3.785380538967281217e-01
3.781607133190990622e-01
3.766766220169464607e-01
3.767425968403281256e-01
3.771996813798154102e-01
3.766871698570075644e-01
3.774691841751532384e-01
3.768266575826510478e-01
3.767233080156965896e-01
3.768679514752345527e-01
3.772176535039254430e-01
3.769937691022584580e-01
3.765226213768439467e-01
3.765219785928343721e-01
3.771458491907486721e-01
3.764349603699015390e-01
3.767648667670294715e-01
3.768145906299720238e-01
3.769635863890178906e-01
3.762667643075660595e-01
3.763299542870993109e-01
3.765922759454786162e-01
3.764667834707587923e-01
3.763857110091280989e-01
3.758013131143760899e-01
3.758166492578231543e-01
3.767008879610682093e-01
3.755203274458301932e-01
3.762705384849784340e-01
3.757392472518278903e-01
3.761365689789809008e-01
3.756768699802940370e-01
3.757582539578410152e-01
3.755885749159482700e-01
3.766566761376022865e-01
3.756798391211179644e-01
3.757369885694951672e-01
3.760451624739020171e-01
3.755183029617685797e-01
3.753298425913687009e-01
3.772582191372018667e-01
3.756048462808523891e-01
3.761310575582849092e-01
3.753281110113952934e-01
3.759700619967598079e-01
3.756194418215217934e-01
3.762774936937565706e-01
3.757507999712290658e-01
3.757789727817222314e-01
3.753685848496861044e-01
3.761503157451681068e-01
3.752715377766102089e-01
3.754144716644096103e-01
3.752747163613115444e-01
3.749892525059027037e-01
3.751503193498330058e-01
3.754937306839953304e-01
3.750973078579867281e-01
3.751387085738033256e-01
3.752040041688906036e-01
3.751917283183434093e-01
3.750903760954929500e-01
3.750827240552865316e-01
3.752239997255889525e-01
3.756233307551563039e-01
3.755520329921687717e-01
3.759870932456904624e-01
3.750377995983057433e-01
3.761700186668860413e-01
3.750208800045951030e-01
3.758274269878696394e-01
3.750754601311618308e-01
3.752471573131299087e-01
3.751538981050524524e-01
3.752045278412450835e-01
3.754018552151568433e-01
3.756798223820720928e-01
3.754077645931220286e-01
3.769028549402362871e-01
3.751299381174462710e-01
3.758606569619456494e-01
3.749700606654918222e-01
3.753576662155133081e-01
3.752178953102025538e-01
3.760075402796203003e-01
3.750348684140388800e-01
3.752468614051113760e-01
3.751348820398427431e-01
3.750842462755644702e-01
3.752207406452440219e-01
3.749652010318462736e-01
3.756215908028651684e-01
3.747632242974155425e-01
3.752905698519227728e-01
3.750235184427475055e-01
3.745922047098562691e-01
3.750046155934776970e-01
3.749384919547854578e-01
3.748550696322516806e-01
3.746350965079054407e-01
3.754345218142135510e-01
3.745764173273498088e-01
3.766886243116494559e-01
3.750832649054564039e-01
3.761439722383897455e-01
3.749581981501612371e-01
3.746794567327203507e-01
3.743814057331797396e-01
3.746537317846956316e-01
3.745634529128342161e-01
3.754568403582546621e-01
3.744736806445839727e-01
3.749356191873531308e-01
3.746013047055798406e-01
3.749531300487315422e-01
3.741161860803252082e-01
3.748391035087425549e-01
3.743301583250185360e-01
3.755383724795528511e-01
3.745867156171813206e-01
3.747871707571262534e-01
3.747937988355716787e-01
3.742481195441058062e-01
3.743991233531710483e-01
3.744654963518306845e-01
3.741728572204968684e-01
3.748518765921468598e-01
3.743557424560285951e-01
3.749003683918027408e-01
3.743841290207439720e-01
3.755295276771323243e-01
3.740388734269489701e-01
3.740419099160436356e-01
3.742238956231230818e-01
3.750301334336364478e-01
3.742626173954932689e-01
3.740008141944316522e-01
3.741614137884524682e-01
3.745300100389916120e-01
3.743793030430171420e-01
3.743329518227280772e-01
3.739997918341982364e-01
3.745396043065802871e-01
3.739478393090925334e-01
3.743613496189113210e-01
3.739539116600776314e-01
3.744178634535727523e-01
3.740194708098711907e-01
3.741607684396668354e-01
3.739734598084350492e-01
3.752640015470276036e-01
3.742700626726231383e-01
3.745645734857543929e-01
3.739996094428971740e-01
3.748223227686057202e-01
3.739351229613263605e-01
3.744816183495973672e-01
3.740296145633069114e-01
3.741765231706551953e-01
3.739581138539064264e-01
3.739901790218243538e-01
3.738910884492169795e-01
3.743482633060305487e-01
3.738935031012421417e-01
3.746840219731741861e-01
3.740646878337627323e-01
3.748450672586327026e-01
3.740844161294002435e-01
3.739069257175503536e-01
3.738551131189993826e-01
3.738457848892609015e-01
3.741184334373978682e-01
3.738219318815901859e-01
3.738787415069786402e-01
3.744812370047559402e-01
3.747664944506406415e-01
3.744530366623862738e-01
3.739743859516163060e-01
3.741576674140604242e-01
3.740358572552952010e-01
3.740113870589389378e-01
3.740694025240079434e-01
3.740424413865124920e-01
3.740002238151263758e-01
3.748206195675524710e-01
3.739031347594319876e-01
3.741706148839278878e-01
3.746190931251646150e-01
3.735984535875707113e-01
3.737421741555844168e-01
3.735007653266634864e-01
3.741117108193565688e-01
3.743584510185414826e-01
3.736567612798959992e-01
3.751991757519300141e-01
3.735181670013624222e-01
3.739003058193534068e-01
3.736392984305683118e-01
3.733968783353963095e-01
3.735425063384071875e-01
3.746016001039633170e-01
3.731886101429521263e-01
3.736544788973883979e-01
3.732956721102148046e-01
3.747910975184237103e-01
3.732519948023247935e-01
3.738450850819027282e-01
3.733731502708496075e-01
3.731226236498009774e-01
3.732392081797035188e-01
3.738778790427267351e-01
3.731100639709665767e-01
3.733937323489897597e-01
3.732045656632363984e-01
3.737554472059760879e-01
3.735363930747611638e-01
3.729193668611528456e-01
3.731124863128534308e-01
3.739557783353961717e-01
3.734328060664910409e-01
3.735084254178578367e-01
3.730951606638308049e-01
3.729325555252128721e-01
3.729885789993667711e-01
3.741229654242542724e-01
3.730060544257950972e-01
3.730267594119694441e-01
3.730571048810634172e-01
3.733222931446520954e-01
3.731434362895076906e-01
3.732788963044177954e-01
3.729408918691775598e-01
3.735907822413415680e-01
3.734092030498555315e-01
3.729397998588149798e-01
3.729876914758739614e-01
3.730523358200690254e-01
3.732352321020231956e-01
3.733848523715186385e-01
3.733589905140703435e-01
3.729478513371917159e-01
3.730808308126181694e-01
3.731742165952893209e-01
3.730343818701631897e-01
3.740559488868296922e-01
3.732361509204791261e-01
3.733326217859522789e-01
3.728750314515265063e-01
3.734318118960868738e-01
3.731215093118120385e-01
3.729398868672915701e-01
3.735937317701297222e-01
3.730936742348835988e-01
3.734458849027661453e-01
3.730873022109632009e-01
3.730180343994278225e-01
3.730938786634359627e-01
3.729434022240888935e-01
3.745651350988641326e-01
3.727237158539506989e-01
3.727821241460227419e-01
3.728949294727900154e-01
3.742280759340159135e-01
3.729299572406914454e-01
3.736578573507536860e-01
3.730887074478885235e-01
3.734204809151810966e-01
3.736147635245518073e-01
3.727521597118024221e-01
3.728941796235638595e-01
3.732887634563469281e-01
3.729009831039397649e-01
3.733828981319786688e-01
3.727903712538371828e-01
3.728359927387855377e-01
3.729001147511112890e-01
3.722015150151893881e-01
3.727970703716137479e-01
3.729784032043355069e-01
3.724179406540067405e-01
3.725326311940144741e-01
3.724491250180330115e-01
3.726406847462535032e-01
3.723221965137820111e-01
3.725962516141326786e-01
3.722799403117110217e-01
3.727213972619147220e-01
3.726524488260136159e-01
3.722039156114997360e-01
3.723429960441734243e-01
3.721340739912694651e-01
3.720169048661971511e-01
3.720599610243849331e-01
3.719698430044444670e-01
3.721647833167731068e-01
3.721409953934711745e-01
3.719572671963628507e-01
3.719208329732524021e-01
3.720050720176998338e-01
3.723146521401112241e-01
3.719911167922946293e-01
3.720866559142205210e-01
3.719418070869364712e-01
3.720508570002865611e-01
3.719576654810557992e-01
3.721868185106261273e-01
3.720802451750936379e-01
3.719287000993420911e-01
3.719739977373284212e-01
3.720712586873959893e-01
3.719450707008957746e-01
3.721399724988208035e-01
3.719945349840861892e-01
3.719057536753461735e-01
3.719540685179249517e-01
3.717021797438282982e-01
3.719720865646360952e-01
3.718049877417697879e-01
3.715930153426660332e-01
3.719424862659084785e-01
3.716578657751700709e-01
3.716009198181216555e-01
3.715432114303354183e-01
3.716454485254341855e-01
3.716386969848867183e-01
3.717078626422836707e-01
3.715229857422950310e-01
3.716471239622854417e-01
3.719551921371211378e-01
3.715989737993865005e-01
3.715910065205875745e-01
3.716555992596373703e-01
3.715272671147881733e-01
3.717888052389885511e-01
3.715472099442146403e-01
3.717700074472148342e-01
3.715013413911942841e-01
3.714092646563917910e-01
3.716075023706496006e-01
3.714902847692105325e-01
3.714443082510031635e-01
3.720491636590164686e-01
3.713306623314744925e-01
3.715152589480695267e-01
3.712727893261500989e-01
3.713602222245286910e-01
3.713186207515304926e-01
3.714607014288069387e-01
3.712993801417979189e-01
3.715070857496673429e-01
3.712478256697052670e-01
3.712576023003591463e-01
3.712987447882493686e-01
3.715299851383550567e-01
3.712947869431710290e-01
3.712215229096310076e-01
3.713280127223566596e-01
3.709094043527774165e-01
3.710313022455856702e-01
3.708203624664480613e-01
3.708224434788606194e-01
3.709797303903768495e-01
3.708958106142358768e-01
3.712248123736620609e-01
3.708384536733901893e-01
3.709819173138321213e-01
3.708459444199967980e-01
3.707663308449261619e-01
3.708098747552618923e-01
3.708905649555414019e-01
3.707943609541065610e-01
3.711292258250770137e-01
3.707915100936797215e-01
3.708971917907913918e-01
3.707928396710291064e-01
3.710702303735351482e-01
3.707315637844227352e-01
3.708547972787964997e-01
3.707828436981006059e-01
3.706966155510916794e-01
3.707144146006440821e-01
3.708520329896736745e-01
3.707792325081243900e-01
