1.095619770393400527e+00
1.096174267954957759e+00
1.096614255409982697e+00
1.074800837512504437e+00
1.028368730758670413e+00
1.009524011902270368e+00
9.985335104351511504e-01
9.970036396788496402e-01
9.976896190264922248e-01
9.969204719427340322e-01
9.969135159800411872e-01
9.970869895908210934e-01
9.929058250240549999e-01
9.991611115638157070e-01
9.930379017049323354e-01
9.928771946339179921e-01
9.935508507319661398e-01
9.808524074347664268e-01
9.932754396862354396e-01
9.869936664532097392e-01
9.834523891586395283e-01
9.822143627755333117e-01
9.978528779645426949e-01
9.530067574445156842e-01
9.507375836987800310e-01
9.508954790459165363e-01
9.674100702668729790e-01
9.636133676687683725e-01
9.507910357733967421e-01
9.507568922274536316e-01
9.514612300319184035e-01
9.640281434611246425e-01
9.323118199589995880e-01
9.387855762410581839e-01
9.322578939494464700e-01
9.465617770771685979e-01
9.419404281863973383e-01
9.272976625153933616e-01
9.275091732852461801e-01
9.338495076840347409e-01
9.417918498439012964e-01
9.546992445177138187e-01
9.997965171547527063e-01
9.378678513489659974e-01
9.384765732797604176e-01
9.268988713603624197e-01
9.207245892008075749e-01
9.207245892008073529e-01
9.207245892008073529e-01
9.200579439251286296e-01
9.279700010287524892e-01
9.382985714649552111e-01
9.223803444753871927e-01
9.200579439251286296e-01
9.422883550273402076e-01
9.547651652527522348e-01
9.455979410599413271e-01
9.200579439251286296e-01
9.200579439251286296e-01
9.200579439251286296e-01
9.296503389293045982e-01
9.550358131481795354e-01
9.743603376199261312e-01
9.448337132802604454e-01
9.200579439251286296e-01
9.200579439251286296e-01
9.200579439251286296e-01
9.200579439251286296e-01
9.200579439251286296e-01
9.201116129817477063e-01
9.521878944624114771e-01
9.200579439251286296e-01
9.200579439251286296e-01
9.200579439251286296e-01
9.933803103708769289e-01
9.200579439251286296e-01
9.200579439251286296e-01
9.727537856619724588e-01
9.200200788398019691e-01
1.005183591774666763e+00
9.158091626216935399e-01
9.668181185646881337e-01
9.214543760176022724e-01
9.625501468156020257e-01
9.209046322649120375e-01
9.319330320695600189e-01
9.155007266924851672e-01
9.108626376727306795e-01
9.166756815916976553e-01
9.153823963173767231e-01
9.107715028496827792e-01
9.164479079047525012e-01
9.029799628601731243e-01
9.156908443312387069e-01
9.042144951414309295e-01
9.093854533254667194e-01
9.033034238484654033e-01
9.036910188826774437e-01
9.035345033096964240e-01
9.065447005966037475e-01
9.044031700421202302e-01
9.529637301598243848e-01
8.997034760891475802e-01
9.156736228394267707e-01
9.060453257504578195e-01
9.077824532575965444e-01
9.004377919008348385e-01
9.341841897458385002e-01
8.931703021557515498e-01
9.151970686392869592e-01
8.955425922338048350e-01
9.207630655186063162e-01
9.305994686209402289e-01
8.831653447835114967e-01
8.830334650466311608e-01
9.291027029563340145e-01
9.136364452917911105e-01
8.644571800031541908e-01
8.672974398477929503e-01
8.797855909658531814e-01
8.643871064937720394e-01
8.705495934975192585e-01
8.638727262993194378e-01
8.624996042419442732e-01
8.624996042419442732e-01
8.910344413214736914e-01
8.624996042419442732e-01
8.934245292621380008e-01
8.644479567008309662e-01
9.178723247048630185e-01
8.672502499052124891e-01
8.969401891523448578e-01
8.733609438150334858e-01
9.181552824459664475e-01
8.589571873646354438e-01
8.841646594866775510e-01
8.551640585880794232e-01
8.937275753719043925e-01
8.537856203460145732e-01
9.042647377422883270e-01
8.538464972128729791e-01
9.026278983673324818e-01
8.705051514916698485e-01
9.146610596449616937e-01
8.537856203460146842e-01
8.573741973405646366e-01
8.537856203460146842e-01
8.728779417608142355e-01
8.537856203460146842e-01
8.931200866951096717e-01
8.537856203460146842e-01
8.529222904354162305e-01
8.529222904354162305e-01
8.534026522099862344e-01
8.529222904354163415e-01
8.530165535004069488e-01
8.529222904354163415e-01
8.530783956299697879e-01
8.529222904354162305e-01
8.532170912038608002e-01
8.529222904354163415e-01
8.536360402579263873e-01
8.595934147744980214e-01
8.529815687158142090e-01
8.563865957445095933e-01
8.820337169931322663e-01
8.552055704270216108e-01
8.800908212150473364e-01
8.454811162795328183e-01
8.693552621928378743e-01
8.425558733673179646e-01
8.593985190524975337e-01
8.463314306313223234e-01
8.655189281829233083e-01
8.628571296009136526e-01
8.483745603085208753e-01
8.507892389133870914e-01
8.612281307357754212e-01
8.408389418888417843e-01
8.405815683068796895e-01
8.432885559809401022e-01
8.774980332417773310e-01
8.413421011171487995e-01
8.750509950618192700e-01
8.401524881126802846e-01
8.457041608622177797e-01
8.401888641996474449e-01
8.876784267758915936e-01
8.366609880216857587e-01
8.642844580190635062e-01
8.371993210212321790e-01
8.612484385475408510e-01
8.234471873856847868e-01
8.441056159304584083e-01
8.239965549201843098e-01
8.820283629465212050e-01
8.180759850985014348e-01
8.223791841667843494e-01
8.182544953665462639e-01
8.357001249560971345e-01
8.170369028387476362e-01
8.616567994611136205e-01
8.118779205138777488e-01
8.046370543148096965e-01
8.046645890129378031e-01
9.167550574102436567e-01
8.086319545724395264e-01
8.498788991209497157e-01
8.175696661605869053e-01
8.877963955630669979e-01
8.350284757341563946e-01
7.686243267431662751e-01
7.964843149413900480e-01
8.482040217822641726e-01
7.782369425290922571e-01
7.837579858093461915e-01
7.686243267431664972e-01
8.162881013548289877e-01
7.686243267431662751e-01
7.932559099709983741e-01
7.543103252419415261e-01
7.864278351285559632e-01
7.572170666389579363e-01
8.290568237709424748e-01
7.543511583037667556e-01
8.057440342957207235e-01
7.543103252419416371e-01
7.729625074017906217e-01
7.543103252419414151e-01
8.021045987157163770e-01
7.543103252419413041e-01
7.562081228005409494e-01
7.543103252419411930e-01
7.334738206196751431e-01
7.276485023102833294e-01
7.214997794248271257e-01
7.228862034235143952e-01
7.553704278416821793e-01
7.225711273689083836e-01
7.795521541140020272e-01
7.221956840883705375e-01
7.339053123526724232e-01
7.221646708652408320e-01
7.485572336637884572e-01
7.219192379548944327e-01
7.330786513234173185e-01
7.184280173928494495e-01
7.302785189366135521e-01
7.184280173928490054e-01
7.527075843870871807e-01
7.453943559628394278e-01
7.584766222808769776e-01
7.164232821118924344e-01
7.406036662316667352e-01
7.173275980556736986e-01
7.672285192719845437e-01
7.158329234784601702e-01
7.367947137520374223e-01
7.364063530723738982e-01
7.378946801367903818e-01
7.281998020043959352e-01
7.481900331718925878e-01
7.239832079689983990e-01
7.282471995867174641e-01
7.113332273098185166e-01
6.985800444322438629e-01
6.965940796399399115e-01
7.533941029894025698e-01
6.950365667426566807e-01
8.105356850748270947e-01
6.949989670588910817e-01
7.330582800599166893e-01
7.033969330233672546e-01
8.283553026260602747e-01
6.989297818666637685e-01
7.598891751568827013e-01
6.950365527224068307e-01
7.459197487428985696e-01
6.962168306285841934e-01
7.493304868054058154e-01
6.954890108728307707e-01
7.278274520561978100e-01
6.982378044932412431e-01
7.625997182886553594e-01
7.020712358044738366e-01
7.717854564708152010e-01
7.161616737199034688e-01
7.328789229942578309e-01
7.015090714988074794e-01
7.314642654345187012e-01
7.020365400840019587e-01
7.483475967861287215e-01
6.912562541729494470e-01
7.390892061317534401e-01
7.026148384022439242e-01
7.410173932455188517e-01
7.120776362216451050e-01
7.923360286438523303e-01
7.195611501519121322e-01
7.215454224091898405e-01
6.912562541729493359e-01
6.977882309042152675e-01
6.922182846812505730e-01
6.993243954643373339e-01
6.907067062181250217e-01
6.932226575862555640e-01
6.907067062181247996e-01
6.855255105510040803e-01
6.855255105510041913e-01
6.859302887239935309e-01
6.860282653773444039e-01
6.910085718033682767e-01
6.896051752119815026e-01
7.198968797332730984e-01
6.892141030989540340e-01
7.005636989042667295e-01
7.017114563944166772e-01
6.896846364527348117e-01
6.934650304632999918e-01
7.182313814448660905e-01
6.964953069583914580e-01
7.198093474041238338e-01
6.835357750569093227e-01
6.983484182680692598e-01
6.812707736474038489e-01
7.144671630410359686e-01
6.793372849706447170e-01
7.129383214809950076e-01
6.786062075244875258e-01
7.311596759089943331e-01
6.778112013348557285e-01
6.918582102161597858e-01
6.801610785248304314e-01
7.304179735286296937e-01
6.778112013348556175e-01
7.514780714491143820e-01
6.871270416983514817e-01
7.073599466873916608e-01
6.798277856279193454e-01
7.110115047606874183e-01
6.792300943457058038e-01
6.850705154442978673e-01
6.887647307894203541e-01
7.234248087832654273e-01
6.852143510736780074e-01
7.562170374615027058e-01
6.757321410119102589e-01
7.670157756960536144e-01
6.838319244093997717e-01
7.393535870783861652e-01
6.793210907293071310e-01
7.464340985871198431e-01
6.652139430777973539e-01
7.733767795014369062e-01
6.662225651992536024e-01
7.038002243976403394e-01
7.153548172082729861e-01
7.542987568279921895e-01
6.991754143018390488e-01
6.716409599544642672e-01
6.691238181595626777e-01
7.263655935334577540e-01
6.606724122653629960e-01
7.147291547813610091e-01
6.646735166383779259e-01
6.860715124130857268e-01
6.830540445605853828e-01
6.974514539755238829e-01
6.682947300183931238e-01
6.777211738944571850e-01
6.567996284503365700e-01
6.791282723188259984e-01
6.563353432011064248e-01
6.569190835911622450e-01
6.562418202446489435e-01
7.207851750018223758e-01
6.570198699460685354e-01
7.163631053405834503e-01
6.850817817557408596e-01
6.846066028943869064e-01
6.484975065514655412e-01
6.776271803750583134e-01
6.484975065514655412e-01
6.710669122569922207e-01
6.491999603958266141e-01
6.925036043177168477e-01
6.484975065514648751e-01
6.952457386242922865e-01
6.492354073431546579e-01
6.807000339327275995e-01
6.514871938411538332e-01
6.454516682132309668e-01
6.485803549445775529e-01
6.705137246530039619e-01
6.418571428148174274e-01
6.990875593088854423e-01
6.497701631358128171e-01
6.841775573108735964e-01
6.488597356659793203e-01
6.779904754961160185e-01
6.432832344811196812e-01
6.607693358764413771e-01
6.418571428148170943e-01
6.792712743712407963e-01
6.430380501656941528e-01
6.781895810532511115e-01
6.456015379168769108e-01
7.308095624237500587e-01
6.834123815141628366e-01
6.777804932909521352e-01
6.378977574001067907e-01
6.560465581568348803e-01
6.416658010387157329e-01
6.819797907421517591e-01
6.366756343954932396e-01
6.886847280571762875e-01
6.354019330898077467e-01
7.082882039736895230e-01
6.826157534184723596e-01
7.072337012756013674e-01
6.597452363092560779e-01
6.753197918007124434e-01
6.375675771982453055e-01
6.893299388317084553e-01
6.346674208722427046e-01
6.604360555239272568e-01
6.264380680337466867e-01
6.768894824817424105e-01
6.243464929136182118e-01
6.534086569053402238e-01
6.184489594813067370e-01
7.123553304797139996e-01
6.186355241887914191e-01
6.357004810845484633e-01
6.184489594813062929e-01
6.529027009515568913e-01
6.188588534364589666e-01
6.397335188665129735e-01
6.258588016321792180e-01
7.096827353458581289e-01
6.355962368515559735e-01
7.316182778952219357e-01
6.190804099556902473e-01
7.244134481779030965e-01
6.216615140798003036e-01
6.803482579888088244e-01
6.179473922966781663e-01
6.521505296788456807e-01
6.243847325019903360e-01
6.593585957093498484e-01
6.263593762378601992e-01
6.680320201348611819e-01
6.187091850785974012e-01
6.346462444159768346e-01
6.188766302064810931e-01
6.357736729793300734e-01
6.242724918986656268e-01
6.780792568112743446e-01
6.187508748227931177e-01
6.779210096386293349e-01
6.179237416743232902e-01
6.392098618181334402e-01
6.176497468938798585e-01
6.541108786276151887e-01
6.182704346084553215e-01
6.217064852622091742e-01
6.176497468938797475e-01
6.582464829835859010e-01
6.174098534360338286e-01
6.529559951274871432e-01
6.174098534360340507e-01
6.626428817796339299e-01
6.149717624900949975e-01
6.404640899940733378e-01
6.300422297726907539e-01
6.829213369258345656e-01
6.224500098514511581e-01
6.486100149828398775e-01
6.219046908772255522e-01
6.565833568240618812e-01
6.353012157845912000e-01
6.325235960161464943e-01
6.203728586804067024e-01
6.511578103120772010e-01
6.257576370340195426e-01
6.247712905505755643e-01
6.167656498777402962e-01
6.410254134443443830e-01
6.137638925017750990e-01
6.967967311150905507e-01
6.136670514465885073e-01
6.635367027279793772e-01
6.153654046563425961e-01
6.292890335275482805e-01
6.169556245590693822e-01
6.192902716190771262e-01
6.161084693686854630e-01
6.532216544756037635e-01
6.188808934005003426e-01
6.130022310625747872e-01
6.203578868547047209e-01
6.130920311124434807e-01
6.175099452705823388e-01
6.129811732689509629e-01
6.424913828035774266e-01
6.133682632313766092e-01
6.216898618342534544e-01
6.123411764640408483e-01
6.192281792037588328e-01
6.133532814494276897e-01
6.271771795579215159e-01
6.238075496629928995e-01
6.217608421772778948e-01
6.171004832147670705e-01
6.398307157725235950e-01
6.096419189232508140e-01
6.484662826560152471e-01
6.105098590930586600e-01
6.216312421114947862e-01
6.080173152658852054e-01
6.275560622560849566e-01
6.090454692116488156e-01
6.204349815189016404e-01
6.063220357670390248e-01
6.097041369539686340e-01
6.077940022938498332e-01
6.139035102168093339e-01
6.063094842009151275e-01
6.148928672729361278e-01
6.076459337694227747e-01
6.183314249408201624e-01
6.098016294717389929e-01
6.110612839792990414e-01
6.051554871129215529e-01
6.341883958185415837e-01
6.118287063679415105e-01
6.060877898483941761e-01
6.037760254877908572e-01
6.090953009753748981e-01
6.024751206121633507e-01
6.075942702068543033e-01
6.059784221797394066e-01
6.084756580028909401e-01
6.023936291692637557e-01
6.067005816951966946e-01
6.019733109400569049e-01
6.097455517443780559e-01
6.028921019558778349e-01
6.086919753982185100e-01
6.066992777855644281e-01
6.166763727889051916e-01
6.044478344011438020e-01
6.114090284147601917e-01
6.040861835173556571e-01
6.215494171585799199e-01
6.017158004047311604e-01
6.168091529716092092e-01
6.017158004047310493e-01
6.026693002913999786e-01
6.016522664388748165e-01
6.058339080133159360e-01
6.016522664388750385e-01
6.020585720587909861e-01
6.046611685456750873e-01
6.023004712069370825e-01
6.092960867789680712e-01
6.124076269491917079e-01
6.017707263268945450e-01
6.008143724874221991e-01
6.027894239102482565e-01
6.107318514107336060e-01
5.979228679568656668e-01
6.140143625016304396e-01
5.984622664655189217e-01
6.030510163923012978e-01
5.968750197320756845e-01
6.043120500645983162e-01
5.977592396279270970e-01
6.194638262868258360e-01
6.009738771306328831e-01
6.129074028872169011e-01
6.019339230873065327e-01
5.950585786365649721e-01
5.976702489914726968e-01
6.256795397969224792e-01
5.964093999362775067e-01
6.052142447744464082e-01
5.973160441252700625e-01
6.064145921805881301e-01
5.952256399344376669e-01
6.022351491141852975e-01
5.951553753948150005e-01
6.103670193075279027e-01
6.020101470437304592e-01
6.140519599375087179e-01
5.901456150890881380e-01
5.915937881058968006e-01
5.898543160883585879e-01
5.971019592675019805e-01
5.893234530302606800e-01
5.929945495322135329e-01
5.931808832934152287e-01
5.971348011981735260e-01
5.898637988506969521e-01
6.103765353046380904e-01
5.919525571951590459e-01
6.059130128751102351e-01
5.930468117246646687e-01
5.938595240466300051e-01
5.894205283762417036e-01
5.990768622501431162e-01
5.905600500020072863e-01
5.940675163075459508e-01
5.885707409069511620e-01
5.881932383953997201e-01
5.889779547291534856e-01
6.110654572513560812e-01
5.868484415502067675e-01
6.155249600478859273e-01
5.904531144777064311e-01
6.155247270853392294e-01
5.912831805763973936e-01
5.871049186184423840e-01
5.885138462884866861e-01
6.019209108364111938e-01
5.872959703396929410e-01
5.940166395534659527e-01
5.911804994019158599e-01
6.013854672327529904e-01
5.864042801221011070e-01
5.896161818081347983e-01
5.853439902425107144e-01
5.925211508997842991e-01
5.862073028709134936e-01
5.866093354069709109e-01
5.849713337931059520e-01
5.943469252360783495e-01
5.896648984332467647e-01
5.943058849179860825e-01
5.841027396354482315e-01
5.979014678616633161e-01
5.835070162804900651e-01
5.768816110907395434e-01
5.768816110907392103e-01
5.823224613871309518e-01
5.769770671395916262e-01
5.713462007976640722e-01
5.719607295746984565e-01
5.683242818147508091e-01
5.683242818147506981e-01
5.780734652473965562e-01
5.685108504971425614e-01
5.892899430139700856e-01
5.726089506471078172e-01
5.945158867368759426e-01
5.705597846186853950e-01
5.823576648113151233e-01
5.680267945074450875e-01
5.766165394422644308e-01
5.712116335860502048e-01
5.857730700843274407e-01
5.630002763952470790e-01
5.681717660152743044e-01
5.670596838719635935e-01
5.697532660445526753e-01
5.655941871252514463e-01
5.685538277512792726e-01
5.685169326719654581e-01
5.689972672258172270e-01
5.703970340964540364e-01
5.855559198146771394e-01
5.627784123336153632e-01
5.679155985439949816e-01
5.662067466531366389e-01
5.632966259713486634e-01
5.623341666842015529e-01
5.608415778136491836e-01
5.603033085928890156e-01
5.606510766553596259e-01
5.634406202264575780e-01
5.632742061180496806e-01
5.602024467615289716e-01
5.819582272757255481e-01
5.611258369947925706e-01
5.615217215140783091e-01
5.616652394828297590e-01
5.676695994066792705e-01
5.615472733470111555e-01
5.737240064861646172e-01
5.561865744486131913e-01
5.614802799708816794e-01
5.547740932801702440e-01
5.645460835804415600e-01
5.535151215317518636e-01
5.546755017261612020e-01
5.492778718432955731e-01
5.609681937589469092e-01
5.533086649244920441e-01
5.568885109217384111e-01
5.505617056128948583e-01
5.512171027478921514e-01
5.503963054493686835e-01
5.574348971052716095e-01
5.498837290943167089e-01
5.522240545944200329e-01
5.479502709501580249e-01
5.646694384020788382e-01
5.507945496951590636e-01
5.627288277854562981e-01
5.464641272328243371e-01
5.466536083271266167e-01
5.463258078431669773e-01
5.562504083344362860e-01
5.485260834971469324e-01
5.543228149924563919e-01
5.462114360651944001e-01
5.499157359265206546e-01
5.473060503566214985e-01
5.532480695120037817e-01
5.453695976255618083e-01
5.639716821209079800e-01
5.479445763284951365e-01
5.572197002563423762e-01
5.472777882898297586e-01
5.795531823777262392e-01
5.444634339811631474e-01
5.761633523009028757e-01
5.498441471058780339e-01
5.550128223308483655e-01
5.438057387943567855e-01
5.483414867446202434e-01
5.446436710678873583e-01
5.633954223998028921e-01
5.474329238918672624e-01
5.512244770914465075e-01
5.449168842161116189e-01
5.562732559396720289e-01
5.490495620337488836e-01
5.483950895427843752e-01
5.457059378931616855e-01
5.521417682310905128e-01
5.438057387943565635e-01
5.481303769965064632e-01
5.457882969089152825e-01
5.648464536916426582e-01
5.497856539896245343e-01
5.536931186712890085e-01
5.477829421401313459e-01
5.555913589554583032e-01
5.439896422215294569e-01
5.475896141261687999e-01
5.438048136861287629e-01
5.463240778450861868e-01
5.431637002686906524e-01
5.493414331136211581e-01
5.439970264453407589e-01
5.453334953963699938e-01
5.463214837639964738e-01
5.462650590143633966e-01
5.471737558995917183e-01
5.653214608878337488e-01
5.443978162496895257e-01
5.419279692793099734e-01
5.423305386714627474e-01
5.532817326817859316e-01
5.400413306616576037e-01
5.424261041337720135e-01
5.401133401779040222e-01
5.505708884727348318e-01
5.379422735135217515e-01
5.452486104418826640e-01
5.416769122890290333e-01
5.548390225044952384e-01
5.425591014937889422e-01
5.465944335892055639e-01
5.398646693229719462e-01
5.430914549174560291e-01
5.342306738695495882e-01
5.400645307992157917e-01
5.331748565736840195e-01
5.402906369982998225e-01
5.358378170387126938e-01
5.425278024431733348e-01
5.410160381109965222e-01
5.513557843457473906e-01
5.377122703888754796e-01
5.342001050393135886e-01
5.346837748445315563e-01
5.374791692927027853e-01
5.361230225207114231e-01
5.379975179904632476e-01
5.343931204946856806e-01
5.511089989120921961e-01
5.348548575097497038e-01
5.453806150114202111e-01
5.350651100283402295e-01
5.410869998701317574e-01
5.329151598679423563e-01
5.511955632237629521e-01
5.326618207168818397e-01
5.420247572262056890e-01
5.338881317081258793e-01
5.436643272253715020e-01
5.323075932405881838e-01
5.507850049553143501e-01
5.298847059917463076e-01
5.613656153673781679e-01
5.328516319226006548e-01
5.305298647724543404e-01
5.287166699085715793e-01
5.366399975968191294e-01
5.285516853797271875e-01
5.390722126889395671e-01
5.337664033300890676e-01
5.315344661751029154e-01
5.297009817691885614e-01
5.387370901464366701e-01
5.267933975208716202e-01
5.245251343630741303e-01
5.238273972708842319e-01
5.358717611920674750e-01
5.257160351574796664e-01
5.385917838167525451e-01
5.328378741872649149e-01
5.323936370698101328e-01
5.258278808813169336e-01
5.298198111433464197e-01
5.244443170585326719e-01
5.290493030862487567e-01
5.259969409338394186e-01
5.280896267604161531e-01
5.235960463578267499e-01
5.271501591155129951e-01
5.251626683752468328e-01
5.363820997054120632e-01
5.273278237363469012e-01
5.308676931977666102e-01
5.295559483588834215e-01
5.375473058374879987e-01
5.256931141563596643e-01
5.359025963242102231e-01
5.263998480368846655e-01
5.366430756694443582e-01
5.241507414838982859e-01
5.291758217599663583e-01
5.275327208379632093e-01
5.288750958977215255e-01
5.250582608754271741e-01
5.264857680510434124e-01
5.237982070560589509e-01
5.278121631064743857e-01
5.288993414345514177e-01
5.408493214842968744e-01
5.233989046794850220e-01
5.368839870739520181e-01
5.212058178289913357e-01
5.330787398804049948e-01
5.231865183427761856e-01
5.286114517815092562e-01
5.209106548118460633e-01
5.244507146919582530e-01
5.206173929918842536e-01
5.220209689923915874e-01
5.224701015573565144e-01
5.335931487363163583e-01
5.234695591672982040e-01
5.271401144029438379e-01
5.211339535933122713e-01
5.310062731702652750e-01
5.217115480039683506e-01
5.276168015167063130e-01
5.230071922048669109e-01
5.488713930710795719e-01
5.239669312431373127e-01
5.268552285041598893e-01
5.218423575170528794e-01
5.298450964792860152e-01
5.213957157357471672e-01
5.262128802644244763e-01
5.224293645916873174e-01
5.369673158123090539e-01
5.178924590462300470e-01
5.369485793133556006e-01
5.247870800057237162e-01
5.269450907122541494e-01
5.154773664557905644e-01
5.157914693750976776e-01
5.162573052477720248e-01
5.203813930504318508e-01
5.148615759207348930e-01
5.144948874442978326e-01
5.200869327512243068e-01
5.174356027268508518e-01
5.175370531120666584e-01
5.241452010140693618e-01
5.141689437488913272e-01
5.221554605066965893e-01
5.152350051866626535e-01
5.199628948513748128e-01
5.128822401201351688e-01
5.373261826689840204e-01
5.158568967962927632e-01
5.263369890991163036e-01
5.182010477825671479e-01
5.130235832999878731e-01
5.113229733063290317e-01
5.134017912990824772e-01
5.126533715909671329e-01
5.300194753819221782e-01
5.103868396757238468e-01
5.192057271089239867e-01
5.114249523276646059e-01
5.161676016639979991e-01
5.176670624704597934e-01
5.149300239308102212e-01
5.112059300123734662e-01
5.223431733923781239e-01
5.077295965356887208e-01
5.169488494289479208e-01
5.073569891632012663e-01
5.174961074666468708e-01
5.046901418026921160e-01
5.119110747240376291e-01
5.036807965950524935e-01
5.344939265588332100e-01
5.026463972480625930e-01
5.100424726659191776e-01
5.061222948127477306e-01
5.040919321393161345e-01
5.044445166353385135e-01
5.179737929506742500e-01
5.071675464399509892e-01
5.066960993027828097e-01
5.058498749654558591e-01
5.023359854970694816e-01
5.035846280342153314e-01
5.092658196806452153e-01
5.029592042301773702e-01
5.187250444333076915e-01
5.075752730971887505e-01
5.175047945836721563e-01
5.058085096001975201e-01
5.191240730475833454e-01
5.015181418422162141e-01
5.068263875099137117e-01
5.058432080752075510e-01
5.107971986089745453e-01
5.039771499085060613e-01
5.074643131138854013e-01
5.038041393485522823e-01
5.042362017203562141e-01
5.013753311976404392e-01
5.075834006278577837e-01
4.998561217435015247e-01
5.024248734549423556e-01
5.037382617960567410e-01
5.070803660577539729e-01
4.977934133943596184e-01
5.053661208588839937e-01
4.986957405106869912e-01
5.110690996267835962e-01
4.995490143060309918e-01
5.078695301898054071e-01
4.924329980659113426e-01
4.949053633793226714e-01
4.918637903392055755e-01
5.073109335694200306e-01
4.965953381169282976e-01
5.065612853807522908e-01
4.939030275833132255e-01
4.995047125880492378e-01
4.924841156343464643e-01
5.010649808018861062e-01
4.910315643592951806e-01
4.999498664314701579e-01
4.953118541651237439e-01
5.036412902028569727e-01
4.921895565780251003e-01
4.988856771974062299e-01
4.896246155778936071e-01
4.960191012035023994e-01
4.896045379563483402e-01
4.973812887072627809e-01
4.913830750393379798e-01
4.901300962277276851e-01
4.985093137781015371e-01
5.026037139342425242e-01
4.927588026216143668e-01
5.023477252543022686e-01
4.918195166839091637e-01
4.984794505178502533e-01
4.931464715720962344e-01
5.051437492427537368e-01
4.916950269735181900e-01
4.891072738185575086e-01
4.870143189111371673e-01
5.009784919642431555e-01
4.912657982618298114e-01
4.933589536750025983e-01
4.921385871552890201e-01
4.974617134748995362e-01
4.858535670473240753e-01
4.873095055540507814e-01
4.838127107102380142e-01
4.908380244146381410e-01
4.822628197307646802e-01
5.056852553925057503e-01
4.856397216310515130e-01
4.950677173656153895e-01
4.810733341620440084e-01
4.864834718707423122e-01
4.883551886157795896e-01
4.895832724049397622e-01
4.877018001201104402e-01
4.888773911237632719e-01
4.812450407653398599e-01
4.876909865977033798e-01
4.758660036004225269e-01
4.888493314449801064e-01
4.784415950889763236e-01
4.767977844624917139e-01
4.790601584994791939e-01
5.044902312506599484e-01
4.767359521472718797e-01
4.781085576681264326e-01
4.754369406664159525e-01
4.777558142142670494e-01
4.787462502019708688e-01
4.813367860592556724e-01
4.788904509794000841e-01
4.814258568399216176e-01
4.811306149965171586e-01
4.762439914759564186e-01
4.792661650867467982e-01
4.805131773077874202e-01
4.755725295934720709e-01
4.900733635278186062e-01
4.790281242227029668e-01
4.805389670300331262e-01
4.750051475396016576e-01
4.838914054307187906e-01
4.780191793633756236e-01
4.901288415847280810e-01
4.704175758673092567e-01
4.834454296488209235e-01
4.728808707227386554e-01
4.821923404262287716e-01
4.739318622849064133e-01
4.882367362269524613e-01
4.739707495336777932e-01
4.837896322390744519e-01
4.727072529959308600e-01
4.763785786678629286e-01
4.719188705345979673e-01
4.724904341527643159e-01
4.712077522338699032e-01
4.732720219723661192e-01
4.727198709978734370e-01
4.720422319674974498e-01
4.706959480731527923e-01
4.736719670398452098e-01
4.770722870617866151e-01
4.766446467589757208e-01
4.714609438759118643e-01
4.878799825393760892e-01
4.705464688479835123e-01
4.741787629042616414e-01
4.765369750550936812e-01
4.713786139129060859e-01
4.727234049427458951e-01
4.704370976990513431e-01
4.762894606494576522e-01
4.713878800416455572e-01
4.739211786822457584e-01
4.719167268473031807e-01
4.742589024498349848e-01
4.704005846965165771e-01
4.709938908137784597e-01
4.704004635372949217e-01
4.754490925705099902e-01
4.703763093748498103e-01
4.715535119492920701e-01
4.703474028239550409e-01
4.722361922644314758e-01
4.700382403685137711e-01
4.751109041527077359e-01
4.711138255118799689e-01
4.737527827830013138e-01
4.724763960595544376e-01
4.694497438930516076e-01
4.713465512932726864e-01
4.735418682930901957e-01
4.683272247559034929e-01
4.633157351916898925e-01
4.639926411607459555e-01
4.628395170701486427e-01
4.634038020346086251e-01
4.639501548689435872e-01
4.628291741545862981e-01
4.649025123380787772e-01
4.627855415862014432e-01
4.612869666513313427e-01
4.615984603545680853e-01
4.600280479158928015e-01
4.608654252264493545e-01
4.654022663140509053e-01
4.596550452200287573e-01
4.615479569615105748e-01
4.601764569399834359e-01
4.652390172059805984e-01
4.600308728825699967e-01
4.599905560137261817e-01
4.619574414356256709e-01
4.637614523153309465e-01
4.577911385584216286e-01
4.576399422285665208e-01
4.578283711865693828e-01
4.592336068238437319e-01
4.577935977466096040e-01
4.550442840497875285e-01
4.570244308454850524e-01
4.589696771380821216e-01
4.558953715760140080e-01
4.516565265383941652e-01
4.528835953829593031e-01
4.509455617387973514e-01
4.519175974753300573e-01
4.556452748650476337e-01
4.504385560668214272e-01
4.556404803473270704e-01
4.495211012981961129e-01
4.512717429842464933e-01
4.508529843783548596e-01
4.528779641289756297e-01
4.501852546358676710e-01
4.523295429369729170e-01
4.512456994859477266e-01
4.541092655074043249e-01
4.514693917997789629e-01
4.505349605996331053e-01
4.497060068657457998e-01
4.532509986659856160e-01
4.507430068356025332e-01
4.526175971572034551e-01
4.490740516460185461e-01
4.517037840864239207e-01
4.486282700634253162e-01
4.472906082516273640e-01
4.483744505604270181e-01
4.545636781653533132e-01
4.508405782632795011e-01
4.504463793431466856e-01
4.466900484044965536e-01
4.475313092172504836e-01
4.476418064530672813e-01
4.439588227248402741e-01
4.452604882637188899e-01
4.432236260882740919e-01
4.432082240241927429e-01
4.442193144660122051e-01
4.441814115486455994e-01
4.452545414659123679e-01
4.451552061725336795e-01
4.423210766806917604e-01
4.435387058026342144e-01
4.450285595431415220e-01
4.434402752098306477e-01
4.455196875896627051e-01
4.419198210534084903e-01
4.448049471776623909e-01
4.440824888409609095e-01
4.512977658180136187e-01
4.418882769256063936e-01
4.468209366663948856e-01
4.419575281465422667e-01
4.411694700159560778e-01
4.396605311327883014e-01
4.394671195759194404e-01
4.416886685536076107e-01
4.460732294498239714e-01
4.405783427077061276e-01
4.318619880013307433e-01
4.315919438583107892e-01
4.296182558717295819e-01
4.294829015805848860e-01
4.307872384530207488e-01
4.304142596877169047e-01
4.330993556365645980e-01
4.300899383640017781e-01
4.308134284921895651e-01
4.288907095631762645e-01
4.353611268778385113e-01
4.281255781472578792e-01
4.333802914478810941e-01
4.288726867007855437e-01
4.343861634810777805e-01
4.288090050895998484e-01
4.317268121131703218e-01
4.294296740174074478e-01
4.318954216945073421e-01
4.293920907004408205e-01
4.325003608539195188e-01
4.276020034207289600e-01
4.273596831993685674e-01
4.268118651992049983e-01
4.281399290415668912e-01
4.274257069293708189e-01
4.299318996963181205e-01
4.289960725178014189e-01
4.293916127849469189e-01
4.265640385797490053e-01
4.278401049750895635e-01
4.279270442331027380e-01
4.277183298583962512e-01
4.268736149616808029e-01
4.284521318113099220e-01
4.264317949654864437e-01
4.284467655500335259e-01
4.259119414709304219e-01
4.305637505813817989e-01
4.257207150622285274e-01
4.278204053104031623e-01
4.251754632506233311e-01
4.289388999223162080e-01
4.247529862128753275e-01
4.270949427068909676e-01
4.258742567548082225e-01
4.280322858088816962e-01
4.259936800387730260e-01
4.278679879439603040e-01
4.246162812205339088e-01
4.261105253207887467e-01
4.256907042061476854e-01
4.311050105303286806e-01
4.224386704792634784e-01
4.199289165032604187e-01
4.205698463242250607e-01
4.228636584960236422e-01
4.213934553660744764e-01
4.266085758675989825e-01
4.208162771281434567e-01
4.219089618634300765e-01
4.198868008233447857e-01
4.187479493818320186e-01
4.197574210150149532e-01
4.185057295493838647e-01
4.195668597119704968e-01
4.190495388700228307e-01
4.199959287658061591e-01
4.219659189712811065e-01
4.196386990964947050e-01
4.187817332256615344e-01
4.191559613449886701e-01
4.208042738017030437e-01
4.188855872891036891e-01
4.216582280489695189e-01
4.184919414804564308e-01
4.219205281454272427e-01
4.194163809064301307e-01
4.240586631790377869e-01
4.223147714433935773e-01
4.223559066615202306e-01
4.199238288439047784e-01
4.224793045998851970e-01
4.194688179733789268e-01
4.215650311677779927e-01
4.210316953047423816e-01
4.216365984017952928e-01
4.189001735668421156e-01
4.194525527297063849e-01
4.210953617635896928e-01
4.199622065442129570e-01
4.198202006149644450e-01
4.175725659609140217e-01
4.186116499586846063e-01
4.185162979063037358e-01
4.187731633309788037e-01
4.212550272862033984e-01
4.177873211664811515e-01
4.178192057173628626e-01
4.180265966615185902e-01
4.209050014480980595e-01
4.189589555800156684e-01
4.184180097407277366e-01
4.181017196364164024e-01
4.208270096128678972e-01
4.172178519792114626e-01
4.186852385637101492e-01
4.179339413475171017e-01
4.179121566996871762e-01
4.183487487102562907e-01
4.224404215281466479e-01
4.171992113765550236e-01
4.195684659422254659e-01
4.171644753308059173e-01
4.199405032002292426e-01
4.174082866328450159e-01
4.208559747654331828e-01
4.187337926826925627e-01
4.172979458672297359e-01
4.165176308902780455e-01
4.207432625521062564e-01
4.183054601970779829e-01
4.183991744587262640e-01
4.170384918375963368e-01
4.190632041567604604e-01
4.177153541629095024e-01
4.192451845901729035e-01
4.177806936556069939e-01
4.214786695480660650e-01
4.173884820351285163e-01
4.225587570256689185e-01
4.182990930209185554e-01
4.150711751050946696e-01
4.161674660867435982e-01
4.173317895676749156e-01
4.156806620606501856e-01
4.181078165473858799e-01
4.138280090483204554e-01
4.155857935793512148e-01
4.134991020035550524e-01
4.227074541406389274e-01
4.139786036927722845e-01
4.156464841254918219e-01
4.149299037177690552e-01
4.158099188097669208e-01
4.150445367024244159e-01
4.155314431712568979e-01
4.132803234813368642e-01
4.135753501429269563e-01
4.153419322454477980e-01
4.136689499929095404e-01
4.143265998452049792e-01
4.142389742204609093e-01
4.137436051954540006e-01
4.143515415978266669e-01
4.138186122703886860e-01
4.199551021073840151e-01
4.130838046230212446e-01
4.145999056774680724e-01
4.133818445741599401e-01
4.174387738422936645e-01
4.149163651294670019e-01
4.169489654818858138e-01
4.146894411360643740e-01
4.170813207189178473e-01
4.148841560650711746e-01
4.162129962063313426e-01
4.139363256512856304e-01
4.171196500970698606e-01
4.150642143410709362e-01
4.159236627405692444e-01
4.143542259355191271e-01
4.136069257408940825e-01
4.140729055241548218e-01
4.127360194557945228e-01
4.135756686883323430e-01
4.151976537835631587e-01
4.129047824873951500e-01
4.136144361520799340e-01
4.131583661745111824e-01
4.148487079927241639e-01
4.128707100121318807e-01
4.161274181414152395e-01
4.157089999428824068e-01
4.141174074393156879e-01
4.133994460214098221e-01
4.125963589343101257e-01
4.144496288863611655e-01
4.150157623703590870e-01
4.138806125076457398e-01
4.155050701591648799e-01
4.130221941028943689e-01
4.155707039847357787e-01
4.130783929880101901e-01
4.180910782490163125e-01
4.125483164863797958e-01
4.157024107034904548e-01
4.117026380617388459e-01
4.130236831435722955e-01
4.118472944959196691e-01
4.122069881499528243e-01
4.129846052355059527e-01
4.134739616945960483e-01
4.121218407921181104e-01
4.142017231322628334e-01
4.117390704642877042e-01
4.164338888554126039e-01
4.134220986478493454e-01
4.155957312325812558e-01
4.104999423671557013e-01
4.129459285234754473e-01
4.126326294590683119e-01
4.132835328007055664e-01
4.112155599619376489e-01
4.149240186856852364e-01
4.110520672797520758e-01
4.130497622406273384e-01
4.115208904310471705e-01
4.143964794747685421e-01
4.104200281239360204e-01
4.098628151470400383e-01
4.105204155498339280e-01
4.095823688189852430e-01
4.098701803522237230e-01
4.103875247252386504e-01
4.105896259428415407e-01
4.133802739873114751e-01
4.106742130060619944e-01
4.096738428751751648e-01
4.129500560440006462e-01
4.167224557412405050e-01
4.101496591136017389e-01
4.123311278286102000e-01
4.100605170708703229e-01
4.104810505686388722e-01
4.108536455763345252e-01
4.105117205844715511e-01
4.089499833761148229e-01
4.129591923567896283e-01
4.103147555008457847e-01
4.167967391630409413e-01
4.077769412501404123e-01
4.089108349978914925e-01
4.086191434406346024e-01
4.138855186822567589e-01
4.074656610217750052e-01
4.098076451530917041e-01
4.077961798904727875e-01
4.106629074627452525e-01
4.085240249397011358e-01
4.082743976507723915e-01
4.095437253551194035e-01
4.095335293430265033e-01
4.076709870120538426e-01
4.062787697277338572e-01
4.098308736248732487e-01
4.056775929051873453e-01
4.058236628174562988e-01
4.088779886521483053e-01
4.061764115147558085e-01
4.101001725938147047e-01
4.070959127113372711e-01
4.070659367689491437e-01
4.070664858058266056e-01
4.095608917665335413e-01
4.075489455264389993e-01
4.091551588322639987e-01
4.062328913480719450e-01
4.100614596343225005e-01
4.063798749698314117e-01
4.069690812390086565e-01
4.050509617222092795e-01
4.047624705748417706e-01
4.073302166751910924e-01
4.029909478898319741e-01
4.056246328578357874e-01
4.110313128037705876e-01
4.037456265389315346e-01
4.030935807125952119e-01
4.026816826615373657e-01
4.035888463369652901e-01
4.040032876669856221e-01
4.040244641057836317e-01
4.039728116871806884e-01
4.041468894497115549e-01
4.029510204676277629e-01
4.055869703093820111e-01
4.039738160751968898e-01
4.079033626063234830e-01
4.043252138037359833e-01
4.094354853913203529e-01
4.034484990506702617e-01
4.046872568624104161e-01
4.043610894825493962e-01
4.073482888221829912e-01
4.030975155043256541e-01
4.064764017373115879e-01
4.037581073159466905e-01
4.071296757300179037e-01
4.028695087575158151e-01
4.075991953885093055e-01
4.042896620260419405e-01
4.109474516755978191e-01
4.039338427548035959e-01
4.046416390583266742e-01
4.075030757718953178e-01
4.074418095125811878e-01
4.015335587577546494e-01
4.022661262371641788e-01
4.024510468660419393e-01
4.055990370790872879e-01
4.007571990199552125e-01
4.023138086154966486e-01
4.019294003610083821e-01
4.035514378406351854e-01
4.000185114741247605e-01
4.014764422079176165e-01
3.999339805927949465e-01
4.012943562924869978e-01
4.002552275176247121e-01
4.006550133567625682e-01
3.998980666424835073e-01
4.000024474409219488e-01
4.003492542408815802e-01
4.035334303314839777e-01
4.005198070994059334e-01
4.015679081391861360e-01
4.010416001650821682e-01
4.044037522192221457e-01
4.020501817596726091e-01
4.020851821559863759e-01
4.009252743119430806e-01
4.056535466836952430e-01
4.013880124367833480e-01
4.045805636106497571e-01
3.990874092212487456e-01
4.019065349984924929e-01
3.996522553370845943e-01
3.994659649267263690e-01
3.983459607780504008e-01
3.988225491268955203e-01
3.985773120424330740e-01
4.054177446278679486e-01
3.996406233562409538e-01
4.014791126762889406e-01
3.988793756307065785e-01
4.008498618374874978e-01
3.991095437964736203e-01
4.002664394155742156e-01
3.997810449600565641e-01
4.015581676522661514e-01
3.974432523141628870e-01
3.979654909473684943e-01
3.980358815083047119e-01
3.982581567644946086e-01
3.992223302229372384e-01
3.972970135589050100e-01
3.987658916862281133e-01
4.019708993846983769e-01
3.976466399581926048e-01
4.038612160431587772e-01
3.985889214806708769e-01
3.995519264069905541e-01
3.978424254907942936e-01
4.013439892656344155e-01
3.975914401720191949e-01
3.992579555471705288e-01
3.966892602662441258e-01
3.963669367513352193e-01
3.971586369119901594e-01
4.012122303150646441e-01
3.967783029201314982e-01
3.964526719414290801e-01
3.976924621607222377e-01
3.981429152893040113e-01
3.984738351654087962e-01
4.013839380913041821e-01
3.981831021232165035e-01
3.975208015025541441e-01
3.966067963892127568e-01
4.006176284601065674e-01
3.975823063119253709e-01
3.989145820237783857e-01
3.957014663840458524e-01
4.041209057305902297e-01
3.963123021126558343e-01
3.981074680402169053e-01
3.969018709126200806e-01
3.978974553326650732e-01
3.960428583274197001e-01
3.978133435062484180e-01
3.960100004065340018e-01
3.981511673108042437e-01
3.962360929228391226e-01
4.006097127111773459e-01
3.971680196130422114e-01
3.977550009788329288e-01
3.967772446265226960e-01
3.981100142527949082e-01
3.963871276398235888e-01
3.946096577026636520e-01
3.947140095537804427e-01
4.024401407119116980e-01
3.950719968999317211e-01
3.949761778222811159e-01
3.948008230061164636e-01
3.999321950073178034e-01
3.961250025634057148e-01
3.976301443133132829e-01
3.939721650199719538e-01
3.962325158710283124e-01
3.953469638510563322e-01
3.963987283810513351e-01
3.949082798862137422e-01
3.982740061816887334e-01
3.962095014310266783e-01
3.977463975854813039e-01
3.956839191263287203e-01
3.967470533639753660e-01
3.950663894879302696e-01
3.975350105394515055e-01
3.944390185792999715e-01
3.954186696969054227e-01
3.936598813189223223e-01
3.990924982916430053e-01
3.960377160339623726e-01
4.008895733482803481e-01
3.942875597865737047e-01
3.992299528840614897e-01
3.940214954855706941e-01
3.968919594283902841e-01
3.930299602714142360e-01
3.985283194111097771e-01
3.922051567465655864e-01
3.938371422302697766e-01
3.927282865937718470e-01
3.904630647822628919e-01
3.921031730162055640e-01
3.896158950924709097e-01
3.901514657122350793e-01
3.916184689108962447e-01
3.913356586647988022e-01
3.919378852758520493e-01
3.892685147248096666e-01
3.922156786027549691e-01
3.894349768808055279e-01
3.895023189974243794e-01
3.907456593233004649e-01
3.901020080884748387e-01
3.893561720357826550e-01
3.954793953443506149e-01
3.886344315956560824e-01
3.886941983201374073e-01
3.884529078328917695e-01
3.895863791518862085e-01
3.893540341223795109e-01
3.952786423326783427e-01
3.893158067805798650e-01
3.934220198923191747e-01
3.900141025545564299e-01
3.903828676333110370e-01
3.887844113306716531e-01
3.959215797296257722e-01
3.890534631666733856e-01
3.916302390422831126e-01
3.878534563730674511e-01
3.888346367561686390e-01
3.879354890666833477e-01
3.913455926985620614e-01
3.893266345059285261e-01
3.924978331105449803e-01
3.882234310442558289e-01
3.900301529785530352e-01
3.886232149865843088e-01
3.906965135402409306e-01
3.886553903153331380e-01
3.898975502504076207e-01
3.878919953007985977e-01
3.905042926404740378e-01
3.874264904972073986e-01
3.908490309192336754e-01
3.888381017715815124e-01
3.886622582072912779e-01
3.886023242910433551e-01
3.908379179627828326e-01
3.878309457273538818e-01
3.888516637103278106e-01
3.870999767429857963e-01
3.893217190305198749e-01
3.884866074803080549e-01
3.907379201384732492e-01
3.878285076307883550e-01
3.909238066073242868e-01
3.875951646802738848e-01
3.904758373606577182e-01
3.882999245076340089e-01
3.902624743136389185e-01
3.885594049729205746e-01
3.927069149531094427e-01
3.870095625423123908e-01
3.908507036281919089e-01
3.872849143722979504e-01
3.900542800809435606e-01
3.875135507415958802e-01
3.881561459544172754e-01
3.863107971409201480e-01
3.914518859444416354e-01
3.871066489450098458e-01
3.909315245229055824e-01
3.862437960838291384e-01
3.890840737618474487e-01
3.866628382205753445e-01
3.910423955638340776e-01
3.866652713585872481e-01
3.888421694694927377e-01
3.873382107164148880e-01
3.902364180867020083e-01
3.842669605064086835e-01
3.852057494757590850e-01
3.844337431665872939e-01
3.855916276091563843e-01
3.850992469714517585e-01
3.851998057690119714e-01
3.845408038074148993e-01
3.854942581276263325e-01
3.846876469494412421e-01
3.864788190182906202e-01
3.856978512616665022e-01
3.883411826722191762e-01
3.840865714233440142e-01
3.834886059768733979e-01
3.836076854434741779e-01
3.839780639493267644e-01
3.853458144444059097e-01
3.836866677973295170e-01
3.851990079689769919e-01
3.836711767444188070e-01
3.842133391770499173e-01
3.846426084055306616e-01
3.837497659086979707e-01
3.836509849042921139e-01
3.841559557864440144e-01
3.842658198393350544e-01
3.835807752107102120e-01
3.836132796618709762e-01
3.837804704927565980e-01
3.839814591837604763e-01
3.843465183996419010e-01
3.836218384915377477e-01
3.831655149163940566e-01
3.830183361840940326e-01
3.844993617519863460e-01
3.835484854803384303e-01
3.828096060813391266e-01
3.834000096935585855e-01
3.822861731258865303e-01
3.830343659323307004e-01
3.820895047474347495e-01
3.822442433740890766e-01
3.821401765540245465e-01
3.829111250305727299e-01
3.824139671876568558e-01
3.825119936574756241e-01
3.822867618124414224e-01
3.824093531477415486e-01
3.828648914910288137e-01
3.824382644317018132e-01
3.823308437848998431e-01
3.823061674885951389e-01
3.827688036450468956e-01
3.820452357091748685e-01
3.839649211921660754e-01
3.817490802525222438e-01
3.820644008496379973e-01
3.819364773263067003e-01
3.828694968150417322e-01
3.821625577070886237e-01
3.824434366167997479e-01
3.816771291162688318e-01
3.815359547780650673e-01
3.820220046728832197e-01
3.813827840745360742e-01
3.815525227536737951e-01
3.818958483258465542e-01
3.814975901542994041e-01
3.820057143786893539e-01
3.814666576816685972e-01
3.823108906824854158e-01
3.812832922831072557e-01
3.825274342192742649e-01
3.816195650060285049e-01
3.817318283973357707e-01
3.817098850091637519e-01
3.808408726297196623e-01
3.806887251215025914e-01
3.813104908632055090e-01
3.805518674564573045e-01
3.805556842529584927e-01
3.809226589504191574e-01
3.823303972075995927e-01
3.806071114804076005e-01
3.817271898728867296e-01
3.807349040973940224e-01
3.806826191077584132e-01
3.811949111254372413e-01
3.800392226221148140e-01
3.807013653988202684e-01
3.792275556812950144e-01
3.792407078932243381e-01
3.789237445973879792e-01
3.789534715946242804e-01
3.806917045242759756e-01
3.789979117195921843e-01
3.790420693268594099e-01
3.792311839842467669e-01
3.782200406222140932e-01
3.784845134045841109e-01
3.812009168339238196e-01
3.784068748526798198e-01
3.797123825413132869e-01
3.788191585021971619e-01
3.785961655936904702e-01
3.781834401596275153e-01
3.784000283984778057e-01
3.783794700225999175e-01
3.792283425355537640e-01
3.779858591742478180e-01
3.782297686896945454e-01
3.782414097997581215e-01
3.797566708023839555e-01
3.777003374777909706e-01
3.786936857746702190e-01
3.782196311953673340e-01
3.777089448313509790e-01
3.780082657845605376e-01
3.778919900775464802e-01
3.780336222330915041e-01
3.773562871097875804e-01
3.777112524979616692e-01
3.778760891690619017e-01
3.782260073758087482e-01
3.776537486278909728e-01
3.778403189179295740e-01
3.770306185299825974e-01
3.775453650530468108e-01
3.771989791081894472e-01
3.769128345033541105e-01
3.780396724103195494e-01
3.766926576912144609e-01
3.770921386040063661e-01
3.767485646772724128e-01
3.770971904390489349e-01
3.768868802350618386e-01
3.776469733139423135e-01
3.765123644244323109e-01
3.772342163271356075e-01
3.768944529041666214e-01
3.774197403269360929e-01
3.764120709438323331e-01
3.770200380135896312e-01
3.761918991316240413e-01
3.770896283706850483e-01
3.762394006842751382e-01
3.766406588257371069e-01
3.764751406071476514e-01
3.769423531959080198e-01
3.761521314562308871e-01
3.771817112320500209e-01
3.766340073831908053e-01
3.761915768425118101e-01
3.766509598271617909e-01
3.769220060865958177e-01
3.756737608730662537e-01
3.764224783871815139e-01
3.760271805503094811e-01
3.761462391672087402e-01
3.766181699683255335e-01
3.756907420201570647e-01
3.755243540923945411e-01
3.763609715601153871e-01
3.756013118972078568e-01
3.760630861884323717e-01
3.759336628860937002e-01
3.764193627818759880e-01
3.760078169555177707e-01
3.792558708019135305e-01
3.755832781268376164e-01
3.751934623781288392e-01
3.752965800047902700e-01
3.767342277946378881e-01
3.746530265669439919e-01
3.744961639839057277e-01
3.750233911832167588e-01
3.745117232103429283e-01
3.752131196667810586e-01
3.756581249672454326e-01
3.748422449852208405e-01
3.747296162125031693e-01
3.749285008323525181e-01
3.752633314656458330e-01
3.750636680540410661e-01
3.748867296459853504e-01
3.748668282617042546e-01
3.748145781763034812e-01
3.750034637810766291e-01
3.749022989548989604e-01
3.745925959343243683e-01
3.753405544716847397e-01
3.748065412971487431e-01
3.752165914696020677e-01
3.745723717085414073e-01
3.756308873089098110e-01
3.745203660816311397e-01
3.753816930476081559e-01
3.742392859075761580e-01
3.745844322820796046e-01
3.741223882819399993e-01
3.754260609156896966e-01
3.743873638276048466e-01
3.748402915701181115e-01
3.745262263889326260e-01
3.752407288186909717e-01
3.741013441967349085e-01
3.740785552544001469e-01
3.739982522707280821e-01
3.734803755765886968e-01
3.737088854755527545e-01
3.740693481417236566e-01
3.735276307351914626e-01
3.741996140861699183e-01
3.740992206919870888e-01
3.733887334506063027e-01
3.730861483376826659e-01
3.731990919548215935e-01
3.729106427820513825e-01
3.726402203017737946e-01
3.727690063130342235e-01
3.757379827087045654e-01
3.730883491610008096e-01
3.735567269997173701e-01
3.725664101506397374e-01
3.733170370518794634e-01
3.728870440661632424e-01
3.728316153391281196e-01
3.726915782644623643e-01
3.731518693292609767e-01
3.726572906918941830e-01
3.732288265141927575e-01
3.724166042852797842e-01
3.727130321264908730e-01
3.726150440706912370e-01
3.729937313152075218e-01
3.726850236406925587e-01
3.733260329860731419e-01
3.724646239863995678e-01
3.730597609737276166e-01
3.725419553460214694e-01
3.737402102052634900e-01
3.724883783066271770e-01
3.725760887402773114e-01
3.725763228635817770e-01
3.723792907516363937e-01
3.725721336324520072e-01
3.737358434472372593e-01
3.726836848205390407e-01
3.733198911849515689e-01
3.727968833376409385e-01
3.735905619048998649e-01
3.727187588821909703e-01
3.727073774865880540e-01
3.724314124466663323e-01
3.729360825561737203e-01
3.722387626103859093e-01
3.728067016675077894e-01
3.721624371693906252e-01
3.728682125372884126e-01
3.722114001315423581e-01
3.724883414495679390e-01
3.725500077514211084e-01
3.723645355939534385e-01
3.722261804057212520e-01
3.728570004094332035e-01
3.725365105385949338e-01
3.727830357207969625e-01
3.722308905802467205e-01
3.739469930862024949e-01
3.723734316845546122e-01
3.733632784144019223e-01
3.729785228046768597e-01
3.733636708954256589e-01
3.726687118633685292e-01
3.730365996943752482e-01
3.721883901224795066e-01
3.742459909599773482e-01
3.723052473072189228e-01
3.722389423420671695e-01
3.728660299600273786e-01
3.731020577860152954e-01
3.723918976200623066e-01
3.731741830590453723e-01
3.722558825301739427e-01
3.726610751007908284e-01
3.722372379264583531e-01
3.716806260448677346e-01
3.719854645365709978e-01
3.727547993386198244e-01
3.721213526992031007e-01
3.719737925991767891e-01
3.717127594611518426e-01
3.721465600897780890e-01
3.720645735065734039e-01
3.719342432164465251e-01
3.721390938460383824e-01
3.738929111914698900e-01
3.718500406234108158e-01
3.722181340618577750e-01
3.717946638198195153e-01
3.719130913969860841e-01
3.717785319535665822e-01
