9.366356838414701125e-01
9.366092888919013149e-01
9.410263186171183847e-01
9.777890492636732711e-01
9.630041198368327615e-01
8.813865181908753232e-01
9.050592918512715412e-01
9.017924195422075684e-01
8.398256236020794629e-01
8.245997088852861090e-01
8.241047380283820223e-01
8.232591895749065136e-01
8.220295940027992909e-01
8.660588894079963573e-01
8.679250300837128007e-01
8.216469167567029830e-01
8.221046930309096057e-01
8.335408148319659594e-01
8.834040245738443708e-01
8.412292850098430641e-01
8.216296077318678837e-01
8.216211192277389497e-01
8.060732752487702601e-01
7.999912624282256024e-01
8.379626351141288287e-01
1.026510396109461931e+00
7.614328980886475584e-01
7.949925192577355082e-01
7.614328980886475584e-01
7.614328980886475584e-01
7.614288106332510742e-01
7.477341462534337069e-01
8.032586149232407990e-01
7.461875150731560602e-01
7.461875150731559492e-01
7.462926400435354601e-01
7.478527973873960732e-01
9.024939072233701953e-01
7.461875150731558382e-01
7.461875150731560602e-01
7.461875150731559492e-01
7.459533258489903229e-01
7.474205489150864690e-01
8.140622831813251192e-01
9.029789138061740106e-01
7.459533258489902119e-01
7.459533258489903229e-01
7.459533258489902119e-01
7.459533258489903229e-01
7.459533258489903229e-01
7.453166287589356731e-01
8.319048061682668971e-01
7.453166287589356731e-01
7.453166287589356731e-01
7.453166287589356731e-01
8.123769973751000517e-01
7.453166287589356731e-01
7.453166287589356731e-01
6.337762727022604459e-01
6.143385883190476404e-01
6.116378802851973884e-01
6.600165188269778715e-01
6.119174291070117455e-01
6.254589632770473084e-01
6.113807857654413036e-01
7.226538393504057245e-01
6.343037149294493693e-01
7.548822146211047190e-01
6.193103099678969325e-01
7.007242879727363372e-01
6.113538922780916707e-01
6.220165184215729060e-01
6.116238392463565487e-01
6.676473510044539372e-01
6.115537483772025551e-01
6.247663061909739524e-01
6.097702017253541218e-01
6.059187758159071402e-01
6.068580891170308744e-01
6.063730782259352248e-01
6.059202557999863181e-01
6.064092295424841073e-01
6.020597407485986929e-01
6.110470618201564452e-01
6.079493648611540291e-01
6.226062288568223746e-01
6.020597407485985819e-01
6.587778130718030534e-01
6.020597407485986929e-01
6.319226003581712714e-01
6.020592767993340200e-01
6.584623303044742082e-01
6.066051621030437158e-01
6.288951190294669313e-01
6.071775636618672589e-01
7.547294369014826421e-01
5.944146195196013949e-01
6.173995555201171603e-01
5.944341032012839809e-01
6.228796221076393635e-01
5.944146195196015059e-01
6.023779730638763041e-01
5.944146195196013949e-01
5.965839182515823014e-01
5.944146195196013949e-01
5.953136556974633065e-01
5.944146195196015059e-01
5.979219548091220249e-01
5.943709215517286593e-01
5.954383927347944860e-01
5.943709215517285482e-01
5.972022512786432369e-01
5.936460655967231714e-01
6.090976634125995215e-01
5.936460655967231714e-01
6.386653802421056181e-01
6.277331621248105620e-01
6.524133319934466435e-01
5.964199183205571853e-01
6.329837878827460074e-01
5.894678540898452557e-01
7.085099347072555398e-01
5.827967609367253887e-01
6.889083691558568479e-01
5.851181619745093876e-01
6.560111478563256382e-01
6.039659687184066872e-01
6.618690705952352538e-01
5.859184889722790501e-01
6.257354822457267263e-01
5.922810235422524272e-01
5.685135824194189613e-01
5.654583408546454137e-01
6.190794619111669173e-01
5.654708349077898211e-01
6.180860614123167007e-01
5.641774675446765697e-01
5.687910279661271273e-01
5.637274006521434400e-01
7.366689151772106703e-01
5.662695368617054470e-01
6.221678571651246825e-01
5.636837090740725031e-01
6.005408808814799437e-01
5.600404133828306152e-01
5.805690099299699591e-01
5.588138597329181945e-01
5.947121772684341723e-01
5.545492398645112120e-01
5.630708081917465968e-01
5.527893528717219285e-01
5.588163421284312316e-01
5.531897334418333090e-01
5.638998070030015741e-01
5.506271410726746307e-01
5.562202895453760565e-01
5.518338488041510947e-01
5.752684284308751117e-01
5.509278404575231880e-01
5.630329112046345008e-01
5.506271410726748528e-01
5.590488242092462867e-01
5.510978326747592027e-01
5.640797131249948304e-01
5.510162945986457617e-01
6.047645148745269816e-01
5.609692759560068742e-01
5.848606208741407020e-01
5.491683648880112401e-01
6.577859424125689358e-01
5.491535423258276927e-01
6.415431181347306389e-01
5.491203566009149606e-01
6.016185495062610356e-01
5.490912239101827241e-01
6.144851125093736544e-01
5.490635257248803747e-01
5.860142600283632097e-01
5.490513907285679007e-01
6.204572067921402256e-01
5.490513907285679007e-01
6.075038651753439378e-01
5.479321029400304743e-01
5.888278215262298110e-01
5.527088285690419101e-01
5.882474492576098557e-01
5.508974838541016439e-01
5.868864245498136567e-01
5.494515943453505136e-01
5.656971983774192747e-01
5.434999519686899427e-01
6.337048450179034731e-01
5.499902868853805415e-01
5.882085195296062885e-01
5.554663319275929823e-01
7.692704623411434905e-01
5.375470529970332034e-01
5.718768011770019033e-01
5.375721787173952659e-01
5.404356299804760067e-01
5.478016717264426738e-01
5.716479863229919633e-01
5.466474573132812376e-01
5.550401342272118788e-01
5.425473669458314996e-01
5.379051891551046571e-01
5.396801575385669070e-01
5.368616391991960501e-01
5.330687522226833508e-01
5.329501119125941155e-01
5.359149530038125331e-01
5.344222941968659324e-01
5.376401748985205620e-01
5.302752931925992508e-01
5.261371420305837043e-01
5.248520967132779269e-01
5.573666604121975121e-01
5.237926727077768518e-01
5.443467241657179434e-01
5.213147073710048263e-01
5.313438621681552121e-01
5.227481204312008911e-01
5.369625033554902283e-01
5.222625946065372338e-01
5.239792243320695597e-01
5.214254678329096615e-01
5.230745204356390676e-01
5.213870227886511222e-01
5.220018191053996670e-01
5.212564559692232091e-01
5.221578990895934247e-01
5.211815960415336901e-01
5.233992861895069293e-01
5.248486524683406707e-01
5.458134935496163909e-01
5.211745251968360471e-01
5.437485242493986792e-01
5.211653474259492214e-01
5.318935445486610014e-01
5.213033957046524502e-01
5.311068879124535291e-01
5.232992351156487976e-01
5.290103065091212864e-01
5.211640836838855595e-01
5.484649922282719414e-01
5.325084714165060351e-01
5.242826444873608382e-01
5.211605301509365518e-01
5.272869745841859412e-01
5.247267696324071640e-01
5.263103589130366800e-01
5.213952986305349091e-01
5.246106245863236817e-01
5.211427919299828071e-01
5.267798579251944391e-01
5.215066672345679555e-01
5.379263055407639271e-01
5.241708807969084338e-01
5.306865940867699916e-01
5.256637635661659536e-01
5.270457128946025582e-01
5.210170205109717623e-01
5.223210609132703519e-01
5.210890647830354050e-01
5.237676063617859867e-01
5.213695874601892433e-01
5.233571456398549149e-01
5.209265442199790819e-01
5.284513367498893111e-01
5.209749603371449655e-01
5.229947894138773368e-01
5.213591377767552437e-01
5.304024167528422762e-01
5.202481980410700313e-01
5.443767118754094803e-01
5.210797115118538381e-01
5.368135485907790105e-01
5.205808922973539365e-01
5.231320796712409793e-01
5.180845820304913474e-01
5.172682048785747222e-01
5.203444883269600085e-01
5.251707651762907991e-01
5.180070304687109939e-01
5.437546923511709096e-01
5.182455556421000642e-01
5.361206102221895975e-01
5.160511027717491483e-01
5.130986884642178003e-01
5.128784933248259348e-01
5.149604670286008767e-01
5.125553360810017889e-01
5.157864586790489314e-01
5.123167646023437660e-01
5.157919200718602548e-01
5.123019526199745766e-01
5.209978459453192823e-01
5.120692265547172051e-01
5.175958722761125896e-01
5.157682683394175793e-01
5.420785702671013784e-01
5.099229251526947726e-01
5.281799416284305160e-01
5.097127576394048232e-01
5.160870609230705508e-01
5.147269585351978982e-01
5.131210248452550138e-01
5.097169621953329122e-01
5.149908943194037025e-01
5.091381348816644836e-01
5.169651194667684857e-01
5.127113010406184612e-01
5.137644274687257484e-01
5.101384791021176257e-01
5.275807081348381500e-01
5.083359653367675035e-01
5.255654142207278889e-01
5.089989969547632498e-01
5.198599692317389387e-01
5.102566820881265786e-01
5.192704922450528393e-01
5.105592361981643457e-01
5.282045786595264136e-01
5.110439583463608493e-01
5.207632037700808958e-01
5.087003942177366067e-01
5.152480775812255942e-01
5.097403238960699356e-01
5.163991903742487510e-01
5.084495018721570947e-01
5.111899281570257969e-01
5.077744008516765772e-01
5.121718457110814304e-01
5.080572048619048653e-01
5.128730114847742660e-01
5.118788800791481686e-01
5.143308021151709042e-01
5.124001912537009540e-01
5.233328988113162827e-01
5.045502353510696869e-01
5.151183204980317454e-01
5.065863481745519481e-01
5.214591756089893559e-01
5.047099315495960914e-01
5.108185635982385175e-01
5.052764978788850669e-01
5.133061412256105793e-01
5.039808151216541576e-01
5.080847321121322313e-01
5.046352029498797354e-01
5.073930156776512712e-01
5.042368448769251055e-01
5.115010361851857201e-01
5.058291119956932480e-01
5.090687558673836488e-01
5.048460801617695726e-01
5.124702012681628949e-01
5.281233139119239084e-01
5.120847156520040855e-01
5.040448466732101451e-01
5.080568418356347093e-01
5.041538834283798565e-01
5.041327092206424609e-01
5.037667349576578912e-01
5.041194061966296491e-01
5.040744048000996846e-01
5.031593754175988087e-01
5.033519657399391223e-01
5.042508778599925634e-01
5.031095142070152182e-01
5.075677893157484188e-01
5.043412603375321268e-01
5.068502037521446235e-01
5.033330571192861091e-01
5.046763380653722653e-01
5.023117511813101066e-01
5.067936934156590523e-01
5.034877163514263065e-01
5.034358322608630809e-01
5.027465641692250298e-01
5.063910424525227549e-01
5.024156511426716154e-01
5.086596786030794792e-01
5.041960944070806860e-01
5.027750620711551877e-01
5.025772090086678690e-01
5.018488577683400953e-01
5.087364454309286632e-01
5.000262844862712885e-01
4.999124619738202768e-01
4.992389446832343758e-01
4.988068855432604698e-01
4.962301792697490499e-01
4.967239610386093851e-01
4.984255043220945369e-01
4.945939879141043605e-01
4.974508213579644234e-01
4.959640221857285480e-01
4.962901089567764434e-01
4.965532276183105553e-01
4.936509491160450125e-01
4.933653223986416703e-01
4.959248414884186995e-01
4.921097754058179619e-01
4.931719272040165913e-01
4.920727268216412154e-01
4.985614184974170859e-01
4.907396117153688953e-01
4.956955402968479807e-01
4.920486533227667048e-01
4.880228115659133170e-01
4.891810549753377590e-01
4.892860296080027149e-01
4.880239557555105523e-01
4.893295985832437078e-01
4.883185223842853584e-01
4.884700538931172065e-01
4.873630095913212834e-01
4.880136551449776317e-01
4.876465519354647449e-01
4.894003367050757669e-01
4.877820770684462293e-01
4.873146120868090958e-01
4.879582103438765417e-01
4.863292433382672697e-01
4.861991015200725075e-01
4.861776860915277831e-01
4.859952161679527149e-01
4.862254354582261628e-01
4.855812288403105748e-01
4.899734130709245683e-01
4.857304227573148170e-01
4.867278223781608126e-01
4.852626567896714538e-01
4.854028185457940903e-01
4.861765826291551407e-01
4.870436800803954469e-01
4.846706425587389844e-01
4.876516427583345581e-01
4.838309288796575625e-01
4.822152805798072261e-01
4.829486067002700111e-01
4.848733609470963768e-01
4.838901746771167023e-01
4.865894543706382747e-01
4.824288024572737088e-01
4.823003840917372553e-01
4.824251482085283316e-01
4.874191465988377825e-01
4.822757712892609128e-01
4.835164627524092817e-01
4.878461124656567893e-01
4.902637522721218777e-01
4.832660256810045185e-01
4.818697442989458568e-01
4.822127400585885515e-01
4.822911944641435911e-01
4.821963040571205505e-01
4.792081197167262774e-01
4.808408565098661325e-01
4.778728888703087097e-01
4.779328805989060402e-01
4.855526094744540000e-01
4.777456431462519526e-01
4.841547759551773633e-01
4.773990663402629120e-01
4.792867844302539093e-01
4.768285536529653923e-01
4.794720458459390544e-01
4.782254116669034660e-01
4.711428963017352811e-01
4.702120894307914023e-01
4.697118163275310621e-01
4.699886312939672850e-01
4.688737490010399522e-01
4.695915277249845809e-01
4.708599851852950935e-01
4.682785499037818711e-01
4.684049373880306844e-01
4.678828149629013500e-01
4.680497720098343306e-01
4.689743098219898987e-01
4.722185037191587442e-01
4.678684355226143121e-01
4.706325356008118632e-01
4.674667571566295532e-01
4.682959447206525572e-01
4.676978080649649150e-01
4.712946296893305020e-01
4.680560828709413035e-01
4.693056501693494975e-01
4.676123195152555034e-01
4.686597539501285992e-01
4.685292043629954439e-01
4.687261599171371751e-01
4.676628013085212809e-01
4.688779668072447504e-01
4.671904262613195691e-01
4.686900766548880437e-01
4.675460382915292423e-01
4.668317078920558028e-01
4.655676037467766371e-01
4.690643457420355378e-01
4.653309307955318941e-01
4.727426484375431004e-01
4.653506685267833065e-01
4.660804771149553716e-01
4.665480908504144320e-01
4.666543218225711054e-01
4.657623350355000191e-01
4.660171151036794357e-01
4.662392343295603814e-01
4.676618032261730673e-01
4.656452305473338105e-01
4.662084414967911927e-01
4.649305882416466806e-01
4.696285073111370889e-01
4.659883180890077581e-01
4.612176409679704658e-01
4.606107968819677656e-01
4.622423353292870463e-01
4.610648020562180260e-01
4.615549324141243193e-01
4.604078322696697478e-01
4.645593718957209961e-01
4.607668354696045077e-01
4.629472670814082091e-01
4.599707404063020921e-01
4.671520788820623937e-01
4.584661114253050784e-01
4.640352142144966718e-01
4.572673958008057760e-01
4.572274800907241143e-01
4.584839979306675195e-01
4.576492292430583975e-01
4.580346478602496108e-01
4.624372711238319278e-01
4.578310558320161094e-01
4.600636466516017653e-01
4.570063888088553017e-01
4.578105202362835469e-01
4.561186065811573820e-01
4.601770507637608643e-01
4.587350556872578089e-01
4.560963282387459072e-01
4.569167677791398097e-01
4.599681292336115224e-01
4.568240214573707214e-01
4.560417047289272996e-01
4.566892693411775395e-01
4.589588218330383773e-01
4.567507864617351698e-01
4.559609936015510123e-01
4.559163105563898699e-01
4.558015276534516103e-01
4.565628115404775644e-01
4.559139046804666640e-01
4.556825556095095986e-01
4.554904877271016561e-01
4.551478818593974740e-01
4.587878573425112627e-01
4.554923132841461886e-01
4.572697444389210442e-01
4.548168551812373783e-01
4.554214211102792786e-01
4.546082191300282460e-01
4.546496364501553256e-01
4.553630139410791422e-01
4.590114082380459815e-01
4.544914025381766032e-01
4.576129172584275095e-01
4.551606343361095930e-01
4.555618436066870003e-01
4.546775935199689478e-01
4.552420400545537094e-01
4.538937713385398087e-01
4.625759406899835890e-01
4.537795973609891065e-01
4.533104924609192010e-01
4.545700089057853610e-01
4.558260738768279974e-01
4.533875663618577856e-01
4.557528140187726562e-01
4.553231656463631039e-01
4.551438721248009522e-01
4.533433220278207387e-01
4.531707859903792435e-01
4.528996664176820341e-01
4.566837288881767654e-01
4.504257217388134005e-01
4.534711988414311112e-01
4.519288006418345494e-01
4.501328338435333087e-01
4.515411619303538737e-01
4.525735542037691572e-01
4.509768942907068090e-01
4.503739004317871553e-01
4.499635555135906850e-01
4.512369311513201864e-01
4.499573937151329917e-01
4.520763820307718839e-01
4.505430502846090035e-01
4.535220514212683907e-01
4.508260220913224425e-01
4.532681028394428546e-01
4.496903419444370775e-01
4.523180002407481415e-01
4.503957750939562299e-01
4.510574104526599570e-01
4.493713731034116865e-01
4.501786484291879775e-01
4.496071832621923448e-01
4.505443627208504664e-01
4.493930538678166386e-01
4.493185917946547203e-01
4.489614104851981646e-01
4.508454120509206575e-01
4.494319587650610903e-01
4.537302061121450403e-01
4.506687100051077199e-01
4.544179686907807714e-01
4.491323953306207706e-01
4.503408357844735366e-01
4.502131647464297504e-01
4.499021165715702542e-01
4.488414840015270135e-01
4.500428683491657922e-01
4.488970943665285263e-01
4.496731964124845438e-01
4.488424642900721295e-01
4.511955882917931815e-01
4.490371517445710947e-01
4.514862494845998664e-01
4.490692097282267814e-01
4.503547906702887182e-01
4.491006479970114373e-01
4.475958910390483436e-01
4.473187345871270093e-01
4.501642592156316902e-01
4.476781413356174522e-01
4.512600660609611958e-01
4.479494700097688131e-01
4.489529401134360609e-01
4.475278248864412722e-01
4.484452895570245068e-01
4.476759693300487175e-01
4.509524102552954217e-01
4.476104747117078397e-01
4.600110048373881044e-01
4.490940002183873014e-01
4.500303028515774684e-01
4.475000154565352828e-01
4.466646925276777091e-01
4.474781302799968330e-01
4.500387104261486804e-01
4.461792014211238278e-01
4.506030475561327298e-01
4.461456190278192402e-01
4.484211243194025087e-01
4.466560978502953083e-01
4.493657157166588423e-01
4.458503610373413251e-01
4.475612511718846109e-01
4.459447997946123787e-01
4.484507146068790195e-01
4.459964531464265525e-01
4.465820324051392731e-01
4.462619145535774434e-01
4.479679135807133616e-01
4.460144780701695288e-01
4.469349884905022274e-01
4.457135521894211583e-01
4.492749045856784251e-01
4.460605287789456419e-01
4.486648082081942657e-01
4.455130022961657499e-01
4.462191070181124042e-01
4.460222287892946502e-01
4.470047002163872185e-01
4.453052632175465986e-01
4.473818223596358057e-01
4.451010751535649512e-01
4.460521685048064455e-01
4.453234863541244981e-01
4.479562075795568421e-01
4.458236213467774434e-01
4.497345373617906428e-01
4.448370029539125414e-01
4.460372710693185638e-01
4.452343963100394153e-01
4.473279839846713846e-01
4.457652729900992705e-01
4.466646740023979545e-01
4.452168826454269701e-01
4.472811232152719141e-01
4.449574162133114186e-01
4.471239919576686650e-01
4.459142649557207294e-01
4.447251919525360142e-01
4.453001449891433872e-01
4.465392180844055536e-01
4.450620092605048761e-01
4.459925373223814216e-01
4.454588015071897500e-01
4.496033034284667163e-01
4.457276155075449720e-01
4.475043665162917184e-01
4.447961451545163203e-01
4.429550926524848387e-01
4.464484481527875026e-01
4.454625191851586119e-01
4.429694395438395493e-01
4.451741914098871211e-01
4.433494889552590523e-01
4.439372164441526825e-01
4.426621963715332009e-01
4.429214466444066356e-01
4.437747151250165389e-01
4.433850185942878608e-01
4.428122591009672759e-01
4.430032609817428635e-01
4.426453680762704179e-01
4.442538349957110277e-01
4.421457406553588321e-01
4.451740942816312385e-01
4.425037539595007008e-01
4.443481700651610855e-01
4.430359959368549982e-01
4.412268528527278910e-01
4.407922908625405700e-01
4.421409906921011657e-01
4.429362712415181313e-01
4.412652198912655477e-01
4.412409215552641206e-01
4.399794959790075954e-01
4.399916200792163834e-01
4.423031179435832350e-01
4.399142605849356569e-01
4.397994744948601209e-01
4.398725535406224907e-01
4.407993215671247578e-01
4.403562156300814268e-01
4.400245219179592659e-01
4.408694021157298915e-01
4.413890888364355725e-01
4.391769938330362111e-01
4.418620388380899988e-01
4.400439900032656060e-01
4.404553008526407298e-01
4.393423758951413571e-01
4.397972935648181703e-01
4.394434308113449594e-01
4.402877312586416236e-01
4.398491822695498876e-01
4.408198324634855503e-01
4.405827930426178818e-01
4.424661352014866433e-01
4.393691890924949495e-01
4.407945626721498367e-01
4.389198956045309852e-01
4.417202147321144245e-01
4.398511669922731682e-01
4.397066163680482531e-01
4.383954030044629468e-01
4.402476269819447507e-01
4.381958726024173245e-01
4.410081558337721197e-01
4.381801517372497790e-01
4.407657551401216733e-01
4.385770270187172581e-01
4.373855591439558821e-01
4.375876913967203796e-01
4.395316120862946541e-01
4.373519548362828635e-01
4.379358930112632886e-01
4.374690689444475367e-01
4.379505614336383634e-01
4.372265960982774646e-01
4.384408270773067495e-01
4.380454073017033823e-01
4.384046638986629496e-01
4.371292079763636207e-01
4.374490771285933777e-01
4.373759280721828957e-01
4.415433351879552992e-01
4.365974062975702674e-01
4.379170604463146765e-01
4.393467918933288696e-01
4.344838478100802037e-01
4.356187362713842548e-01
4.339216022913611193e-01
4.349127659933190726e-01
4.348296047874027903e-01
4.345035963140607693e-01
4.367865377901486990e-01
4.338327129062199417e-01
4.365253018139256813e-01
4.339059674412310552e-01
4.340445726456446107e-01
4.348849512762961722e-01
4.355257837855531777e-01
4.340280438261733820e-01
4.372170163523143027e-01
4.332621272466962159e-01
4.340939126025064598e-01
4.334714632474567786e-01
4.336946878757451107e-01
4.333575138459007103e-01
4.346274192515502399e-01
4.343413731046597559e-01
4.364788534541376719e-01
4.328094994723172273e-01
4.324978714442797023e-01
4.321307490632483872e-01
4.305489824314560621e-01
4.314308335767207403e-01
4.312234624175134146e-01
4.328717346460985715e-01
4.314519617377297056e-01
4.299225653659944912e-01
4.307693149855572612e-01
4.303936119394864979e-01
4.287863405028111141e-01
4.292228642636088942e-01
4.291285089039811318e-01
4.289222722372095786e-01
4.298273332274701319e-01
4.296993051828362775e-01
4.309721016337472177e-01
4.301099384608534359e-01
4.274692827790838590e-01
4.281547881541425959e-01
4.285218576085584319e-01
4.277438332162682433e-01
4.274409769762780864e-01
4.282763038651394849e-01
4.280868782469341438e-01
4.303497002559276696e-01
4.270886047355341719e-01
4.262443769899418866e-01
4.272576203067902090e-01
4.263113702080498779e-01
4.279307406742834941e-01
4.262963623414626757e-01
4.272678571487081856e-01
4.260238066297682424e-01
4.276218463580745976e-01
4.278036779773776721e-01
4.290302968510839587e-01
4.264944505319602785e-01
4.294750738743400298e-01
4.265680382701261264e-01
4.260123468783226230e-01
4.284720287131769112e-01
4.332231589545847972e-01
4.277306971709028405e-01
4.247838546928885961e-01
4.253827014864428047e-01
4.242010300958277691e-01
4.237974911664769140e-01
4.241429751968633366e-01
4.240859173606922883e-01
4.274874085233340004e-01
4.238031522723331723e-01
4.229773581210020672e-01
4.228223017617732116e-01
4.243802552443045606e-01
4.233483096536055923e-01
4.246188335136761860e-01
4.234346267431111643e-01
4.237963486187577011e-01
4.247065498345473089e-01
4.288178908242731846e-01
4.221319053469133609e-01
4.238208151010956493e-01
4.220460466912944741e-01
4.276369932038570632e-01
4.228696432970052710e-01
4.239079439818989603e-01
4.227329714667932281e-01
4.208745607886864581e-01
4.217027453019284167e-01
4.250247828641797732e-01
4.212988585871156322e-01
4.235169550041855691e-01
4.199786366994947007e-01
4.217283378515754300e-01
4.199416338478100807e-01
4.188980366989916160e-01
4.203056566154574902e-01
4.220626488490523132e-01
4.202092019509293119e-01
4.221574032034625112e-01
4.185436096238945858e-01
4.179999918692122729e-01
4.179020045596513744e-01
4.189737737075589497e-01
4.189694857204518952e-01
4.165544161545564061e-01
4.171766916653447121e-01
4.205523755889006843e-01
4.169363433440270716e-01
4.203539644617610982e-01
4.166648454052391815e-01
4.175840388900270428e-01
4.168671799550117685e-01
4.209337799192134355e-01
4.172575058621783017e-01
4.199924629120357911e-01
4.171410773640095160e-01
4.184136376505122046e-01
4.173097705831947946e-01
4.188106736769436900e-01
4.159901887609805948e-01
4.199785078063357768e-01
4.181026695822980810e-01
4.163154496377343139e-01
4.142919460907140139e-01
4.166220681081264088e-01
4.145066113976402788e-01
4.153954769768666289e-01
4.138743153547861375e-01
4.146504047890765543e-01
4.140846879620921350e-01
4.190351751359101540e-01
4.154565947049429497e-01
4.158097371102419948e-01
4.132415802590900245e-01
4.144654077639463030e-01
4.137721767302596776e-01
4.138164816695009129e-01
4.132795677109299959e-01
4.147390179630044971e-01
4.131099615152833415e-01
4.160247949775535692e-01
4.131369301081030398e-01
4.134823056185907841e-01
4.133398470078427089e-01
4.140165359866502803e-01
4.128123102902839237e-01
4.137200003474020837e-01
4.128859234608988071e-01
4.135020168236457350e-01
4.129383686307645518e-01
4.145522343558063483e-01
4.127296431990518100e-01
4.131421522823240378e-01
4.132747170412517379e-01
4.159170937524069300e-01
4.132197445582181938e-01
4.144362006374416318e-01
4.125562024065699829e-01
4.112553472888888506e-01
4.110039177827465862e-01
4.188487366089520547e-01
4.120463346371147084e-01
4.133605522457466930e-01
4.121449970383600503e-01
4.126320772421179783e-01
4.115449474304559430e-01
4.128277460230097007e-01
4.105458106586115652e-01
4.129048985159606833e-01
4.120508983407916714e-01
4.140841169163281821e-01
4.111627201464214676e-01
4.121755715323175973e-01
4.108903645734416910e-01
4.117491080743704845e-01
4.110783869823332326e-01
4.108649889596379667e-01
4.117465779907841239e-01
4.123791336010143027e-01
4.109757002691954431e-01
4.103577589096996103e-01
4.104752976852402147e-01
4.115526049204634718e-01
4.110178597033681824e-01
4.118751746376100864e-01
4.108707181414482101e-01
4.118298283735363219e-01
4.109260446138630618e-01
4.134593085847639848e-01
4.111885296418688052e-01
4.112757149616300678e-01
4.108126462915596688e-01
4.095653675165504826e-01
4.097173631817426775e-01
4.156791866455765705e-01
4.096464359328465532e-01
4.102054348399007400e-01
4.099977861060105089e-01
4.104830587320016377e-01
4.095934210861928437e-01
4.124155717328331083e-01
4.096864426751968269e-01
4.112674565235387991e-01
4.092232466269105640e-01
4.125628089467613391e-01
4.099352527621714648e-01
4.126020056983484841e-01
4.094905265795549809e-01
4.101195811713467809e-01
4.111267857909620682e-01
4.100293428878132862e-01
4.092674276824765367e-01
4.097210685986475975e-01
4.093855028936653206e-01
4.132640260705804924e-01
4.100977049505452054e-01
4.090295866375097678e-01
4.089498231435243492e-01
4.166708156753572423e-01
4.086661544567156135e-01
4.137573785105395086e-01
4.089124513105503733e-01
4.097376392877462581e-01
4.098695750386932013e-01
4.106249155280634056e-01
4.085963831004794100e-01
4.096737205815492722e-01
4.089469500884390651e-01
4.100892288592274393e-01
4.109122883158493056e-01
4.085903257175660941e-01
4.094837498991695246e-01
4.092749395221493836e-01
4.093511350687645267e-01
4.130389139774299223e-01
4.088967325903846706e-01
4.089620006389305673e-01
4.092120395082637918e-01
4.096039630426183686e-01
4.086558210008753855e-01
4.088840950421688825e-01
4.102809583734833843e-01
4.095790424932289620e-01
4.093015563529741052e-01
4.075678189797970474e-01
4.076742124398411993e-01
4.102880462192614597e-01
4.078756066082405152e-01
4.089661597362973522e-01
4.078536751322361931e-01
4.076347969696923479e-01
4.096318524717852405e-01
4.079486176331731384e-01
4.075013674888006143e-01
4.069139863503378751e-01
4.085893043092458932e-01
4.083005161891837265e-01
4.069980778771835617e-01
4.117614334059741532e-01
4.085796204669885912e-01
4.063362334936650444e-01
4.073321712625108670e-01
4.085103976243287804e-01
4.061934197065948382e-01
4.065683730975858667e-01
4.073028947718383419e-01
4.081904361680989690e-01
4.069531298636403505e-01
4.060092532671895071e-01
4.065721781714065064e-01
4.065495519755579767e-01
4.071414008860340106e-01
4.082741992749658322e-01
4.061892984267412299e-01
4.078887379820975156e-01
4.066531709113755944e-01
4.092729226854355251e-01
4.078356382009468706e-01
4.074475692142702776e-01
4.074860244043206348e-01
4.054502517148984020e-01
4.052932519937411660e-01
4.081571995835847622e-01
4.082591229191635529e-01
4.068498908546001047e-01
4.055937642459853665e-01
4.066649329590524276e-01
4.055748754480230645e-01
4.057805259319074986e-01
4.054705299349639636e-01
4.062981113443772108e-01
4.054090730252651320e-01
4.069258711262345729e-01
4.053868757063433526e-01
4.080098378299513717e-01
4.058196940931571572e-01
4.054342279319618769e-01
4.072527749511690165e-01
4.094292653992163689e-01
4.063196244236073063e-01
4.050641095561307026e-01
4.055085892248162516e-01
4.046404785163432161e-01
4.040443956645275447e-01
4.053533332019766955e-01
4.052164429562281067e-01
4.040231094725965089e-01
4.038793725641555143e-01
4.082406519633952069e-01
4.035594697098576211e-01
4.021905060634710094e-01
4.024831598252779918e-01
4.023698624332897600e-01
4.016385365720070433e-01
4.055417606182941115e-01
4.022063615633600930e-01
4.062533289735543174e-01
4.037215406984320243e-01
4.055608477203114792e-01
4.015433907385567158e-01
4.030525756494959255e-01
4.026302945918680543e-01
4.026681328077615918e-01
4.031694900957518701e-01
4.020998035877074717e-01
4.014709156653186728e-01
4.010956546919244858e-01
4.024560702050035133e-01
4.014210780553061908e-01
4.011744872140957097e-01
3.998792067252751603e-01
4.008889157008942994e-01
4.037766409113694444e-01
4.006404830753585999e-01
4.036393863200465892e-01
4.006886222179195101e-01
4.027457591356898292e-01
4.004553278197735544e-01
4.019563313125507631e-01
4.008698815130959936e-01
4.010888628801516642e-01
4.002801775743756174e-01
4.023319449945222948e-01
3.998501761232201024e-01
4.012255952870550924e-01
4.011829394174900587e-01
3.992845675220833557e-01
3.997857241817649454e-01
4.071324262875735123e-01
3.993707305213728409e-01
4.050622014312192931e-01
3.988713563058298162e-01
3.974934067359077727e-01
3.979297362995937171e-01
4.000812908586056649e-01
3.972541248394361180e-01
3.989338994016935480e-01
3.978870336165196142e-01
3.997353338337958917e-01
3.972004064918569499e-01
3.996177771896464725e-01
3.964939843012869614e-01
3.977146718652538881e-01
3.971881718197889377e-01
3.967762684554467789e-01
3.952889595778383836e-01
3.961588701360656550e-01
3.949420591664732361e-01
3.986342492860298625e-01
3.961147477017256113e-01
3.956322600833244718e-01
3.966833821305074115e-01
4.001838344670065606e-01
3.945543518479415201e-01
3.951802956488996710e-01
3.951399177731213519e-01
3.956914920911574485e-01
3.947753417916887719e-01
3.983571805971496405e-01
3.955840396528649272e-01
3.979420212393057210e-01
3.948620015150608453e-01
3.961680854322156553e-01
3.951472389994600265e-01
3.948798162695021374e-01
3.948986824967972153e-01
3.984619452411528595e-01
3.946270795618956884e-01
3.964764390598569110e-01
3.951425963036847566e-01
3.957719475846470658e-01
3.946887991212860713e-01
3.959097935731613616e-01
3.949879072443248651e-01
3.986030932265881011e-01
3.946525327663246152e-01
3.957187139639363749e-01
3.954000942516543438e-01
3.977743622384788402e-01
3.970001688436667342e-01
3.951683606046932362e-01
3.949192190594979501e-01
3.948403137652403694e-01
3.946220544391643159e-01
3.953233252528529640e-01
3.946809038259927460e-01
3.947624019889137692e-01
3.942155435370974237e-01
3.948783028393818006e-01
3.944584542371574742e-01
3.944827708328140226e-01
3.945638000251169286e-01
3.945382706211415513e-01
3.944083466265552174e-01
3.942739804322573649e-01
3.946819254794528553e-01
3.943397459634901958e-01
3.940433667797433315e-01
3.940066803014308783e-01
3.939221752070383720e-01
3.940172722279631223e-01
3.937835319301288273e-01
3.939272885984356209e-01
3.940744972325579409e-01
3.938480110657122668e-01
3.940503379917573712e-01
3.941272686596208330e-01
3.936263449181486851e-01
3.941178865968894551e-01
3.935621605309550519e-01
3.947676630561042788e-01
3.935255262990183245e-01
3.945678803824441139e-01
3.936782559056956621e-01
3.938407319340886392e-01
3.938033351108975455e-01
3.935244644468600672e-01
3.938750693307289663e-01
3.937159398963092083e-01
3.935268676270490262e-01
3.926649904269697844e-01
3.924617715958826913e-01
3.927260070677684456e-01
3.928347932340130466e-01
3.933554206139145970e-01
3.924074915055976720e-01
3.931067598972928789e-01
3.927337545962840681e-01
3.923270919849566885e-01
3.923013985334130593e-01
3.932473885875116815e-01
3.923152246259001830e-01
3.924887096917548668e-01
3.925258286597602120e-01
3.929733867155802973e-01
3.924364217681431954e-01
3.921121929022571284e-01
3.918773504656192785e-01
3.923176998685543038e-01
3.919425045258507767e-01
3.912433354366494642e-01
3.912101737504722898e-01
3.914519139920272783e-01
3.914695829722579790e-01
3.912231218268478750e-01
3.915561399996893011e-01
3.914449993415690665e-01
3.911079555960845777e-01
3.909510683741703185e-01
3.911580497081362795e-01
3.915486496094960911e-01
3.908546282549678619e-01
3.911891617438937319e-01
3.908386149120194886e-01
3.909034245273946828e-01
3.909513727940290839e-01
3.915865404948271067e-01
3.909006441035611790e-01
3.917883583936190850e-01
3.912603863189411113e-01
3.910011450501468255e-01
3.923052163031164885e-01
3.905787659558659364e-01
3.904973553411640874e-01
3.900937317093688961e-01
3.901906044510777827e-01
3.906208440624189815e-01
3.906050758094711806e-01
3.899350084198233146e-01
3.899556541961398115e-01
3.905436334282385569e-01
3.897722897617657556e-01
3.895126140072258103e-01
3.893091485739405000e-01
3.896791335548356328e-01
3.891192889540565636e-01
3.894014297759793020e-01
3.894497230542071087e-01
3.910937945324469700e-01
3.891978309722468055e-01
3.887373835606531269e-01
3.888745880317266979e-01
3.891514187393831925e-01
3.895300558328167462e-01
3.888872560418673574e-01
3.888547663912973462e-01
3.877317274388818458e-01
3.878192875974838527e-01
3.870766223761434865e-01
3.873738512430013325e-01
3.874839996765463979e-01
3.871782296612233387e-01
3.870025757926661147e-01
3.867760907589011810e-01
3.879841161075168743e-01
3.868727101581678762e-01
3.869764648725625422e-01
3.871455070089221406e-01
3.866546937611490820e-01
3.867069811239530752e-01
3.864976006601699710e-01
3.869071554550119196e-01
3.865160192397055217e-01
3.866114802046517473e-01
3.870694818259992065e-01
3.868013396395872938e-01
3.861804191173756617e-01
3.860422015680368135e-01
3.878412229521251975e-01
3.860455732538774498e-01
3.865066746566779843e-01
3.860647801606816865e-01
3.865627546769030420e-01
3.864850950342502700e-01
3.868820735681732237e-01
3.861022389926202503e-01
3.865980187909834331e-01
3.861482266278414288e-01
3.865855009276641385e-01
3.862177055193243280e-01
3.867880809735386727e-01
3.859487992271906087e-01
3.872147407989708912e-01
3.860586176608311604e-01
3.867889311084750648e-01
3.858209986489728460e-01
3.864373388051085545e-01
3.857647262002170674e-01
3.859047276259108816e-01
3.856596710703175113e-01
3.858246263278850563e-01
3.855260475853360957e-01
3.865754833070288998e-01
3.855603852602005333e-01
3.852942292111152245e-01
3.858630863472408135e-01
3.852846941986792784e-01
3.850526825856349644e-01
3.850081843667031989e-01
3.852396025626588227e-01
3.846275076444760077e-01
3.847631161793999555e-01
3.849140788818486980e-01
3.845621843596134237e-01
3.850530391817442721e-01
3.847274714916112948e-01
3.862655778279676655e-01
3.849440562968452495e-01
3.846767266425973331e-01
3.848548276644379040e-01
3.853015233441758336e-01
3.846403203942280191e-01
3.850034444485466167e-01
3.844539679433546797e-01
3.844537146809199335e-01
3.845493598923484524e-01
3.850433431670687856e-01
3.847512119222747939e-01
3.843483082563488029e-01
3.843440561119217391e-01
3.846606931485894165e-01
3.842669745766277845e-01
3.845740161215395192e-01
3.842916962300266248e-01
3.850033817672408043e-01
3.845011806717830716e-01
3.852754083808939134e-01
3.846795638592042654e-01
3.854478935156156472e-01
3.844723134482102012e-01
3.851378864957420989e-01
3.844827859196751074e-01
3.847448194272474753e-01
3.846409348812119267e-01
3.846214558438441067e-01
3.842946277991131088e-01
3.846943616786945297e-01
3.844438544303395155e-01
3.853888445604875534e-01
3.843091792286978392e-01
3.844743566677721880e-01
3.842320761651441541e-01
3.843272845974378127e-01
3.841873201358810275e-01
3.847779853033184150e-01
3.845202966943074285e-01
3.838810071644925825e-01
3.837381265421068166e-01
3.838860135142362906e-01
3.838050589289548897e-01
3.841015737164633070e-01
3.841961202206297110e-01
3.845552277463185620e-01
3.838209541010462744e-01
3.839136843771053242e-01
3.844734585585160569e-01
3.845558630067075212e-01
3.837298513693181978e-01
3.842149479715705751e-01
3.838426390459847015e-01
3.844073290148680710e-01
3.837328917964195618e-01
3.837197157811306214e-01
3.838309429141595341e-01
3.837468099238727781e-01
3.837846346858704294e-01
3.846930719238083607e-01
3.834940521966742066e-01
3.837308327015916398e-01
3.833983218929245540e-01
3.833758719760769207e-01
3.836933393171608198e-01
3.838822808053657387e-01
3.835489896414041588e-01
3.838329126392337476e-01
3.833590997689502178e-01
3.836010133894584562e-01
3.835165923857012937e-01
3.842799148275310994e-01
3.834867029039457087e-01
3.841298436376957004e-01
3.848134950860793713e-01
3.827097629373626408e-01
3.822363984571191531e-01
3.818689678157901057e-01
3.819288906815256901e-01
3.816191891385479762e-01
3.813935566797222454e-01
3.812710235896088484e-01
3.818704953115422684e-01
3.820180795630528370e-01
3.812144936095512859e-01
3.822460156809532328e-01
3.812742123766079128e-01
3.814266378664001866e-01
3.813670867648126794e-01
3.811585604243151737e-01
3.816697922664682996e-01
3.812619263523689961e-01
3.813301272353111226e-01
3.813971367680270008e-01
3.811761541425048305e-01
3.814427603978703951e-01
3.812322150237661411e-01
3.827932524437616668e-01
3.813826380565831231e-01
3.816978915211184931e-01
3.812345210787243532e-01
3.807594281079453302e-01
3.808422641661783348e-01
3.808528714736401644e-01
3.813845922961293655e-01
3.821203449689630771e-01
3.807440813071846786e-01
3.804076601386804923e-01
3.799488192765771988e-01
3.811648287330323681e-01
3.801107506580970186e-01
3.801238025971988010e-01
3.801135189449330043e-01
3.805566563960907089e-01
3.803229329549410731e-01
3.801081820646432519e-01
3.800660993652054676e-01
3.801892305680613093e-01
3.801176145484073676e-01
3.802581493819985337e-01
3.797807119739946002e-01
3.797551754748665909e-01
3.796740717661918341e-01
3.799592671789333020e-01
3.795164797741517604e-01
3.828957255350862177e-01
3.793325408358635964e-01
3.799130783516121990e-01
3.794690533354093120e-01
3.796234612911152384e-01
3.794615699125451491e-01
3.791841417876172793e-01
3.793119760137940721e-01
3.816900201714586438e-01
3.791574319918917246e-01
3.805647255490143266e-01
3.791487764938490379e-01
3.790470133404518771e-01
3.791306313931934180e-01
3.797246741078688648e-01
3.789219926320837040e-01
3.803439996385447608e-01
3.791997773105279523e-01
3.795985161543769526e-01
3.789618201067262437e-01
3.794251708934324729e-01
3.789528297002210944e-01
3.795850267996120353e-01
3.789393507618621371e-01
3.795616626456131404e-01
3.789699331938301552e-01
3.793148715306195462e-01
3.789202353049804795e-01
3.794335604943361306e-01
3.789764625649341134e-01
3.793106701642177669e-01
3.790191054832335316e-01
3.800256548093669529e-01
3.793363857539138739e-01
3.792054365250762671e-01
3.792746276912163927e-01
3.803024790577133052e-01
3.789730249455768307e-01
3.796852237917771600e-01
3.792762772566898866e-01
3.806745017529733488e-01
3.793000406406248914e-01
3.798640913223081395e-01
3.789885505718772474e-01
3.790691519620294492e-01
3.790152047214260800e-01
3.785763205685561683e-01
3.786135189038337123e-01
3.791479306555894935e-01
3.788895832221407800e-01
3.790919572067714682e-01
3.786103238188598952e-01
3.793132929341003212e-01
3.785504167135421705e-01
3.793132952577099593e-01
3.785528486696346229e-01
3.805173616877907117e-01
3.789843430767079191e-01
3.801640861601513488e-01
3.786400884699385183e-01
3.799309004678969037e-01
3.785729804804614518e-01
3.793015488647604738e-01
3.784567209065680116e-01
3.788791153935064382e-01
3.786023787201165947e-01
3.787679297978903681e-01
3.785172971947218246e-01
3.788142524533534283e-01
3.785610548860057212e-01
3.788586718097434192e-01
3.785586575345714633e-01
3.793829760606432511e-01
3.785371499799247696e-01
3.786257730002530741e-01
3.784665940986486343e-01
3.785064521764788803e-01
3.784760224281515373e-01
3.785119852683815900e-01
3.785907318928806164e-01
3.785059209750148423e-01
3.786094986128883400e-01
3.784079426880803676e-01
3.786163278648966846e-01
3.783373534100467062e-01
3.785676994502391590e-01
3.783366199436219990e-01
3.784800909669197022e-01
3.785472057840404414e-01
3.781305055559544548e-01
3.780337561321414075e-01
3.782677099782227326e-01
3.780322101749077346e-01
3.783002973669694624e-01
3.780291018630259070e-01
3.781397122078389850e-01
3.780221314248358166e-01
3.783562467434564702e-01
3.780333630474067563e-01
3.786036914937619957e-01
3.780097670258086295e-01
3.782680026785495420e-01
3.780474829554134608e-01
3.780359038292518958e-01
3.780042837215399354e-01
3.781990058313709491e-01
3.780261416250505491e-01
3.780496963347712014e-01
3.779519485295463888e-01
3.776641629288478574e-01
3.776868272030980411e-01
3.786589051554211105e-01
3.777000604861202593e-01
3.773853147190565083e-01
3.774876508581645473e-01
3.773080011284707935e-01
3.773858241327838758e-01
3.773384387805788220e-01
3.772166919545802410e-01
3.771999547025581823e-01
3.772976514948381266e-01
3.772404595777907876e-01
3.771076043199079741e-01
3.773609782462970519e-01
3.772166201614948200e-01
3.769811106811610246e-01
3.769592056834628058e-01
3.771224707041259117e-01
3.769582942742572551e-01
3.769071502639907423e-01
3.769044713604230434e-01
3.768980826380394222e-01
3.769281917138998517e-01
3.768445675617972390e-01
3.769509105723299891e-01
3.768637615132849339e-01
3.768377277304105211e-01
3.767308745701723471e-01
3.767429452349974617e-01
3.769652701558560137e-01
3.768468575147146948e-01
3.766126170543968033e-01
3.766428931792608070e-01
3.767474272344061292e-01
3.768303465566306132e-01
3.766727464180692486e-01
3.765742123368507888e-01
3.766143437630128377e-01
3.767145596901456672e-01
3.767358153286842204e-01
3.766744984098006621e-01
3.765671311040600377e-01
3.766055456454027728e-01
3.763751692894617973e-01
3.764535950910226081e-01
3.759333105474099157e-01
3.760327015282888818e-01
3.760044234429288368e-01
3.759074475839312979e-01
3.759146731849571377e-01
3.757562027375226377e-01
3.756700866237291936e-01
3.756417526590626887e-01
3.757123182644317994e-01
3.758797921938349940e-01
3.756867309724961634e-01
3.755974083758782389e-01
3.756468469681806810e-01
3.757669701635699688e-01
3.757546076085805375e-01
3.764040661712685920e-01
3.756648192673663900e-01
3.758337956079086384e-01
3.756965630192524164e-01
3.758245188808845283e-01
3.756146934358839395e-01
3.757043762907295581e-01
3.756584238742186055e-01
3.756428849655044089e-01
3.756322121855414919e-01
3.757264653512857322e-01
3.756224605701190544e-01
3.756177590959211554e-01
3.756384792221722502e-01
3.757938832113200678e-01
3.756124360899432690e-01
3.756394585234672512e-01
3.755469900394941551e-01
3.757715256794095793e-01
3.755960281116929034e-01
3.758765554038314693e-01
3.757837689213012755e-01
3.755834215976344703e-01
3.755171463996987979e-01
3.752989478517074762e-01
3.753601293812264261e-01
3.751176240156710029e-01
3.752013242074700439e-01
3.753241950908615121e-01
3.751161371773329423e-01
3.752219251392766575e-01
3.751685720339760777e-01
3.751259245141285725e-01
3.752290889451797562e-01
3.751366647873898286e-01
3.753117825868896862e-01
3.751325168345231997e-01
3.751049974478942173e-01
3.751521061977042271e-01
3.750892065505275763e-01
3.751635854514367985e-01
3.751218394492216723e-01
3.752026249599285102e-01
3.751591939811812493e-01
3.752322222230780602e-01
3.750818436410098822e-01
3.752437434965329444e-01
3.751981972486017058e-01
3.751835982173357675e-01
3.751606401090745169e-01
3.749702755493217188e-01
3.749748396311960996e-01
3.757060987643398575e-01
3.749204258898747311e-01
3.749741595994792176e-01
3.749412282840710597e-01
3.748900228570491433e-01
3.748808169086956799e-01
3.749870144236350233e-01
3.749023648593577396e-01
3.748878290048627271e-01
3.748917480730142859e-01
3.750140874857058604e-01
3.748942856217336583e-01
3.750719147329260039e-01
3.749339230408046397e-01
3.751316439488802668e-01
3.749741090075888739e-01
3.750265060245815962e-01
3.749647151265814715e-01
3.749904029607573075e-01
3.748995609632835291e-01
3.749492670808029504e-01
3.749635277255568555e-01
3.749720638881026136e-01
3.748789897106051261e-01
3.749593405782559730e-01
3.748446955015724558e-01
3.751531076416892985e-01
3.748586487919435273e-01
3.749827281674244506e-01
3.748976090755571922e-01
3.748625271080961996e-01
3.748911789228374092e-01
3.751043818471244684e-01
3.749565667246098077e-01
3.750934193309544140e-01
3.750411846791774639e-01
3.747767323249857618e-01
3.748193127766726862e-01
3.749207230395256163e-01
3.748531888393513145e-01
3.747805986674039858e-01
3.748298201358866710e-01
3.748948509928500816e-01
3.748588093213167660e-01
3.754544792203130532e-01
3.747684866951905835e-01
3.751184543218973877e-01
3.748302221087352337e-01
3.747873258299629917e-01
3.747966994608514235e-01
3.747831506721549522e-01
3.747413433747561751e-01
3.748252653130536016e-01
3.748286172656642989e-01
3.750161387487253584e-01
3.747890092002123530e-01
3.747112080146887125e-01
3.747505963184998845e-01
3.752728448437321340e-01
3.750789573854190762e-01
3.745336163228891735e-01
3.746793958401180014e-01
3.746761334858802472e-01
3.745753912535053631e-01
3.745970580043389564e-01
3.747034629092948488e-01
3.742594528280694943e-01
3.743344217853946665e-01
3.742175018475659143e-01
3.742289657983768891e-01
3.742053359056180528e-01
3.744191318164330484e-01
3.745000576668706116e-01
3.742778785542011932e-01
3.741638588009079669e-01
3.742205197377460602e-01
3.742999077717825140e-01
3.742451841295564852e-01
3.744115870854732298e-01
3.741913725603036589e-01
3.743541192374040816e-01
3.741734442527339111e-01
3.741793017793262344e-01
3.741885823449672133e-01
3.744702481786404968e-01
3.741994090580431087e-01
3.744372700985027502e-01
3.741752901698680023e-01
3.742598032365863081e-01
3.742756177530041639e-01
3.742374217232410927e-01
3.742529046015873329e-01
3.742362273131656925e-01
3.741745598282178453e-01
3.740194354641568353e-01
3.740072042908740291e-01
3.741385949924857512e-01
3.741506615714693118e-01
3.740411479731290956e-01
3.741172721926001588e-01
3.740603543787919261e-01
3.740879364262459927e-01
3.740764102315612960e-01
3.741158332453963231e-01
3.742336869847766034e-01
3.740426326487712450e-01
3.742668016782730867e-01
3.740109566688828990e-01
3.739539920000466422e-01
3.740274380021317291e-01
3.740881444087699181e-01
3.739670745145802222e-01
3.740975817243235024e-01
3.739438253069477525e-01
3.741331752466385274e-01
3.743137816953010510e-01
3.738962893534771292e-01
3.739675017986740513e-01
3.740496981992563197e-01
3.739212111921273451e-01
3.740864415098552054e-01
3.738974840271098166e-01
3.740276464803833356e-01
3.738490561388544409e-01
3.744055742497915396e-01
3.738936591755581684e-01
3.739619270282359964e-01
3.738847178806494198e-01
3.738348167076327999e-01
3.738114440918239301e-01
3.737452905071007581e-01
3.736963437406827238e-01
3.740570208676306518e-01
3.736516395148839487e-01
3.737164677292390547e-01
3.738046519765355624e-01
3.737229585181298108e-01
3.737040016158452715e-01
3.738302072426567535e-01
3.736869558287134740e-01
3.738538984398763199e-01
3.737349502156528946e-01
3.736533213611706872e-01
3.736589512182043604e-01
3.737910416273822478e-01
3.736530515234423033e-01
3.738900238961379574e-01
3.736123016949123299e-01
3.739286375985894084e-01
3.736898332264010913e-01
3.736825331691745467e-01
3.736108714276650256e-01
3.740306320618036473e-01
3.735905603613248194e-01
3.735936825826469132e-01
3.735683310684833058e-01
3.735745218670548096e-01
3.736002906378198540e-01
3.735553426089892604e-01
3.735093334059674253e-01
3.734994367720955721e-01
3.734866660202649236e-01
3.734349073454341639e-01
3.734294341618683011e-01
3.735093311777523128e-01
3.734766557737552728e-01
3.733956545851639941e-01
3.733544556313643792e-01
3.735083164904489106e-01
3.733532771009212547e-01
3.742538712936050449e-01
3.733732753334486065e-01
3.734306774021444175e-01
3.733987982818774976e-01
3.733507769437383605e-01
3.733413649260747258e-01
3.734324514063781519e-01
3.734012904875297911e-01
3.733555614679567869e-01
3.733814546936257139e-01
3.735068156586550669e-01
3.733423276405856139e-01
3.735132982032067228e-01
3.733711641588223773e-01
3.735620959323925905e-01
3.733748873537576785e-01
3.734473540256630919e-01
3.733951577662844024e-01
3.734711062302497053e-01
3.734502678649945229e-01
3.734226406695214107e-01
3.733852146035358532e-01
3.733989293582685165e-01
3.734136320026404943e-01
3.734740313046268634e-01
3.734884863322442405e-01
3.732471609472610696e-01
3.732365841820841634e-01
3.734987981651881062e-01
3.732831318584751701e-01
3.733636586537015245e-01
3.732851137950554121e-01
3.732508519425157267e-01
3.731998921339538811e-01
3.733301060058296650e-01
3.732468372896006747e-01
3.734203976405658931e-01
3.731399580087731427e-01
3.731286923627826768e-01
3.732481999001850403e-01
3.733361948128072760e-01
3.732617819570446804e-01
3.732887716824196955e-01
3.731547289915794208e-01
3.732359680000051361e-01
3.731568226308473735e-01
3.734736391541846889e-01
3.731124990657819773e-01
3.732682818724822327e-01
3.731458839504034897e-01
3.732046829166366653e-01
3.731287317875381926e-01
3.730950055927014786e-01
3.731378480997952773e-01
3.737813999767937712e-01
3.731207522145542632e-01
3.732310679033704059e-01
3.731356950413747264e-01
3.730552834895015657e-01
3.730288884094951074e-01
3.733386325133314365e-01
3.731206994115097153e-01
3.731945287399799360e-01
3.730062074217573298e-01
3.731227236500472833e-01
3.730477449144283253e-01
3.731343178979446007e-01
3.729390370344595751e-01
3.730212518018179435e-01
3.729912535983302968e-01
3.729905290142173646e-01
3.730051562171960988e-01
3.730195679474351822e-01
3.730214513160444723e-01
3.736166339990055762e-01
3.729713206923908619e-01
3.731690917313210676e-01
3.729272106600729497e-01
3.729632487924595674e-01
3.730849008283001478e-01
3.729712892833761395e-01
3.729395478990834012e-01
3.729973056288861666e-01
3.729470308681243629e-01
3.732638233515835902e-01
3.729657765655570723e-01
3.731070108878706271e-01
3.729525653951667463e-01
3.728618816229725130e-01
3.729577556904705715e-01
3.729698622172381572e-01
3.729366561548123626e-01
3.729721141445082044e-01
3.728585748785469001e-01
3.729020058378287317e-01
3.728992167527916402e-01
3.732254634361519274e-01
3.729412251594514394e-01
3.729609272054615898e-01
3.728785791598025479e-01
3.729988835217388221e-01
3.729381527652650963e-01
3.729125071184630213e-01
3.729374510687988864e-01
3.731804310163840954e-01
3.728704715974683892e-01
3.733724042325401449e-01
3.728261838735864031e-01
3.729023448463304469e-01
3.728197293136862878e-01
3.729934921149959393e-01
3.728216210614682113e-01
3.729455699264464519e-01
3.728192445035043434e-01
3.730137449683351702e-01
3.728917297032144362e-01
3.730722135354127000e-01
3.729527276632698118e-01
3.728730048091011273e-01
3.728840608628234965e-01
3.730110571320367496e-01
3.728434155876899081e-01
