1.633736867823551986e+00
1.633736867823551986e+00
1.633736867823551986e+00
1.638155795275683779e+00
1.632366676376673542e+00
1.630262772507583335e+00
2.197893425429790160e+00
1.630262772507583335e+00
1.630262772507583335e+00
1.630262772507583335e+00
1.630262772507583335e+00
1.630262772507583335e+00
1.631336573794911260e+00
1.546136671622561298e+00
1.546136671622561298e+00
1.546136671622561298e+00
1.546136671622561520e+00
1.492749730002724817e+00
1.492749730002725039e+00
1.492749730002724817e+00
1.133721249809010123e+00
8.539923784246478133e-01
8.079809388269322268e-01
8.260680919900375008e-01
8.070068607880406253e-01
7.932656531750081896e-01
7.932656531750081896e-01
8.009828628459418898e-01
7.932656531750081896e-01
8.024236309174962445e-01
7.835015036329935345e-01
7.826362021916042355e-01
7.826362021916043465e-01
7.757423312403799454e-01
7.757423312403799454e-01
8.030355996453473200e-01
7.777361186770096468e-01
8.420864807865134916e-01
7.757423312403799454e-01
8.287530512827820939e-01
7.844777329324396087e-01
8.350122122831000748e-01
7.831449709913123058e-01
8.903024861895186826e-01
7.712320990581890134e-01
7.711548867420026099e-01
7.795738926758785103e-01
7.782355560123827010e-01
7.803106975397609002e-01
7.711548867420026099e-01
7.792905259491430536e-01
7.711548867420026099e-01
7.782877736916941069e-01
7.778502971435020674e-01
7.860445197521509497e-01
7.711548867420024989e-01
7.750646213527515593e-01
7.730460279199068419e-01
7.764331195686938747e-01
7.737665240642593867e-01
7.778765425854878846e-01
7.659341288313081808e-01
7.659341288313081808e-01
7.645300947029805005e-01
7.645300947029805005e-01
7.658458901789153561e-01
7.651542551485003285e-01
7.663476541873218695e-01
7.667876516441848311e-01
7.650275188839753548e-01
7.629877853019260137e-01
7.607306392002074480e-01
7.579439061447497128e-01
7.590710544674061921e-01
7.568546067248307363e-01
7.567794677616047627e-01
7.599839379241339898e-01
7.567794677616047627e-01
7.562522035246121987e-01
7.562522035246120877e-01
7.553386801612654855e-01
7.553386801612654855e-01
7.596109901409944243e-01
7.545268632323096636e-01
7.543021122379247601e-01
7.546643231803906726e-01
7.531246351409579542e-01
7.578182640931144798e-01
7.506656559447507648e-01
7.506656559447508759e-01
7.529471412281343312e-01
7.503020741232669932e-01
7.511741223059911210e-01
7.522590118239287360e-01
7.440552181349657790e-01
7.398770057929215938e-01
7.411215526207082238e-01
7.398055157094324263e-01
7.399226134719215642e-01
7.398055157094324263e-01
7.409710400808963149e-01
7.395785105093020118e-01
7.426716191186633065e-01
7.395785105093020118e-01
7.390143656911192238e-01
7.399511702222006937e-01
7.364483238878213323e-01
7.348671794839700677e-01
7.331989854510310156e-01
7.358042679376696205e-01
7.338457087405292345e-01
7.376533697888048025e-01
7.331989854510309046e-01
7.350982528317627773e-01
7.330883895122211058e-01
7.354839670553469100e-01
7.335058807067544873e-01
7.320456177779163243e-01
7.329779345946429991e-01
7.316481701825369166e-01
7.316713311303748579e-01
7.346208248980965472e-01
7.316481701825369166e-01
7.340913860692775961e-01
7.316481701825369166e-01
7.309328044328581298e-01
7.312786578720190667e-01
7.353432332699708640e-01
7.307359564488897785e-01
7.357676560407823141e-01
7.303776924410680937e-01
7.313805952586494019e-01
7.300001732893000028e-01
7.308532664501952159e-01
7.303115492544791643e-01
7.291993651360562101e-01
7.291993651360563211e-01
7.293450215540607795e-01
7.294778919955939855e-01
7.298253157972207639e-01
7.301074218355335654e-01
7.287219578504762207e-01
7.280034162989331703e-01
7.280158050061673602e-01
7.287194667610172871e-01
7.290386748072145151e-01
7.279371639932625815e-01
7.278494450850099273e-01
7.301506913685811284e-01
7.274545277582347147e-01
7.259662202802980024e-01
7.263241185714642834e-01
7.262232586692293212e-01
7.258319270069450990e-01
7.257930729869185305e-01
7.259428001440227929e-01
7.266890693700310822e-01
7.257600936094187327e-01
7.266080896136090095e-01
7.257600936094185107e-01
7.254788307006750925e-01
7.254963586405651643e-01
7.255896891694124662e-01
7.257020889910842376e-01
7.257983514477349685e-01
7.255077638815837782e-01
7.249636939047722217e-01
7.254635164020671878e-01
7.249961361549860372e-01
7.251089834046596794e-01
7.249445583362019718e-01
7.255174448943084720e-01
7.250337111767306553e-01
7.254911946062423400e-01
7.249939742388693542e-01
7.247820276600940304e-01
7.247997582094117819e-01
7.247421500489618085e-01
7.247915020685976595e-01
7.247515022843036281e-01
7.248653737503224503e-01
7.247421500489619195e-01
7.248263201680342771e-01
7.247434731877762104e-01
7.249675335659401254e-01
7.247813933397578845e-01
7.249311196160584947e-01
7.247132239710292190e-01
7.249695043137700523e-01
7.246971870869254317e-01
7.248022839080765500e-01
7.250355073235206227e-01
7.248031158571184296e-01
7.246889832154443933e-01
7.247836361345502132e-01
7.246976782136600459e-01
7.245401504991809682e-01
7.244149423500741980e-01
7.244499502440000516e-01
7.244337250350402213e-01
7.244811917638567245e-01
7.242177763510732058e-01
7.248696740367079894e-01
7.240652692619635733e-01
7.242126359520026924e-01
7.240983765884199119e-01
7.242155334404525302e-01
7.240354486429078085e-01
7.240763912771454036e-01
7.240421411997581824e-01
7.240735422022334111e-01
7.240197538473980288e-01
7.240145961780287687e-01
7.240186452230192860e-01
7.241434597264374551e-01
7.240193755646615603e-01
7.240624163845796879e-01
7.240497867018003131e-01
7.240320291957952348e-01
7.240724313924702393e-01
7.239611901154499041e-01
7.238753644630930850e-01
7.237884210484466507e-01
7.238081253742161270e-01
7.237922816136596049e-01
7.237889330786521080e-01
7.237850656715781872e-01
7.237160020266610871e-01
7.236658098034536302e-01
7.236501226542811915e-01
7.235684400489049706e-01
7.235470079381647324e-01
7.235377896683925503e-01
7.235457008517005573e-01
7.235267924923229899e-01
7.234994089619659619e-01
7.234931195945023541e-01
7.234399735029306555e-01
7.235157450909893706e-01
7.234388486425994413e-01
7.234554891826027179e-01
7.234505612895252291e-01
7.234153410893828795e-01
7.234623541601212793e-01
7.234758900618063482e-01
7.234107428505489601e-01
7.235319097171375446e-01
7.234569306789280230e-01
7.234202214935263608e-01
7.233993466161412478e-01
7.233908149723436987e-01
7.233941612819837497e-01
7.236155031141083827e-01
7.233886118931691644e-01
7.234020259162042832e-01
7.233822971806093127e-01
7.233871222431675907e-01
7.233535100773293980e-01
7.233450264803260588e-01
7.233525539431808760e-01
7.233519192734357839e-01
7.233510729200047784e-01
7.233780235743852982e-01
7.233458581869610660e-01
7.234039697690096693e-01
7.233374554271289059e-01
7.234104778516107226e-01
7.233393751691763462e-01
7.234414031501038567e-01
7.232969036469996116e-01
7.232818983864031104e-01
7.232926743777248202e-01
7.232724588991006343e-01
7.232666474224515030e-01
7.232686360076607812e-01
7.232864095893698497e-01
7.232670061812522810e-01
7.232562502818496997e-01
7.232573527080150555e-01
7.232429872339319887e-01
7.232917288305673598e-01
7.232355109353383327e-01
7.232158162678603563e-01
7.232397536188608367e-01
7.232044407523119389e-01
7.232094789015472980e-01
7.232067067598121346e-01
7.231978363242068664e-01
7.231956984345981887e-01
7.232277921493990291e-01
7.232053148025354705e-01
7.231939343067171899e-01
7.231986175451129428e-01
7.231891329839266191e-01
7.231948658072480107e-01
7.231729802400437279e-01
7.231920312433552933e-01
7.231736593325224227e-01
7.231932219339842760e-01
7.231735017843859969e-01
7.231664523679344203e-01
7.231650423730923150e-01
7.231710943493513399e-01
7.231650516549483765e-01
7.231776199628017210e-01
7.231942725640387870e-01
7.231320535821516016e-01
7.231461970400995254e-01
7.231318513314264340e-01
7.231322543491293109e-01
7.231309685245624896e-01
7.231311848298578315e-01
7.231311568425544678e-01
7.231321269101024241e-01
7.231358219269941046e-01
7.231174691428103873e-01
7.231235141184670923e-01
7.231219551666393519e-01
7.232052210576714879e-01
7.231172883915840677e-01
7.231017805216841676e-01
7.231014091109404518e-01
7.231044073913541759e-01
7.230976413527565594e-01
7.230899333950032704e-01
7.230930298971236514e-01
7.231017489213749094e-01
7.230909748534612991e-01
7.231158148541469988e-01
7.230897338095170213e-01
7.230933077118864016e-01
7.230900094961953961e-01
7.230892402633120053e-01
7.230891025261777516e-01
7.231049235312740908e-01
7.230881200373050488e-01
7.230901245936161015e-01
7.230900736062759737e-01
7.231039801367702413e-01
7.230873689322022679e-01
7.230964330870353063e-01
7.231127694594549071e-01
7.230949376648287963e-01
7.230831108067411472e-01
7.230833609331261957e-01
7.230819115526271323e-01
7.230861698036972207e-01
7.230775687905900417e-01
7.230770960987584761e-01
7.230764391822119830e-01
7.230766142666896767e-01
7.230715226463363399e-01
7.230718988720082896e-01
7.230691858505566838e-01
7.230689385442475858e-01
7.230676951095554861e-01
7.230669753544232137e-01
7.230499998764577940e-01
7.230407603190747157e-01
7.230403577012115557e-01
7.230411941633576589e-01
7.230656428942154879e-01
7.230409844214057413e-01
7.230338806718572542e-01
7.230344622882817207e-01
7.230302449676536680e-01
7.230302973298075031e-01
7.230305505343583850e-01
7.230314690768453456e-01
7.230306609386059069e-01
7.230301189810381945e-01
7.230317007528952455e-01
7.230310126756647193e-01
7.230358728739717522e-01
7.230297185902410106e-01
7.230293258838523807e-01
7.230296678274247268e-01
7.230377172633583038e-01
7.230394420181428528e-01
7.230221980864951492e-01
7.230304808798423410e-01
7.230218616780954566e-01
7.230222315911420949e-01
7.230234891736236902e-01
7.230256140635967776e-01
7.230220111364414892e-01
7.230241228886103988e-01
7.230233189776127389e-01
7.230207445612373274e-01
7.230227710545908959e-01
7.230204838474545426e-01
7.230116542006699287e-01
7.230082683148996159e-01
7.230067688943196957e-01
7.230069244308838794e-01
7.230078451369665871e-01
7.230067680419276499e-01
7.230018677450250619e-01
7.229992801425478843e-01
7.229992155288726963e-01
7.229984256594285119e-01
7.229981451427530681e-01
7.230001309327958037e-01
7.229982906120039354e-01
7.229986468296334401e-01
7.229976735955970790e-01
7.229962878974157681e-01
7.229963378761340431e-01
7.229978902448769285e-01
7.229971792814277043e-01
7.229961588710371867e-01
7.229957710972301221e-01
7.229923300204761372e-01
7.229939579082925727e-01
7.229964417628164108e-01
7.229862028927258599e-01
7.229834800811578699e-01
7.229798816573691500e-01
7.229787361289657932e-01
7.229788885342252058e-01
7.229805473554954398e-01
7.229788326684120081e-01
7.229784605400311204e-01
7.229784640441728749e-01
7.229788863300734558e-01
7.229784780435339897e-01
7.229797790731078422e-01
7.229783942814764774e-01
7.229790258282208226e-01
7.229783957072485334e-01
7.229791724605275638e-01
7.229780880959492118e-01
7.229857457608208637e-01
7.229795154674534263e-01
7.229721993706484939e-01
7.229719052234675480e-01
7.229717591589079895e-01
7.229781959570811267e-01
7.229696065937570859e-01
7.229643983476027325e-01
7.229632735178567193e-01
7.229647197290386407e-01
7.229616453681613208e-01
7.229616510840818355e-01
7.229605868274588953e-01
7.229603131458963716e-01
7.229597135853408352e-01
7.229599795351626668e-01
7.229592509581432846e-01
7.229592594618399204e-01
7.229591460432145400e-01
7.229591765129002034e-01
7.229591040359210075e-01
7.229590494930315803e-01
7.229621638272313300e-01
7.229570707999632972e-01
7.229536398860629820e-01
7.229533734930866373e-01
7.229531106658682038e-01
7.229563310426674327e-01
7.229530675672340978e-01
7.229560916507381529e-01
7.229528816066831398e-01
7.229534729175521868e-01
7.229524369088051738e-01
7.229540071684608105e-01
7.229522046083746156e-01
7.229533348128617254e-01
7.229523471567185222e-01
7.229532974199491813e-01
7.229521377050568409e-01
7.229470374426979484e-01
7.229476453007429582e-01
7.229470099951599282e-01
7.229475036418484546e-01
7.229466762724595652e-01
7.229496251898147596e-01
7.229448221529615193e-01
7.229433007990232474e-01
7.229426945230981172e-01
7.229425742518431619e-01
7.229424689850798558e-01
7.229424745871725344e-01
7.229422738155489858e-01
7.229422970082879374e-01
7.229421517788859886e-01
7.229420942904782876e-01
7.229420422823016334e-01
7.229420403348285618e-01
7.229421966726785609e-01
7.229421702023669516e-01
7.229429263153951402e-01
7.229428466958576216e-01
7.229393616342777440e-01
7.229384365453122019e-01
7.229383317747387627e-01
7.229380188007870078e-01
7.229376787519322667e-01
7.229376434073110369e-01
7.229384177536773981e-01
7.229368232899413549e-01
7.229345675496076096e-01
7.229334339019137801e-01
7.229328780343898808e-01
7.229329074506859465e-01
7.229324378296783093e-01
7.229324236939701498e-01
7.229318361386317671e-01
7.229318265713435832e-01
7.229311441953222284e-01
7.229309734275763955e-01
7.229309718132662654e-01
7.229308202514433956e-01
7.229303787017110627e-01
7.229302218863560281e-01
7.229301945625602466e-01
7.229314941799553917e-01
7.229285506795021243e-01
7.229264047088301837e-01
7.229250298360371252e-01
7.229241692837424793e-01
7.229241363242273621e-01
7.229240429347769670e-01
7.229244791537529080e-01
7.229241923398772585e-01
7.229250964020180747e-01
7.229239455257461255e-01
7.229243343254345699e-01
7.229236168307459076e-01
7.229241741183412007e-01
7.229237054406320029e-01
7.229249652949638616e-01
7.229243267919664984e-01
7.229223355972881349e-01
7.229210867431168364e-01
7.229205468568450366e-01
7.229192753135167404e-01
7.229180433035056197e-01
7.229173826105069756e-01
7.229177948790384001e-01
7.229180168266235995e-01
7.229173554321717265e-01
7.229177118529380719e-01
7.229158987806889591e-01
7.229153281341380577e-01
7.229144510840381788e-01
7.229137363751605427e-01
7.229137583903647579e-01
7.229133394076895369e-01
7.229133715055195974e-01
7.229125037783871166e-01
7.229122064734612163e-01
7.229122172164796911e-01
7.229119453802418382e-01
7.229118833459905469e-01
7.229121633939497027e-01
7.229117654598884446e-01
7.229127659402043715e-01
7.229129940604347437e-01
7.229117319008377951e-01
7.229112262046634152e-01
7.229095241626583013e-01
7.229091097750788286e-01
7.229091942879337651e-01
7.229084542776953448e-01
7.229082978156652350e-01
7.229081714049974128e-01
7.229083403459892754e-01
7.229081757256829999e-01
7.229083066375930899e-01
7.229079996921085050e-01
7.229094308835142257e-01
7.229079811594296689e-01
7.229066615990613620e-01
7.229057150011628519e-01
7.229052961077899742e-01
7.229060664311945938e-01
7.229044490934274370e-01
7.229044159007346204e-01
7.229041186393803109e-01
7.229041227526814550e-01
7.229036049213013460e-01
7.229024319582795233e-01
7.229021263663281127e-01
7.229021663963018929e-01
7.229022720509269417e-01
7.229012319961234390e-01
7.229016142961783853e-01
7.229015378632112077e-01
7.229005000945110115e-01
7.229004998670522930e-01
7.229000366835643954e-01
7.229000375778037446e-01
7.228989306129176562e-01
7.228983672558698670e-01
7.228984335888514190e-01
7.228981872333658520e-01
7.228975960344581342e-01
7.228975859329888065e-01
7.228973570158204742e-01
7.228973581011900462e-01
7.228973635864963665e-01
7.228973907452831416e-01
7.228987109096147723e-01
7.228975637689577516e-01
7.228965722905671409e-01
7.228958844913137005e-01
7.228957276835927814e-01
7.228957013682316690e-01
7.228958055288593476e-01
7.228957005018890047e-01
7.228959879721598147e-01
7.228956606804195495e-01
7.228966489160667530e-01
7.228969519304584423e-01
7.228955205637775938e-01
7.228953104599077362e-01
7.228938617388260823e-01
7.228925642994465939e-01
7.228916513914056541e-01
7.228911379916067581e-01
7.228903614452798498e-01
7.228903081452161539e-01
7.228903152951969835e-01
7.228906113484871998e-01
7.228902556463049356e-01
7.228902369773463343e-01
7.228903902351835331e-01
7.228906130135499541e-01
7.228898781197877765e-01
7.228908922203771681e-01
7.228901912960739029e-01
7.228891582048380116e-01
7.228889988727611460e-01
7.228885745429691756e-01
7.228885935519629991e-01
7.228878349140236415e-01
7.228876333100413554e-01
7.228873507417454825e-01
7.228879431766832564e-01
7.228880972750493239e-01
7.228871326934730446e-01
7.228869359379300752e-01
7.228866609245434560e-01
7.228866626459694578e-01
7.228859934216098626e-01
7.228857781568918117e-01
7.228857651699948095e-01
7.228858457358204870e-01
7.228857331970844902e-01
7.228859873532117453e-01
7.228856866645779755e-01
7.228860542015852486e-01
7.228856695875010008e-01
7.228859660509305840e-01
7.228856772440543921e-01
7.228872783049735684e-01
7.228862545881282742e-01
7.228840757880569123e-01
7.228835139692970646e-01
7.228835599429168646e-01
7.228835058640151745e-01
7.228836443968058578e-01
7.228835043128734039e-01
7.228835064678211797e-01
7.228841563143427740e-01
7.228827845855768652e-01
7.228823475705132839e-01
7.228815219153302829e-01
7.228821018386141217e-01
7.228810062860245855e-01
7.228811295090536992e-01
7.228805328264042984e-01
7.228806005943572144e-01
7.228802644976115577e-01
7.228803789349025344e-01
7.228801024747004700e-01
7.228800863619257999e-01
7.228801745418276248e-01
7.228809042528279161e-01
7.228791352902315115e-01
7.228790303761823965e-01
7.228791722892966565e-01
7.228790644016813705e-01
7.228791295340166734e-01
7.228788146963329719e-01
7.228788149640072991e-01
7.228788402334037633e-01
7.228788099785620203e-01
7.228791872892098569e-01
7.228788075386692880e-01
7.228788297012084252e-01
7.228788441914042462e-01
7.228789566810563949e-01
7.228789501247508964e-01
7.228790267608867781e-01
7.228795422286036221e-01
7.228783254057618013e-01
7.228783343204879808e-01
7.228776529693856645e-01
7.228783284911995954e-01
7.228776035048698478e-01
7.228780687110335501e-01
7.228776508850861537e-01
7.228778396590167521e-01
7.228778063342243820e-01
7.228772496836500805e-01
7.228763190307264663e-01
7.228763046463282382e-01
7.228761336726770015e-01
7.228751326526693388e-01
7.228742325751793540e-01
7.228740846854269098e-01
7.228740713954805441e-01
7.228741394318278779e-01
7.228741010043832071e-01
7.228740398306502390e-01
7.228739506559959116e-01
7.228739876069527615e-01
7.228739359941611653e-01
7.228735927811498208e-01
7.228742731513653208e-01
7.228736006533036385e-01
7.228724495964410357e-01
7.228723049173007009e-01
7.228722704935500731e-01
7.228720114606198566e-01
7.228720571430085062e-01
7.228725114409046970e-01
7.228728824522911989e-01
7.228715406191389414e-01
7.228708168504724974e-01
7.228699479693068142e-01
7.228697782807550487e-01
7.228700038442993359e-01
7.228698888884848017e-01
7.228697656324958309e-01
7.228697473521527028e-01
7.228698432851389244e-01
7.228695798437104747e-01
7.228695950322249208e-01
7.228695509684238685e-01
7.228695902431143683e-01
7.228701297747610610e-01
7.228692721616526429e-01
7.228685613531748988e-01
7.228684518408809989e-01
7.228684423744585752e-01
7.228683651550402711e-01
7.228683666716341216e-01
7.228686519412524936e-01
7.228682891971279778e-01
7.228691490322904922e-01
7.228681763898878732e-01
7.228683827876190016e-01
7.228683128295682048e-01
7.228681574628593731e-01
7.228681120681480499e-01
7.228680692411775244e-01
7.228682058734791083e-01
7.228672472846400243e-01
7.228675527811837531e-01
7.228672396516512277e-01
7.228672978250129111e-01
7.228672039196565313e-01
7.228675726604881779e-01
7.228670791663169837e-01
7.228662414429385397e-01
7.228662727067383109e-01
7.228662628966747716e-01
7.228662073847735847e-01
7.228662561937808650e-01
7.228661568689028760e-01
7.228662174917388494e-01
7.228660097879353597e-01
7.228660800129754760e-01
7.228660237362531937e-01
7.228660293271640391e-01
7.228659845291740549e-01
7.228659061448355905e-01
7.228665406173016006e-01
7.228656430547669709e-01
7.228648314721337620e-01
7.228650073855084068e-01
7.228648518103105713e-01
7.228650896352353250e-01
7.228648385573068769e-01
7.228654656564434955e-01
7.228647230227585041e-01
7.228639551264892660e-01
7.228638387072072735e-01
7.228638248242377218e-01
7.228637810558973253e-01
7.228637942454118059e-01
7.228637275003854112e-01
7.228637242573620059e-01
7.228636450695562488e-01
7.228637173656599080e-01
7.228636048350095544e-01
7.228635930981609503e-01
7.228636845728202420e-01
7.228634143236465359e-01
7.228641697773222630e-01
7.228635051241815157e-01
7.228625841060486445e-01
7.228627382006268531e-01
7.228626147337111618e-01
7.228625457748586447e-01
7.228625725138322355e-01
7.228640584788463830e-01
7.228624131827822152e-01
7.228614564489379557e-01
7.228616070192843690e-01
7.228614577082456139e-01
7.228615782844620696e-01
7.228614160549542422e-01
7.228615584422792839e-01
7.228614012563809865e-01
7.228614644966899760e-01
7.228613867943323168e-01
7.228613900022211602e-01
7.228613850957673614e-01
7.228613818417427561e-01
7.228613784536201958e-01
7.228613683655105149e-01
7.228622338783959878e-01
7.228601590324973403e-01
7.228591218499861304e-01
7.228582637047495929e-01
7.228574798188386330e-01
7.228570679821432199e-01
7.228566119441310889e-01
7.228562434977605644e-01
7.228557284597332266e-01
7.228554730639373815e-01
7.228556309875033836e-01
7.228549885408865894e-01
7.228544472387931075e-01
7.228542716580629302e-01
7.228542410307869925e-01
7.228543041548350923e-01
7.228542197325109608e-01
7.228542314744070829e-01
7.228542601057327266e-01
7.228543808515665026e-01
7.228542513713330786e-01
7.228540619994069383e-01
7.228544310584452681e-01
7.228534839578278914e-01
7.228533104348006111e-01
7.228533117741032799e-01
7.228532991552197862e-01
7.228536220943786450e-01
7.228533367176291913e-01
7.228533037958778662e-01
7.228531606169789070e-01
7.228531406382840974e-01
7.228536247180858965e-01
7.228529817862240359e-01
7.228522017638475683e-01
7.228521769788907037e-01
7.228524428019607040e-01
7.228518480143367730e-01
7.228519119454703823e-01
7.228519026576317730e-01
7.228518384156389365e-01
7.228516113774032803e-01
7.228516018208843708e-01
7.228513948785407761e-01
7.228512589319833204e-01
7.228512474571959778e-01
7.228509287150830520e-01
7.228501666030761053e-01
7.228500786491519614e-01
7.228500505621013872e-01
7.228502213972790580e-01
7.228500529389324525e-01
7.228499898099347565e-01
7.228500111989584198e-01
7.228496618190147771e-01
7.228491778631278564e-01
7.228488164517730130e-01
7.228488839632101204e-01
7.228488913293164009e-01
7.228486594338981996e-01
7.228487056196553073e-01
7.228486367401802948e-01
7.228485977194184509e-01
7.228490042697919282e-01
7.228486453810072376e-01
7.228482555092303752e-01
7.228482138105098986e-01
7.228478698529066104e-01
7.228476777229128070e-01
7.228475859563592287e-01
7.228477534654840220e-01
7.228476092483993032e-01
7.228475727904198900e-01
7.228476677357806857e-01
7.228475229675493940e-01
7.228475538110880061e-01
7.228475304120713929e-01
7.228476742981501113e-01
7.228478491609098278e-01
7.228477082047661817e-01
7.228471467287451713e-01
7.228464041065111312e-01
7.228461571252764450e-01
7.228460191047955119e-01
7.228459012669530281e-01
7.228459224728461807e-01
7.228453268440609980e-01
7.228453322367169864e-01
7.228454625088185370e-01
7.228447316178476800e-01
7.228449127796841012e-01
7.228447819268420949e-01
7.228438938348877851e-01
7.228435590729777038e-01
7.228433570865997471e-01
7.228433622275608483e-01
7.228434281475772938e-01
7.228438695332654040e-01
7.228434087820709841e-01
7.228435132428299159e-01
7.228436944740475045e-01
7.228427080961825624e-01
7.228423257564244864e-01
7.228422018619149458e-01
7.228421873455973534e-01
7.228421011066016311e-01
7.228421390138088931e-01
7.228420886243649424e-01
7.228420975349306721e-01
7.228420988163130056e-01
7.228421397678060911e-01
7.228423653419225881e-01
7.228420371302772818e-01
7.228423280759298519e-01
7.228419299718096269e-01
7.228416261089587458e-01
7.228415045977205633e-01
7.228415628775464175e-01
7.228412612452161934e-01
7.228415466516298071e-01
7.228412527393242026e-01
7.228418114747846568e-01
7.228413618048314948e-01
7.228413483694953179e-01
7.228412619341293421e-01
7.228413282378799432e-01
7.228411295303002193e-01
7.228410410056268498e-01
7.228410641705869111e-01
7.228406257756826436e-01
7.228405527528032337e-01
7.228406200072553522e-01
7.228404624690847324e-01
7.228404818460069103e-01
7.228413901541870246e-01
7.228403632554022407e-01
7.228403759392735273e-01
7.228406479514333238e-01
7.228396981615307082e-01
7.228396187792461847e-01
7.228396567507969772e-01
7.228396307255475772e-01
7.228395899747319664e-01
7.228393945739067794e-01
7.228394084255961305e-01
7.228394467907984788e-01
7.228393894554452359e-01
7.228394652402349019e-01
7.228394687611862102e-01
7.228417920724998780e-01
7.228393857120318788e-01
7.228386763348846333e-01
7.228390530396735514e-01
7.228387401138549606e-01
7.228388701948558204e-01
7.228386649105305040e-01
7.228388183379920173e-01
7.228386774105779455e-01
7.228397439720987139e-01
7.228379695880714495e-01
7.228375920154359591e-01
7.228372770367366140e-01
7.228370098978611491e-01
7.228370115525545314e-01
7.228370586963980271e-01
7.228370109646751196e-01
7.228370223843354481e-01
7.228370983091508828e-01
7.228372798894417972e-01
7.228370248450664004e-01
7.228367714160780499e-01
7.228368194616106024e-01
7.228375624334529848e-01
7.228366898256135542e-01
7.228362900401960056e-01
7.228362937216767925e-01
7.228363431519658766e-01
7.228363047506898287e-01
7.228365867235766462e-01
7.228363698603281762e-01
7.228366349355563880e-01
7.228363029492647085e-01
7.228367357475649069e-01
7.228363696369235480e-01
7.228362737230312751e-01
7.228363732481896120e-01
7.228362594044703826e-01
7.228363819145192659e-01
7.228362226040745409e-01
7.228358721664467357e-01
7.228356454862880920e-01
7.228356319231421523e-01
7.228356081397286914e-01
7.228354112227806105e-01
7.228353876767238395e-01
7.228353675416996360e-01
7.228353607172595119e-01
7.228354552005237244e-01
7.228357984210098675e-01
7.228352736837877490e-01
7.228348408642183420e-01
7.228347288863573583e-01
7.228347526664647971e-01
7.228346366641954512e-01
7.228346434652278552e-01
7.228346762454820329e-01
7.228346569127110932e-01
7.228346302701122994e-01
7.228346271477834595e-01
7.228347591720089005e-01
7.228345024293235666e-01
7.228345226421932779e-01
7.228345097283467302e-01
7.228345903194204336e-01
7.228345027636939868e-01
7.228341894658510958e-01
7.228341102004274266e-01
7.228341144348482405e-01
7.228340588532964350e-01
7.228340630756110441e-01
7.228341666314382907e-01
7.228340563190945867e-01
7.228341188862761335e-01
7.228342188040713934e-01
7.228340052631286872e-01
7.228339101149372503e-01
7.228335813732056359e-01
7.228335413952796662e-01
7.228335394931844071e-01
7.228336010991481819e-01
7.228335589863932320e-01
7.228335410386130810e-01
7.228335417027489385e-01
7.228335528347733518e-01
7.228335391670575039e-01
7.228336157077739355e-01
7.228334053899876377e-01
7.228331678465403920e-01
7.228330970753178430e-01
7.228330955657907841e-01
7.228329602612315608e-01
7.228329393803271108e-01
7.228329502961586828e-01
7.228328937366843565e-01
7.228328933275599555e-01
7.228328738816586219e-01
7.228328169751454535e-01
7.228329805952785625e-01
7.228329934513462174e-01
7.228326561006999107e-01
7.228324218205419704e-01
7.228323843514024016e-01
7.228323936176819231e-01
7.228324093363398539e-01
7.228323859010974406e-01
7.228323669223705172e-01
7.228323568800509857e-01
7.228324722471872743e-01
7.228323377800975891e-01
7.228324016003238039e-01
7.228323343221074726e-01
7.228326372805581324e-01
7.228323500082326492e-01
7.228319940549960965e-01
7.228318458894038567e-01
7.228317980473042415e-01
7.228317981401203296e-01
7.228317582711335509e-01
7.228317557994270448e-01
7.228317701283850649e-01
7.228316593586507910e-01
7.228318732962106807e-01
7.228317413731274454e-01
7.228314578254491085e-01
7.228311922853005722e-01
7.228311554658823912e-01
7.228311554533325411e-01
7.228311833826954746e-01
7.228311566416292244e-01
7.228311524053895321e-01
7.228311539615177583e-01
7.228311561024974852e-01
7.228311536433884577e-01
7.228313810693001162e-01
7.228311165373757508e-01
7.228312888226127164e-01
7.228311163436591524e-01
7.228307867272301124e-01
7.228307919502154899e-01
7.228308704817967278e-01
7.228307393096486955e-01
7.228307325214129442e-01
7.228306382871823033e-01
7.228305774217183011e-01
7.228307661525305017e-01
7.228304957006409515e-01
7.228302142892296667e-01
7.228301505127043836e-01
7.228301919426302069e-01
7.228301170060880132e-01
7.228301147233423540e-01
7.228301139019792654e-01
7.228301139968839051e-01
7.228301169766465639e-01
7.228301153985757788e-01
7.228301139054638114e-01
7.228301104736406524e-01
7.228301988079307572e-01
7.228301219260464539e-01
7.228302195762127402e-01
7.228300977896731094e-01
7.228301401542905902e-01
7.228302876674688182e-01
7.228297412716653270e-01
7.228296517062658966e-01
7.228296280346010461e-01
7.228298087353020041e-01
7.228295641123972937e-01
7.228294975987230586e-01
7.228294886750596948e-01
7.228293361545516937e-01
7.228293626135601224e-01
7.228292631427857273e-01
7.228292510505623936e-01
7.228292518118767385e-01
7.228292444259393212e-01
7.228292528602676681e-01
7.228292447937201270e-01
7.228292520640511309e-01
7.228292459847969198e-01
7.228292577489376924e-01
7.228292458668429399e-01
7.228292426954702199e-01
7.228295606713197596e-01
7.228287993003397194e-01
7.228284957856525583e-01
7.228282462435500211e-01
7.228282260058708220e-01
7.228282303993642799e-01
7.228281951522216309e-01
7.228282038095684703e-01
7.228282680950746109e-01
7.228282034023627567e-01
7.228283649484846807e-01
7.228281132000747844e-01
7.228284171043160011e-01
7.228281072252723538e-01
7.228280289436564976e-01
7.228280174370332878e-01
7.228279323404389611e-01
7.228279129388703872e-01
7.228277778048033397e-01
7.228277817536341576e-01
7.228276749493736109e-01
7.228275969842891113e-01
7.228277110766464508e-01
7.228275814374195418e-01
7.228277037568966445e-01
7.228275743308696377e-01
7.228274050631153802e-01
7.228273791314342445e-01
7.228273402046894169e-01
7.228273765194388467e-01
7.228273462823346929e-01
7.228273664758537720e-01
7.228273736652585102e-01
7.228273648399018425e-01
7.228273482500134905e-01
7.228273720484045262e-01
7.228273414789314621e-01
7.228273770775993645e-01
7.228273362495842846e-01
7.228274742004840991e-01
7.228275809877582336e-01
7.228269707520623699e-01
7.228269454038248609e-01
7.228269404176826951e-01
7.228269848865928049e-01
7.228269366469246560e-01
7.228271371967467385e-01
7.228268398364894320e-01
7.228267147472804410e-01
7.228267411762077099e-01
7.228265409765496363e-01
7.228265212903980386e-01
7.228266988564282514e-01
7.228264123132955854e-01
7.228264250864899765e-01
7.228263274478119449e-01
7.228263102014717001e-01
7.228262398079374762e-01
7.228262430700312935e-01
7.228262099262822149e-01
7.228262107758295363e-01
7.228263675122197363e-01
7.228260634705441223e-01
7.228258250004137020e-01
7.228257879940076513e-01
7.228257830029410913e-01
7.228257429272261225e-01
7.228257448112821448e-01
7.228257845674819215e-01
7.228257464024395729e-01
7.228257631485199841e-01
7.228257210150165202e-01
7.228259828040497492e-01
7.228257140715212969e-01
7.228257253318840503e-01
7.228257034359232280e-01
7.228257836817078008e-01
7.228258502549214093e-01
7.228253476769468389e-01
7.228252725090319464e-01
7.228252682688441899e-01
7.228253644493501939e-01
7.228252381527064951e-01
7.228253407347657866e-01
7.228251621418582129e-01
7.228248762771501967e-01
7.228248195428250700e-01
7.228248110345770749e-01
7.228247510086176497e-01
7.228247615403431414e-01
7.228247503752269765e-01
7.228247501656287488e-01
7.228247313011207931e-01
7.228247215810726933e-01
7.228246666848774371e-01
7.228246822322115239e-01
7.228247019496355508e-01
7.228246720133435499e-01
7.228247735388303452e-01
7.228249478900560243e-01
7.228244208776545277e-01
7.228241370421584211e-01
7.228240834236533408e-01
7.228240750246505142e-01
7.228240954644672422e-01
7.228240479565954946e-01
7.228241096972347624e-01
7.228240232615328331e-01
7.228237996211632765e-01
7.228237934282181198e-01
7.228238724776933077e-01
7.228238245438963760e-01
7.228236165428709725e-01
7.228235915057374950e-01
7.228235847626743871e-01
7.228234962948503206e-01
7.228234839716384252e-01
7.228234287576573713e-01
7.228234199153535933e-01
7.228234490639382503e-01
7.228234209107738950e-01
7.228233756903094109e-01
7.228235856569747986e-01
7.228230528997565685e-01
7.228228191010940273e-01
7.228229088188352636e-01
7.228227511245778336e-01
7.228224319623697269e-01
7.228223509229819710e-01
7.228223526056364312e-01
7.228223304489956869e-01
7.228222846280075720e-01
7.228223237408309965e-01
7.228222730614560776e-01
7.228223706855270159e-01
7.228223080143824086e-01
7.228224981808374361e-01
7.228222194213105301e-01
7.228220796385564917e-01
7.228220430732451574e-01
7.228221578980041917e-01
7.228220373709511870e-01
7.228219993660571774e-01
7.228218797958156916e-01
7.228217195293845654e-01
7.228217029314820685e-01
7.228216667176527999e-01
7.228216471238326779e-01
7.228217920488044790e-01
7.228216793402131302e-01
7.228216678111499816e-01
7.228214615689100286e-01
7.228212225174289740e-01
7.228211688895045395e-01
7.228211441482406130e-01
7.228209611192289996e-01
7.228209057814080074e-01
7.228208960273957429e-01
7.228208262140599638e-01
7.228208194270780984e-01
7.228208966505004218e-01
7.228208194655347807e-01
7.228209187175237416e-01
7.228208081213436387e-01
7.228209186289580312e-01
7.228207575701182108e-01
7.228209845167457015e-01
7.228206188096534257e-01
7.228203801392204531e-01
7.228202630221178815e-01
7.228202749632257618e-01
7.228203344387811313e-01
7.228202605157159066e-01
7.228202726358793351e-01
7.228202699270838139e-01
7.228202825050115132e-01
7.228202633705244073e-01
7.228204103495665667e-01
7.228204583345766432e-01
7.228201067580114492e-01
7.228200563830016190e-01
7.228198148678967039e-01
7.228197480004315834e-01
7.228197515294746411e-01
7.228197903061285290e-01
7.228197499491155753e-01
7.228198165112903473e-01
7.228197249789106715e-01
7.228199150116707550e-01
7.228198688429647856e-01
7.228196323489629593e-01
7.228194903894676893e-01
7.228192537060489364e-01
7.228189958911990232e-01
7.228187832083843301e-01
7.228186075763189944e-01
7.228183116010435949e-01
7.228180034366432638e-01
7.228177390069918662e-01
7.228174669170382982e-01
7.228172659859919413e-01
7.228171302377495167e-01
7.228169971917417502e-01
7.228170018016004672e-01
7.228168686614837579e-01
7.228166999586601582e-01
7.228165333989576835e-01
7.228162716349944006e-01
7.228160711878013345e-01
7.228160566170216406e-01
7.228160643564769394e-01
7.228162211706304907e-01
7.228160547236931466e-01
7.228155290204186789e-01
7.228151404586364848e-01
7.228150447996605221e-01
7.228150654695421062e-01
7.228149815319311333e-01
7.228150022903493399e-01
7.228150338814000042e-01
7.228150003082208785e-01
7.228148832636529519e-01
7.228148620483184628e-01
7.228149208939955717e-01
7.228148873656076168e-01
7.228151704052948601e-01
7.228148486130935302e-01
7.228148975805652743e-01
7.228148400580852728e-01
7.228150355057506582e-01
7.228146642532990995e-01
7.228145614715616452e-01
7.228145660770389780e-01
7.228143448855375297e-01
7.228141774758810589e-01
7.228140001647884727e-01
7.228141635841346391e-01
7.228139260697009627e-01
7.228139642944504395e-01
7.228138380963508025e-01
7.228135578340257883e-01
7.228134730762446614e-01
7.228135193252713808e-01
7.228132542605675281e-01
7.228131084779357840e-01
7.228130510513093299e-01
7.228130501568421629e-01
7.228130245406892973e-01
7.228130039157308895e-01
7.228129669686294001e-01
7.228129741238531469e-01
7.228128853122262054e-01
7.228128809892980788e-01
7.228126539692166785e-01
7.228126708579565296e-01
7.228128143125945870e-01
7.228122862901086298e-01
7.228121454839749882e-01
7.228121546716766987e-01
7.228121340472027923e-01
7.228121290777764774e-01
7.228123774491261866e-01
7.228120957892985032e-01
7.228121537682815623e-01
7.228120929514797455e-01
7.228123989175083697e-01
7.228120721182086372e-01
7.228117682292153345e-01
7.228117057822368574e-01
7.228116185904323032e-01
7.228115323849537699e-01
7.228115009503465194e-01
7.228114715883484642e-01
7.228114579741781176e-01
7.228114427323301117e-01
7.228114797706597372e-01
7.228116376507175422e-01
7.228116233091095300e-01
7.228111609653298242e-01
7.228109710773198415e-01
7.228109751538456251e-01
7.228109640642281786e-01
7.228109299595845139e-01
7.228109428974636153e-01
7.228109068568776552e-01
7.228109015394028614e-01
7.228108964887324239e-01
7.228108869907147183e-01
7.228110236894726981e-01
7.228108508179007519e-01
7.228109784212909394e-01
7.228108752284508887e-01
7.228108995622852806e-01
7.228108044057692805e-01
7.228104998183246810e-01
7.228104363371791186e-01
7.228104378961495158e-01
7.228103765250463164e-01
7.228103442267321821e-01
7.228105846488170894e-01
7.228103896289800323e-01
7.228100342091476893e-01
7.228098775274198751e-01
7.228098497114354704e-01
7.228098437906158580e-01
7.228098601583669014e-01
7.228098300879234328e-01
7.228098094234306492e-01
7.228098159440450310e-01
7.228097965397995983e-01
7.228097977783765060e-01
7.228097945421365633e-01
7.228097970684527196e-01
7.228098124971628069e-01
7.228096060972356574e-01
7.228094976639867220e-01
7.228090679560681409e-01
7.228089508178766609e-01
7.228089691865019484e-01
7.228088655949834740e-01
7.228088514111525864e-01
7.228088675847128552e-01
7.228088365916799374e-01
7.228089187349853173e-01
7.228088099001885869e-01
7.228086847191287356e-01
7.228086877281605371e-01
7.228085745255448114e-01
7.228085627953902970e-01
7.228086214079121330e-01
7.228085634216069311e-01
7.228085458145079301e-01
7.228085487486863858e-01
7.228085461601151396e-01
7.228085358577267527e-01
7.228085109866445590e-01
7.228084676427050104e-01
7.228086017896655502e-01
7.228084462602202276e-01
7.228082965889259803e-01
7.228083906223415900e-01
7.228085214060671060e-01
7.228080465923335529e-01
7.228080104974370368e-01
7.228080000226138058e-01
7.228080208083947911e-01
7.228079974549528330e-01
7.228080982787240538e-01
7.228079942417479087e-01
7.228079624388994429e-01
7.228079645219827043e-01
7.228076663039545435e-01
7.228076081085784699e-01
7.228076094016098185e-01
7.228076810540814412e-01
7.228076344815660415e-01
7.228075249746238606e-01
7.228075137531079219e-01
7.228074679014286907e-01
7.228074745328344486e-01
7.228074263419245193e-01
7.228073884390078252e-01
7.228073765338736134e-01
7.228075079130545921e-01
7.228070788109742795e-01
7.228068661636485315e-01
7.228068067070205771e-01
7.228069862371985232e-01
7.228066420067902342e-01
7.228066479954180501e-01
7.228066118225535686e-01
7.228066587816133204e-01
7.228065680502890888e-01
7.228065366846487816e-01
7.228066279748633916e-01
7.228065019294928062e-01
7.228063131026049026e-01
7.228063470230643439e-01
7.228064352923337932e-01
7.228062763227024456e-01
7.228065475651691552e-01
7.228062093608054184e-01
7.228059478494112122e-01
7.228059997639488810e-01
7.228060397503680568e-01
7.228058121826728133e-01
7.228057037603172752e-01
7.228055118289817838e-01
7.228055004383041604e-01
7.228055006388484083e-01
7.228056523068417949e-01
7.228055027940178956e-01
7.228054643752874764e-01
7.228056995947180763e-01
7.228056401413194276e-01
7.228054613186765121e-01
7.228050853092740091e-01
7.228049517177238537e-01
7.228048522322065850e-01
7.228048509981084280e-01
7.228048311684186489e-01
7.228048318474625811e-01
7.228049044219423402e-01
7.228048261445615408e-01
7.228049319426349539e-01
7.228047049534553903e-01
7.228050998020884021e-01
7.228048136364032539e-01
7.228044885427050703e-01
7.228043341750010065e-01
7.228043239128408848e-01
7.228042265887930640e-01
7.228042265217774487e-01
7.228043274847619770e-01
7.228042288981086916e-01
7.228043717259089451e-01
7.228041904599147305e-01
7.228043912344329636e-01
7.228043379439057503e-01
7.228039985935422740e-01
7.228038026278535977e-01
7.228037997282671379e-01
7.228036693570791815e-01
7.228036867357908735e-01
7.228036920956921740e-01
7.228036676856207654e-01
7.228037549763948189e-01
7.228036509636371898e-01
7.228037643897796682e-01
7.228036443328723637e-01
7.228038037846674646e-01
7.228038500950089151e-01
7.228035199434857949e-01
7.228035320721309942e-01
7.228032408891678084e-01
7.228031517785916682e-01
7.228032262539286767e-01
7.228031492887156961e-01
7.228031433214190393e-01
7.228031396364661409e-01
7.228032339948715634e-01
7.228030768051502131e-01
7.228033933225999075e-01
7.228029867728701374e-01
7.228027567228521022e-01
7.228028042349043947e-01
7.228026025262979104e-01
7.228026013582454778e-01
7.228026384470049859e-01
7.228026010383510336e-01
7.228025493596897944e-01
7.228025365687449355e-01
7.228024420656576909e-01
7.228024415425622351e-01
7.228024716532603922e-01
7.228024510777755207e-01
7.228029816693710696e-01
7.228024428340026342e-01
7.228021465362974851e-01
7.228019871921047557e-01
7.228019851303337795e-01
7.228019820886326663e-01
7.228019789140692763e-01
7.228020346840174915e-01
7.228019844189829124e-01
7.228021542303663116e-01
7.228021952535771399e-01
7.228020493763079868e-01
7.228019584069439452e-01
7.228016088767179603e-01
7.228015089964263673e-01
7.228015103945573117e-01
7.228014895664429673e-01
7.228015012825190766e-01
7.228015003514889347e-01
7.228014930296590146e-01
7.228014864228727854e-01
7.228014826941969728e-01
7.228015680244865848e-01
7.228016840756058548e-01
7.228012865932261777e-01
7.228009737153814340e-01
7.228009005194581116e-01
7.228009328686292312e-01
7.228007346718597903e-01
7.228007352531568008e-01
7.228007622521470665e-01
7.228007303515683324e-01
7.228007328983134805e-01
7.228007102131800421e-01
7.228008525933264927e-01
7.228007145856409910e-01
7.228004411343330604e-01
7.228003856626055157e-01
7.228003872876118674e-01
7.228003828945723797e-01
7.228003905954227815e-01
7.228003483041783861e-01
7.228003541589456127e-01
7.228003449601709818e-01
7.228003368360307324e-01
7.228003663560622627e-01
7.228002576071203000e-01
7.227999282715418250e-01
7.227998653433109766e-01
7.227999449142753496e-01
7.227997761702139590e-01
7.227995796425354946e-01
7.227994806207849177e-01
7.227994900861256511e-01
7.227993905389507034e-01
7.227993943885570038e-01
7.227993747547596382e-01
7.227992296913429149e-01
7.227991463061164135e-01
7.227989952374341831e-01
7.227989250014195122e-01
7.227989824950534770e-01
7.227987644254673105e-01
7.227987299450335801e-01
7.227987081751663379e-01
7.227987121747849741e-01
7.227986959402189493e-01
7.227987016824034550e-01
7.227987136783349253e-01
7.227987066912885394e-01
7.227986860893447219e-01
7.227986624118537540e-01
7.227987856120783317e-01
7.227986372637704715e-01
7.227983442578975737e-01
7.227982725169267431e-01
7.227982618257962066e-01
7.227982867745447182e-01
7.227983784691727198e-01
7.227981586866163433e-01
7.227981327617788443e-01
7.227981069101556688e-01
7.227983963879416329e-01
7.227981043278656204e-01
7.227983014960884800e-01
7.227980798009575603e-01
7.227977330984818316e-01
7.227976683561848636e-01
7.227976047969791873e-01
7.227975233973807923e-01
7.227975002613742372e-01
7.227974537853452119e-01
7.227974712353807396e-01
7.227974412643833890e-01
7.227974316803235100e-01
7.227974669298602439e-01
7.227974220960093898e-01
7.227975223113631831e-01
7.227974091289657288e-01
7.227971500984308184e-01
7.227972553150043833e-01
7.227970897202697920e-01
7.227969918054872878e-01
7.227970065903104313e-01
7.227969971084968748e-01
7.227969795692652522e-01
7.227969697825136208e-01
7.227970215426897660e-01
7.227969616053799840e-01
7.227970738779629922e-01
7.227969541557550670e-01
7.227970944649334539e-01
7.227969616245800699e-01
7.227970172338201715e-01
7.227970588045404821e-01
7.227966539907563215e-01
7.227966235945799678e-01
7.227966315551448417e-01
7.227965976791163039e-01
7.227966053035770333e-01
7.227966730763965009e-01
7.227965977765838934e-01
7.227967642900149370e-01
7.227965660219564104e-01
7.227963161631565381e-01
7.227963158150301215e-01
7.227962525184468134e-01
7.227962561060158331e-01
7.227962442001665266e-01
7.227962410909315460e-01
7.227962705739136018e-01
7.227962455105834128e-01
7.227963270259855078e-01
7.227962388016558881e-01
7.227963181265679715e-01
7.227962058224094433e-01
7.227965191695064906e-01
7.227961699685787611e-01
7.227959639135387304e-01
7.227956856765699323e-01
7.227957018684305623e-01
7.227956850227795771e-01
7.227957184886621977e-01
7.227956815380420785e-01
7.227959649126834973e-01
7.227956747843168328e-01
7.227954275221962765e-01
7.227953406397246150e-01
7.227953648765961248e-01
7.227954374624255829e-01
7.227953023557545098e-01
7.227952317825446782e-01
7.227952216427243615e-01
7.227951630479194645e-01
7.227951643017281880e-01
7.227951501115909005e-01
7.227951513513035664e-01
7.227951201439237749e-01
7.227950568122898378e-01
7.227953695121938082e-01
7.227950518937020785e-01
7.227946980400277166e-01
7.227947190318142479e-01
7.227947183218501603e-01
7.227946961142649451e-01
7.227947038849455996e-01
7.227947048282026277e-01
7.227946905643284348e-01
7.227947489668871128e-01
7.227946888702004857e-01
7.227947413556543577e-01
7.227946851246228599e-01
7.227947094295087416e-01
7.227946903809370216e-01
7.227947425765857137e-01
7.227946736409022188e-01
7.227943455624030733e-01
7.227942446702522172e-01
7.227942463438273846e-01
7.227941958206758333e-01
7.227941920509084461e-01
7.227939374949233775e-01
7.227938518646863653e-01
7.227937830650291717e-01
7.227937433546335333e-01
7.227937765368953604e-01
7.227932936583190138e-01
7.227931782000873717e-01
7.227931490601104958e-01
7.227928913201686623e-01
7.227928450399354610e-01
7.227928421757033872e-01
7.227929207981164117e-01
7.227928543244596105e-01
7.227928159254067841e-01
7.227928217255721322e-01
7.227927932647967291e-01
7.227927948756730503e-01
7.227926001265805311e-01
7.227926594240638991e-01
7.227926310072705363e-01
7.227925778761516984e-01
7.227925894015849728e-01
7.227930092952947749e-01
7.227926149568785208e-01
7.227925598941078444e-01
7.227924991699923307e-01
7.227921622863653361e-01
7.227920307228482555e-01
7.227919980342155659e-01
7.227922226220467872e-01
7.227917264358210137e-01
7.227914190416792062e-01
7.227913321075742914e-01
7.227913374999228591e-01
7.227913100584704154e-01
7.227913067147362369e-01
7.227912814293485644e-01
7.227912701171969045e-01
7.227912544657358884e-01
7.227912525728809046e-01
7.227912006089302066e-01
7.227912300710086502e-01
7.227912120377899541e-01
7.227911992884252790e-01
7.227912014936564988e-01
7.227912016804901585e-01
7.227912135825425022e-01
7.227914570117218718e-01
7.227908190303463654e-01
7.227907813045905128e-01
7.227907860229465520e-01
7.227908073515770804e-01
7.227907606207667479e-01
7.227910695966324184e-01
7.227907444685287564e-01
7.227904564321799841e-01
7.227904908522919669e-01
7.227904652784991058e-01
7.227903957970089888e-01
7.227904007486966043e-01
7.227903993043705011e-01
7.227904148725605715e-01
7.227905518804056406e-01
7.227904073474137325e-01
7.227903566356557175e-01
7.227903889533920934e-01
7.227903101234401939e-01
7.227903096405356997e-01
7.227905451128255887e-01
7.227902013636283707e-01
7.227899653532394719e-01
7.227899918826741210e-01
7.227899786374829549e-01
7.227899844885633529e-01
7.227899759284559522e-01
7.227900860904744595e-01
7.227899829936539344e-01
7.227901054506756795e-01
7.227899721404617006e-01
7.227900094506226614e-01
7.227899746615753518e-01
7.227900207456317005e-01
7.227899728033149174e-01
7.227900451504818413e-01
7.227899881003663207e-01
7.227899676326817735e-01
7.227899814113499799e-01
7.227899169106734023e-01
7.227897541305653428e-01
7.227896922627253806e-01
7.227896583687105636e-01
7.227897465913746267e-01
7.227895197398451765e-01
7.227894622450621309e-01
7.227893153162631146e-01
7.227892631112992072e-01
7.227892660918397993e-01
7.227892020134539797e-01
7.227891967486589353e-01
7.227891576294351861e-01
7.227891578670264661e-01
7.227891132191323065e-01
7.227891124295366954e-01
7.227891060005769974e-01
7.227891073433357905e-01
7.227890923754963781e-01
7.227890923878376173e-01
7.227890929472859938e-01
7.227890776086660640e-01
7.227890106914259816e-01
7.227888375489370798e-01
7.227886900598294861e-01
7.227885857227388522e-01
7.227885081065151818e-01
7.227883447815207640e-01
7.227881761400001270e-01
7.227880144851671629e-01
7.227878468068451578e-01
7.227876798824099946e-01
7.227875355727069184e-01
7.227873962136348585e-01
7.227872906835473010e-01
7.227872334655472963e-01
7.227872128935384222e-01
7.227872135991644242e-01
7.227871814779494031e-01
7.227871832102693572e-01
7.227871799164586886e-01
7.227871781323320644e-01
7.227871940286666463e-01
7.227872043709435701e-01
7.227870962939031418e-01
7.227870588588078959e-01
7.227870590517814220e-01
7.227870218123166879e-01
7.227870811734723455e-01
7.227868277624723836e-01
7.227866188240122947e-01
7.227864708305036245e-01
7.227864152561472855e-01
7.227865171913904208e-01
7.227863924963718878e-01
7.227863822923185078e-01
7.227863788788364552e-01
7.227864408795796614e-01
7.227863799807041634e-01
7.227863252378567971e-01
7.227863299660436391e-01
7.227863977576542975e-01
7.227862992178352153e-01
7.227862573436888427e-01
7.227862585364293047e-01
7.227862570058428693e-01
7.227862579787436292e-01
7.227862552707761123e-01
7.227862686419029847e-01
7.227861600206442194e-01
7.227859768152999909e-01
7.227858464384600001e-01
7.227856886647927581e-01
7.227856572774856714e-01
7.227856540281601960e-01
7.227855103200765408e-01
7.227853879510766077e-01
7.227853310396863407e-01
7.227853377127120282e-01
7.227853287642349578e-01
7.227853309668108572e-01
7.227852450734035816e-01
7.227852193449533225e-01
7.227852192156570821e-01
7.227851319182170275e-01
7.227850885366683409e-01
7.227850853658942532e-01
7.227849958611070047e-01
7.227848309132366422e-01
7.227846661358392488e-01
7.227845121906337766e-01
7.227843452284057335e-01
7.227841787194212442e-01
7.227840163208869573e-01
7.227838483749703391e-01
7.227836835655726544e-01
7.227835120397918534e-01
7.227833427107001052e-01
7.227831898803084298e-01
7.227830209443452114e-01
7.227828511379460474e-01
7.227826808953184967e-01
7.227825162549735838e-01
7.227823486221915950e-01
7.227821829176319657e-01
7.227820250193450757e-01
7.227818513342407769e-01
7.227816779787253898e-01
7.227815048918018181e-01
7.227813320333380531e-01
7.227811594175932441e-01
7.227809872810413427e-01
7.227808315396205829e-01
7.227807121402690660e-01
7.227805144103515156e-01
7.227803532223611160e-01
7.227802495609045863e-01
7.227801295093235767e-01
