9.248065921371987352e-01
9.247828679663560036e-01
9.248421935434563146e-01
9.267205342565806303e-01
9.325735552481313473e-01
8.891678095200445942e-01
1.057452169321934310e+00
9.247442397977084783e-01
9.149944502640487975e-01
8.891446708040207092e-01
8.890923639937369227e-01
8.891045913122823663e-01
8.884218366815513912e-01
8.935045215095203108e-01
8.982664913015337982e-01
8.883774033554469041e-01
8.882472916482396785e-01
9.035904116498711947e-01
8.447005081517722225e-01
8.451014308570454769e-01
8.447004578972632238e-01
8.447001603095143363e-01
8.468300307680788341e-01
8.478580867459719617e-01
9.470342722898927867e-01
8.459028697089107096e-01
8.529130253351505653e-01
8.454271041306216095e-01
8.447001603095142253e-01
8.447001603095142253e-01
8.447001630208348377e-01
8.453084668721243533e-01
1.039001476146693692e+00
8.418208721276886353e-01
8.418208721276889683e-01
8.415885267265453829e-01
8.958098943273571368e-01
8.401102436893959080e-01
8.401102436893959080e-01
8.401102436893956860e-01
8.401102436893959080e-01
8.396436077278115473e-01
8.399865520511418104e-01
1.008769545025410164e+00
9.531105651248283905e-01
8.396436077278114363e-01
8.396436077278114363e-01
8.396436077278114363e-01
8.396436077278114363e-01
8.396436077278114363e-01
8.405001820768172038e-01
9.464987678466650900e-01
8.396436077278114363e-01
8.396436077278114363e-01
8.396436077278114363e-01
8.744407350698806258e-01
8.396436077278114363e-01
8.396436077278115473e-01
8.121870196205085435e-01
8.163243635597174919e-01
8.892468706408617196e-01
8.099036018339961229e-01
8.059396595031914634e-01
8.060854073520382634e-01
8.750961282701410493e-01
8.059382300765747242e-01
8.351338754679973331e-01
8.057734954442901110e-01
8.399862615469141369e-01
8.059146953208546904e-01
8.185911699622747673e-01
8.046528628762741331e-01
7.960857479183325314e-01
7.958244533879873517e-01
7.706284950245224641e-01
7.711082824285326875e-01
7.599684065753626871e-01
7.595890377571391516e-01
8.297906635581446810e-01
7.594239351278283534e-01
8.009548352265950522e-01
7.611260942152625608e-01
8.121122562516434051e-01
7.582989905724494273e-01
8.391127006251172249e-01
7.599397778074318266e-01
7.887555078612080717e-01
8.225979890282366647e-01
8.384554695408859004e-01
7.607451093964670008e-01
7.874099950938419079e-01
7.585182516711552747e-01
8.086567853605195477e-01
7.589039587969933498e-01
8.030923897266971645e-01
7.578463840571679766e-01
7.301354150628759365e-01
7.301354150628759365e-01
7.326394569957941361e-01
7.301354150628759365e-01
7.294671325342472201e-01
7.294671325342468871e-01
7.306992093316273529e-01
7.277802321758335413e-01
7.541540102010830804e-01
7.277802321758335413e-01
7.247658705671339296e-01
7.247658705671341517e-01
7.268986248507677272e-01
7.253683056755462211e-01
7.280862946831473392e-01
7.247658705671339296e-01
7.288956869937898153e-01
7.247658705671338186e-01
7.310136705509625576e-01
7.247658705671338186e-01
7.360033713707191394e-01
7.247658705671339296e-01
7.547172418137700900e-01
7.298778209998888489e-01
7.763101574485404832e-01
7.247475720011462563e-01
7.081688308856787240e-01
7.211536268197079602e-01
6.962201309526706572e-01
6.952344242898567117e-01
6.970877966569677398e-01
6.968956647685039529e-01
6.967117152056153673e-01
6.955046316782672600e-01
7.100955690893723249e-01
6.941662980307762298e-01
7.398344144834188008e-01
6.955051401158107716e-01
7.181808325291509920e-01
7.396583780220451487e-01
6.971974905915261367e-01
7.286415095999883018e-01
6.978200791896901345e-01
7.857024467885116437e-01
6.585710953640405707e-01
6.667687454476770581e-01
7.009034325041891833e-01
6.598755945223124808e-01
7.466907098046746682e-01
6.607883521451307640e-01
6.788598677015907912e-01
6.577325847133733694e-01
7.235390436033605210e-01
6.578371701413552319e-01
6.691761203630561816e-01
6.563336216356369102e-01
6.767619551225712016e-01
6.576264814804823056e-01
6.691012690139986896e-01
6.563399171854688019e-01
6.924922368600809897e-01
6.620749606604335868e-01
6.613553335459325666e-01
6.563336216356367991e-01
6.523813791059964728e-01
6.523813791059962508e-01
6.592305385290466724e-01
6.555278065199834359e-01
6.596227448702289831e-01
6.523813791059944744e-01
6.453712613790348884e-01
6.453712613790348884e-01
6.498285476706753272e-01
6.460756496988844244e-01
6.484828598682911283e-01
6.481348527912297319e-01
6.536043770857071777e-01
6.453712613790356656e-01
6.611530808735336384e-01
6.453712613790349995e-01
6.690446536573337877e-01
6.453712613790355546e-01
6.553030277020691630e-01
6.453712613790349995e-01
7.041696402977459801e-01
6.536742067688340319e-01
6.913853278064111541e-01
6.500449869030878736e-01
7.168673794682325351e-01
6.429784019662578842e-01
6.529212841760041464e-01
6.808549627629852941e-01
6.105681319760171144e-01
6.000272931656672748e-01
7.955530740974807724e-01
6.002641471074581236e-01
7.187893541451186863e-01
6.016766965076787432e-01
6.955641933718308412e-01
5.990022255497473580e-01
6.834515976238593193e-01
6.012202131539213790e-01
6.564753302976649163e-01
5.969392822190865422e-01
6.854460026433332187e-01
6.094137691506249510e-01
6.568590676131249584e-01
5.967812931769961304e-01
6.465936064430701791e-01
6.059707684184336696e-01
6.550208644789401458e-01
6.096418907104942386e-01
6.390070550763921053e-01
6.123981606081366769e-01
6.149522338573981672e-01
5.941921573746062890e-01
6.050360773515310875e-01
6.109402450996023193e-01
6.018073638358655275e-01
5.950391184818334400e-01
6.238119305907667833e-01
5.941391647655358543e-01
5.931943703326407746e-01
5.931943703326407746e-01
6.140220361175977581e-01
5.931943703326399975e-01
5.985054680064340049e-01
5.931943703326406636e-01
6.489368700851938510e-01
6.863174583439637377e-01
5.663857146554784894e-01
5.821796716187014331e-01
5.685342538726847472e-01
5.687086493851086777e-01
5.759826074162504028e-01
5.664553465732528048e-01
5.715161688739175405e-01
5.690777571284998393e-01
5.748745876653339471e-01
5.658858488644268325e-01
5.894306141813187017e-01
5.657066616520353142e-01
5.695036289647341654e-01
5.657066616520350921e-01
6.371675146187066874e-01
5.657066616520346480e-01
6.784011410569761313e-01
5.657066616520345370e-01
6.800671562735698394e-01
5.657066616520345370e-01
5.972144294876892134e-01
5.657066616520345370e-01
7.006832928929769277e-01
5.656538864929272492e-01
6.194409662983813014e-01
5.928303539029806668e-01
6.056844955378961615e-01
5.900749111177125972e-01
6.208539430622372901e-01
5.538135164593500637e-01
5.971442675993224869e-01
5.560303511908186724e-01
5.723417389587794890e-01
5.567045810544091200e-01
5.887410610827791269e-01
5.521346338858287295e-01
5.668946494430920913e-01
5.513832317353541956e-01
5.546266956039046514e-01
5.508566200660172107e-01
5.911735579932004825e-01
5.522738319223267078e-01
6.126390176635191365e-01
5.586871046237313898e-01
5.580246346136779056e-01
5.515760972529000217e-01
5.687390790466109181e-01
5.482527882326531099e-01
5.611403400698271593e-01
5.501513371115643869e-01
5.966706639322302275e-01
5.482250109053451448e-01
7.355465270951159207e-01
5.493653992555317389e-01
6.158883881967884832e-01
5.529871275600479752e-01
5.763783827190696041e-01
5.482250109053450338e-01
5.528317108904649002e-01
5.482250109053454779e-01
5.535987721470964074e-01
5.482250109053451448e-01
5.990589434826125714e-01
5.471649433809262497e-01
5.820937305767525105e-01
5.495147626657564954e-01
5.824298389330389014e-01
5.740979802828551914e-01
5.859008298859910147e-01
5.397623321846906075e-01
6.731406523779752682e-01
5.433676664068374240e-01
6.316674293792085004e-01
5.578492559207758328e-01
5.557426646047184393e-01
5.428827002902691934e-01
5.483989506201077946e-01
5.490730372497820699e-01
6.033856630913632113e-01
5.367007277918817154e-01
5.665377568089292604e-01
5.359237660390879787e-01
6.009079402643439094e-01
5.357699547064903589e-01
5.563100766684380138e-01
5.345127022162701191e-01
5.341809225061969757e-01
5.376445702799921289e-01
5.619242215332191925e-01
5.337309495486939337e-01
5.665645332374149579e-01
5.337309495486942668e-01
5.337093199858582437e-01
5.337093199858562453e-01
5.366037382041620729e-01
5.556171116583749070e-01
5.570350578004098496e-01
5.380249514681140210e-01
5.963361140206290267e-01
5.466948798052257974e-01
5.738414621225442769e-01
5.431477149299708262e-01
5.449688515612099993e-01
5.441479944689373571e-01
6.843743332635900956e-01
5.330618545824290511e-01
5.788153933552466768e-01
5.336257424341491751e-01
5.432664768439375846e-01
5.341614703804365982e-01
5.450530482866968729e-01
5.357120317812734678e-01
5.846047170421203587e-01
5.287302083550121656e-01
5.535403899083013446e-01
5.286544989469710298e-01
5.495061714723067370e-01
5.270110999334608470e-01
5.650129448328267134e-01
5.281830566422358597e-01
6.648214441189084223e-01
5.265096888115903262e-01
6.062097063638542949e-01
5.270548229826685915e-01
5.682674297941124886e-01
5.231130328613925462e-01
5.555047787089623101e-01
5.235338615429296905e-01
5.362009987663679533e-01
5.262595610639145827e-01
5.492695048623340570e-01
5.313234088721634496e-01
5.791544635588322665e-01
5.184310572247564641e-01
6.241357658786425011e-01
5.317761920290136057e-01
5.686195764571018163e-01
5.221310947495731991e-01
5.300670709707278050e-01
5.258501239183941411e-01
5.554118183053542435e-01
5.182056781078883123e-01
5.390105885235652039e-01
5.210047982041219328e-01
5.434832815306542830e-01
5.163103549235337209e-01
5.406224348964403514e-01
5.168345389034489923e-01
5.234936468547767285e-01
5.178194170939681706e-01
5.522681699035920655e-01
5.360901009325906852e-01
6.634416578712641899e-01
5.249743684770559193e-01
5.714468122427103225e-01
5.252735139470080528e-01
5.574755132970649063e-01
5.240249480626439915e-01
5.431113955392051773e-01
5.196628174997690586e-01
5.252916364595672238e-01
5.229322010979563506e-01
5.155038576314181498e-01
5.168310622741242311e-01
5.151366018909054878e-01
5.213673826544491519e-01
5.151366018909053768e-01
5.176260628963621491e-01
5.149223346353754005e-01
5.160708417785107027e-01
5.207101371657772981e-01
5.272364653672557688e-01
5.169909639575054339e-01
5.252862578254797743e-01
5.147412000436558666e-01
5.172820486445856014e-01
5.138088291863964763e-01
5.508327288094233554e-01
5.150179408642407974e-01
5.332059649511030619e-01
5.137901540274081302e-01
5.265898562255799664e-01
5.136773753724276359e-01
5.203415203761301289e-01
5.108398066255356307e-01
5.180524329363420666e-01
5.168605401701479307e-01
5.360646711134658959e-01
5.099835447806473354e-01
5.274756716524198197e-01
5.115139786168965141e-01
5.234811436153791186e-01
5.095222314450212897e-01
5.185040449449660471e-01
5.092563204221584039e-01
5.141301409099815478e-01
5.079101139642657747e-01
5.524087869014716601e-01
5.066680193839390167e-01
5.151954954335842274e-01
5.113642317745344945e-01
5.191350982782338974e-01
5.060015418793618602e-01
5.090881520444960895e-01
5.063033705295659770e-01
5.069660894408725138e-01
5.072348679872468180e-01
5.075234829930903580e-01
5.147150845520147566e-01
5.164393719474776878e-01
5.061935123355384425e-01
5.160589011250715785e-01
5.057698069658960183e-01
5.094052497922805234e-01
5.090295678898237863e-01
5.189413862766938390e-01
5.119704526516498655e-01
5.074444677811692506e-01
5.069089269583679780e-01
5.099418682430312266e-01
5.061797116554451748e-01
5.072650106107152723e-01
5.060820046768144120e-01
5.065570710394368126e-01
5.056917757224779209e-01
5.125359575597004946e-01
5.036797157257287827e-01
5.078817592453661600e-01
5.056605455971309171e-01
5.150145580582635718e-01
5.060902729207250594e-01
5.152400906718154205e-01
5.023855175193746581e-01
5.414612351523160338e-01
5.017065196452125120e-01
5.099143896441036272e-01
5.017065196452125120e-01
5.029627321733676215e-01
5.015698870939692133e-01
5.036964252024501709e-01
5.010983940744692111e-01
5.085346735564562071e-01
5.029510530977332472e-01
5.055777382584155655e-01
5.017611774930779145e-01
5.160181802386113459e-01
5.052476209635938798e-01
5.005062856703691443e-01
5.010985013846729341e-01
4.998915598160894036e-01
5.037000790054571020e-01
4.997217362461047752e-01
4.991343336128036823e-01
5.009738433385280132e-01
5.000881263549395994e-01
5.001920247356472782e-01
5.066336246717203506e-01
5.001722205194509829e-01
5.027818834394084391e-01
4.993090646842806013e-01
5.033165251394871031e-01
4.992522684205880079e-01
5.001210030761035208e-01
5.014275571441799695e-01
5.027546454632262352e-01
4.995242569212436923e-01
5.008960290273154481e-01
4.973725629835072937e-01
4.986463459842103707e-01
4.971523708173346545e-01
4.976549102225264476e-01
4.985107242271717420e-01
4.980911711415869081e-01
4.970389240813136711e-01
5.009606589221274886e-01
4.970570120017831495e-01
5.008522090633350521e-01
4.984123902772783499e-01
5.039608014492359400e-01
4.968819062751466675e-01
4.962230700262871830e-01
4.960156194683189579e-01
5.078876876862518097e-01
4.967690184287733013e-01
5.004992144343450855e-01
4.967726110504307457e-01
4.978632759112170403e-01
4.955881033981522910e-01
4.976916343830750100e-01
4.951521967330431151e-01
4.986031190256984269e-01
4.966084720480357650e-01
4.958495968696781664e-01
4.961803280554380469e-01
4.944523696774022481e-01
4.946002581089184447e-01
4.914498450066488999e-01
4.913527688045228325e-01
4.910544451416932743e-01
4.910544451416934408e-01
4.930516353799848650e-01
4.915862278271099228e-01
4.956665518680769544e-01
4.907992197330393047e-01
4.930069427932591286e-01
4.952276501642565165e-01
4.980788775731120888e-01
4.925495478172258190e-01
4.884904508380946142e-01
4.885297334049603091e-01
4.870310154724036278e-01
4.871701556921503307e-01
4.895967499061759098e-01
4.878553540899572272e-01
4.877736152497905153e-01
4.873603493971551681e-01
4.892183747556651530e-01
4.863944147477788915e-01
4.888622333163712419e-01
4.875966334260673496e-01
4.861922630143132307e-01
4.853572435429117093e-01
4.863802403019460430e-01
4.870681847474698789e-01
4.895450903444241164e-01
4.848004279530714888e-01
4.830880800513920326e-01
4.843336560260241841e-01
4.810208366938368840e-01
4.806454068273623426e-01
4.811445815101048629e-01
4.807159006228697296e-01
4.779955209264172833e-01
4.780068973645431596e-01
4.792683547628421303e-01
4.782034243388719186e-01
4.784312810401247229e-01
4.779754925653732500e-01
4.821240690054397482e-01
4.790014276771773494e-01
4.785194148673657111e-01
4.785308624109331777e-01
4.784207445678643755e-01
4.761739813649591424e-01
4.809539991238929724e-01
4.761788222462012277e-01
4.773016410837454537e-01
4.760706441430033742e-01
4.761578536027961661e-01
4.770243468066972525e-01
4.767613859625140504e-01
4.758724462634771890e-01
4.768700081518939538e-01
4.755812910861201281e-01
4.855195857523299519e-01
4.778694361217221132e-01
4.728007500608069624e-01
4.739043724429842230e-01
4.747599130860127303e-01
4.725707970360280008e-01
4.726961959394887502e-01
4.725533486791388960e-01
4.718467591383471160e-01
4.718467591383470050e-01
4.750318942223159535e-01
4.718097020834107203e-01
4.735403925062587338e-01
4.725558857082007291e-01
4.813584133309692925e-01
4.726470323997321032e-01
4.714194778453001389e-01
4.712609943971002302e-01
4.737315036150738790e-01
4.720071859406502757e-01
4.704966088974779082e-01
4.708920825951349864e-01
4.715653459113254842e-01
4.731673461745146692e-01
4.710620747029806155e-01
4.688217259166488349e-01
4.690818735933267591e-01
4.678415415579215697e-01
4.686575982006601082e-01
4.675875558811681820e-01
4.688786933947916014e-01
4.665427447147082463e-01
4.666478126756301026e-01
4.667396058984773499e-01
4.672779605678354375e-01
4.657654953235840223e-01
4.643171672505835845e-01
4.653042483004422580e-01
4.696460461792214547e-01
4.657738315024334552e-01
4.668696151061816346e-01
4.652145965595604338e-01
4.643459136450940883e-01
4.642902687605837686e-01
4.697512157141122691e-01
4.639006537734547964e-01
4.633177662109995709e-01
4.635195239353712138e-01
4.657093507611228533e-01
4.631698242158607259e-01
4.645135130994715866e-01
4.644030481167678026e-01
4.632766451755621073e-01
4.634388412498058329e-01
4.744283121610416432e-01
4.634886276582221853e-01
4.636991068361498436e-01
4.632007605947486839e-01
4.660578262372261360e-01
4.630185373924580738e-01
4.699536883457178238e-01
4.638268458549905660e-01
4.665925845638149161e-01
4.631809095763067541e-01
4.653255990950664334e-01
4.626169245758709470e-01
4.662822817800628128e-01
4.624564555128863885e-01
4.624851815274994560e-01
4.624564555128858889e-01
4.613263936272768428e-01
4.612772318213004819e-01
4.631831119790050799e-01
4.614495339979513000e-01
4.615834838523386052e-01
4.608779512129889122e-01
4.623212268432371763e-01
4.612827728542576722e-01
4.589597092703146530e-01
4.603282476758257524e-01
4.600380786063232308e-01
4.588068382036852855e-01
4.585522230104884800e-01
4.596457399466482019e-01
4.639191015109278560e-01
4.582522881588990127e-01
4.624879525252633128e-01
4.598117733954724118e-01
4.634044437945020189e-01
4.599635499587624299e-01
4.584982614468267048e-01
4.583783767952520627e-01
4.614702549093485096e-01
4.586068987784875373e-01
4.598525955295036938e-01
4.584972924521313331e-01
4.616912356917512450e-01
4.613426973330029823e-01
4.599764018167438739e-01
4.599427356657993515e-01
4.612109521825729086e-01
4.600376011447830371e-01
4.611516886022795081e-01
4.594091882499194424e-01
4.568290795931918558e-01
4.562695105200405554e-01
4.592743987017116614e-01
4.568032253754469307e-01
4.592549086713935691e-01
4.567423441701330411e-01
4.567170786561905449e-01
4.571368971443870999e-01
4.586511315319094506e-01
4.591242942363522594e-01
4.561786951130981094e-01
4.567881680953166379e-01
4.564183057905288332e-01
4.569094351982679880e-01
4.589323572708864929e-01
4.566110422270542868e-01
4.579372804453915036e-01
4.557231466930222741e-01
4.605880030776299816e-01
4.561709570190578544e-01
4.556687223595344283e-01
4.564249068817594623e-01
4.578554252816144365e-01
4.548061580840026541e-01
4.570708770454147696e-01
4.556282868784408691e-01
4.559310680914775982e-01
4.558887935866354768e-01
4.564878473688950278e-01
4.548378576984725696e-01
4.588975095337748389e-01
4.563530596125091598e-01
4.572445173849269962e-01
4.535541682940098518e-01
4.549635699103443121e-01
4.526038017072530062e-01
4.547643457970326208e-01
4.525196543204283994e-01
4.527096387717580162e-01
4.541685938092357988e-01
4.533378694101283246e-01
4.530732128261307223e-01
4.532954772347191352e-01
4.535920952133232764e-01
4.525042953014522529e-01
4.524831827259559458e-01
4.535517878908954525e-01
4.533640773452218831e-01
4.583453142735607888e-01
4.524371217091514574e-01
4.530138875837202983e-01
4.527421653607700547e-01
4.548769947783983247e-01
4.521279243980321216e-01
4.526803384066709901e-01
4.517504322758279511e-01
4.573291258370274504e-01
4.517223380611506411e-01
4.520849109238603836e-01
4.515726635487691265e-01
4.531288563889017684e-01
4.545620374225754490e-01
4.535218404507119772e-01
4.512163082769671263e-01
4.584388136511327594e-01
4.514173303737782361e-01
4.518731639217975493e-01
4.514506013084467195e-01
4.517489180800628445e-01
4.514946976595905492e-01
4.520260068336187653e-01
4.491169427122165825e-01
4.521374329756567279e-01
4.493043364097945580e-01
4.505633446387612429e-01
4.500228267391326864e-01
4.494664911833800569e-01
4.500113959333526537e-01
4.516748850322046538e-01
4.495131000625498530e-01
4.525866478381022073e-01
4.484913640934677925e-01
4.500924382811381519e-01
4.490190987459823924e-01
4.512317180392517169e-01
4.490485711352027454e-01
4.506537963101873157e-01
4.489815786026336575e-01
4.509980972966076695e-01
4.488856345870135822e-01
4.522570991990743083e-01
4.492803366822186728e-01
4.520473792358561393e-01
4.496030665230731915e-01
4.509661198827966122e-01
4.487666193711461471e-01
4.509220844170337972e-01
4.491330464229131292e-01
4.492311576256926564e-01
4.492056165654664257e-01
4.490688423693526277e-01
4.499327847160331517e-01
4.485399259647315784e-01
4.493755267730399350e-01
4.488297263375914947e-01
4.494838912609140924e-01
4.487631358336082177e-01
4.489459947701813780e-01
4.481061476370635233e-01
4.488068718669819823e-01
4.485035676758696854e-01
4.490021014701363056e-01
4.475756866586593219e-01
4.488290740109163179e-01
4.473403955941729349e-01
4.459672672573206098e-01
4.460759631579462314e-01
4.475359320865699431e-01
4.462058603241305099e-01
4.455401440384563760e-01
4.460448969435123479e-01
4.457966058378194374e-01
4.459176021875571605e-01
4.464575418610531865e-01
4.454320214258268851e-01
4.448828043741042126e-01
4.449338746798535693e-01
4.442418158693659525e-01
4.446512825164377070e-01
4.443399896390289872e-01
4.441101108601248626e-01
4.444818494633140937e-01
4.440766184747169665e-01
4.445356894470214870e-01
4.441106536295709173e-01
4.436950145203617524e-01
4.436388999857638349e-01
4.435553646397593086e-01
4.436042860563366719e-01
4.435015865926461021e-01
4.434853618995243663e-01
4.436184664784469378e-01
4.434016208454053531e-01
4.426413558352423894e-01
4.421602939926169706e-01
4.423492282661351527e-01
4.421962492671998035e-01
4.430946668191632631e-01
4.424597983650257471e-01
4.433619658278301068e-01
4.423200777444357135e-01
4.417076444404882118e-01
4.413891748541023397e-01
4.412271231207122169e-01
4.413345449835465728e-01
4.409597811608289009e-01
4.410055118716263434e-01
4.411434029961458503e-01
4.406761434485096940e-01
4.404582762030065934e-01
4.404618474962864183e-01
4.407251821767956823e-01
4.411679860280214860e-01
4.389392781258872889e-01
4.389852749350706129e-01
4.395903040220758839e-01
4.391634690538272490e-01
4.384706414073413772e-01
4.383450223012443359e-01
4.382168352898470620e-01
4.379627736895884693e-01
4.381470245178418765e-01
4.386635688467126482e-01
4.359838130335103590e-01
4.362017648225827715e-01
4.364988005956346728e-01
4.365108077216993121e-01
4.358791333362192488e-01
4.359077501549736833e-01
4.363428394134678534e-01
4.369081213881502168e-01
4.358323555239187463e-01
4.356941055852542877e-01
4.358830905903215980e-01
4.361931844581212192e-01
4.360279763463650871e-01
4.373396345116984385e-01
4.365621052420362025e-01
4.344343473204213546e-01
4.342929806073472787e-01
4.347607269976159761e-01
4.346657802576536778e-01
4.340911606683760526e-01
4.343988006943020896e-01
4.334965853674045411e-01
4.332800236952967787e-01
4.347237803856208727e-01
4.333632986343963767e-01
4.334483867587373140e-01
4.327031405437954392e-01
4.329151615269708486e-01
4.326798254321513326e-01
4.329989202771035717e-01
4.324827544553302983e-01
4.330533766538776086e-01
4.328258109052766089e-01
4.321389480252030846e-01
4.324065778873415478e-01
4.327612194907837773e-01
4.320185186758812579e-01
4.319124221734477187e-01
4.316262585844197752e-01
4.318232864890513834e-01
4.322340532632276688e-01
4.321155858467589650e-01
4.311445863217142072e-01
4.323430240653321488e-01
4.310012866176184398e-01
4.317067036807212266e-01
4.315410404443981163e-01
4.308385830216998613e-01
4.315126192178406761e-01
4.310897612291735292e-01
4.307694304490371495e-01
4.292337817050687621e-01
4.295062082957169514e-01
4.289884686036635197e-01
4.292720386210986949e-01
4.294556271877675857e-01
4.293616335161434261e-01
4.290751159947733817e-01
4.309358062419987312e-01
4.292748377058066001e-01
4.291884074756930345e-01
4.279959049498595625e-01
4.283217861101382140e-01
4.276519553395883855e-01
4.286536863934785613e-01
4.276693610150528735e-01
4.272145382163767824e-01
4.269650781070524204e-01
4.269375115872890980e-01
4.276424923935409073e-01
4.271042895492807578e-01
4.269904191296100548e-01
4.268744220454184779e-01
4.272521280112390740e-01
4.266508936614371028e-01
4.276863576502683562e-01
4.269910111591856405e-01
4.269006009090505205e-01
4.267828070966179221e-01
4.272692893291402116e-01
4.266070084735634760e-01
4.268045681025109950e-01
4.263357903653902103e-01
4.271540557605560395e-01
4.262284541796788062e-01
4.266738140527111534e-01
4.258403052996232452e-01
4.259908572256482229e-01
4.257374261743022692e-01
4.256117286762929330e-01
4.255416836313419271e-01
4.255587622310179063e-01
4.259640305121936144e-01
4.257350688772769121e-01
4.253923350307297069e-01
4.259232728424072745e-01
4.254156035422547721e-01
4.258337044351153122e-01
4.254948078490661811e-01
4.260868614895288453e-01
4.256263540085195030e-01
4.253297157581741317e-01
4.254778100191731194e-01
4.257910977405685582e-01
4.245137113983498689e-01
4.240280989228047970e-01
4.238827702741195247e-01
4.244161292668590102e-01
4.240012759620296889e-01
4.247941217106604439e-01
4.245467536559488497e-01
4.241015174922035391e-01
4.238355582985928738e-01
4.251346170643831579e-01
4.241146145808510903e-01
4.253819567455871531e-01
4.238935327989334922e-01
4.233962048244499510e-01
4.237425450125852922e-01
4.237038191606957160e-01
4.229805528310087714e-01
4.256602308612058572e-01
4.235757452936135814e-01
4.231873280443165242e-01
4.229055580381754220e-01
4.224862916429056314e-01
4.224415912307379339e-01
4.220177967233623151e-01
4.219041151879392437e-01
4.219554361952784216e-01
4.218622543551064363e-01
4.222241999746573771e-01
4.221582111912604574e-01
4.225295264265004347e-01
4.215376120090557066e-01
4.218263954593884368e-01
4.215555070069726962e-01
4.235961960652004921e-01
4.218948791142336785e-01
4.229629891720526058e-01
4.217788648322987610e-01
4.208762474069838722e-01
4.203041715265523059e-01
4.207808877773376866e-01
4.203436833757949187e-01
4.227725597929894996e-01
4.203305849752573264e-01
4.205045629164819165e-01
4.204528954577714250e-01
4.203820994817303869e-01
4.203532788471965320e-01
4.201227359819895146e-01
4.200965239440210830e-01
4.200850642204055352e-01
4.203928832474606025e-01
4.206408895950039528e-01
4.203447319102935897e-01
4.207071316752850065e-01
4.203500153128372774e-01
4.200908890133991935e-01
4.200606495603813606e-01
4.204111947126591975e-01
4.195487938343064882e-01
4.216943201605287128e-01
4.200162507805285661e-01
4.184635217563450471e-01
4.187705728801741079e-01
4.184291796957075316e-01
4.183248910910123963e-01
4.200322224573498353e-01
4.186546672635020894e-01
4.223813316092790426e-01
4.183005227378303603e-01
4.191905705091484857e-01
4.185663607367853256e-01
4.182288631916641908e-01
4.186059027017863809e-01
4.186684015674924098e-01
4.188831191449209901e-01
4.202640035932591611e-01
4.183618416760026548e-01
4.200773107439675913e-01
4.182659440996218114e-01
4.160049958361230482e-01
4.165152725133232092e-01
4.161299536431267709e-01
4.173109290223162016e-01
4.174893410895004764e-01
4.160473626119533530e-01
4.171867006831301294e-01
4.167066705571867424e-01
4.153524477457066211e-01
4.143935224515660765e-01
4.145461586421347322e-01
4.148840025497629869e-01
4.144073248062938308e-01
4.139143589407625057e-01
4.138033408353443132e-01
4.158204280428086652e-01
4.135804907604564984e-01
4.141990598753223507e-01
4.138110128658206155e-01
4.144555393661413234e-01
4.134297687882000361e-01
4.137776878604741415e-01
4.135672361432355393e-01
4.142492218488228461e-01
4.136799317921895924e-01
4.133010507250043930e-01
4.131418430910573925e-01
4.134761431837866708e-01
4.135159862083906956e-01
4.130842538450074652e-01
4.133873165635167379e-01
4.146938470561590817e-01
4.134596755310901983e-01
4.130852973934279193e-01
4.130910395570812632e-01
4.139552453592051928e-01
4.131029285107302162e-01
4.136082639312154696e-01
4.132126982482036692e-01
4.148071947521426717e-01
4.140481298529460896e-01
4.122248189457144441e-01
4.121240205568926784e-01
4.118028269334076397e-01
4.116381807715902563e-01
4.117577893812916501e-01
4.116002250714463351e-01
4.131099302048106825e-01
4.115312744431979808e-01
4.113585925201491689e-01
4.112567617884017590e-01
4.116960180516047729e-01
4.112285688718805288e-01
4.116191064977536285e-01
4.111503624696809522e-01
4.114401673722881680e-01
4.112151831134678304e-01
4.111842434707193017e-01
4.115308294286434965e-01
4.123241745699172123e-01
4.115134931994235967e-01
4.113053037447906291e-01
4.110542635632670749e-01
4.143375962301127369e-01
4.110535505305551451e-01
4.126169342388757433e-01
4.107498490250548473e-01
4.125782720250812940e-01
4.108888496541107105e-01
4.114806696775096806e-01
4.105137523803851218e-01
4.095082511701580996e-01
4.095770772286831396e-01
4.100880500347115487e-01
4.096885591836884610e-01
4.097820181323405531e-01
4.098050557987912845e-01
4.094714272438957359e-01
4.097142909223353557e-01
4.097555042956476656e-01
4.096655654153523729e-01
4.104913963840338686e-01
4.093577435400276299e-01
4.095639032592964246e-01
4.095193261369524107e-01
4.108762698732840168e-01
4.091529383429153843e-01
4.106211787593568308e-01
4.093247181012243940e-01
4.100918083876511910e-01
4.089972977880156901e-01
4.094457046207310991e-01
4.092124989853129780e-01
4.112551283307909755e-01
4.093158606699940361e-01
4.096256692033851676e-01
4.090964887361375202e-01
4.084406621133562787e-01
4.087563969618728255e-01
4.096211601337579888e-01
4.085771004542058660e-01
4.085768901279817622e-01
4.082679830750914340e-01
4.092149528862477070e-01
4.085848856635949100e-01
4.113297896363142803e-01
4.087217585700525513e-01
4.084135042828027640e-01
4.086409104092117439e-01
4.091174006477765746e-01
4.089987980187689276e-01
4.082755180821153185e-01
4.088112864974475791e-01
4.077794723518069486e-01
4.076892156298289605e-01
4.091414823026385816e-01
4.077226934724343943e-01
4.089709850965809745e-01
4.077167449858636883e-01
4.082083286084871587e-01
4.078789922361448772e-01
4.079114823536802992e-01
4.076221615972392409e-01
4.085371102012679279e-01
4.082422774216633576e-01
4.074909369940186155e-01
4.073896931935567234e-01
4.079663320921944614e-01
4.072663682874016478e-01
4.115353999483620795e-01
4.074483331954328880e-01
4.080728972039888158e-01
4.076406373611960454e-01
4.068116963533531250e-01
4.070508173862461554e-01
4.065060824058456812e-01
4.066014880530501863e-01
4.082949253436630732e-01
4.064270910382534185e-01
4.064339241651193646e-01
4.064142430802502037e-01
4.069504251275603002e-01
4.066653188303266386e-01
4.070992942774293577e-01
4.065708650363218379e-01
4.070192083573401787e-01
4.063876134466912760e-01
4.066346251521948396e-01
4.064312763316516031e-01
4.074971317963945183e-01
4.063253069968839060e-01
4.069889547015636544e-01
4.064194981671079843e-01
4.065391598263875528e-01
4.063547881701534692e-01
4.079734387504446169e-01
4.062420495099932083e-01
4.068749869513461626e-01
4.067738795198967416e-01
4.063741727764916822e-01
4.063064986606857998e-01
4.062224264866398649e-01
4.055518519878562045e-01
4.060534195468354368e-01
4.056992590626946615e-01
4.063400318982136605e-01
4.059972627482215102e-01
4.066053531742710447e-01
4.057822271036335415e-01
4.060649062314470870e-01
4.054112020451063336e-01
4.073708764547855354e-01
4.057246893144577093e-01
4.052370126021865859e-01
4.056009329298911892e-01
4.058311155614577337e-01
4.054779727636066422e-01
4.060269797835435179e-01
4.053615490839422852e-01
4.093441513832578038e-01
4.051907822463941544e-01
4.060326438959577233e-01
4.052798776082903731e-01
4.055206065403870741e-01
4.053284567813164596e-01
4.057051939053910594e-01
4.053314102863718738e-01
4.057621862579360306e-01
4.054013816070979881e-01
4.055284347043584536e-01
4.054362501805526819e-01
4.066015811541157654e-01
4.058972463871570180e-01
4.038058501456479599e-01
4.041910370661974117e-01
4.038896074584877316e-01
4.044546629112518166e-01
4.039762049553163870e-01
4.039914335665627521e-01
4.041378720727730189e-01
4.040968436688573417e-01
4.048120535260602559e-01
4.038172141546602090e-01
4.045612708114851297e-01
4.037978447381606606e-01
4.041102877891359912e-01
4.038222585956253163e-01
4.037767946863465851e-01
4.037417973093524459e-01
4.043730554861966198e-01
4.036313853709170285e-01
4.036405773411103626e-01
4.036398659817529988e-01
4.043694281335301621e-01
4.037414551551961051e-01
4.041440774678287107e-01
4.036008498476134077e-01
4.046600215568765258e-01
4.038868704908197271e-01
4.040468706241250318e-01
4.035808744871089981e-01
4.056105446221274780e-01
4.036659752890857100e-01
4.040689973946566260e-01
4.033657405428054399e-01
4.036196931082005612e-01
4.040365421387958622e-01
4.035712825136990034e-01
4.032603757041848258e-01
4.034303736613705782e-01
4.033905859339291244e-01
4.040481307749780870e-01
4.033155135460969598e-01
4.037798031502112250e-01
4.031913075202344099e-01
4.033947766612121510e-01
4.031607497532641582e-01
4.031584444052338512e-01
4.033505332273614186e-01
4.034094675237873684e-01
4.029489650784796595e-01
4.031464868781516886e-01
4.029809088540366457e-01
4.032271971829191615e-01
4.031982397673647966e-01
4.044205529130773802e-01
4.030626848879529933e-01
4.032116290325293284e-01
4.030347843742706493e-01
4.029638406482535795e-01
4.028961390008723997e-01
4.074938693255733546e-01
4.028901572810095200e-01
4.022986673149964720e-01
4.022418868298865413e-01
4.028162972395121777e-01
4.022590152294119314e-01
4.024185847144313710e-01
4.022831249797519382e-01
4.028306227614620871e-01
4.023691243861962086e-01
4.034040139286335647e-01
4.022421898090372538e-01
4.026493766808506569e-01
4.021517123523828952e-01
4.020148573822798777e-01
4.021960831074866682e-01
4.022840389090110991e-01
4.022482721321538612e-01
4.032753543532950347e-01
4.022756865992806463e-01
4.023864829313523739e-01
4.020579330948202967e-01
4.019001384039158076e-01
4.018690747246288497e-01
4.017365412624011589e-01
4.018072950461760162e-01
4.021935779502668895e-01
4.031266311675946179e-01
4.004126434748202512e-01
4.005720846675325242e-01
4.000721706202474137e-01
4.002509172504636892e-01
4.004331525708488271e-01
4.001278126797889745e-01
4.001987824114830450e-01
4.001580206246472260e-01
4.013890180931807827e-01
4.003296601428116275e-01
4.024519952902205211e-01
3.997024638925924522e-01
4.010039152787009398e-01
3.995813070603412842e-01
4.001085056323797073e-01
3.995344741254187038e-01
3.996924295560100870e-01
3.998602417003258580e-01
4.002314778779536009e-01
3.994678858919568087e-01
3.997423188883726386e-01
3.996924676938339305e-01
3.992730717072178193e-01
3.994614803554338844e-01
3.992226617566914104e-01
3.992493894432904700e-01
3.997925769259763062e-01
3.991252930332888638e-01
3.996214586924861645e-01
3.991491655293910590e-01
3.998090448805790009e-01
3.989604247630203493e-01
4.004947684998918511e-01
3.986431071596124309e-01
3.984656472732394650e-01
3.982429400588622381e-01
3.980040122975325723e-01
3.980069099491617690e-01
3.981760229458681799e-01
3.984080404214540017e-01
3.976349002675880207e-01
3.978475019341784491e-01
3.977299974425148599e-01
3.976903673542715456e-01
3.984163736275708745e-01
3.975264036021291525e-01
3.975947734690994939e-01
3.979068010980600922e-01
3.978430149490075896e-01
3.979441575483552707e-01
3.975132743757243681e-01
3.975358048730462390e-01
3.976212290173777308e-01
3.973977638812918878e-01
3.980202386339053988e-01
3.973820616071584988e-01
3.988286703443716386e-01
3.975436863716650948e-01
3.982668212052103418e-01
3.974652633864886320e-01
3.995103797444178872e-01
3.979252293937291518e-01
3.970900429658796305e-01
3.975637199600399185e-01
3.963787325203500522e-01
3.960775808617200688e-01
3.982349947218266073e-01
3.960463751741685745e-01
3.967436505901279498e-01
3.960189150891032517e-01
3.963047005342203999e-01
3.963668774053764055e-01
3.971927425216364993e-01
3.961245469350069270e-01
3.962494216833626348e-01
3.963191713819206319e-01
3.957655890703231649e-01
3.955848096128090630e-01
3.960724843367082748e-01
3.955459088475061225e-01
3.967624315472551011e-01
3.955838800023643853e-01
3.955747501155813528e-01
3.958895080101195729e-01
3.970966698396368177e-01
3.957244307724233634e-01
3.954585536546519897e-01
3.956648068918995342e-01
3.961774223687125063e-01
3.954872818404388535e-01
3.957910366102375121e-01
3.952584896228590883e-01
3.968608869071520995e-01
3.949344650373720067e-01
3.955198540608435565e-01
3.952731779197282691e-01
3.949048322246443421e-01
3.951550722446248720e-01
3.958351368397082792e-01
3.953082303031771327e-01
3.960707712180115969e-01
3.951084545711781026e-01
3.955373832749877749e-01
3.950810648927741142e-01
3.955519927658573964e-01
3.949958675610695802e-01
3.961840574723695108e-01
3.950450134478679654e-01
3.961960498281236198e-01
3.950685975863534316e-01
3.958515113637864902e-01
3.949032921835748944e-01
3.951181792315943131e-01
3.948228206108651550e-01
3.953482966931901599e-01
3.951923376491355278e-01
3.955898133918188675e-01
3.949323016205867343e-01
3.951627484544283364e-01
3.949736628759482615e-01
3.955568130828479023e-01
3.937508038300724378e-01
3.963855979812820340e-01
3.938913763089830211e-01
3.934151678142643327e-01
3.938080647149514446e-01
3.942635139721502036e-01
3.938538731432115192e-01
3.940778161794091239e-01
3.934269079754840193e-01
3.941199366944354021e-01
3.935320886667110774e-01
3.942126924101903018e-01
3.935597294729358264e-01
3.961928390326994731e-01
3.931446987998167275e-01
3.940139773390964884e-01
3.936893338459017122e-01
3.934642855567843100e-01
3.934407631418106455e-01
3.938400007488384591e-01
3.934048256957273781e-01
3.928472368044841345e-01
3.927259207532978746e-01
3.927556036354069580e-01
3.926237848256172724e-01
3.936198178253270119e-01
3.925722366161213950e-01
3.923358138454289268e-01
3.923842490730403143e-01
3.926909680652864720e-01
3.924865278957649362e-01
3.937592519902067267e-01
3.926909915372065463e-01
3.928409952458494780e-01
3.922801422935505156e-01
3.915565947939279035e-01
3.918796780426678783e-01
3.924374938170188121e-01
3.918094531657828061e-01
3.919484796207642341e-01
3.917580672361379301e-01
3.920231763669144165e-01
3.920963727779416819e-01
3.957716277185541753e-01
3.920543658256476771e-01
3.914170561094662548e-01
3.915169184529840862e-01
3.914439082298041273e-01
3.915852618905933946e-01
3.916814584073093353e-01
3.915180413222985045e-01
3.918719155071353488e-01
3.916736406690349837e-01
3.914747813897888618e-01
3.915458475148151929e-01
3.930592066785565941e-01
3.916511031355827122e-01
3.924651043761028246e-01
3.916458270845787903e-01
3.946432042132071438e-01
3.918992270644877096e-01
3.902018943699395725e-01
3.902520074905235781e-01
3.904104134549071792e-01
3.905318219038169114e-01
3.915651717213564642e-01
3.904447589241754057e-01
3.903465599109696149e-01
3.900946487493690551e-01
3.912746456842450260e-01
3.903531219829824983e-01
3.913728325363535765e-01
3.902282443320099214e-01
3.909630117418783080e-01
3.901969513190060024e-01
3.905565817345293955e-01
3.901130929160708805e-01
3.914951637655289529e-01
3.901284605766186520e-01
3.911755350320690883e-01
3.902526358311102506e-01
3.907815240018652214e-01
3.898475550630419173e-01
3.914185681510792825e-01
3.898014245031128922e-01
3.906723298429336522e-01
3.900076235735240315e-01
3.906194705842098158e-01
3.906035853929224477e-01
3.897735432006423362e-01
3.892240217358028387e-01
3.887681264685437510e-01
3.883362875080156318e-01
3.888109998621425700e-01
3.883106252679392467e-01
3.886398114322269781e-01
3.884958486955041868e-01
3.887229869448697861e-01
3.885099232867357255e-01
3.894943901707795253e-01
3.879779925234069227e-01
3.888062081174799567e-01
3.881870880363813558e-01
3.892358944881310623e-01
3.883155197708968442e-01
3.882507493286954103e-01
3.882728694087080323e-01
3.884985245054224379e-01
3.886389003610947190e-01
3.882312439820938543e-01
3.882163502208894057e-01
3.895457679962395225e-01
3.881245886573264636e-01
3.883437801639915699e-01
3.881895626775510033e-01
3.883032953646393115e-01
3.880565136698922446e-01
3.881350258067030046e-01
3.878553587089909604e-01
3.877382362254612191e-01
3.895236649872397816e-01
3.883952099145823178e-01
3.881829192123422700e-01
3.864339659151613260e-01
3.866279290175777539e-01
3.860763470940561382e-01
3.865318177191874316e-01
3.864098846993073710e-01
3.862514411921353918e-01
3.857349130490776434e-01
3.855139091950950392e-01
3.857753492550147767e-01
3.859974743153005705e-01
3.865340671481001800e-01
3.856007998708969597e-01
3.869156617578576873e-01
3.858078061539080283e-01
3.857049972453372999e-01
3.856730712233476521e-01
3.866262111376360111e-01
3.853849881207193628e-01
3.852131639398366225e-01
3.855309774280182289e-01
3.868481311303184067e-01
3.853272484247940999e-01
3.860148531585572140e-01
3.850623677048518601e-01
3.872554285268452468e-01
3.854938403344868592e-01
3.887592028013561740e-01
3.864025992228745099e-01
3.857905006259840230e-01
3.853510410701311839e-01
3.833082953235471546e-01
3.834675676699040303e-01
3.829832330803156215e-01
3.827814177483914171e-01
3.825641398853995012e-01
3.832565382572580837e-01
3.830164262612820170e-01
3.829818689486167993e-01
3.824957564489379069e-01
3.826585953901529003e-01
3.833593346269176805e-01
3.826462970313428968e-01
3.823187014461501554e-01
3.827043078544021815e-01
3.830438894027882735e-01
3.827114914456336003e-01
3.832560107063607835e-01
3.826626181906054858e-01
3.823216905063515081e-01
3.826755964731312076e-01
3.833581956317353989e-01
3.822714369398682033e-01
3.817800579967227104e-01
3.823799474923031960e-01
3.815184207576497455e-01
3.814365114805262635e-01
3.858479034659837437e-01
3.807937204987237867e-01
3.835297346612717706e-01
3.799492392825453702e-01
3.784782421617010062e-01
3.790787336045613465e-01
3.792007929062575222e-01
3.784441416302116723e-01
3.790120822432174741e-01
3.778528283639325247e-01
3.786996808736940445e-01
3.781759141456455531e-01
3.781155161081997118e-01
3.782134776680779464e-01
3.783419629363430348e-01
3.781090260160868688e-01
3.791902943082958721e-01
3.776556822254770740e-01
3.779250510219480108e-01
3.778530995222693645e-01
3.772941496618037460e-01
3.775596051388819818e-01
3.789449010172904475e-01
3.771999081894711336e-01
3.776400453561397641e-01
3.769717263116564854e-01
3.801299646439373348e-01
3.772412327521617037e-01
3.772091952178523444e-01
3.770255482529054070e-01
3.771211260661005982e-01
3.769229567434007055e-01
3.798065826854874483e-01
3.771440057308242944e-01
3.765197512993005979e-01
3.765124473780952497e-01
3.774117459405089137e-01
3.769962578511135698e-01
3.773600370730683662e-01
3.768026383421265169e-01
3.770816479431413071e-01
3.760254273177375817e-01
3.761758456026163544e-01
3.768688697619011485e-01
3.756414972302090649e-01
3.754905340915479783e-01
3.770592667773182138e-01
3.755306902325121210e-01
3.760413800701646880e-01
3.757110722445256568e-01
3.759959650688843857e-01
3.753789452246575342e-01
3.756584485826710562e-01
3.753894397724231169e-01
3.763526634964936002e-01
3.758319558453499520e-01
3.754140814670370863e-01
3.750168486410111468e-01
3.747962394153602217e-01
3.749054862375867936e-01
3.759950782787234713e-01
3.745126009914077070e-01
3.775623216406505112e-01
3.742664426317935944e-01
3.744815029484004354e-01
3.740861026245267951e-01
3.740773381321004232e-01
3.734329177051171622e-01
3.737136143162976265e-01
3.736882012792870911e-01
3.747075681690005822e-01
3.733850758932759639e-01
3.739900477988454819e-01
3.731316245285906663e-01
3.739645176647482527e-01
3.734322623839484434e-01
3.734810543092914048e-01
3.730461757010811175e-01
3.737014312879945455e-01
3.730300990399141869e-01
3.745537572398630610e-01
3.732289423331057177e-01
3.736370684673390175e-01
3.733192188884129625e-01
3.731194980412140816e-01
3.729523489292721483e-01
3.730287286206946384e-01
3.730295663042555443e-01
3.742244226418481312e-01
3.730527310497769866e-01
3.735729687892097028e-01
3.730017371132753334e-01
3.736879612332117961e-01
3.738382054874364591e-01
3.739661518843641064e-01
3.731336454408962777e-01
3.726317574544291689e-01
3.725227187029878095e-01
3.731269332115356163e-01
3.724942975404383350e-01
3.742314408242306545e-01
3.731021170784038499e-01
3.733234932150665264e-01
3.724796286656864019e-01
3.731971073405346839e-01
3.725911224157393842e-01
3.737339079099631922e-01
3.743594319285299399e-01
3.717413060079522991e-01
3.718526185693087904e-01
3.726335751930023865e-01
3.717941464757840708e-01
3.723724731704637914e-01
3.717099513454070192e-01
3.733126030477618706e-01
3.723265603423738246e-01
3.715172404336609668e-01
3.714062320409831641e-01
3.743886524563772578e-01
3.722250410409351784e-01
3.726761925729498159e-01
3.716356661593009925e-01
3.719442513715561227e-01
3.714647828497963933e-01
3.731075992904181460e-01
3.712102551460902400e-01
3.721206353358114116e-01
3.713412385522093517e-01
3.729294729381506524e-01
3.710189161016891890e-01
3.725850009006830832e-01
3.705569574215846207e-01
3.711162848550836890e-01
3.703466966403570204e-01
3.703719355682965064e-01
3.704703514802079600e-01
3.704493531585788535e-01
3.707192812389215608e-01
3.708036495987611092e-01
3.704627266137255348e-01
3.703496463605054356e-01
3.704646068809607784e-01
3.711201735103872856e-01
3.706632506925397474e-01
3.705394239002312018e-01
3.711666011753533279e-01
3.710309269374673646e-01
3.703382286944839619e-01
3.709047956786967193e-01
3.701865094086682073e-01
3.707564710629115412e-01
3.703464379941660556e-01
3.714399864886506752e-01
3.701209394586162382e-01
3.702821641116709195e-01
3.698003533467255632e-01
3.711809166355326539e-01
3.700263440631288425e-01
3.701029192232311305e-01
3.697471090024819773e-01
3.695846019356362477e-01
3.696275307023891288e-01
3.703358510889538935e-01
3.698385329853567383e-01
3.730000207430346770e-01
3.697812374371790001e-01
3.701023632913310046e-01
3.700558674766482037e-01
3.701737126948316803e-01
3.697024488624166549e-01
3.710716302200374739e-01
3.696929119224401927e-01
3.710371638466040678e-01
3.696668937702627944e-01
3.683403024047908203e-01
3.688141696867756614e-01
3.691943123760720868e-01
3.688154279525048818e-01
3.694527971973912139e-01
3.681289061324988232e-01
3.696795399742970889e-01
3.683109148390978915e-01
3.690266002259093292e-01
3.677540353299596498e-01
3.675098895812770605e-01
3.674841588665945791e-01
3.687090498013919637e-01
3.677872196245642322e-01
3.682972142345884992e-01
3.679742940160326548e-01
3.681672665398745825e-01
3.677861917334466213e-01
3.677991715553269314e-01
3.675509873377119652e-01
3.686165035178647909e-01
3.679490338771709834e-01
3.682151412266252977e-01
3.679223303750560059e-01
3.677418055080278192e-01
3.680341594594874199e-01
3.678758148417679008e-01
3.672870220994345347e-01
3.692959068687692858e-01
3.672971926092892803e-01
3.690005700638606667e-01
3.673027768765175227e-01
3.677885684620745832e-01
3.673326677011056196e-01
3.675689569166398774e-01
3.673729721272284698e-01
3.682137983489245370e-01
3.681569562694920750e-01
3.674828411860689981e-01
3.673088003611563179e-01
3.673828926044889753e-01
3.675314912337598328e-01
3.680807867385275101e-01
3.667468860100801531e-01
3.673488398684271461e-01
3.666155351680243646e-01
3.668790102176877066e-01
3.669119441307755469e-01
3.669670684806817240e-01
3.667716618754786606e-01
3.668964152907148168e-01
3.667225061557476407e-01
3.669194243365524466e-01
3.665348067285770228e-01
3.674532150734450275e-01
3.663444640239788552e-01
3.657810745288189724e-01
3.657412525356382171e-01
3.659786723088983007e-01
3.657164557058492638e-01
3.658377655946067897e-01
3.661881219302013379e-01
3.660775130085063278e-01
3.657160195446224615e-01
3.663560790002894363e-01
3.658093284591811267e-01
3.691316853363307837e-01
3.657882447245485169e-01
3.661484868650287661e-01
3.655254313000906308e-01
3.659885171168349993e-01
3.661445433093837853e-01
3.671053866099343033e-01
3.659230364467596641e-01
3.659237893042172618e-01
3.653154782708211146e-01
3.654190815329886322e-01
3.653151256554567072e-01
3.663170233988243818e-01
3.655296099318767755e-01
3.654116636042070154e-01
3.655418423412835627e-01
3.655125114065129188e-01
3.655900542820183508e-01
3.656331415377508387e-01
3.655312116367727682e-01
3.652714520854803970e-01
3.654268100925019414e-01
3.656863737131937908e-01
3.653581654291761516e-01
3.656579879538688349e-01
3.658800251460275765e-01
3.659425714617211556e-01
3.653073953488030767e-01
3.658913420167387298e-01
3.652622715616467564e-01
3.656012794823251255e-01
3.651932235511086144e-01
3.660104070186281366e-01
3.651800804035026382e-01
3.657255731098801310e-01
3.653834539886879340e-01
3.661933114992907967e-01
3.653305150767126586e-01
3.643404324000601990e-01
3.645576598636267041e-01
3.641519257671896881e-01
3.643666429707034249e-01
3.647141723624757192e-01
3.642771663122606474e-01
3.650292660192859806e-01
3.644593305695368879e-01
3.646893690505810248e-01
3.644398390010427091e-01
3.655086154430357004e-01
3.646221128375397025e-01
3.661900532413103204e-01
3.640572896908317868e-01
3.639616982130735034e-01
3.640631783455855475e-01
3.643829567941758163e-01
3.643086256329958750e-01
3.642160472071239719e-01
3.641574511915433021e-01
3.640393929555029162e-01
3.643880540045082439e-01
3.641481066734226224e-01
3.642801774415437843e-01
3.647331194188943582e-01
3.642229369334971101e-01
3.643461685279288931e-01
3.639501040212304583e-01
3.637767165852780482e-01
3.637186876216405018e-01
3.634966897753811321e-01
3.636142805909591824e-01
3.649026838638464443e-01
3.640958851111781303e-01
3.643795114204046448e-01
3.635899442746429733e-01
3.643622351368314138e-01
3.636335542919467145e-01
3.633516381422585151e-01
3.634165360009606327e-01
3.644524647195991340e-01
3.634628513414154827e-01
3.629674912939446774e-01
3.627602053445342922e-01
3.639059535673141998e-01
3.630991006720736824e-01
3.637265876328952818e-01
3.624405089678858216e-01
3.630225605555597035e-01
3.626187116137349342e-01
3.622753367448318107e-01
3.624954380374421636e-01
3.625826350246962870e-01
3.626570474320326976e-01
3.627645295114720336e-01
3.623585341844640650e-01
3.625193089947792990e-01
3.626187614869971210e-01
3.631454389562126517e-01
3.620865207446443690e-01
3.644992380572111279e-01
3.620935316178147123e-01
3.626191778135333665e-01
3.618881802444507967e-01
3.626396651926868109e-01
3.620496828107720999e-01
3.626495893303272045e-01
3.622728470166629577e-01
3.622271758071095027e-01
3.619436151712341343e-01
3.620722286501694143e-01
3.627825257236003687e-01
3.614986351266646913e-01
3.612460202325978864e-01
3.609164783528392983e-01
3.607583347952062480e-01
3.616602739694340651e-01
3.606910737100063602e-01
3.612785437497748608e-01
3.611906388531526679e-01
3.607192728462474962e-01
3.603585674543183237e-01
3.608490871280181089e-01
3.605067765397778068e-01
3.608156079966199359e-01
3.604188787555382412e-01
3.619486060367417823e-01
3.603674405443754170e-01
3.612433691877042219e-01
3.605558709788813654e-01
3.611924362637272679e-01
3.607195678678242201e-01
3.618612116069473972e-01
3.602876726347714054e-01
3.606522883969107696e-01
3.604867212946992194e-01
3.607368825020733638e-01
3.603500164102990122e-01
3.607605321685697919e-01
3.600537469187986006e-01
3.597525976019591565e-01
3.598533600792017118e-01
3.602594437408258021e-01
