9.283824133979690085e-01
9.289046820958727357e-01
9.282826157204007167e-01
9.296234133623968443e-01
9.129152804772472374e-01
9.099793933622225550e-01
7.908129324427350948e-01
8.277904394132543642e-01
8.841797354372464834e-01
7.897467108057175667e-01
7.908255796016762096e-01
7.895113499884545138e-01
7.862369826377004767e-01
9.318340954465549331e-01
7.742318836206576460e-01
7.767640450045001366e-01
7.722676514265562897e-01
8.894887585983678457e-01
7.760319956510044470e-01
7.910772146340330213e-01
7.721562635744970704e-01
7.724116067445807587e-01
7.674556041070753620e-01
7.711912253391752792e-01
7.423043697087072790e-01
1.023230833901737524e+00
6.703206633232845491e-01
7.060436179335317641e-01
6.584394847741176227e-01
6.549208131056115656e-01
6.551082217558151788e-01
6.669221671172170796e-01
6.669622216158354044e-01
6.705667880039394291e-01
6.534076269731976527e-01
6.514712554554547008e-01
6.784315264819260616e-01
8.153100157435982931e-01
6.497448198359767613e-01
6.494620781637033824e-01
6.493384476295501750e-01
6.497283332565019220e-01
6.618662103725592161e-01
7.702353753404290737e-01
7.078664637730559539e-01
6.483649809504437034e-01
7.239739031743782638e-01
6.483649809504437034e-01
6.483649809504437034e-01
6.486814845170106869e-01
6.496064706796957910e-01
6.605131131016749313e-01
6.747703661006875242e-01
6.483649809504437034e-01
6.481790088501973024e-01
6.538198509412637138e-01
6.582532861715423289e-01
6.481790088501971914e-01
6.481790088501971914e-01
6.481790088501971914e-01
6.494164136867853765e-01
6.588805497290856072e-01
8.167377845954761906e-01
7.181666232731407362e-01
6.481790088501973024e-01
6.481790088501971914e-01
6.481790088501971914e-01
6.481790088501971914e-01
6.481790088501971914e-01
6.482765138254930060e-01
7.392668737666457934e-01
6.481790088501971914e-01
6.481790088501971914e-01
6.481790088501971914e-01
7.011051666931774617e-01
6.481790088501971914e-01
6.481790088501971914e-01
5.997676288049833548e-01
6.001180086449706685e-01
7.772841098458478371e-01
6.002418271828181551e-01
6.571333611205331104e-01
6.000203271314047404e-01
6.067843436591748851e-01
5.939392623173604946e-01
6.620791636778707856e-01
5.940084720261240570e-01
6.256470659291610836e-01
5.944049461807859869e-01
6.935680521738741833e-01
5.949586529610264574e-01
7.017405095176441066e-01
6.005718916794542395e-01
6.064108862065514804e-01
5.914990621802089787e-01
6.698977056360719828e-01
5.948471390189228325e-01
5.983956102189216253e-01
6.027282002654547055e-01
5.972876870742236388e-01
5.941346401821065992e-01
6.444776839327107654e-01
5.919907312521706100e-01
6.094901557222651700e-01
5.938744981699670689e-01
6.857577001874656242e-01
6.116642058374166524e-01
6.107786243907894486e-01
5.877459812040475295e-01
6.405259262233224948e-01
5.892775581544550390e-01
5.985300384795779749e-01
5.874343412658850072e-01
6.404136570398740735e-01
5.862324198994993685e-01
6.442807140472976979e-01
5.862766835631540996e-01
6.752809176045199147e-01
5.880214562934364952e-01
5.784298795566431561e-01
5.780418073821989022e-01
5.908980812004642758e-01
5.807310096633785390e-01
5.895693247534716797e-01
5.778620257331645860e-01
5.892564605864508698e-01
5.819700652191875934e-01
6.106635673502159856e-01
5.977509644529377386e-01
6.195510304320992478e-01
5.778761727861860820e-01
7.658190351977851584e-01
5.778620257331646970e-01
7.095265215821191518e-01
5.778620257331646970e-01
6.302644385463468391e-01
5.778620257331645860e-01
6.670305870595021336e-01
5.778192616692716665e-01
6.688256414307212072e-01
5.800490428880739069e-01
6.736140146388931438e-01
5.778889440728303128e-01
6.752008730629504019e-01
5.848396939078431833e-01
6.438721214167466567e-01
5.778192616692713335e-01
5.916639172784846634e-01
5.778192616692713335e-01
5.765506846233695581e-01
5.765506846233696692e-01
5.833804008210008440e-01
5.765506846233696692e-01
5.855500293994806427e-01
5.765506846233695581e-01
5.894735774190313915e-01
5.765506846233695581e-01
5.982449604805699650e-01
5.765506846233696692e-01
6.292072739690273142e-01
5.873665187953303057e-01
6.666648564975219404e-01
5.706934238302293627e-01
6.366143425779574594e-01
6.199877052142874767e-01
7.588379193559189329e-01
5.928634980421252365e-01
6.017527897861704167e-01
5.947315411508952154e-01
5.826094431168346022e-01
5.726545600320699370e-01
5.849038938284639721e-01
5.703592813436288989e-01
5.762187708923599549e-01
5.705123444260579157e-01
6.229473961816643923e-01
5.526011617842149226e-01
6.206638568133118206e-01
5.647441763980550755e-01
6.921560004042148773e-01
5.532437669052198137e-01
6.253666178509262874e-01
5.532561883507891576e-01
6.003708806544840737e-01
5.534764295589578165e-01
5.842741314214701109e-01
5.549707196082845906e-01
5.589513781379615853e-01
5.528730427213840448e-01
5.558282440100347221e-01
5.500600016804152448e-01
5.700998034262958480e-01
5.498213276327640342e-01
5.601189046528497473e-01
5.502362651155416895e-01
5.509898301752029770e-01
5.548595492284182917e-01
5.548375954295570178e-01
5.587582351937373515e-01
6.173342006665549775e-01
5.508810182285758250e-01
6.736685356449498840e-01
5.604553186264086273e-01
5.930810954614283981e-01
5.547424437754269189e-01
6.009404984454245202e-01
5.528110145680880105e-01
5.748715191683664294e-01
5.552346094950723066e-01
5.537293253178899866e-01
5.498956819479786651e-01
5.478741838063676539e-01
5.343733472435922005e-01
5.563559030950878670e-01
5.290822294789094826e-01
5.448621841899558005e-01
5.539183718600201312e-01
5.293553741116182598e-01
5.401950578581785622e-01
5.292397732557893031e-01
5.336559537813303500e-01
5.289338999748809389e-01
5.313211569496862907e-01
5.289558233899960271e-01
5.293028569524228510e-01
5.289389580629059173e-01
5.403985609799027978e-01
5.289452395805668283e-01
5.352900446076676033e-01
5.289821097164887354e-01
5.895716211900666748e-01
5.291443604056732530e-01
5.554904949413931314e-01
5.289338999748809389e-01
5.311910292554545832e-01
5.289473129290720443e-01
5.307548776307372540e-01
5.300183580580103415e-01
5.305531952110091876e-01
5.255238816756687692e-01
5.484733422062998409e-01
5.289480353319836459e-01
5.295534917173068123e-01
5.253617648878394775e-01
4.735362371601825049e-01
4.717991879972858738e-01
4.672088431910824680e-01
4.617151256414335769e-01
4.646264631597671335e-01
4.765824113092451131e-01
4.615730782470106597e-01
4.606048764166533749e-01
4.606065120062677876e-01
4.586812229465054291e-01
4.573068808775032634e-01
4.633952448230067023e-01
4.594686435137869118e-01
4.762745231072061380e-01
4.631025537778112322e-01
4.276883859595520532e-01
4.283983737697833472e-01
4.466816511465533379e-01
4.282834553531653654e-01
4.429090095631293411e-01
4.265474315005389205e-01
4.488806345321444957e-01
4.292725193713653464e-01
4.384117446141178043e-01
4.245592734712493876e-01
4.263926093051689237e-01
4.249588958775309955e-01
4.550081436715663341e-01
4.258515116296554548e-01
4.425362422213895974e-01
4.242920495401825143e-01
4.292966616672986846e-01
4.244524513711296909e-01
4.233003163369176702e-01
4.226801486852319045e-01
4.201622355312386037e-01
4.213659949149046180e-01
4.328498814964177877e-01
4.229079084155805135e-01
4.206176928538717386e-01
4.201696897141265485e-01
4.211682029307609043e-01
4.196628975477226242e-01
4.199261655212357391e-01
4.191086777328226209e-01
4.195886216526346080e-01
4.251648379947469691e-01
4.497011013111668065e-01
4.283185874467416165e-01
4.395532484531261552e-01
4.190252294496236152e-01
4.307736843024916329e-01
4.200633767840097899e-01
4.454440587541108054e-01
4.175610867018990091e-01
4.264473650890097112e-01
4.175086353732916922e-01
4.347322506815162746e-01
4.173958364404273813e-01
4.280174637945875493e-01
4.177097070993802674e-01
4.200504173659739826e-01
4.168190324149989578e-01
4.194359810815450618e-01
4.160288407274577160e-01
4.354132207055290138e-01
4.161007910477344529e-01
4.181539014684790834e-01
4.159647490269181014e-01
4.167639099516078915e-01
4.160564792769030906e-01
4.162397882773907765e-01
4.160228311981842286e-01
4.165024681745179702e-01
4.159488515372296025e-01
4.169777948217056052e-01
4.173248196894169815e-01
4.580424705060637258e-01
4.129966554121699551e-01
4.340458522328050073e-01
4.180220607981058878e-01
4.311615775620922797e-01
4.135956663980047132e-01
4.204409572138907980e-01
4.167251192504238810e-01
4.217268129916608710e-01
4.128972946034154545e-01
4.252316691364063650e-01
4.139116006396956204e-01
4.255516138321158159e-01
4.128995116071573768e-01
4.188982096454743065e-01
4.124711769742258616e-01
4.626444593531467975e-01
4.132676189411538803e-01
4.308529570782565488e-01
4.164259296903779495e-01
4.336591712101453555e-01
4.149659121839464615e-01
4.293950079912248752e-01
4.127042964132637271e-01
4.144881813956055594e-01
4.120880967485393565e-01
4.183754472041737449e-01
4.130443823957662408e-01
4.174169112957148986e-01
4.124085750568625697e-01
4.142560385757311781e-01
4.094972300945061705e-01
4.057459527233284735e-01
4.059577827862637656e-01
4.056003962723951917e-01
4.061434424872284454e-01
4.182901658505327469e-01
4.061128672904511516e-01
4.402465414176340852e-01
4.087032758270028876e-01
4.237867944602713988e-01
4.112801434858812111e-01
4.187861966612643760e-01
4.133356279087072038e-01
4.200277100572195055e-01
4.111322301031870574e-01
4.173429182891204015e-01
4.057225078419459674e-01
4.092699347639832119e-01
4.052442866040117941e-01
4.194034481321878838e-01
4.167940605174997870e-01
4.265622686826737731e-01
4.040425151650169910e-01
4.126962217099883201e-01
4.138469799281593309e-01
4.184729715544160400e-01
4.042829314834611720e-01
4.307961620341194675e-01
4.063671535655266620e-01
4.209265600818290487e-01
4.042234353459196461e-01
4.205405456099538530e-01
4.049125303321484126e-01
4.101552282956548168e-01
4.048311738331089593e-01
4.114907874352703443e-01
4.041663709231202994e-01
4.212273998648323747e-01
4.047539804846571054e-01
4.118715461915578580e-01
4.049362242656946442e-01
4.062388651998773970e-01
4.039145473391625996e-01
4.425718455706923460e-01
4.037964250015526058e-01
4.230230637298990626e-01
4.038249239545430025e-01
4.194751208397270448e-01
4.036322107086112720e-01
4.188430426433135123e-01
4.041985570515737036e-01
4.081710277981033808e-01
4.033039566783154783e-01
4.058128706226962201e-01
4.031462458565767126e-01
4.058411406962215695e-01
4.029853760353711012e-01
4.189814043766328377e-01
4.028648120900488738e-01
4.075061733448713808e-01
4.028204439462100828e-01
4.209998643145057007e-01
4.027900383847880517e-01
4.242304499302627652e-01
4.027935762650563523e-01
4.043621362048416823e-01
4.029146610887090474e-01
4.147780839752360227e-01
4.027767958614601462e-01
4.131415330425119992e-01
4.057702468960330267e-01
4.088238573849142243e-01
4.081420746986522130e-01
4.058373925544007665e-01
4.029524882470768010e-01
4.045217918222839826e-01
4.030027746407232603e-01
4.063433916301032456e-01
4.058685240667422311e-01
4.120944409634755834e-01
4.050049886759876649e-01
4.160434409904522624e-01
4.076179677712362115e-01
4.182758298518662876e-01
4.057461046780033165e-01
4.138338201559363938e-01
4.069596087261316275e-01
4.082468433641864847e-01
4.023252570391216976e-01
4.139327421729293577e-01
4.022130644588839954e-01
4.139562633329458841e-01
4.028960705630640349e-01
4.039292292924963057e-01
4.067989101783305306e-01
4.163433960742508044e-01
4.034438943731548655e-01
4.072008118972400559e-01
4.068096328220353053e-01
4.045471847629701356e-01
4.052053748196909333e-01
3.994133598335946611e-01
4.050592217107983894e-01
4.004260847739138929e-01
4.034002846329147740e-01
3.992448336210618898e-01
4.028981069796829240e-01
4.001483720701051738e-01
4.024565820806472738e-01
3.986818734384848240e-01
4.016206327597369174e-01
3.998189344032723191e-01
4.002020202474126376e-01
3.978067049287552504e-01
4.061989574904846800e-01
3.977811835284115749e-01
4.068846444531059592e-01
3.981309012459106622e-01
4.003395941727481699e-01
3.980536724758926281e-01
4.046643766514474994e-01
3.969137728620152905e-01
3.970529563495923675e-01
3.968982265769670503e-01
3.976192797558451564e-01
3.963888237862229214e-01
3.976752394767410492e-01
3.965277048960763051e-01
3.991230299930367265e-01
3.968437204430508292e-01
3.974559051093337070e-01
3.963844931830478591e-01
3.974271168517538588e-01
3.962273471377682488e-01
3.958889236638820641e-01
3.959104219648001965e-01
3.955682326081330080e-01
3.956439035434595741e-01
4.022112981632849915e-01
3.957253827483386277e-01
3.969717729430982667e-01
3.955017843036655045e-01
3.979846313917054790e-01
3.961220799231633949e-01
3.975639310212318867e-01
3.958683430949750393e-01
4.024070770267619279e-01
3.966938203554868370e-01
3.962625950899199556e-01
3.951075551892785365e-01
3.947040452671027322e-01
3.952151226793175764e-01
4.008109530523312758e-01
3.951438281535850638e-01
3.921624170738994275e-01
3.921628816727813494e-01
3.938858441207849781e-01
3.922373061668312788e-01
3.926372947960809490e-01
3.922325246345191863e-01
3.918281458541185147e-01
3.913038600117162424e-01
3.936726326861849645e-01
3.889505969817331210e-01
3.879783422824430450e-01
3.887931653899104889e-01
3.894361170839496511e-01
3.888852867537864744e-01
3.903004367157523746e-01
3.879341294908240645e-01
3.910551571268206517e-01
3.888406122933305009e-01
3.931035743776205016e-01
3.874776271780067116e-01
3.889434943272234158e-01
3.873222673809512129e-01
3.876222839925057007e-01
3.873855489041120315e-01
3.922589322189340977e-01
3.879043228640936536e-01
3.898076369734520541e-01
3.929439939723546882e-01
3.929705552630223253e-01
3.878839402679439274e-01
3.888989835566555309e-01
3.851521129678751043e-01
3.880807851892004168e-01
3.872662292197487921e-01
3.895896420792259174e-01
3.830733796234750410e-01
3.861074546784483696e-01
3.833856826194320111e-01
3.848586042561250031e-01
3.858465042118305321e-01
3.829814234141988294e-01
3.875193445174811568e-01
3.833910056378015407e-01
3.854689010658037263e-01
3.841069395539313813e-01
3.828835372434506445e-01
3.839167628953918943e-01
3.822281301239511264e-01
3.830521893391528043e-01
3.832662029916010238e-01
3.843843189375920621e-01
3.820973353294738750e-01
3.831106486459426863e-01
3.824213757994537333e-01
3.824806384726327502e-01
3.818488609807084155e-01
3.865656183927154710e-01
3.816859085600834978e-01
3.804871658780731303e-01
3.819232666733143322e-01
3.832602422865244995e-01
3.813391402774629624e-01
3.788924009082287880e-01
3.795865133900709343e-01
3.796194561258086075e-01
3.783867113299400620e-01
3.782906709325499772e-01
3.783797862260339095e-01
3.814272461712636120e-01
3.805462855063670990e-01
3.815125856756357292e-01
3.782368819167170049e-01
3.795780296423660327e-01
3.783796740180089824e-01
3.802218570564925848e-01
3.791520073494811238e-01
3.791931698312455135e-01
3.780819946949519617e-01
3.812074363999353177e-01
3.782994094771065519e-01
3.791034140217420800e-01
3.780429130495842616e-01
3.790115942165767637e-01
3.783125937598684208e-01
3.824758394580664578e-01
3.779732297208053815e-01
3.781881299484160519e-01
3.792605132216373409e-01
3.798928146925670268e-01
3.823771296438898126e-01
3.834505150678789720e-01
3.790282943253390768e-01
3.800162926430742938e-01
3.756802432000517777e-01
3.763366810538838481e-01
3.771645456509748473e-01
3.765153569529039457e-01
3.759796494988502658e-01
3.783452594602740859e-01
3.814047952800219132e-01
3.770853792973478669e-01
3.773054892796730009e-01
3.731360182783493018e-01
3.746582789316577067e-01
3.748659134655482617e-01
3.747740599936717487e-01
3.756196327535334389e-01
3.740630911876054454e-01
3.765509747987714206e-01
3.738537832556986795e-01
3.776815223268833455e-01
3.730423577428568782e-01
3.754504480605557193e-01
3.734343256005731582e-01
3.731782634750250849e-01
3.735524577461514228e-01
3.744958759153796946e-01
3.728467931910635080e-01
3.736631674978002637e-01
3.738129200183452072e-01
3.736181355925937142e-01
3.734163266631767009e-01
3.731274206169530872e-01
3.742579816496081624e-01
3.757998819835125515e-01
3.725282819778376608e-01
3.767520937250739554e-01
3.724710026924402118e-01
3.735294075680982151e-01
3.736172357230361785e-01
3.734624924844722749e-01
3.723185194862849157e-01
3.737212973620017142e-01
3.721551950229485262e-01
3.726733426713873532e-01
3.706972553813968618e-01
3.739497881496594012e-01
3.704380219683962028e-01
3.716672906707735313e-01
3.712109631147256228e-01
3.735249622993728202e-01
3.706350113508187771e-01
3.708198361033973045e-01
3.712238783444564705e-01
3.742403930941468060e-01
3.706921446037406698e-01
3.701539040493373456e-01
3.696615011747948487e-01
3.725197455524303369e-01
3.706027153910723682e-01
3.740382142802334275e-01
3.702858650358737402e-01
3.712796152811815853e-01
3.696528486756207599e-01
3.728272531731077755e-01
3.696883674562129185e-01
3.738400313625248050e-01
3.704522347386015046e-01
3.705038683816214151e-01
3.697611805174093047e-01
3.696387449040178796e-01
3.696298932921961433e-01
3.719180675826462279e-01
3.708394040116238521e-01
3.705918343137484250e-01
3.699999375282028713e-01
3.694907466581598965e-01
3.686279606606532866e-01
3.682140932981355919e-01
3.681849133195906343e-01
3.734969459030230698e-01
3.680248024194921475e-01
3.673501215975185086e-01
3.673238477055317808e-01
3.877432727655388267e-01
3.677333122417567601e-01
3.687740063248801103e-01
3.675903915631537622e-01
3.657927780892190062e-01
3.668878626582293689e-01
3.672510733477759026e-01
3.700736303596777188e-01
3.677518992239206530e-01
3.676298221423643930e-01
3.669488664038627057e-01
3.659063444739736881e-01
3.683477270129618120e-01
3.671766319378634846e-01
3.689054791690787871e-01
3.653925590499571552e-01
3.687907155855548735e-01
3.651853354933515816e-01
3.658348542890417221e-01
3.652366215280157258e-01
3.671896420983650211e-01
3.661230762845553710e-01
3.661648003318724309e-01
3.652977779140193504e-01
3.649540437369257484e-01
3.648119602351216351e-01
3.698080697288849139e-01
3.646763734385877753e-01
3.679641647263053317e-01
3.650219996670158729e-01
3.653304383558947932e-01
3.652171665474835960e-01
3.653660674782227002e-01
3.653579324537455930e-01
3.703891195423288929e-01
3.647815380506920224e-01
3.639177120988598135e-01
3.647661458316281413e-01
3.640982531620709506e-01
3.638989385265881116e-01
3.643995116026984560e-01
3.630981984353704450e-01
3.633486211531846144e-01
3.650834881984579838e-01
3.699905961348411432e-01
3.632273584136189726e-01
3.628699263051847757e-01
3.633048568541749623e-01
3.654145875086267092e-01
3.635606979879092426e-01
3.658631071120464484e-01
3.622868947258545136e-01
3.630633231481835144e-01
3.641210123946248545e-01
3.646269011411013006e-01
3.628894792100966216e-01
3.638141705458896591e-01
3.628661464201421993e-01
3.633848317802561012e-01
3.624163162539782990e-01
3.644941455591069190e-01
3.621933648814116280e-01
3.607118586492485401e-01
3.605296375323628899e-01
3.590037914980329092e-01
3.591041004464988751e-01
3.613731186553259533e-01
3.591220014503784808e-01
3.597727218516170167e-01
3.594952466909188682e-01
3.603050915860348535e-01
3.583513283924864568e-01
3.596261732501538355e-01
3.582684467351289204e-01
3.677080925745940809e-01
3.585792294567265448e-01
3.609736714884029252e-01
3.589476218649350070e-01
3.597128519388369527e-01
3.584322930947780317e-01
3.598181020426688970e-01
3.581696621649529400e-01
3.635363996592376745e-01
3.579294493851016279e-01
3.601268308471696211e-01
3.576733783885027163e-01
3.563420470199779588e-01
3.554884766609134328e-01
3.626536332985899613e-01
3.593948732735195439e-01
3.539712082523809311e-01
3.563310509261816139e-01
3.670320701177466338e-01
3.543666954458894458e-01
3.555870131137440771e-01
3.555099748230277634e-01
3.556361773776358648e-01
3.540734646012205777e-01
3.563589922324685300e-01
3.550623297712370841e-01
3.553999704192645215e-01
3.538601906568207833e-01
3.541020950409804469e-01
3.537368322840468982e-01
3.575182003538909248e-01
3.533397258586434275e-01
3.528161417871366057e-01
3.530931242847364371e-01
3.534528641004073823e-01
3.528733062133911913e-01
3.550618604551410984e-01
3.537359682656465165e-01
3.531613787545074268e-01
3.525860003228704631e-01
3.537707028177433655e-01
3.515560497128242812e-01
3.560619236365183404e-01
3.521853751425063628e-01
3.533585536639302638e-01
3.520784123033635082e-01
3.550484633118505817e-01
3.516465052204916786e-01
3.531968593845294380e-01
3.525815382003061882e-01
3.522407956396775841e-01
3.513629070065954485e-01
3.553219940217374750e-01
3.524930567976419238e-01
3.525801123011196303e-01
3.515282787557633126e-01
3.525647900313274574e-01
3.518277885384689108e-01
3.530144833770180179e-01
3.521617042216599880e-01
3.554224151623771033e-01
3.524418903905420231e-01
3.543153709628242276e-01
3.518818688476835765e-01
3.524828231485537811e-01
3.514292800273490780e-01
3.566471110012740531e-01
3.514910952328734739e-01
3.555616982175371921e-01
3.512209948407868376e-01
3.520823513546483263e-01
3.531584752785907333e-01
3.543056369351023083e-01
3.510911999697718389e-01
3.533454147135557943e-01
3.529422842192668774e-01
3.532767317321378608e-01
3.508198031344256784e-01
3.525844863141401886e-01
3.510116530098940091e-01
3.559922695413155203e-01
3.515212196584033277e-01
3.610952841877124730e-01
3.520291632684625638e-01
3.539923732273828061e-01
3.505501161691981782e-01
3.508120725777700288e-01
3.506355274254524534e-01
3.540567530136140562e-01
3.512859970659408804e-01
3.550964294680237221e-01
3.504905578032356805e-01
3.546723603694982296e-01
3.509415785070513216e-01
3.609562902694610775e-01
3.505473773095821310e-01
3.511241383672593086e-01
3.511434896168377229e-01
3.513101827752139750e-01
3.517768628036642697e-01
3.493191460133970305e-01
3.503288949378811634e-01
3.546387094458897660e-01
3.504415127776049910e-01
3.519311699364019996e-01
3.490471641205804554e-01
3.515352792480189725e-01
3.499948123656696497e-01
3.484445517696538319e-01
3.486242446422361252e-01
3.483793654727582734e-01
3.491332996162316848e-01
3.498125203565139452e-01
3.493031593437012639e-01
3.516631992772172866e-01
3.516345391196433745e-01
3.533336175430485393e-01
3.512333867611960869e-01
3.472660835182057593e-01
3.473970240760581585e-01
3.523378222254868741e-01
3.505438190139607002e-01
3.468979460174781981e-01
3.487350842543814333e-01
3.505525323382362446e-01
3.465561867848451216e-01
3.486282119875580565e-01
3.466559854381583428e-01
3.500075396942607941e-01
3.466467061764429980e-01
3.471658645147531197e-01
3.468069375852048664e-01
3.510674979837599130e-01
3.467796022205475448e-01
3.530467283798235378e-01
3.477793768848892464e-01
3.462528625339934552e-01
3.458826599755556175e-01
3.468962423928955152e-01
3.458092191211433741e-01
3.478161043536420749e-01
3.464233705477460790e-01
3.465566980585776946e-01
3.470645730412355578e-01
3.488598613831177531e-01
3.442496239183580053e-01
3.461268365435632433e-01
3.439966207088113737e-01
3.475004244033796930e-01
3.435671134886751354e-01
3.515429654773707391e-01
3.436899491114536742e-01
3.465824097443177543e-01
3.439250351365570890e-01
3.422330827096649597e-01
3.430166172476369346e-01
3.440527627160656077e-01
3.421902533096809473e-01
3.451063531526777362e-01
3.422529739549821093e-01
3.450356392808806016e-01
3.418166954639983990e-01
3.460204271571891144e-01
3.426891641190098481e-01
3.444520106029648754e-01
3.421571701651477393e-01
3.464368480701044417e-01
3.427577439599709397e-01
3.433633073493488896e-01
3.425250399985819705e-01
3.450960202208039340e-01
3.422365022718460437e-01
3.411285770112966742e-01
3.416374950081103590e-01
3.415834333669936496e-01
3.401891176009688711e-01
3.483950381858672007e-01
3.410635155626008386e-01
3.418928340713116576e-01
3.405844077457777508e-01
3.439008847896428689e-01
3.408443129674076921e-01
3.429192974884384126e-01
3.404747849900837120e-01
3.416593142315431098e-01
3.407752868997162010e-01
3.414955601864108070e-01
3.396630709172797635e-01
3.401891415092263560e-01
3.395721088108787367e-01
3.421617737780688340e-01
3.410557691848787876e-01
3.453970740732459910e-01
3.396775098978492835e-01
3.405835461964742406e-01
3.391027599225532874e-01
3.416368603675394300e-01
3.392781620585789137e-01
3.437670137561746886e-01
3.380714609543694071e-01
3.385611270777114656e-01
3.399225344625284029e-01
3.399749259125041112e-01
3.386008709007338191e-01
3.390292595225148364e-01
3.389727631031610455e-01
3.398121999640110191e-01
3.378577999437294421e-01
3.417370251439257878e-01
3.384739347080230609e-01
3.389455919620981694e-01
3.377828923285421392e-01
3.379403425781998815e-01
3.375891418468417449e-01
3.398153354110745594e-01
3.374203302755872658e-01
3.387819255390128181e-01
3.400908893877456762e-01
3.397897103333258895e-01
3.373774112118731461e-01
3.391462366863250977e-01
3.386905915476794426e-01
3.427140772429145277e-01
3.371710206604474624e-01
3.452522733023963841e-01
3.373192548319836059e-01
3.396312727285101807e-01
3.368466334090330916e-01
3.440123646087377418e-01
3.372922486408099774e-01
3.386017233980445629e-01
3.376233758196676704e-01
3.442801119023686796e-01
3.379972522318515638e-01
3.366374902708295092e-01
3.371361944296940027e-01
3.434034731785528538e-01
3.377368904646977366e-01
3.383211346827493249e-01
3.368138359567152129e-01
3.375890287013734725e-01
3.370823487139665287e-01
3.372568378812463852e-01
3.367839069187827383e-01
3.396531979273775259e-01
3.366073451366828340e-01
3.371370278651859564e-01
3.367577733831692011e-01
3.389576480836417050e-01
3.373137378359872263e-01
3.404643674209083537e-01
3.365090201794304070e-01
3.413059642759542767e-01
3.366892751879445034e-01
3.367785830166314942e-01
3.380530613535748796e-01
3.381048442217964856e-01
3.367717407851422706e-01
3.389956908078328723e-01
3.367167874366800429e-01
3.359930715104345600e-01
3.364198185557548682e-01
3.376526376245923555e-01
3.360887397296946633e-01
3.382992960444300978e-01
3.361036446045814752e-01
3.381828215681189631e-01
3.367464889425071384e-01
3.378722714042035613e-01
3.355759317279776721e-01
3.371135102908556780e-01
3.359856245609743608e-01
3.383226949618884372e-01
3.364728384154672680e-01
3.359545219711530528e-01
3.374223741494163376e-01
3.396122366527470904e-01
3.358845369832501593e-01
3.431369259373283631e-01
3.356153656010670283e-01
3.359229137041713220e-01
3.370855809996075036e-01
3.360514031783608524e-01
3.356307718557007824e-01
3.375755701456860103e-01
3.355115864693226091e-01
3.414580727541950411e-01
3.353701152626223925e-01
3.391762284193466925e-01
3.356137162530538065e-01
3.371682289490100515e-01
3.356386277632537052e-01
3.415794497251970485e-01
3.349906694202199331e-01
3.381081756907584057e-01
3.352296195838924686e-01
3.362251243888159102e-01
3.351147495701875534e-01
3.387709617571011966e-01
3.356575479595203526e-01
3.418735994064352468e-01
3.346031321348520438e-01
3.374642994679396546e-01
3.353062582457477236e-01
3.363719139611032749e-01
3.350914347786118630e-01
3.365624461700784664e-01
3.354808129101518044e-01
3.364066001764938196e-01
3.367214090232796275e-01
3.386317113867549633e-01
3.346542515178327903e-01
3.349377685558155293e-01
3.350899822358598401e-01
3.356525451314838482e-01
3.350504061431204827e-01
3.347258854218465585e-01
3.346106067125047545e-01
3.365232267337667227e-01
3.343868556229920852e-01
3.350964771345043003e-01
3.348992699643986160e-01
3.360613349168602992e-01
3.362570816044049282e-01
3.370098198179843907e-01
3.351693297878895472e-01
3.355221602388064328e-01
3.347316932811232881e-01
3.349131661193990861e-01
3.352126988739304037e-01
3.346553701675101244e-01
3.346350793231091525e-01
3.343399170168681600e-01
3.345986668198140945e-01
3.344819468832081477e-01
3.351292825090180783e-01
3.345905876823235259e-01
3.345738169038952048e-01
3.346597279435275518e-01
3.351066514671763308e-01
3.350950941554365903e-01
3.349517098466679998e-01
3.345492754739884944e-01
3.351918255592118978e-01
3.343444250909742288e-01
3.344816599420729064e-01
3.340502153180778255e-01
3.352031168933017335e-01
3.341069433359809548e-01
3.347881975658388853e-01
3.340329832448634129e-01
3.352013492530699357e-01
3.338813076934202262e-01
3.350158575728754973e-01
3.338254964194301566e-01
3.340467698016408304e-01
3.338780291343249607e-01
3.336284412852690284e-01
3.334455250924586167e-01
3.338273973448563359e-01
3.337986018422681722e-01
3.342267350345514698e-01
3.335473110545246200e-01
3.349330996899778645e-01
3.332775780172148039e-01
3.338055370178362180e-01
3.334224812033982910e-01
3.340525315318010335e-01
3.333071275426083280e-01
3.343001841980695610e-01
3.330258345551742605e-01
3.332340935573263052e-01
3.329776284985676016e-01
3.332656183872458877e-01
3.328879700212946102e-01
3.327528909172042804e-01
3.326758279865966172e-01
3.330822672102436988e-01
3.326216495749320656e-01
3.337333527287562607e-01
3.325717723545046356e-01
3.331160656158750899e-01
3.322858424850367309e-01
3.319305057853790264e-01
3.317599844357745353e-01
3.311946345867318731e-01
3.310419969553170527e-01
3.320216303450285733e-01
3.307694416044578145e-01
3.305171226888867220e-01
3.305219738511543381e-01
3.303435803945409255e-01
3.304598908336062180e-01
3.313940155552356770e-01
3.306674959245202716e-01
3.304035268176336859e-01
3.304987594188003586e-01
3.305180062792533735e-01
3.308269062128968985e-01
3.305357418618581899e-01
3.305680145756668686e-01
3.312109805553430930e-01
3.304694487497977784e-01
3.305412748901662146e-01
3.302587578737726237e-01
3.302828980407137571e-01
3.301095677020757235e-01
3.311319142438096108e-01
3.300456564602272658e-01
3.307766116727323125e-01
3.301404589989540561e-01
3.303448368777329169e-01
3.304452509574455910e-01
3.303289451193243131e-01
3.302722565765291995e-01
3.308043272704120907e-01
3.300481934255102834e-01
3.305006894419818542e-01
3.303574615808927417e-01
3.309265987497532202e-01
3.298901578155220005e-01
3.315997383765305617e-01
3.297255309612279195e-01
3.301767082336882764e-01
3.297655113709361818e-01
3.302340020054400638e-01
3.298987393823640812e-01
3.308129227894620605e-01
3.296924849785429212e-01
3.299999517517165915e-01
3.300154863750973666e-01
3.301123752689126278e-01
3.300724244454108502e-01
3.295398083955133894e-01
3.295072376974881867e-01
3.304843776764344598e-01
3.303613631897540093e-01
3.292745617215983578e-01
3.296303653927524224e-01
3.304195460692078146e-01
3.302300356781754376e-01
3.293459695211171656e-01
3.293539967638730581e-01
3.303317874030970991e-01
3.297551878795993430e-01
3.292365799262622073e-01
3.292337011851484974e-01
3.294462436423687968e-01
3.292742053655796086e-01
3.300530529425484971e-01
3.293175373438962383e-01
3.300792086806564329e-01
3.290878285195975583e-01
3.297165012459430389e-01
3.295469931055065582e-01
3.290330603451500080e-01
3.291322609910053432e-01
3.301827466989372128e-01
3.294331067977335770e-01
3.287290840682667858e-01
3.291937980164060251e-01
3.306656503205867570e-01
3.291307160818045530e-01
3.286673435540928834e-01
3.288077302883111175e-01
3.294594393263027277e-01
3.288681312077954555e-01
3.294154695634040619e-01
3.290558893596888246e-01
3.296532079616688593e-01
3.284104052628304959e-01
3.287484689686323569e-01
3.283538952451873771e-01
3.290312893286904128e-01
3.281398260237617381e-01
3.285020340848998077e-01
3.280238854119131853e-01
3.297209745693309157e-01
3.284270525605131330e-01
3.287253767846032848e-01
3.279267834080719646e-01
3.289580221207667465e-01
3.279661603604922537e-01
3.277149053677640422e-01
3.275394377503507148e-01
3.279683360969465333e-01
3.277864347532422618e-01
3.276935901987821920e-01
3.274877061493144392e-01
3.283553134571134957e-01
3.276425126549728506e-01
3.270742627090723609e-01
3.271460300243602126e-01
3.288561011651822685e-01
3.272395623264648945e-01
3.271882558674004127e-01
3.273311268902828197e-01
3.273443791310544082e-01
3.270053063023730111e-01
3.272949077242591209e-01
3.275073181563524227e-01
3.272336389303182047e-01
3.267092306525437029e-01
3.272739430576513397e-01
3.268445567643573635e-01
3.269276370828855804e-01
3.266969376189271523e-01
3.271144361902657560e-01
3.266203535950403247e-01
3.271169323702751153e-01
3.265966228608102040e-01
3.270816987192215475e-01
3.268287917039541246e-01
3.281592267144479158e-01
3.268538506228174101e-01
3.274472667320088570e-01
3.268377349249473318e-01
3.284525364183942808e-01
3.269490083767697119e-01
3.274708949577621597e-01
3.269439842987622580e-01
3.275433681722677015e-01
3.269733440854690754e-01
3.266985362030817575e-01
3.267086305552315273e-01
3.274058437825266843e-01
3.268654268901666771e-01
3.267884286658800375e-01
3.266983273480600913e-01
3.268450624539495641e-01
3.266892470361130729e-01
3.275409964625326520e-01
3.264134580971743138e-01
3.271800119909937243e-01
3.264492087102504048e-01
3.273244082273797373e-01
3.265974408695161979e-01
3.271061542075217043e-01
3.267606688368955847e-01
3.267892369712296907e-01
3.263425592915076279e-01
3.268870874403971838e-01
3.264359392921217795e-01
3.272024968801804934e-01
3.263589930720041665e-01
3.264897393437988238e-01
3.263506363303071978e-01
3.272744639063931982e-01
3.265913254686162448e-01
3.266638620548160121e-01
3.266565930605206391e-01
3.263363338242680767e-01
3.263541560529406027e-01
3.261911129092582851e-01
3.261710022164983624e-01
3.259740064960509609e-01
3.258773821901968515e-01
3.268640816537149441e-01
3.258397695290445317e-01
3.266638045430751425e-01
3.263063044474818208e-01
3.262984946388096108e-01
3.259340795868372886e-01
3.263369452860939712e-01
3.258685137768181361e-01
3.266489450222651025e-01
3.255433984068363817e-01
3.265208199396879007e-01
3.257582485857563603e-01
3.255946446288872642e-01
3.263317522056412012e-01
3.258915199704360277e-01
3.259524814890724098e-01
3.256315925440823045e-01
3.258443062176762939e-01
3.254499973962213799e-01
3.254846691240882994e-01
3.252726017256740709e-01
3.256538268085270027e-01
3.251129824795758738e-01
3.253374415455233537e-01
3.250940130550295515e-01
3.255485305625293035e-01
3.263835701322799765e-01
3.257465494489543145e-01
3.259207227065551438e-01
3.251086664904470624e-01
3.254847588624587562e-01
3.252263597445150256e-01
3.256075328861653961e-01
3.250940984103942166e-01
3.248098189711396966e-01
3.249444487129432568e-01
3.249246830275945852e-01
3.249048449886501877e-01
3.258206372492660763e-01
3.248683314353451035e-01
3.253398392199258193e-01
3.252070386808687541e-01
3.246291237088527737e-01
3.245972597870836474e-01
3.255129010485796059e-01
3.245505024905747660e-01
3.245606471027616124e-01
3.248316880965834152e-01
3.243599061136086537e-01
3.245706835104466004e-01
3.251347195055075967e-01
3.246267679741779988e-01
3.242329038570298527e-01
3.245725627400426472e-01
3.247036507355777757e-01
3.246276979575080102e-01
3.250967359465809503e-01
3.241941334965770527e-01
3.242824850203772091e-01
3.242817510215750265e-01
3.253304987180435370e-01
3.241289280265958750e-01
3.250528226608825344e-01
3.241044753400102452e-01
3.249195946134614266e-01
3.239379237169577319e-01
3.254581615748857182e-01
3.243083096527668574e-01
3.246363265188513259e-01
3.239296128037591482e-01
3.248475685070472130e-01
3.239731358821814622e-01
3.238642473984583714e-01
3.239554277810916538e-01
3.239060608191074442e-01
3.236791237954907974e-01
3.237896128560231457e-01
3.238283199120361999e-01
3.240010115186685580e-01
3.235767658239772637e-01
3.242051967691675918e-01
3.237386094925169822e-01
3.241001607889749114e-01
3.239548769087690072e-01
3.243822205876433773e-01
3.237300250649920996e-01
3.247915193813988854e-01
3.236485709753453288e-01
3.246692162068528509e-01
3.237045339073191808e-01
3.239126353407536518e-01
3.242645648583063478e-01
3.236710111209675778e-01
3.239525550683574617e-01
3.243033592072542826e-01
3.238261339151267126e-01
3.240702986886048187e-01
3.237531337249308638e-01
3.246853582184769937e-01
3.235665998257790665e-01
3.247788115115518570e-01
3.239076281519813194e-01
3.235257343889194614e-01
3.238239070275903408e-01
3.242304345247163377e-01
3.241014785588703928e-01
3.247049632252564932e-01
3.236010817837585707e-01
3.240875567703804805e-01
3.235240733041899741e-01
3.238256260238508988e-01
3.239834205362024377e-01
3.239585637521266714e-01
3.238751361976539567e-01
3.244271410803531430e-01
3.236005464868371706e-01
3.242045387482298535e-01
3.234809279985731423e-01
3.238917409029282157e-01
3.234883076396991020e-01
3.239782826907105506e-01
3.240736143540771108e-01
3.236774047585565528e-01
3.236351892015835174e-01
3.240990374751126502e-01
3.237175796098062386e-01
3.240848133002492970e-01
3.238266617016374860e-01
3.243342054123408702e-01
3.236941359426198650e-01
3.235329216608853753e-01
3.235594348740243875e-01
3.245246205159523223e-01
3.236553257735999556e-01
3.243361418621436010e-01
3.234507451967856273e-01
3.243447698673499469e-01
3.238305711930464792e-01
3.236784570117820503e-01
3.236202981758226072e-01
3.232606560719881172e-01
3.232388044419468032e-01
3.235635613725417747e-01
3.232041392470157426e-01
3.235143142713645670e-01
3.230936966897822726e-01
3.231857649828232537e-01
3.228291095596059757e-01
3.236946202777492010e-01
3.230261290113837225e-01
3.230266952126876756e-01
3.229799972638147665e-01
3.228716590026554090e-01
3.230614209920001922e-01
3.240404691412419047e-01
3.228025684253542638e-01
3.241507096216109107e-01
3.230822522212350445e-01
3.229654288612530122e-01
3.229270033442434018e-01
3.232103419305470404e-01
3.230701031410389557e-01
3.231560333598227364e-01
3.228437070370726580e-01
3.232152838659060334e-01
3.233288771986854160e-01
3.235794709311741180e-01
3.227663854477508809e-01
3.239998125085885583e-01
3.230207708215124263e-01
3.235281597481298177e-01
3.228842075132716816e-01
3.232954063915394194e-01
3.226755706937057822e-01
3.234947828327169317e-01
3.229672884840302793e-01
3.237764895163459111e-01
3.227834330999510004e-01
3.232998112352153952e-01
3.230537474436679934e-01
3.236527489444705474e-01
3.225840172969216546e-01
3.228199204299563863e-01
3.227265869238064577e-01
3.232444510164632634e-01
3.228503688267234106e-01
3.224541619252300206e-01
3.229341373370495649e-01
3.230600713463805396e-01
3.223592233519212980e-01
3.234591737882264728e-01
3.224851360851784254e-01
3.228001905469137789e-01
3.224845866300690700e-01
3.225475040374577995e-01
3.223218152916204060e-01
3.228501947744632505e-01
3.222715326797017665e-01
3.230510099333674945e-01
3.226576934697666932e-01
3.222926248920153225e-01
3.223717999968365167e-01
3.231120117169711814e-01
3.227322606263837157e-01
3.236007696225784436e-01
3.223501115108758364e-01
3.231678129920487752e-01
3.222240589219617091e-01
3.228258162326260172e-01
3.222354568100252448e-01
3.225449438662107426e-01
3.223182790365314854e-01
3.224571944622187103e-01
3.226091551878795260e-01
3.234189435491567344e-01
3.222218255652532504e-01
3.222011327772074107e-01
3.224672553680695830e-01
3.236150800951969053e-01
3.223560373912303656e-01
3.232922791376343086e-01
3.222969864715120591e-01
3.228003435545459543e-01
3.222731537910074051e-01
3.221783992458148171e-01
3.222592412972660192e-01
3.224718409108871531e-01
3.228389073792632402e-01
3.232987817870764391e-01
3.220650981936761248e-01
3.223372644691587796e-01
3.221016979375020406e-01
3.221112370315560303e-01
3.220818374960255914e-01
3.245940520973374932e-01
3.220477602855372212e-01
3.224752244103504806e-01
3.219572541689649792e-01
3.226059491594034379e-01
3.220997089338447639e-01
3.225791833844602330e-01
3.220744282826312199e-01
3.226153675612621896e-01
3.223211443439271129e-01
3.221972669254324906e-01
3.220710604299453772e-01
3.234491058855132328e-01
3.220583631838502825e-01
3.228826496849568350e-01
3.220728276956759117e-01
3.225505022620637208e-01
3.221007698603718383e-01
3.220701446566076598e-01
3.220220220666386024e-01
3.222103028156538818e-01
3.221295853054821912e-01
3.228194313803497972e-01
3.220303491063325474e-01
3.225843412763250706e-01
3.219510741513880170e-01
3.224695452837256782e-01
3.220295950394699291e-01
3.227685058278590979e-01
3.218544276444904040e-01
3.218617728275252055e-01
3.219005408870762586e-01
3.231288570686630668e-01
3.223350566216268698e-01
3.220463773018817366e-01
3.221331970871838535e-01
3.226185615086299419e-01
3.219805232804174300e-01
3.226258572512203937e-01
3.223887968042705721e-01
3.228105058413865969e-01
3.218987122208324392e-01
3.233007124709691427e-01
3.219895675878109986e-01
3.222521476052604972e-01
3.220295661825682276e-01
3.219400855806568984e-01
3.219090596564340157e-01
3.220918744329041017e-01
3.220153411990968051e-01
3.223957900283419553e-01
3.220729003043058536e-01
3.224525653557892002e-01
3.221992048883603466e-01
3.224512402522144994e-01
3.220895334392414600e-01
3.225228672096451255e-01
3.220392067208129872e-01
3.218700831632895221e-01
3.217700274388900494e-01
3.225159038927615240e-01
3.218492508304870436e-01
3.221768972458610714e-01
3.219197216035050713e-01
3.230203219446673990e-01
3.219545543499459095e-01
3.224675706615403037e-01
3.220065355044273714e-01
3.219060940428335460e-01
3.220198437556563431e-01
3.217979233417794793e-01
3.218750179047955018e-01
3.218251187585817186e-01
3.217430687391149569e-01
3.216725848916550667e-01
3.217495158458468230e-01
3.218370813705972444e-01
3.217245497539550914e-01
3.217423165593237266e-01
3.219804773294769884e-01
3.217630136405280061e-01
3.216880052708030457e-01
3.217561022311281049e-01
3.218990868792533377e-01
3.217722954321421414e-01
3.218558575786184539e-01
3.217202289227901191e-01
3.217030714945576242e-01
3.217094712333294915e-01
3.218665047640351107e-01
3.217530548608342200e-01
3.218589864569251224e-01
3.216480602258003363e-01
3.217547817908420482e-01
3.216455666556552462e-01
3.218454861881563933e-01
3.216566745293591989e-01
3.219221458441829387e-01
3.216785260291733506e-01
3.215487914781472445e-01
3.215912805036003075e-01
3.215423619684704137e-01
3.216271727167022143e-01
3.217135146232229514e-01
3.215563508353097566e-01
3.217196365866246133e-01
3.215451141761985210e-01
3.214407946106085934e-01
3.215042255988566633e-01
3.215713460924781719e-01
3.215095989435267088e-01
3.217561426174991301e-01
3.214974044685921517e-01
3.217373058284448972e-01
3.214316075388480853e-01
3.215206876880125075e-01
3.215390382374622713e-01
3.218906114279440067e-01
3.216157187988722965e-01
3.215939238109232767e-01
3.213887420024200137e-01
3.214216096793046096e-01
3.214417059566417878e-01
3.215954866511861465e-01
3.214857912963032249e-01
3.217558295206752184e-01
3.213351426499325147e-01
3.216594363742356077e-01
3.215557097931801001e-01
3.213749364494153937e-01
3.212834656390790578e-01
3.214134662418151045e-01
3.215139273182303636e-01
3.212476662614415779e-01
3.213791171017155723e-01
3.213112022132670331e-01
3.212710537532307287e-01
3.213486440436154612e-01
3.212696974004584649e-01
3.213106689296023055e-01
3.213035928149765574e-01
3.213364588263881716e-01
3.213064246001786084e-01
3.212842601653193575e-01
3.213361134583105350e-01
3.212200910868112103e-01
3.211483114165045727e-01
3.215132565714591273e-01
3.212518036864602244e-01
3.212150901238944312e-01
3.211504135452560305e-01
3.213580287055399221e-01
3.211928289709877760e-01
3.213481859189887269e-01
3.213038775087631027e-01
3.209973661941818435e-01
3.210621989722221015e-01
3.210454290011718337e-01
3.209760857985481941e-01
3.210665197254534142e-01
3.209992164456083041e-01
3.212116500770780259e-01
3.209390064265932874e-01
3.209566466572132959e-01
3.209325582681716305e-01
3.212250387661922391e-01
3.209076384199744947e-01
3.208776581620195190e-01
3.209405209782400514e-01
3.210280978847923627e-01
3.208696542751861558e-01
3.210168912853861856e-01
3.209179691940312051e-01
3.209498892709455875e-01
3.209194551811072049e-01
3.210547380353198088e-01
3.210082517298055160e-01
3.211207703267878188e-01
3.208881603809408678e-01
3.207986027887518854e-01
3.208508916690370194e-01
3.207899239312715922e-01
3.208034874003515280e-01
3.209900146561099343e-01
3.208369598144891754e-01
3.211011987837909532e-01
3.207728172474593742e-01
3.210421301413893813e-01
3.207654034572332002e-01
3.207698532898040078e-01
3.209516328491056059e-01
3.206893622373180319e-01
3.206506491995646524e-01
3.209780427987061202e-01
3.206624801053709062e-01
3.208490752883128572e-01
3.206715736931992633e-01
3.208761601910562478e-01
3.207282694173748672e-01
3.208667182658528350e-01
3.206486660604076500e-01
3.207442024993377716e-01
3.206709859209479485e-01
3.206957839814535971e-01
3.206627983083417677e-01
3.209310481437473439e-01
3.207053254418925081e-01
3.207477171526035842e-01
3.207096286587865497e-01
3.212013486427220399e-01
3.207217536632390731e-01
3.206902364181179466e-01
3.207108899272176350e-01
3.205450776721053274e-01
3.206219888309186916e-01
3.205915947957059808e-01
3.206428347914299648e-01
3.206205332236192196e-01
3.205848893343459238e-01
3.208670128987688441e-01
3.206719194577568599e-01
3.207436657897433374e-01
3.205395565672717328e-01
3.206579446684968970e-01
3.205500095513600378e-01
3.207036519343788306e-01
3.206585780276303699e-01
3.207264804630885480e-01
3.205596787483843135e-01
3.206902261814426058e-01
3.206305809201980273e-01
3.205997012066907903e-01
3.208046479793471017e-01
3.210560364988538917e-01
3.205498372338912993e-01
3.204667485454598119e-01
3.205594319322012664e-01
3.206910825906603146e-01
3.204436040854194978e-01
3.207008972620161158e-01
3.205933379670277694e-01
3.204963711858624942e-01
3.205473116986876092e-01
3.203920672211745257e-01
3.205494422673168531e-01
3.204217106703163842e-01
3.202959644452347265e-01
3.203007631516557874e-01
3.203847297352630519e-01
3.202135688700088467e-01
3.202956763412015961e-01
3.205057173344391663e-01
3.201549303490979215e-01
3.201662839919746095e-01
3.201974199274963406e-01
3.202806032931146962e-01
3.203152508679001365e-01
3.204135764620683058e-01
3.200670276294789729e-01
3.201805939036007631e-01
3.200720197964777025e-01
3.203382281293841727e-01
3.201431674570314745e-01
3.200474461962851680e-01
3.201136119049099449e-01
3.202115632270937651e-01
3.200103340399068630e-01
3.202815048255392982e-01
3.199346378255071288e-01
3.199166755116125693e-01
3.200275291170870950e-01
3.202215719015191753e-01
3.199054931725958117e-01
3.199912366193225499e-01
3.199916549952240841e-01
3.202852413581416258e-01
3.198653994813052681e-01
3.198645839184687811e-01
3.199242908516221062e-01
3.197934933374010358e-01
3.198542131025746138e-01
3.197793296609334202e-01
3.198059214371574699e-01
3.199577957063822198e-01
3.198248607466149807e-01
3.198986687368615689e-01
3.198395586881083719e-01
3.197410814163151871e-01
3.197364209296614801e-01
3.199901406506558410e-01
3.198111148151043248e-01
3.198140354242900996e-01
3.197488135457168257e-01
3.198882377690944745e-01
3.197634104878783745e-01
3.197282574850853765e-01
3.198692578491619809e-01
3.198574311971033590e-01
3.198351584502268086e-01
3.199426549012601706e-01
3.197558056920716818e-01
3.197748936347243887e-01
3.197584332801634566e-01
3.203811670231946906e-01
3.196663201721767211e-01
3.197572234568445970e-01
3.197973752942180892e-01
3.196765617475818000e-01
3.197504052035528566e-01
3.196518137344054322e-01
3.197951455710970059e-01
3.199133763057760427e-01
3.197451060094643194e-01
3.198795416736369690e-01
3.196828327249675583e-01
3.197165689031520874e-01
3.199860092043208537e-01
3.197944042878279047e-01
3.196715907013039648e-01
3.199786191617055020e-01
3.197296227227872101e-01
3.196985839632532911e-01
3.198491647418168493e-01
3.197340736645368220e-01
3.195969440384433535e-01
3.195034567173946072e-01
3.194844415181717356e-01
3.196031934631237692e-01
3.195049294999005030e-01
3.194768221016940357e-01
3.195030101248977350e-01
3.197445014016163656e-01
3.193692807794938360e-01
3.193993133211829871e-01
3.193894105058775468e-01
3.194268361714065474e-01
3.194356079604719345e-01
3.196671463694594761e-01
3.193913073183909379e-01
3.196092553585184737e-01
3.193553525395840254e-01
3.194785606475438189e-01
3.193856011402890771e-01
3.194103820353617063e-01
3.194116466140768940e-01
3.199320108190229495e-01
3.193492256196348578e-01
3.194535596467458771e-01
3.192231557798961838e-01
3.194178470270293557e-01
3.192143636061507417e-01
3.194413472157092704e-01
3.192377762553878506e-01
3.191421738251389861e-01
3.191769970427386638e-01
3.193913809418119643e-01
3.191886612718707883e-01
3.191859136974035116e-01
3.192029172072632370e-01
3.190411756031155122e-01
3.191987280545688921e-01
3.194536620402107507e-01
3.190922144949861483e-01
3.190502864140051242e-01
3.190447425742817811e-01
3.190624710944715003e-01
3.191460381246892242e-01
3.190882374063465088e-01
3.190443603544567686e-01
3.191145292951336199e-01
3.191056898934786501e-01
3.193357999772223899e-01
3.190148399441213867e-01
3.190613681705422588e-01
3.190331055506070435e-01
3.190180322733092155e-01
3.190254549511334914e-01
3.191012110598084317e-01
3.189590010314783952e-01
3.192082434318190276e-01
3.190042581817669753e-01
3.190841892252425094e-01
3.189536765387829265e-01
3.191206597496812902e-01
3.189859269450650014e-01
3.191007582534070575e-01
3.190886922709688656e-01
3.189652696504059470e-01
3.190114678810451188e-01
3.191929845973588975e-01
3.190381337274936224e-01
3.190422491340054734e-01
3.189837319501019341e-01
3.190067100024946423e-01
3.190646042014703698e-01
3.195970553258187241e-01
3.190234343432348796e-01
3.190997769735198220e-01
3.189759581142381784e-01
3.190617126278240123e-01
3.190323095735491110e-01
3.189738568210983005e-01
3.190338579917967876e-01
3.191546350722214709e-01
3.190310184477525013e-01
3.190922098297057086e-01
3.190386540317926012e-01
3.190352704411906215e-01
3.190031657781483010e-01
3.190160342023319884e-01
3.190886763260645798e-01
3.191274597673808278e-01
3.190856839585504146e-01
3.189209492860451967e-01
3.189485586700258613e-01
3.189253555755092173e-01
3.189919597184235345e-01
3.189794273528058777e-01
3.188877597369839667e-01
3.190685726360347196e-01
3.189377698494343383e-01
3.189868651120178478e-01
3.189161457377829301e-01
3.189314632293773211e-01
3.189483601673813173e-01
3.188856564298697127e-01
3.189972573356463226e-01
3.191028899166218902e-01
3.189995668977917420e-01
3.189763433351345823e-01
3.189202107747803883e-01
3.189723784842398713e-01
3.189887764480812127e-01
3.189156654417156789e-01
3.189048430394201827e-01
3.191689551600441765e-01
3.190139932277527568e-01
3.188574754338581174e-01
3.187881933860937655e-01
3.186167672229686665e-01
3.186169000330105749e-01
3.191597398840427813e-01
3.187768853662321655e-01
3.189271634510920106e-01
3.186688428863392319e-01
3.186655924961486197e-01
3.185386707881076584e-01
3.187638193405594733e-01
3.185974595583467295e-01
3.187867252620078529e-01
3.185504784844463977e-01
3.186436096486264247e-01
3.185580998778174688e-01
3.185955774092069093e-01
3.185776250169329860e-01
