1.014197976267354973e+00
1.014111771729032663e+00
1.014002789712785457e+00
1.076754498082847178e+00
1.016929475757117007e+00
1.019295672863419044e+00
8.230286230972105876e-01
8.231432867682619836e-01
8.358481161828301698e-01
8.230286230972105876e-01
8.230286230972105876e-01
8.211093122474212302e-01
8.159696385250246875e-01
8.949266300455077650e-01
8.023621734883418233e-01
8.023621734883418233e-01
8.023392688521946425e-01
8.028472375543571626e-01
8.081151583758040546e-01
8.023392688521946425e-01
8.023392688521947536e-01
8.023392688521946425e-01
8.024035553347614869e-01
7.969253517475481940e-01
8.012705039658554185e-01
8.708665919466166416e-01
7.969253517475481940e-01
7.969253517475481940e-01
7.969253517475481940e-01
7.969253517475481940e-01
7.969253517475481940e-01
8.164760797056409558e-01
9.004863054616857321e-01
7.969253517475481940e-01
7.969253517475481940e-01
7.969253517475481940e-01
7.759490239557758073e-01
7.759490239557759184e-01
7.759490239557759184e-01
1.004672352288450643e+00
7.758292739351074774e-01
7.926772724341524246e-01
7.757745267530967714e-01
7.978135134086469238e-01
7.819588738767691005e-01
8.493340844757655272e-01
7.727304351426256268e-01
9.374253302881893068e-01
7.597631931809909478e-01
8.233462325848878161e-01
7.599584937041807819e-01
9.655880561464018630e-01
7.592246734156715693e-01
7.525708514767633917e-01
7.502227655071802559e-01
7.806929440170577994e-01
7.502227655071801449e-01
7.296050020914670586e-01
7.325126395881744745e-01
7.962970692206836620e-01
7.315713032100222835e-01
8.864256719054214306e-01
7.297194414574088572e-01
9.072952303799707297e-01
7.296050020914668366e-01
7.381156543837238404e-01
7.296050020914670586e-01
7.941152249081520065e-01
7.296050020914670586e-01
9.520700199053500068e-01
7.268906558706136334e-01
8.077696443417030636e-01
7.248871240100552837e-01
8.114488188875516039e-01
7.248871240100552837e-01
7.735505396767695663e-01
7.248871240100551727e-01
7.320680507154010419e-01
7.248871240100550617e-01
7.298696728876514772e-01
7.248871240100550617e-01
7.257586761281549226e-01
7.248871240100550617e-01
7.348960814700444821e-01
7.248871240100550617e-01
7.527150720927074934e-01
7.248871240100550617e-01
7.350451588873786468e-01
7.249072591785579167e-01
7.351292336924369897e-01
7.403198232935314094e-01
7.267512924231004368e-01
7.304525371646564125e-01
8.301021191250870235e-01
7.788806648045950576e-01
7.250446282013202071e-01
7.071048588267822010e-01
7.071463812178664377e-01
7.594641244342733577e-01
7.085781159665155426e-01
7.356990859012735307e-01
7.001625936429948238e-01
6.782663129246336853e-01
6.782663129246336853e-01
7.474638088750432674e-01
6.827090055592724971e-01
7.156523119846115444e-01
6.805488760105389279e-01
6.717332462986290720e-01
6.735879231980328452e-01
6.924938144016244967e-01
6.717756489114373730e-01
6.720459474940683187e-01
6.723061126574823021e-01
6.877218431525402575e-01
6.728377141874466449e-01
6.872534745652760790e-01
6.707216395753501370e-01
6.800780898926267470e-01
6.745048555736581353e-01
6.759153244317002152e-01
6.687542878798736767e-01
6.680916193188801699e-01
6.680916193188801699e-01
6.594302644396664581e-01
6.594302644396664581e-01
6.845026015196695734e-01
6.595184475923753231e-01
6.599185631641829586e-01
6.594302644396665691e-01
6.309496874320191795e-01
6.293621406746850999e-01
6.293621406746849889e-01
6.172538658484458818e-01
6.306467809813844916e-01
6.172538658484458818e-01
6.045877017350349547e-01
6.045877017350349547e-01
6.090332383400072214e-01
6.045750687638187237e-01
6.286901921770733370e-01
6.042420931911680615e-01
6.060529087391071101e-01
6.069546253410131875e-01
6.278664742790664999e-01
6.042879535283270931e-01
6.109029059695144648e-01
6.069950283459325524e-01
6.286418894014084158e-01
6.042420931911680615e-01
6.091067925924885662e-01
6.063026408048796112e-01
6.059603398642433580e-01
6.041851165035087012e-01
6.169376088623171883e-01
6.043099237940948720e-01
6.003675799680169289e-01
6.003145728600204345e-01
6.081821582321547126e-01
6.003092302088132159e-01
5.991655890312577171e-01
6.025745011169922893e-01
6.109263882220118402e-01
5.991655890312577171e-01
6.218155582125115544e-01
5.985589193441204214e-01
6.712565433733991282e-01
5.982083361755575757e-01
5.963684262377398904e-01
5.963684262377398904e-01
6.145456891907781216e-01
5.963684262377397793e-01
5.973428201300799989e-01
5.963684262377397793e-01
6.032816062270788260e-01
6.003804090461046794e-01
6.031551243174215760e-01
5.948135455170904251e-01
6.249257994539276773e-01
6.111304471848274522e-01
5.853621892311581254e-01
5.915055803116443522e-01
5.935898113398795362e-01
5.846811045010238406e-01
5.832189032408928719e-01
5.832189032408928719e-01
5.856121072529961724e-01
5.831840582353203795e-01
5.817575415448236198e-01
5.814687229816177805e-01
5.850710637951446191e-01
5.815017205183943272e-01
5.850345600711431837e-01
5.814687229816180025e-01
6.179641161060428489e-01
5.814674389661260712e-01
5.908471011015490326e-01
5.815676977842969553e-01
5.842759080533678206e-01
5.814796123632611780e-01
5.845983061658799329e-01
5.810765884941323511e-01
5.998111063174229596e-01
5.797630432381342125e-01
6.091662081783274507e-01
5.797630432381342125e-01
5.957036604821626113e-01
5.800618087304887371e-01
5.982470288443685336e-01
5.796228312591994447e-01
5.938665782548705474e-01
5.809112017295618990e-01
5.900093908601929948e-01
5.814784684821093785e-01
6.051653225640256650e-01
5.796228312591995557e-01
5.938259767643189191e-01
5.796228312591995557e-01
5.913788373086859007e-01
5.796228312591994447e-01
6.211079918672988143e-01
5.850682067731594049e-01
5.967617806626495103e-01
5.881120752051504086e-01
5.977586171178665975e-01
5.793397431328241032e-01
5.952255856845665161e-01
5.820419603498390160e-01
5.938021063916556486e-01
5.792218361727756726e-01
5.966433648288509417e-01
5.810990247336755843e-01
5.963849713160329635e-01
5.841225669859440028e-01
5.793093060963222518e-01
5.821219971463095222e-01
5.800504046563973448e-01
5.794914914729112354e-01
5.792218361727756726e-01
5.799576086095384886e-01
5.792338798039208259e-01
5.800368553879600153e-01
5.785839214847202649e-01
5.776453709122537639e-01
5.775852572412917274e-01
5.786976089474096252e-01
5.775528198461451490e-01
5.908155344751090388e-01
5.775413296831436449e-01
5.809923450819700630e-01
5.813108616979445475e-01
5.782646762692946751e-01
5.791908776497235456e-01
5.806090627998552467e-01
5.774273243049242721e-01
5.825881602512461566e-01
5.772247487263493237e-01
5.785341697758844548e-01
5.778548368687682624e-01
5.830392457676397688e-01
5.768600658401473735e-01
5.826443167893644581e-01
5.772928080325309130e-01
5.817888658688212811e-01
5.770352018950966055e-01
5.797529255683582239e-01
5.770220347329888533e-01
5.775443814082223959e-01
5.768600658401473735e-01
5.766960439512575087e-01
5.780882233106003909e-01
5.797651512865193979e-01
5.785503452034129745e-01
5.786387613001009456e-01
5.771348262529125694e-01
5.782237642729531890e-01
5.772426874447816880e-01
5.768237059588006144e-01
5.769240567938808129e-01
5.815404673641244582e-01
5.765210358771947208e-01
5.853662228976548310e-01
5.763152640136652849e-01
5.812932602015138395e-01
5.763897309940705371e-01
5.796584889829207166e-01
5.762974151764966857e-01
5.770303066873579967e-01
5.770054395429633498e-01
5.761512597901494726e-01
5.772369469143443510e-01
5.765621595147238931e-01
5.762469691977566422e-01
5.857733843730095202e-01
5.764274005111839072e-01
5.803599932511280812e-01
5.789551516417070776e-01
5.761274465977790360e-01
5.773645360821054728e-01
5.761037463102939293e-01
5.770891885010791533e-01
5.754846643092093039e-01
5.762974326427050542e-01
5.754698452932720532e-01
5.767735871936296999e-01
5.754099694098230300e-01
5.770077213343791644e-01
5.751961167554403564e-01
5.757719231779367952e-01
5.751916056251419329e-01
5.752929030745711492e-01
5.752570758205961532e-01
5.751770366639216148e-01
5.751046418911303082e-01
5.757198399518594911e-01
5.755010444377127721e-01
5.764500003502134318e-01
5.749331079583355208e-01
5.761308945190953823e-01
5.751221278498378497e-01
5.762711656954269124e-01
5.749658722081907314e-01
5.755920460743457756e-01
5.749965582813099108e-01
5.753546957532650330e-01
5.751102018918736736e-01
5.754264844048104788e-01
5.749727134777942172e-01
5.755556349059334220e-01
5.751963928276562221e-01
5.761309529348711544e-01
5.748330066287404838e-01
5.750000273878533852e-01
5.748664412544668423e-01
5.752481174801280517e-01
5.752771819276374377e-01
5.752944984141121765e-01
5.753944815737263019e-01
5.754556518191943359e-01
5.751158293450165937e-01
5.748936247953293499e-01
5.752427819029728440e-01
5.748249448208584411e-01
5.748228665746787369e-01
5.748216407567385833e-01
5.755320449251036807e-01
5.748151813636598328e-01
5.750125128931258267e-01
5.748749542592269668e-01
5.749494612238399416e-01
5.748130456290745371e-01
5.749704613844922596e-01
5.748141178946972740e-01
5.739536818710428978e-01
5.743285447816544043e-01
5.739338309014706541e-01
5.739269042984839198e-01
5.739757196448525001e-01
5.742568582750017248e-01
5.740296677962788419e-01
5.739607841783025410e-01
5.739206830552655569e-01
5.739797274623640311e-01
5.742182906071323645e-01
5.739756667666382484e-01
5.746239266381236721e-01
5.731431660863781641e-01
5.732263795518830474e-01
5.730681531659596040e-01
5.730039750381974439e-01
5.730336766008523597e-01
5.729791399495832716e-01
5.730439563085667487e-01
5.730571639926054228e-01
5.731609981208501958e-01
5.729842814570156317e-01
5.732412069104179109e-01
5.731151692248280805e-01
5.728383282206964688e-01
5.728295220123718057e-01
5.729330574446839242e-01
5.728002365402393714e-01
5.726951165384972509e-01
5.729867434196047604e-01
5.728214171108330088e-01
5.726887895927925687e-01
5.728701924227165287e-01
5.726842577462689654e-01
5.727120445672483351e-01
5.726781445453363872e-01
5.731572202430973428e-01
5.726498333710370314e-01
5.742617717408859956e-01
5.729797061944708059e-01
5.720225231609988858e-01
5.719972872488101601e-01
5.719811309036049174e-01
5.718383339593797743e-01
5.721443705488775677e-01
5.718407662504143563e-01
5.718850918187250443e-01
5.717117727431452190e-01
5.716906036135693814e-01
5.716890173081254911e-01
5.718310845432570400e-01
5.716788940241164241e-01
5.723060611252823726e-01
5.716705298572731797e-01
5.719203358447929597e-01
5.717807745092974292e-01
5.717205521167693094e-01
5.715561870313026205e-01
5.716065764473664546e-01
5.715482829670323062e-01
5.718547425648542459e-01
5.715277404504893743e-01
5.714903865709801689e-01
5.715772555657938625e-01
5.716287404421520613e-01
5.715095123919375908e-01
5.715203465278333450e-01
5.714711090925606030e-01
5.715003929603363897e-01
5.713050603280064310e-01
5.714912819955377810e-01
5.713794667877911682e-01
5.716787527164258753e-01
5.713832499489461814e-01
5.716496804107326080e-01
5.713136772205029690e-01
5.714948908311999753e-01
5.713000883870250624e-01
5.714874936326803656e-01
5.713362611903123334e-01
5.719852326904142359e-01
5.711981259514384845e-01
5.711195607374930372e-01
5.712234455726947768e-01
5.715460302563039052e-01
5.712569888830693055e-01
5.713820102411505397e-01
5.711106777712645632e-01
5.710557976723090734e-01
5.712265958068056815e-01
5.711061766881315727e-01
5.710639387818231549e-01
5.711356468765312888e-01
5.710977786349004104e-01
5.710654868084283908e-01
5.711832666876035525e-01
5.711389925243758325e-01
5.711203083158205018e-01
5.711712929129589833e-01
5.710507780026857771e-01
5.712481249026801766e-01
5.711194614379424550e-01
5.711383865388951486e-01
5.709893478863774519e-01
5.710185510591089253e-01
5.708618681697499309e-01
5.707001662368127448e-01
5.706673295925077660e-01
5.704118282938093198e-01
5.705778765255091756e-01
5.703684112631548508e-01
5.705190322722931695e-01
5.703587756107331153e-01
5.703669760120386734e-01
5.703853722291645223e-01
5.709379680071504648e-01
5.703151193943341024e-01
5.701822320412965883e-01
5.702055804710125519e-01
5.700500367004069924e-01
5.700543967682025759e-01
5.703570265687185614e-01
5.700206391580026066e-01
5.706972206433091888e-01
5.701381611985454345e-01
5.702074357220878742e-01
5.700788766163971122e-01
5.697281737934618562e-01
5.698014828494274431e-01
5.695574544006335449e-01
5.695508165760164720e-01
5.697056762509526973e-01
5.694167052825610531e-01
5.695306321571468322e-01
5.695140047968884067e-01
5.693569926873940368e-01
5.694684285819994196e-01
5.693218489284220807e-01
5.693117172301846995e-01
5.694533202957838824e-01
5.695005563061397158e-01
5.691623883104627302e-01
5.691520540911596537e-01
5.692291865681091689e-01
5.689715068177785273e-01
5.693601989864583990e-01
5.690458985227915267e-01
5.692461859787975031e-01
5.692218861212621217e-01
5.691723488494840888e-01
5.690751207471834716e-01
5.688588104445015947e-01
5.689110691404590803e-01
5.687791770146342074e-01
5.687879558958268689e-01
5.687625403044256345e-01
5.688091110963469088e-01
5.688402014734155188e-01
5.687625424436335564e-01
5.687267384507351808e-01
5.688551056395371175e-01
5.686466005165142779e-01
5.686436630456942476e-01
5.690042276485927086e-01
5.686284689159325501e-01
5.689096168519243157e-01
5.685966668846296201e-01
5.688813156342912292e-01
5.688769420103647612e-01
5.687622922390855873e-01
5.684989018505373082e-01
5.677349921766069452e-01
5.678171572168724257e-01
5.677837388777156047e-01
5.677061614101402975e-01
5.677559902237454548e-01
5.676342689138165198e-01
5.676030836046570549e-01
5.675622872909446004e-01
5.679230116279020413e-01
5.675579622978316197e-01
5.677137080831226035e-01
5.675068814828628794e-01
5.672043008956181298e-01
5.674740135945823827e-01
5.672095034617574694e-01
5.669919233108545731e-01
5.670558244032668505e-01
5.672948737270396835e-01
5.669687722318571543e-01
5.671576666293089986e-01
5.669469939288716009e-01
5.669652910073545993e-01
5.668679137582588456e-01
5.665363225657157331e-01
5.664761370282827002e-01
5.664514373521597479e-01
5.664073583240410992e-01
5.666007896322560189e-01
5.664116610957563580e-01
5.661457435330069510e-01
5.661414610358542765e-01
5.663334334719695162e-01
5.663041687955546744e-01
5.661502100514881342e-01
5.661312600940734407e-01
5.663549789650823563e-01
5.660928273736578475e-01
5.663386945503653402e-01
5.661859320785890270e-01
5.669932522013630960e-01
5.658549195278383959e-01
5.654612295844797520e-01
5.655171756606861555e-01
5.656003813688537107e-01
5.654588342401164480e-01
5.659159928157431185e-01
5.653495554664053069e-01
5.655004299551931179e-01
5.653397352040644419e-01
5.651752972838556266e-01
5.653454755567094425e-01
5.659573799986996612e-01
5.651176820562651137e-01
5.648551451771416376e-01
5.646449939180193667e-01
5.648640179690274099e-01
5.647903910681326689e-01
5.646070791795557708e-01
5.645290571546558445e-01
5.645111425999641552e-01
5.645054959592783472e-01
5.646023929865764401e-01
5.646609875843713322e-01
5.657277426903588591e-01
5.645668669901742209e-01
5.649476066601094582e-01
5.647210762618636304e-01
5.645316872665739893e-01
5.648923659182879531e-01
5.640192333192564078e-01
5.639499078306935420e-01
5.641319520482915850e-01
5.637727363382081247e-01
5.639718268471861640e-01
5.637221874741259464e-01
5.636210795637834892e-01
5.636284239673358121e-01
5.636106732742879322e-01
5.638736163498305753e-01
5.633389190737402297e-01
5.648682474798224495e-01
5.634348737578147581e-01
5.627508466745121396e-01
5.627137862714460814e-01
5.626922711979868152e-01
5.626945887833862958e-01
5.627072634382064287e-01
5.626732150164666102e-01
5.628297771333002908e-01
5.627890444185043028e-01
5.629632166780632607e-01
5.626062790608070685e-01
5.630813813094625031e-01
5.625693377952996066e-01
5.629405989634572727e-01
5.625815397921611893e-01
5.627671473221445009e-01
5.625228798280917930e-01
5.628035676917656494e-01
5.625847761163678129e-01
5.624761797340707137e-01
5.624602125743525249e-01
5.624930791430781118e-01
5.625073230219674869e-01
5.630798720108844968e-01
5.624551804544835054e-01
5.626662893755880468e-01
5.624875530845675486e-01
5.632269340532166657e-01
5.623878949685336970e-01
5.629011280667308714e-01
5.625406219824190535e-01
5.630847613301652732e-01
5.622251112848205556e-01
5.620562961214011777e-01
5.618831847642516975e-01
5.613630555740686257e-01
5.614027211756763558e-01
5.616160079889747081e-01
5.613431451024198937e-01
5.613341160426906784e-01
5.613229759428663979e-01
5.618009341137512047e-01
5.613583384824195610e-01
5.620759530595892395e-01
5.612574933989231685e-01
5.609515108735051436e-01
5.610125630352035264e-01
5.608925634611146016e-01
5.609696461214037644e-01
5.607067140503455560e-01
5.607688051623351821e-01
5.608413658159698834e-01
5.607299811484853791e-01
5.611846329527113708e-01
5.608286754989950662e-01
5.609115825133306199e-01
5.607582942849906882e-01
5.611378165910458904e-01
5.606583230635067139e-01
5.607991403567075261e-01
5.607068851466976422e-01
5.606307807695686263e-01
5.606643452435923214e-01
5.608070186722364792e-01
5.606706733731507963e-01
5.607045284545398856e-01
5.606217677120951537e-01
5.606482864814513745e-01
5.605995378696272402e-01
5.610392392128199512e-01
5.606589045231001878e-01
5.610313417885990361e-01
5.615056609469735172e-01
5.600793601014019130e-01
5.600591360744695546e-01
5.605625157416975757e-01
5.600503565675090112e-01
5.603684388391902971e-01
5.600218471905411555e-01
5.599811435056472053e-01
5.601207333779198994e-01
5.601149116952370832e-01
5.599196493110190076e-01
5.598209652688850291e-01
5.598083309912067485e-01
5.602614003221577654e-01
5.596241045367111866e-01
5.600379538038248173e-01
5.594956314652066443e-01
5.591250055319971768e-01
5.588364103316921794e-01
5.588858458347206737e-01
5.588077057741162035e-01
5.587021538123314590e-01
5.586872590928232407e-01
5.586471906134838905e-01
5.586551964488819522e-01
5.588146790669101804e-01
5.586594865777688712e-01
5.587277554973713034e-01
5.586615616400770756e-01
5.587395067342635357e-01
5.586225595655779363e-01
5.585453626940418692e-01
5.586350683531825512e-01
5.595486059840434345e-01
5.585592730656114835e-01
5.583332636291221673e-01
5.582685878816653346e-01
5.584529284780370695e-01
5.582334528767332049e-01
5.583569347089559765e-01
5.582411704615186654e-01
5.583536042752766937e-01
5.582032452441995085e-01
5.584730214961803885e-01
5.581708788828142476e-01
5.583320656195098763e-01
5.580620053481736287e-01
5.583313108216623188e-01
5.580604903917326665e-01
5.580004924444396108e-01
5.579660263202889103e-01
5.583672605174080372e-01
5.579622209035781655e-01
5.584543983433140069e-01
5.579070244943767909e-01
5.584102105634517477e-01
5.579196957946143121e-01
5.587374173800414567e-01
5.578783820073150990e-01
5.591711101080070190e-01
5.576054103930265793e-01
5.575990546390123814e-01
5.576113215550482227e-01
5.574005598809904649e-01
5.573419983439057424e-01
5.575460500818354426e-01
5.573771631278863214e-01
5.568988099906468925e-01
5.577427423162549802e-01
5.569229369881756320e-01
5.569778952869485211e-01
5.568298792832926392e-01
5.560738479438454007e-01
5.561853225171672355e-01
5.560112610848578774e-01
5.560069066296817741e-01
5.561895723426204530e-01
5.560358442591012418e-01
5.562632152224926685e-01
5.560832197158214196e-01
5.561573984479543098e-01
5.559941260638250338e-01
5.563717494594061508e-01
5.560161422264242592e-01
5.563834923722960069e-01
5.559925692310760947e-01
5.563927177372021138e-01
5.559425375984845541e-01
5.556906839799353737e-01
5.557777609157807941e-01
5.557431029080179830e-01
5.556610970979256603e-01
5.556227989333047956e-01
5.556129519479647838e-01
5.557407159570149080e-01
5.555967827855037289e-01
5.559688499772382775e-01
5.556620712262744233e-01
5.556945537471046359e-01
5.555258682676184057e-01
5.559243504400787073e-01
5.555990787773773532e-01
5.557376817703858496e-01
5.555893466639381106e-01
5.550610642647263449e-01
5.550237636153086962e-01
5.550204431362724122e-01
5.550585014871391998e-01
5.551190370827063791e-01
5.565662455111549667e-01
5.550121096122307973e-01
5.552833344714913633e-01
5.550819869296600428e-01
5.549538222764698325e-01
5.549793070268225215e-01
5.550114972225097532e-01
5.549692387465713361e-01
5.546529656544213482e-01
5.546697069276833592e-01
5.548327410977214047e-01
5.546072986024991325e-01
5.547029501913761651e-01
5.546372777423825839e-01
5.546400816766836606e-01
5.546493610950424813e-01
5.546819523807252628e-01
5.545494586311070506e-01
5.552736767759226533e-01
5.550036679690870667e-01
5.545443293459002554e-01
5.547423903795273281e-01
5.544587488575764000e-01
5.542717175595062162e-01
5.540500364326716998e-01
5.540633154554137629e-01
5.538581233231095746e-01
5.538484222240290800e-01
5.539370849070089919e-01
5.538141906387453739e-01
5.540705858195362765e-01
5.537167298367263735e-01
5.537706599626093240e-01
5.537583764876787829e-01
5.542142864830109650e-01
5.537164221555761490e-01
5.539363977532439920e-01
5.536698081169506569e-01
5.538603427384678479e-01
5.536791326727333873e-01
5.538293569923973259e-01
5.537130896903118549e-01
5.537195381839004060e-01
5.540291211204242394e-01
5.536306599750120405e-01
5.536564128085882386e-01
5.536822636509539652e-01
5.537429628493326650e-01
5.536534609425021181e-01
5.536547226043784242e-01
5.539065128864224530e-01
5.537493908593729142e-01
5.539335236933787820e-01
5.536501743139984333e-01
5.539143624870569438e-01
5.536671179661474262e-01
5.536112822096829200e-01
5.536534075558521284e-01
5.535650396784743688e-01
5.536214528173017957e-01
5.536976112452347554e-01
5.536861532368455574e-01
5.538194554074294951e-01
5.536314990799541258e-01
5.537911090338305531e-01
5.536906766134797042e-01
5.535788036515130184e-01
5.537376261306737879e-01
5.529880249075159737e-01
5.530981422050271767e-01
5.529921620276093686e-01
5.527780471068708401e-01
5.527651398294443075e-01
5.527375500699965860e-01
5.528073315420081180e-01
5.526265857541670101e-01
5.526483121323134684e-01
5.531439496418578683e-01
5.525977707890659119e-01
5.526035433746026015e-01
5.526202046741582885e-01
5.526580498337791969e-01
5.525475400205289711e-01
5.524764567874520527e-01
5.524890463843975530e-01
5.524185652588136097e-01
5.524381428413249751e-01
5.522721557030285666e-01
5.522943976875622774e-01
5.522522467115278388e-01
5.522216569054395618e-01
5.523284573673205022e-01
5.523810126945758459e-01
5.522594295252486463e-01
5.521950646244712102e-01
5.521453681187485918e-01
5.521564961859093401e-01
5.521730181062487475e-01
5.521384622782710139e-01
5.520957480418040575e-01
5.521310485807234825e-01
5.520807253388143598e-01
5.521553402015065837e-01
5.523366676376378903e-01
5.519738224604682220e-01
5.518872166044739291e-01
5.518455317586701270e-01
5.527998723749498744e-01
5.518727925899451492e-01
5.516670833994726797e-01
5.518675487748211372e-01
5.515347712782933121e-01
5.516239472017054890e-01
5.524778405082571009e-01
5.515836004910170676e-01
5.514307908020462667e-01
5.515789336958750733e-01
5.514056908748268260e-01
5.514549851901601185e-01
5.514707775236342702e-01
5.514575408955812996e-01
5.514383357154746257e-01
5.513995248454832687e-01
5.514491573506203892e-01
5.514439725502284784e-01
5.515013224334482933e-01
5.515076940054716159e-01
5.516431923768548851e-01
5.514078626870445587e-01
5.513989277441035952e-01
5.514482948984883448e-01
5.512621633641967556e-01
5.512058999445437202e-01
5.512926014289136756e-01
5.511908874752803333e-01
5.512672859011564785e-01
5.511386183249848969e-01
5.513427021543316764e-01
5.512354706889188716e-01
5.512846771527242229e-01
5.512084123452808404e-01
5.510837123935098392e-01
5.511146948218292874e-01
5.511666362449916257e-01
5.510952204101557950e-01
5.511508822218041947e-01
5.510583078318889161e-01
5.512239730220530598e-01
5.510516140511637628e-01
5.512177392386823360e-01
5.513306729459076516e-01
5.514353796834471355e-01
5.511285311644145146e-01
5.511009806376271358e-01
5.510845124633111380e-01
5.512835639080105876e-01
5.510831456752302016e-01
5.508376470944951198e-01
5.509010281219087757e-01
5.507994307361046005e-01
5.508607507448777252e-01
5.508520744675691194e-01
5.507767994989564153e-01
5.507719316707804236e-01
5.508212537386111274e-01
5.508222470104018331e-01
5.507466484070036028e-01
5.509124036469167374e-01
5.507290707704070032e-01
5.508746710964972371e-01
5.507717269695884266e-01
5.509622179795206076e-01
5.508838324314115908e-01
5.506487922662159917e-01
5.506328654879363294e-01
5.508980897363391360e-01
5.506229026717871511e-01
5.509888439709614838e-01
5.506075095902481786e-01
5.510697205947705513e-01
5.506368369076536373e-01
5.505433020243437614e-01
5.505604996624332559e-01
5.505816142812152147e-01
5.505980473180670520e-01
5.507202215917530452e-01
5.506316457272147913e-01
5.505020006223294571e-01
5.505056441453698435e-01
5.507682551430487239e-01
5.505609458267981537e-01
5.506109595222300479e-01
5.504930658129032484e-01
5.505816750796554970e-01
5.505370543973575614e-01
5.506293047669280627e-01
5.505710130534168245e-01
5.507340148362535048e-01
5.504613288052977449e-01
5.505657743723088027e-01
5.504651135501340553e-01
5.505318957370407551e-01
5.504346431702865639e-01
5.503365703859288693e-01
5.503016910194348243e-01
5.504874024316654957e-01
5.503896707728930249e-01
5.501758796544832242e-01
5.502357481692862207e-01
5.501173757686399490e-01
5.501298281887179176e-01
5.502289087134434320e-01
5.501110618638372918e-01
5.501016477170099783e-01
5.499535224745489836e-01
5.498558633857385525e-01
5.498155817252181610e-01
5.501870083967815850e-01
5.498505176057546517e-01
5.497315136603467822e-01
5.497488062029581846e-01
5.499710322332040935e-01
5.496477474086211013e-01
5.497598774752626705e-01
5.496411204827739150e-01
5.495914765630085519e-01
5.496377417437139368e-01
5.496720122680326392e-01
5.495982385433662021e-01
5.496444415571947184e-01
5.495339435481594315e-01
5.496324902270686152e-01
5.495565293196431611e-01
5.495854900287560074e-01
5.495657685859367536e-01
5.496282460129371383e-01
5.495624568496787488e-01
5.495527497681209628e-01
5.495239256796629057e-01
5.497157658250877432e-01
5.495537130970632456e-01
5.497261076497130805e-01
5.495186536555876078e-01
5.494690210775279304e-01
5.494514250121523835e-01
5.498175212208742391e-01
5.494955477239592545e-01
5.497776421525564228e-01
5.494246904329768144e-01
5.493666613138155075e-01
5.493613948993528728e-01
5.498571842299410095e-01
5.493611907528145322e-01
5.490946377617200724e-01
5.491427857369328702e-01
5.491677974136288665e-01
5.492503392534308082e-01
5.491460782309801614e-01
5.490891109462817665e-01
5.492437292199138232e-01
5.492355011767082740e-01
5.491133853651014585e-01
5.492431792914116429e-01
5.490716883292968697e-01
5.491585910858814978e-01
5.491288491052888077e-01
5.490002949927782483e-01
5.490657196805619478e-01
5.491190607517476563e-01
5.490120837684042687e-01
5.490335057529458496e-01
5.490401293138620353e-01
5.489752332060987561e-01
5.490106970327561786e-01
5.489773595151326013e-01
5.489492156560379366e-01
5.490763677670583709e-01
5.489904266040470660e-01
5.489990868005369951e-01
5.489870658344214727e-01
5.490387381307189063e-01
5.491140005174501848e-01
5.489347749530503195e-01
5.490546259775810345e-01
5.487495093969619875e-01
5.489986089652044710e-01
5.487715648409267066e-01
5.489259043330874110e-01
5.487853301115783733e-01
5.491282301196216409e-01
5.487733956643756628e-01
5.488468124891900946e-01
5.489596281169023539e-01
5.488841572510833045e-01
5.487188167009997564e-01
5.490528549474069653e-01
5.487945270939783571e-01
5.486361507980982433e-01
5.486924572463391936e-01
5.487339051118668154e-01
5.486917372215081024e-01
5.486166050597274246e-01
5.486216086712891737e-01
5.485122152856191091e-01
5.486150890572430994e-01
5.487437992047187185e-01
5.485802029878099617e-01
5.487215594673345853e-01
5.485499534708870861e-01
5.485802487331918886e-01
5.485525156454915674e-01
5.485472157229190904e-01
5.485135750259741982e-01
5.486448770719110080e-01
5.485714742733722726e-01
5.486005871803747436e-01
5.485755213633564109e-01
5.488957628520970689e-01
5.484912013559399835e-01
5.485405073593453418e-01
5.484639999982980907e-01
5.481871737488555052e-01
5.481986380118281099e-01
5.484489707585934459e-01
5.482891627776679266e-01
5.485661449802621270e-01
5.482357029089381939e-01
5.483891514489039887e-01
5.482502181510017225e-01
5.483124167225955636e-01
5.482066594832810669e-01
5.484363866003072463e-01
5.482147777728144655e-01
5.484102292380832466e-01
5.482719351034545108e-01
5.481715645407023718e-01
5.481740703578068530e-01
5.482428496667948181e-01
5.481464635927684181e-01
5.482127865201894545e-01
5.481451462418120979e-01
5.481960600702636688e-01
5.481093854996271775e-01
5.489821382593079724e-01
5.481378322631961231e-01
5.480915600709724833e-01
5.481091207485466743e-01
5.482665082177644589e-01
5.481025202660151363e-01
5.482072389814511837e-01
5.481028613950409412e-01
5.480933513426611281e-01
5.481815389349942169e-01
5.481577782509986507e-01
5.481507611711937678e-01
5.481052664120186213e-01
5.481257038089802913e-01
5.481695327014677321e-01
5.481473737420747838e-01
5.481867783691170004e-01
5.480763171117560839e-01
5.483813619319738430e-01
5.480220396523837190e-01
5.480296921199860893e-01
5.480914952558220143e-01
5.483507672095937480e-01
5.480901111678363469e-01
5.481495741335976613e-01
5.478881705251579248e-01
5.479459757590362523e-01
5.479083627486818209e-01
5.481770221873293325e-01
5.479381873597931607e-01
5.479299718536295716e-01
5.479257713935860030e-01
5.479009223462502076e-01
5.479153954652460357e-01
5.478871028821439282e-01
5.479515533104127867e-01
5.478944769250839730e-01
5.477954145674126529e-01
5.478467770005297499e-01
5.478099331627624968e-01
5.476502955390532001e-01
5.476861038749819555e-01
5.476324642054880565e-01
5.476402879977806393e-01
5.477430782634065132e-01
5.476438005289647748e-01
5.476042517820987054e-01
5.477376080381132217e-01
5.474955298684334171e-01
5.475199528856210529e-01
5.474962875498401438e-01
5.475092387478552869e-01
5.474827521663567786e-01
5.475025039787817516e-01
5.474862470937073011e-01
5.474542244582653039e-01
5.474669805804270872e-01
5.474413984140475975e-01
5.474284576263883650e-01
5.474521916122777609e-01
5.473960479764041764e-01
5.474978205685987476e-01
5.473566555850156723e-01
5.473588388588789266e-01
5.473814515124433289e-01
5.473539095909902841e-01
5.473842970680072861e-01
5.473407871829434335e-01
5.473468354661787938e-01
5.472860755203741157e-01
5.473257841900807108e-01
5.472349113617022143e-01
5.472612211460933240e-01
5.472081237923840380e-01
5.471992632695373837e-01
5.471811426768665720e-01
5.471985800511417475e-01
5.472163258351622206e-01
5.471992319705994978e-01
5.473645837624375732e-01
5.472918964607056402e-01
5.470868117610775405e-01
5.470880167274715378e-01
5.470446279358215369e-01
5.470656598504380907e-01
5.469777179076821261e-01
5.469999574682065102e-01
5.471173789326270187e-01
5.470862134440137581e-01
5.470089334654089086e-01
5.470456827636819286e-01
5.469901243931953871e-01
5.469985638050823828e-01
5.469541252342058346e-01
5.469214893139394684e-01
5.468891880137224382e-01
5.469437692621932356e-01
5.470663050651404236e-01
5.468806734833291383e-01
5.468836564251138288e-01
5.468984641312937267e-01
5.468521083658883786e-01
5.468655287773471763e-01
5.468220884168386586e-01
5.467780763808783862e-01
5.467454037729999605e-01
5.467507724654632195e-01
5.467596796694662586e-01
5.467400293135308287e-01
5.467346148304710329e-01
5.467314299151164736e-01
5.466969702346049509e-01
5.467157009731093975e-01
5.467008570985996130e-01
5.466962440692293423e-01
5.467655165643009463e-01
5.466979087334679077e-01
5.466283768732912440e-01
5.466326465200612716e-01
5.466175265225426960e-01
5.466280694199978640e-01
5.466703946836793948e-01
5.466244537848832241e-01
5.466757269244024720e-01
5.466855417321296873e-01
5.466934876162753421e-01
5.465990588454380239e-01
5.466033014722172512e-01
5.466061378772529844e-01
5.465950079277505091e-01
5.465892209687085446e-01
5.466094638346697954e-01
5.465971016878214961e-01
5.467147302456741853e-01
5.466003127257030858e-01
5.466534175272851348e-01
5.466035347793030130e-01
5.466605102397974481e-01
5.465857327312944047e-01
5.466118222943480154e-01
5.466244447823935815e-01
5.466361731324693718e-01
5.467041588714556255e-01
5.465480363182664281e-01
5.465597410733830097e-01
5.465531701769609230e-01
5.465526726083416165e-01
5.465157321106571819e-01
5.465231260445561068e-01
5.465578647511486476e-01
5.464899102304519030e-01
5.464919073941567618e-01
5.465255035414190443e-01
5.464615402746557660e-01
5.464858169516039199e-01
5.464799416821751743e-01
5.464564836019893956e-01
5.466678650554571695e-01
5.464630197367574826e-01
5.464995808852310955e-01
5.464343664688586788e-01
5.464011419427080574e-01
5.464321331601704745e-01
5.464996733908871196e-01
5.464270996167277517e-01
5.463425007650088983e-01
5.463423949980242833e-01
5.463817944100390900e-01
5.463384386017722250e-01
5.463466759972446241e-01
5.463446657957925501e-01
5.463300373466829507e-01
5.463214380874499287e-01
5.463963664457299751e-01
5.463309023327930225e-01
5.464846575043228460e-01
5.463296699008586277e-01
5.464387654060770538e-01
5.463395705589257911e-01
5.463387268694154253e-01
5.463044678674064958e-01
5.463347641697835488e-01
5.463561548341976382e-01
5.463545460039107571e-01
5.463251459851800051e-01
5.463181488574340161e-01
5.462768242542320740e-01
5.462864068676122065e-01
5.464105392276833451e-01
5.462400432570818642e-01
5.461780159032870730e-01
5.462030120613503570e-01
5.461635235524229248e-01
5.462112336440176907e-01
5.461545121408182268e-01
5.461760825175057121e-01
5.461599517353983302e-01
5.461875015575682335e-01
5.461497748863635149e-01
5.461705259454388006e-01
5.461528422963923823e-01
5.462614798295917229e-01
5.461843075939722958e-01
5.462565408010495727e-01
5.462317479102107853e-01
5.461827503632236125e-01
5.461487029263765169e-01
5.460598902436744062e-01
5.460442000029700482e-01
5.460225389185788814e-01
5.460380055646369968e-01
5.459864453219254177e-01
5.459718059605697116e-01
5.459877959109677992e-01
5.459765615880453060e-01
5.459660177908345347e-01
5.459667459858075222e-01
5.459720077147094397e-01
5.459722729620578585e-01
5.459928369662372383e-01
5.459604376999525055e-01
5.459685733346966163e-01
5.459588259606162897e-01
5.460432227491652801e-01
5.459481199922331385e-01
5.460100290915248511e-01
5.459507652509392184e-01
5.460331383563398200e-01
5.460024609908703530e-01
5.458830747849376941e-01
5.458755207265847398e-01
5.459084255356010384e-01
5.458829576052808275e-01
5.458834635994064266e-01
5.458891310219996518e-01
5.459364282768581766e-01
5.458538274532331869e-01
5.458373890696952557e-01
5.458542492752098685e-01
5.459274960093644102e-01
5.458256308181833605e-01
5.458924937250156928e-01
5.458344816845895897e-01
5.458682212046548354e-01
5.458347246139735320e-01
5.458752893153038244e-01
5.458402554809569374e-01
5.459308926159689435e-01
5.458390685728846670e-01
5.459109753003039689e-01
5.458733604392820293e-01
5.458809569750404656e-01
5.458650272620710897e-01
5.458139551918516075e-01
5.458111603850646087e-01
5.458072995211840084e-01
5.458235836478968483e-01
5.457924611842618345e-01
5.458010486446791543e-01
5.457950997106328916e-01
5.457835786652202037e-01
5.458843809925882917e-01
5.458078748898553822e-01
5.458584713543400690e-01
5.457773575164485136e-01
5.456896842166374384e-01
5.456946429069933213e-01
5.456146058383529729e-01
5.456250726587428268e-01
5.456543171767412881e-01
5.456393019154041069e-01
5.456198518507688888e-01
5.456118098805904371e-01
5.456480659863345295e-01
5.456327598748517138e-01
5.456955277917259206e-01
5.456212359228458375e-01
5.456529200176978289e-01
5.456293402846157381e-01
5.456510689891000965e-01
5.456125818623507318e-01
5.456451207433584694e-01
5.456143857705573197e-01
5.456537704673439793e-01
5.456103273033426904e-01
5.456406746231018401e-01
5.456224219537753051e-01
5.456388844919300984e-01
5.456031112570125519e-01
5.456557886518967893e-01
5.456114373720778454e-01
5.456224868829666619e-01
5.455958859584566500e-01
5.455939615720867275e-01
5.456177095074136174e-01
5.456229840705070222e-01
5.455420615082398061e-01
5.454807643279125928e-01
5.455213801343203883e-01
5.455222880782986117e-01
5.454812990410070617e-01
5.454927702675380630e-01
5.454743726497435219e-01
5.454867957434923476e-01
5.454760454178619877e-01
5.455748411086253080e-01
5.454970940043815109e-01
5.456419831105050466e-01
5.454620855451363104e-01
5.454399578741507826e-01
5.454412617975631372e-01
5.455109929295562932e-01
5.454416534951997964e-01
5.454731334325568781e-01
5.454509642286564652e-01
5.454660487213210951e-01
5.454731994088850566e-01
5.454399972989205647e-01
5.454355271155308937e-01
5.454693270311640196e-01
5.454369668376031210e-01
5.454932827965395248e-01
5.454314762774282732e-01
5.454705449373131732e-01
5.454500023980463075e-01
5.454556250293544073e-01
5.454316358314985624e-01
5.454378184289572218e-01
5.454350824552440802e-01
5.454563492036864636e-01
5.454376091549154593e-01
5.454738319690622950e-01
5.454453895874347147e-01
5.454468175338416103e-01
5.454343325273723897e-01
5.454482599434137269e-01
5.454442449491665457e-01
5.455777168925798337e-01
5.454194757765005175e-01
5.454526611822559934e-01
5.454599616337745260e-01
5.455261356735714440e-01
5.453776895535371594e-01
5.453409918922959010e-01
5.453704683275901743e-01
5.453604223122983097e-01
5.453432914896431116e-01
5.453551031826964213e-01
5.453562166660874677e-01
5.454552526542234547e-01
5.453400895904711998e-01
5.453417228790824467e-01
5.453521918478052566e-01
5.453338758780964524e-01
5.453285412462529624e-01
5.453448054411889068e-01
5.453455044180023359e-01
5.453584098231649691e-01
5.452812451631585677e-01
5.452991504493269748e-01
5.452816555036983370e-01
5.452697010991989224e-01
5.452871899578312087e-01
5.452619797033522175e-01
5.452570523413315939e-01
5.452451499990017547e-01
5.452424098642369987e-01
5.452413414895852517e-01
5.452388826803572508e-01
5.452373568038498819e-01
5.452513614865198699e-01
5.452331388688045344e-01
5.452464736633256814e-01
5.452341441457080329e-01
5.452386118508688595e-01
5.452080374581923516e-01
5.452009861428391835e-01
5.452200155302031614e-01
5.452015953241693413e-01
5.451575219026876251e-01
5.451487211110114250e-01
5.451514991502831586e-01
5.451611645472022039e-01
5.451876772386474723e-01
5.451466656717415260e-01
5.451391637383509181e-01
5.451281719728083841e-01
5.451244905757037795e-01
5.450974602308087391e-01
5.450849971604415645e-01
5.450715676322659409e-01
5.450750390016362301e-01
5.450590891867014287e-01
5.450730903542325700e-01
5.450796131240780440e-01
5.450666241651288546e-01
5.450819522397901684e-01
5.450870259160384146e-01
5.450483482745216435e-01
5.450392823915596319e-01
5.449856191119251125e-01
5.449935864328810942e-01
5.449877727244061276e-01
5.449862173334812931e-01
5.449871408446305132e-01
5.449852647660644589e-01
5.449785078316514708e-01
5.449830390863263929e-01
5.449812348279369223e-01
5.449716088744386289e-01
5.449660389102023439e-01
5.449661710909221579e-01
5.449679937351789016e-01
5.449568542256411074e-01
5.449718017508570211e-01
5.449431482955514605e-01
5.449443367673426630e-01
5.449460078379285699e-01
5.449511248283770426e-01
5.449758153927968252e-01
5.449442476298415050e-01
5.449191302496991796e-01
5.449079939981854581e-01
5.449090163720266000e-01
5.449078030768989001e-01
5.449303903909876734e-01
5.449117994314925939e-01
5.449138102302450992e-01
5.449075416582011000e-01
5.449077182409720610e-01
5.449080694641440514e-01
5.449226043951410636e-01
5.449036577480477206e-01
5.449105241971030633e-01
5.449057105184607064e-01
5.448961629806080564e-01
5.448909730347908376e-01
5.448936825362956649e-01
5.448900626720244444e-01
5.449293789596384441e-01
5.448951188375630306e-01
5.449068856430315799e-01
5.448983120558414939e-01
5.448923456789422914e-01
5.448898169010573111e-01
5.449157661197303604e-01
5.448838010351441108e-01
5.448953873677766513e-01
5.448875163740887206e-01
5.448887857375043220e-01
5.448801541510950308e-01
5.448863675508432980e-01
5.448786391455349154e-01
5.448910247457277034e-01
5.448670401593815882e-01
5.448737650973310975e-01
5.448696004774803425e-01
5.448718357814299473e-01
5.448740449916195105e-01
5.448762694395122841e-01
5.448685033245369569e-01
5.448837631617522437e-01
5.448796345553483800e-01
5.448641164945186022e-01
5.448640903901502686e-01
5.448768606219639432e-01
5.448679724058864693e-01
5.448790577982525196e-01
5.448653433713447347e-01
5.448700190272794952e-01
5.448659509995554817e-01
5.448993032372899670e-01
5.448684557556000563e-01
5.448710278341608593e-01
5.448719999531975722e-01
5.448902657218739343e-01
5.448587000685224391e-01
5.448390461712542265e-01
5.448359594069267509e-01
5.448380976378887075e-01
5.448579927669181533e-01
5.448368938742249590e-01
5.448496463131445866e-01
5.448357080963263099e-01
5.448371312189005389e-01
5.448354350392772272e-01
5.448448445691044251e-01
5.448358273428834941e-01
5.448338544182331766e-01
5.448368916279553442e-01
5.448481725544664922e-01
5.448367636023181415e-01
5.448359578016285232e-01
5.448412840938701152e-01
5.448322680260753170e-01
5.448671870864357780e-01
5.448110497893802195e-01
5.448155096269041708e-01
5.448060338502929145e-01
5.448285315610441604e-01
5.447999047366375303e-01
5.448112357305043840e-01
5.448015130646242099e-01
5.448057821076114360e-01
5.447858110325057845e-01
5.447931330651000215e-01
5.447907616890361737e-01
5.447871809867352866e-01
5.447821800328844777e-01
5.447812026963584353e-01
5.447796486052961518e-01
5.447802358454866267e-01
5.447821165624715523e-01
5.447796365199715218e-01
5.447752145600879281e-01
5.447732975740635641e-01
5.448053141707068781e-01
5.447595113697168978e-01
5.447485996651072471e-01
5.447449632148682053e-01
5.447568210561684054e-01
5.447551559006216237e-01
5.447389998980981529e-01
5.447428093240154201e-01
5.447436731514372354e-01
5.447419867162671681e-01
5.448024438020718785e-01
5.447406103759211415e-01
5.447380139643496211e-01
5.447406231134139798e-01
5.447376014902404195e-01
5.447386949928736399e-01
5.447452630181934818e-01
5.447383138387850154e-01
5.447481477398368188e-01
5.447373373424168053e-01
5.447625098809576460e-01
5.447610274411610609e-01
5.447364651137254210e-01
5.447413088957564486e-01
5.447422850324205035e-01
5.447371429703122825e-01
5.447309202724914812e-01
5.447308172681177840e-01
5.447592314708772365e-01
5.447297859662154629e-01
5.447513537163386488e-01
5.447310222017549552e-01
5.447636548837329062e-01
5.447356730795704927e-01
5.447474091457686907e-01
5.447427872150887307e-01
5.447442887700018055e-01
5.447298577246061368e-01
5.447351353614794389e-01
5.447360593950661967e-01
5.447529792645908753e-01
5.447428323031976438e-01
5.447467361317145373e-01
5.447064352200596815e-01
5.446870651797816043e-01
5.447082794768294267e-01
5.446923939404362258e-01
5.446884109475854663e-01
5.446910436193206362e-01
5.446837684888223841e-01
5.446851145158030372e-01
5.446912996184334332e-01
5.446806953194099910e-01
5.446808558713983617e-01
5.446830524517763950e-01
5.446899652844297002e-01
5.446838202125549033e-01
5.447313537268795303e-01
5.446810067727653193e-01
5.446909438699931716e-01
5.446826229845349587e-01
5.446762260852585635e-01
5.446750630746227673e-01
5.446734416882071939e-01
5.446770025715967911e-01
5.446690423998328257e-01
5.446680622150691375e-01
5.446814087357817469e-01
5.446754388089780630e-01
5.446671813580570287e-01
5.446697445589353537e-01
5.446719487093806267e-01
5.446721922208931366e-01
5.446723341391257467e-01
5.446634652500659257e-01
5.446691850730424056e-01
5.446673297418721527e-01
5.446697469984589368e-01
5.446638915403134718e-01
5.446679607034857762e-01
5.446652293903746500e-01
5.446937372584289561e-01
5.446842716176194532e-01
5.446618448951143776e-01
5.447002795837930789e-01
5.446549023983221494e-01
5.446606884535446502e-01
5.446642566380648365e-01
5.446557198826397217e-01
5.446800280537689165e-01
5.446601170820991600e-01
5.446710105619141373e-01
5.446480234894734984e-01
5.446422254378048278e-01
5.446417953921691701e-01
5.446535742790421519e-01
5.446418436644239192e-01
5.446511174166384084e-01
5.446421517560482428e-01
5.446618385629309333e-01
5.446405490244495828e-01
5.446545080294129537e-01
5.446567627524518951e-01
5.446199298346600104e-01
5.446141210183809145e-01
5.446161900560926306e-01
5.446238814400051753e-01
5.446181595072384640e-01
5.446173620365636348e-01
5.446240607472410122e-01
5.446186738376362912e-01
5.446081610675687079e-01
5.446093495004880047e-01
5.446042488319063901e-01
5.446042373784687474e-01
5.446037152644271906e-01
5.446057239334571864e-01
5.446046673291666806e-01
5.446050405296157804e-01
5.446211619812328930e-01
5.446011846069167550e-01
5.446479205860261796e-01
5.446015667167548591e-01
5.445897216350749082e-01
5.445908199906345226e-01
5.445927375092418643e-01
5.445906475184411066e-01
5.446049785173081581e-01
5.445959200555318125e-01
5.445763874327613774e-01
5.445726622982238752e-01
5.445791879346362219e-01
5.445692649098510252e-01
5.445755533896636802e-01
5.445686939465711474e-01
5.445775686309350938e-01
5.445678595334755290e-01
5.445803890916031120e-01
5.445702592631981309e-01
5.445700519362601799e-01
5.445683571125413680e-01
5.445780038287461045e-01
5.445756939484394099e-01
5.445988544912724327e-01
5.445680611924759162e-01
5.445657393967900939e-01
5.445609518617289257e-01
5.445806118443273780e-01
5.445653701468438079e-01
5.445655497829651193e-01
5.445683957549707355e-01
5.445564297671161569e-01
5.445604772367039770e-01
5.445629607055925137e-01
5.445567628406184912e-01
5.445557571385082340e-01
5.445574008409940214e-01
5.445764520170592871e-01
5.445582272704828641e-01
5.445546650949468770e-01
5.445540169650466833e-01
5.445697937082930595e-01
5.445568806561330577e-01
5.445800094847290662e-01
5.445509066546400101e-01
5.445584147417269483e-01
5.445526145674060015e-01
5.445565043141170625e-01
5.445755256091729946e-01
5.445523925849641289e-01
5.445531157887525397e-01
5.445598593230718265e-01
5.445496286869017100e-01
5.445557371011273684e-01
5.445446419526080994e-01
5.445504158680336548e-01
5.445469893919686610e-01
5.445579783793796924e-01
5.445472485179640998e-01
5.445636217289940850e-01
5.445419384246628081e-01
5.445497835764305794e-01
5.445415818766191629e-01
5.445594082651989964e-01
5.445414621546941225e-01
5.445572525456429114e-01
5.445421111155314131e-01
5.445426689723643632e-01
5.445433376358836952e-01
5.445543997398941682e-01
5.445361125339284181e-01
5.445333519163108038e-01
5.445347665112342250e-01
5.445306510981621217e-01
5.445330868429174576e-01
5.445391819266359734e-01
5.445332454707854097e-01
5.445386806019142378e-01
5.445292373732752989e-01
5.445533995395429594e-01
5.445372169698559084e-01
5.445237615317021218e-01
5.445327721631931794e-01
5.445208357449692338e-01
5.445199896904431291e-01
5.445305957215073045e-01
5.445200668352641049e-01
5.445301243719345985e-01
5.445169782567615968e-01
5.445200618839310946e-01
5.445220310451324153e-01
5.445231389879434669e-01
5.445203061666936684e-01
5.445264788192547556e-01
5.445187114205621848e-01
5.445121641150469927e-01
5.445121870821358900e-01
5.445232299302139589e-01
5.445110547688607472e-01
5.445266609347021447e-01
5.445102031456952041e-01
5.445216166880872954e-01
5.445145599033727191e-01
5.445124951892982290e-01
5.445087695573493924e-01
5.445145291898864093e-01
5.445128657355889912e-01
5.445111318697642977e-01
5.445086758285324624e-01
5.445330152930681900e-01
5.445166856637212449e-01
5.445329023918032973e-01
5.445158301980523863e-01
5.445082622629139335e-01
5.445101191166330512e-01
5.445004835816563693e-01
5.445027061120261136e-01
5.445076714526033701e-01
5.445024630819528255e-01
5.445140840313084096e-01
5.445138113628461562e-01
5.445284374767304092e-01
5.444928561633253228e-01
5.444766656808470717e-01
5.444712774187839832e-01
5.444750937330212759e-01
5.444739862286263055e-01
5.444723739312992139e-01
5.444735549651862350e-01
5.444808318899139188e-01
5.444720293805407341e-01
5.444763698592900436e-01
5.444721356484617525e-01
5.444731379548196637e-01
5.444719305730758574e-01
5.444788129287511103e-01
5.444718825749335078e-01
5.444832723525734330e-01
5.444711408706024436e-01
5.444886973564131427e-01
5.444740361710184162e-01
5.444787985792124418e-01
5.444747471933970573e-01
5.444706283078046827e-01
5.444712608480897220e-01
5.444703773215667786e-01
5.444691935747211220e-01
5.444783734466540626e-01
5.444703774935721885e-01
5.444816828063802072e-01
5.444687712756538511e-01
5.444838038163255511e-01
5.444662504336398312e-01
5.444790879668606198e-01
5.444706318951177959e-01
5.444634015739813204e-01
5.444657366438784285e-01
5.444823462685350890e-01
5.444689758692602410e-01
5.444662590617391773e-01
5.444638582777221458e-01
5.444815861331272488e-01
5.444672082892797471e-01
5.445203322675065127e-01
5.444760275676395755e-01
5.444442365908146453e-01
5.444505582464662652e-01
5.444741573939576584e-01
5.444531886349660565e-01
5.444464375272375367e-01
5.444453576523019533e-01
5.444595754709571356e-01
5.444451991420595771e-01
5.444451889806440903e-01
5.444448103415090445e-01
5.444549006964626292e-01
5.444496520998074462e-01
5.444612994314323995e-01
5.444410525331819795e-01
5.444491190903936184e-01
5.444404220638313641e-01
5.444470924093943731e-01
5.444410052176026360e-01
5.444447492667193744e-01
5.444435220882367643e-01
5.444465609923905269e-01
5.444454766225165221e-01
5.444347989444684455e-01
5.444374417723194526e-01
5.444349490322274443e-01
5.444353291038400711e-01
5.444507807231024898e-01
5.444334627677834826e-01
5.444430951835554922e-01
5.444329403868536366e-01
5.444459324697982217e-01
5.444409461850976406e-01
5.444370356180868731e-01
5.444371786952434400e-01
5.444346526773008454e-01
5.444308153420902574e-01
5.444294200574987252e-01
5.444326928648887121e-01
5.444398621588755205e-01
5.444368823740678431e-01
5.444403791005030246e-01
5.444283386997333940e-01
5.444305190359643998e-01
5.444269258410349144e-01
5.444498485889576189e-01
5.444326103642345149e-01
5.444261855874197309e-01
5.444213558728685509e-01
5.444287045516901236e-01
5.444231060365762875e-01
5.444212644078829655e-01
5.444233659406353398e-01
5.444239966016161114e-01
5.444224899656455730e-01
5.444297887492135501e-01
5.444244404246775249e-01
5.444239637102514795e-01
5.444215993215891780e-01
5.444316565865771063e-01
5.444231460778020670e-01
5.444320195343704816e-01
5.444271621532031924e-01
5.444355364599390290e-01
5.444251401881168295e-01
5.444311506053862715e-01
5.444189703021239390e-01
5.444288619999244627e-01
5.444182187789187166e-01
5.444292662672989280e-01
