1.088937763709158846e+00
1.088937763709158846e+00
1.088937763709158846e+00
1.100751134134697384e+00
1.065077142093985074e+00
1.079993495303720241e+00
1.008861226195760796e+00
1.008861226195760796e+00
1.008861226195760574e+00
1.008861226195760574e+00
1.008861226195760574e+00
1.008861226195760574e+00
1.179083224617532233e+00
9.819907120247434174e-01
9.819907120247434174e-01
9.819907120247430843e-01
9.819907120247430843e-01
1.230902642013251835e+00
9.819907120247431953e-01
9.819907120247434174e-01
9.372784506903011348e-01
9.805836157326889291e-01
9.526790651816677835e-01
1.002328686848642736e+00
9.372784506903011348e-01
9.576250412682864033e-01
9.372784506903011348e-01
1.016877156982266328e+00
9.439903867594113818e-01
9.723967577655940886e-01
9.372784506903011348e-01
9.371186564906068828e-01
9.371186564906068828e-01
9.398778041108180048e-01
9.400715454686329187e-01
9.312197632852888818e-01
9.460792328198931456e-01
9.312197632852891038e-01
9.463431088800956514e-01
9.312197632852888818e-01
9.315457657657442159e-01
9.312197632852888818e-01
9.316839949124858800e-01
9.284060061857317692e-01
9.425942362199906110e-01
9.301012531982250087e-01
9.141394134085103484e-01
9.425701178948451275e-01
9.146598276583355336e-01
9.185155026321774052e-01
9.150265915199081723e-01
9.279103269893989037e-01
9.169933231370714921e-01
9.210491429713854039e-01
9.141394134085105705e-01
9.328667411158603207e-01
9.104764777653470142e-01
9.105531824908106309e-01
9.158546329696450883e-01
9.227901339466741959e-01
9.142002315148535230e-01
9.100402359345226566e-01
9.157585900908500331e-01
9.094040247953142364e-01
9.093194109784316082e-01
9.093194109784319412e-01
9.089676299868644227e-01
9.094855192648836351e-01
9.126157536124679392e-01
9.099699665674980675e-01
9.085655013779342370e-01
9.087494161047683372e-01
9.098795076154034822e-01
9.101470506943817318e-01
9.108029484306265910e-01
9.087293997732706075e-01
9.102898504391438994e-01
9.086863446703601355e-01
9.090063588738530598e-01
9.080082432929234004e-01
9.104694444050250857e-01
9.077635129711958406e-01
9.127070660523658452e-01
9.080155108531494657e-01
9.077232475028454983e-01
9.079184007098981546e-01
9.077232475028451653e-01
9.061455808409643042e-01
9.025709763974147926e-01
9.020384805671936013e-01
9.018331529156511372e-01
9.005895818205787995e-01
8.997469511372917506e-01
8.989526160125477228e-01
8.990380866106086888e-01
8.987110040764346719e-01
8.988759710497731259e-01
8.991611518212190290e-01
8.984069262198162154e-01
8.994347021339254011e-01
8.984903494956685277e-01
8.985015130494152791e-01
8.984815199786309048e-01
8.982747922491578496e-01
8.984760632385679902e-01
8.984141578466422473e-01
8.982633733504487017e-01
9.003900171867831315e-01
8.983021089416328708e-01
8.996067860396268490e-01
8.983129507416113269e-01
8.988870163140374459e-01
8.983490305211306870e-01
8.991516327605263426e-01
8.984085639543505364e-01
8.997339441553393602e-01
8.982330868703669591e-01
8.982402953659639477e-01
8.983256887380841604e-01
8.982435542480156077e-01
8.983474182368169636e-01
8.982389735749026771e-01
8.984019891451715534e-01
8.982367833258173562e-01
8.983160460857688712e-01
8.982256496112558386e-01
8.995403209191181748e-01
8.980076301935694394e-01
8.976781511420329762e-01
8.980465509981507832e-01
8.977570583121929904e-01
8.978275901256141944e-01
8.977057755371785630e-01
8.979617573155290744e-01
8.975371142755160792e-01
8.975233886749840462e-01
8.975188550968636880e-01
8.976253996187955053e-01
8.975200484961772807e-01
8.975348404429497329e-01
8.975127206890176623e-01
8.974780594480422646e-01
8.975021375514165012e-01
8.975530808530498561e-01
8.973986173360557483e-01
8.972649649105445269e-01
8.972668441923716820e-01
8.972681691856452257e-01
8.972975319022905571e-01
8.973587820948267790e-01
8.972205935602575178e-01
8.971625034106665009e-01
8.971622814169710747e-01
8.971126824108045517e-01
8.971305607573401009e-01
8.970861126184537238e-01
8.970131928807345556e-01
8.970464213897949568e-01
8.970222718330963518e-01
8.969661420160893739e-01
8.969800339036047010e-01
8.968849510852161533e-01
8.969515558689302726e-01
8.969085624794821410e-01
8.968622355249497025e-01
8.969229608912983043e-01
8.967802926621363246e-01
8.967996904499144772e-01
8.967856899815688232e-01
8.967683869383590300e-01
8.967752284251317985e-01
8.969075355689175577e-01
8.967793173861683398e-01
8.967616706491916556e-01
8.967514146559025789e-01
8.967961683338355749e-01
8.967430932320619164e-01
8.968103728644846173e-01
8.967379621844577819e-01
8.967138579133956400e-01
8.967087995188981475e-01
8.967038212255160623e-01
8.967040501368770400e-01
8.967660296749222493e-01
8.966857518752744394e-01
8.967003204791668125e-01
8.967035782433280255e-01
8.967448312866361793e-01
8.966830833524623845e-01
8.968164262012279231e-01
8.966737831235482847e-01
8.967103519898116382e-01
8.966786559687063285e-01
8.967006406365934934e-01
8.966940495386944709e-01
8.966442476909660675e-01
8.966425194629560336e-01
8.966657120992141961e-01
8.966395934440131166e-01
8.967247932343982431e-01
8.966713796209032639e-01
8.966761181834682626e-01
8.966332573204296441e-01
8.965906695794805259e-01
8.965887024786945991e-01
8.965933854914238665e-01
8.966074998403128493e-01
8.965904535863861158e-01
8.966145364624283909e-01
8.966440289970969424e-01
8.965610052464191293e-01
8.965600778807643056e-01
8.965471782820183533e-01
8.965648140973856428e-01
8.965332378026864557e-01
8.964826859802841330e-01
8.964463555186322763e-01
8.966292916030159654e-01
8.964555307102292092e-01
8.963476757637602876e-01
8.963959706671661420e-01
8.963453897883878474e-01
8.963664955853616334e-01
8.963445287743431189e-01
8.963721546268730300e-01
8.963481815934684072e-01
8.963328857681036599e-01
8.963280737011051214e-01
8.963032821707498377e-01
8.963058890779339594e-01
8.963080590979853879e-01
8.963203408742156375e-01
8.963330754123397526e-01
8.963081430817716466e-01
8.963216391370262270e-01
8.963281635233377731e-01
8.962957916348953669e-01
8.963059607925245587e-01
8.963236843240018903e-01
8.963815935554384495e-01
8.962412797054424285e-01
8.963229870286446577e-01
8.962286230722040781e-01
8.961792406894786289e-01
8.961897962264202544e-01
8.961748057458213124e-01
8.961835322998326081e-01
8.961806515706554066e-01
8.961728702419653469e-01
8.962093240797871507e-01
8.961873343922560631e-01
8.961830460916234697e-01
8.961758147105937100e-01
8.961818310704646739e-01
8.961823422407457773e-01
8.961700880376093359e-01
8.961815263543880805e-01
8.961324690793129877e-01
8.961331302149210254e-01
8.961274184426569756e-01
8.961495813273155919e-01
8.961544649208613711e-01
8.961447658335401911e-01
8.961488664440677709e-01
8.961311260444040361e-01
8.961317815367599859e-01
8.961278847989194718e-01
8.961211033516899294e-01
8.961218122494309934e-01
8.961127577462910665e-01
8.961163707012338442e-01
8.961119933553931549e-01
8.961079876469847383e-01
8.961039731964814958e-01
8.961036656173211323e-01
8.961010944873455397e-01
8.961028958688799229e-01
8.961173418233066013e-01
8.961196910221504996e-01
8.960979623782803216e-01
8.961022242402938431e-01
8.960866192866502322e-01
8.960768341056073449e-01
8.960834757581340737e-01
8.960944252751364969e-01
8.960795154356082648e-01
8.960731428428462264e-01
8.960767755638052723e-01
8.960717973584030327e-01
8.960766367743157046e-01
8.960649574101376968e-01
8.960673948430672997e-01
8.960703272356974614e-01
8.960661737230305457e-01
8.960637479213588996e-01
8.960660396387954973e-01
8.960771120527022404e-01
8.960645618447757865e-01
8.960826954148320977e-01
8.960610635322160400e-01
8.960671426131833206e-01
8.960758810497301274e-01
8.960563444463642835e-01
8.960627553539440848e-01
8.960727460324152682e-01
8.960531751381962673e-01
8.960657817479587006e-01
8.960559798712735002e-01
8.960602429097047628e-01
8.960572431966669082e-01
8.960589293741398897e-01
8.960612622639552161e-01
8.960384868882816933e-01
8.960404819606945237e-01
8.960381987633256884e-01
8.960258840836138328e-01
8.960294975220913782e-01
8.960280382862700899e-01
8.960223206695384635e-01
8.960236981957685476e-01
8.960409884766766808e-01
8.960203533509624174e-01
8.960480968673950608e-01
8.960196386681492653e-01
8.960176260195137354e-01
8.960168001147175154e-01
8.960220389265467489e-01
8.960164671072140541e-01
8.960266402497397698e-01
8.960166127512300127e-01
8.960206236474997921e-01
8.960151062133702160e-01
8.960352267263399506e-01
8.960162445131574227e-01
8.960216270074923273e-01
8.960142108444137943e-01
8.960361018621564311e-01
8.960081358253991768e-01
8.960177406042012516e-01
8.960068193745168719e-01
8.960063903437858190e-01
8.960066109209541274e-01
8.960064992668996808e-01
8.960065135055527152e-01
8.960079590662165527e-01
8.960094971451640911e-01
8.960061603952115261e-01
8.960064310863871118e-01
8.960108290597769143e-01
8.960050340624166054e-01
8.960027201843596689e-01
8.960021276132605905e-01
8.960038681003015260e-01
8.960035843239595454e-01
8.960036039642272909e-01
8.960029463972534192e-01
8.960018646945858700e-01
8.960065942372776870e-01
8.959951167448428899e-01
8.959958837558092970e-01
8.959949467024039826e-01
8.959946253867808741e-01
8.959949551321061412e-01
8.960006520899670424e-01
8.959943679331592303e-01
8.959925556632919452e-01
8.959930438816088305e-01
8.959918310602015268e-01
8.959919644714485765e-01
8.959918212625874734e-01
8.959915242431572002e-01
8.959913731815327687e-01
8.959909660343748916e-01
8.959916039036455171e-01
8.959905654227930949e-01
8.959919447202588927e-01
8.959907151554704630e-01
8.959967522942262619e-01
8.959906914606504680e-01
8.959960722470098338e-01
8.959916372022621589e-01
8.959878797325580013e-01
8.959902807901823918e-01
8.959886038336855041e-01
8.959878113312271797e-01
8.959881761823660362e-01
8.959981663418041808e-01
8.959878697955219184e-01
8.959876861319031605e-01
8.959898843745890407e-01
8.959834781124255132e-01
8.959843536716702861e-01
8.959831104839045546e-01
8.959849601498671712e-01
8.959830292173398547e-01
8.959830127887571383e-01
8.959826188364975463e-01
8.959830098457373104e-01
8.959831938120662587e-01
8.959857025603713554e-01
8.959828759419936617e-01
8.959799983167481274e-01
8.959915241581147827e-01
8.959809228119133273e-01
8.959791614609710075e-01
8.959795354909496634e-01
8.959804081372910733e-01
8.959795013647118278e-01
8.959841904987525529e-01
8.959792827069225085e-01
8.959840627041916195e-01
8.959803197450129097e-01
8.959754021754045006e-01
8.959760665502329857e-01
8.959788172957203756e-01
8.959757833162772522e-01
8.959787392698002062e-01
8.959752065231983975e-01
8.959763670154802240e-01
8.959775757319204947e-01
8.959744546498766837e-01
8.959745101191971539e-01
8.959742188960316822e-01
8.959748965824119171e-01
8.959753898097644331e-01
8.959741105456774379e-01
8.959718751783430912e-01
8.959717014944165170e-01
8.959725542477683380e-01
8.959711425747689528e-01
8.959714663336624252e-01
8.959723374864412282e-01
8.959724785185729790e-01
8.959709818676186988e-01
8.959707529630632772e-01
8.959697550959033752e-01
8.959689620991684311e-01
8.959633469784777926e-01
8.959603719066497884e-01
8.959621296956976622e-01
8.959610434746403396e-01
8.959590463507568492e-01
8.959608632882319901e-01
8.959588743224555785e-01
8.959589695212263338e-01
8.959594090601809002e-01
8.959595866841951750e-01
8.959596702099507093e-01
8.959599670247890835e-01
8.959593543741730670e-01
8.959597743125874425e-01
8.959590452416795747e-01
8.959578457049999223e-01
8.959580234413314637e-01
8.959542712514618756e-01
8.959531917653927868e-01
8.959538083618933113e-01
8.959552890573664330e-01
8.959537020801016105e-01
8.959569997930763030e-01
8.959531171056892562e-01
8.959539319521319101e-01
8.959540446079279352e-01
8.959542911092535089e-01
8.959538323711020436e-01
8.959519656676595556e-01
8.959522172298557408e-01
8.959530666167471180e-01
8.959520364562991723e-01
8.959512472541147909e-01
8.959517247103570003e-01
8.959551035900933380e-01
8.959517527363687339e-01
8.959545517318941998e-01
8.959525840136545183e-01
8.959505194541259598e-01
8.959513966289465170e-01
8.959478078957191505e-01
8.959477533834439011e-01
8.959486345801163099e-01
8.959534655656474778e-01
8.959466264752361520e-01
8.959477264067846614e-01
8.959466414672696555e-01
8.959488492808360682e-01
8.959469211733345206e-01
8.959493205357711432e-01
8.959475283519847677e-01
8.959467812437464929e-01
8.959470283366838261e-01
8.959475262513737492e-01
8.959468238774348503e-01
8.959458218906382054e-01
8.959461244371927924e-01
8.959479841556268198e-01
8.959458645329075877e-01
8.959470368445694444e-01
8.959478188874685500e-01
8.959464563488650501e-01
8.959453459738973002e-01
8.959436303273266011e-01
8.959428924363802560e-01
8.959429118983367468e-01
8.959428130493214404e-01
8.959432909909497145e-01
8.959430298243736823e-01
8.959436186170522953e-01
8.959428899503375510e-01
8.959423642422902345e-01
8.959425223827052198e-01
8.959422882789580544e-01
8.959421168994655682e-01
8.959427244191737749e-01
8.959421946936023673e-01
8.959423394674652652e-01
8.959420009241088056e-01
8.959399505970280231e-01
8.959396386365435783e-01
8.959395669015851604e-01
8.959383416551403023e-01
8.959395277561922333e-01
8.959389793212518827e-01
8.959377640662938846e-01
8.959387105221585657e-01
8.959371944000020793e-01
8.959371746070272646e-01
8.959386533249743545e-01
8.959374913478957980e-01
8.959369650257775763e-01
8.959373751797670149e-01
8.959362956377606713e-01
8.959361005425585667e-01
8.959361981295836941e-01
8.959361643909643513e-01
8.959360489065699706e-01
8.959361405908112808e-01
8.959375158569155007e-01
8.959360028684112409e-01
8.959342448592592101e-01
8.959340095023522466e-01
8.959339183047309030e-01
8.959348871594641217e-01
8.959342043460610805e-01
8.959345400632416911e-01
8.959338613672752638e-01
8.959352501951040049e-01
8.959341337048130072e-01
8.959340459387363786e-01
8.959338439320260195e-01
8.959345649358970709e-01
8.959340006749773044e-01
8.959351698145374687e-01
8.959332928939638396e-01
8.959316819291235356e-01
8.959329382501417527e-01
8.959317607571881670e-01
8.959321898290495412e-01
8.959316466383070443e-01
8.959331961922918364e-01
8.959322156505888923e-01
8.959318009324303000e-01
8.959310959980865130e-01
8.959308975889861415e-01
8.959307510282785714e-01
8.959300525575722984e-01
8.959301391938141457e-01
8.959305020732760694e-01
8.959300897381322626e-01
8.959299872544834731e-01
8.959299897095801546e-01
8.959302513885276653e-01
8.959301140878559444e-01
8.959302017950360186e-01
8.959296246854613344e-01
8.959342052317651461e-01
8.959293773437341235e-01
8.959278139834265797e-01
8.959280759981235187e-01
8.959284542426646514e-01
8.959276285431263531e-01
8.959276642882055830e-01
8.959291616407055736e-01
8.959275683284065872e-01
8.959262813179942331e-01
8.959260241112785295e-01
8.959245705903117196e-01
8.959257219196755662e-01
8.959247280158858517e-01
8.959264041706144210e-01
8.959244242661948965e-01
8.959230556145458824e-01
8.959230064153475004e-01
8.959227514901793032e-01
8.959226293484950920e-01
8.959222406178652953e-01
8.959219962401913095e-01
8.959215102697590805e-01
8.959218724028711334e-01
8.959226390958712205e-01
8.959226681331022846e-01
8.959204377430090016e-01
8.959204693244993134e-01
8.959207357609971778e-01
8.959204790492231174e-01
8.959203970275348983e-01
8.959203352825226840e-01
8.959210132173380803e-01
8.959202792852898334e-01
8.959206719935595142e-01
8.959202320613586235e-01
8.959210963599980593e-01
8.959203131814490462e-01
8.959181607972527273e-01
8.959179007867290601e-01
8.959179719932357511e-01
8.959180645121423980e-01
8.959180364425192167e-01
8.959176970137131546e-01
8.959179372783685480e-01
8.959180366115807592e-01
8.959190526429403612e-01
8.959170304346438796e-01
8.959165577211504194e-01
8.959164718762994140e-01
8.959153316480369389e-01
8.959145491362147107e-01
8.959145710659406348e-01
8.959143833798584033e-01
8.959144738989808232e-01
8.959150029949045635e-01
8.959142309409001692e-01
8.959143871704652318e-01
8.959133181368533760e-01
8.959132042404365226e-01
8.959140663153176698e-01
8.959114249800981256e-01
8.959116040541067472e-01
8.959115303956292076e-01
8.959110880287211032e-01
8.959112821289055839e-01
8.959109396409882242e-01
8.959100806280382301e-01
8.959092563753505711e-01
8.959091823757884265e-01
8.959091064674915561e-01
8.959102201984239233e-01
8.959087003836154750e-01
8.959107055944687259e-01
8.959084351244915867e-01
8.959076496631536157e-01
8.959079715020284995e-01
8.959071113758140248e-01
8.959076029067264413e-01
8.959064959160889519e-01
8.959066539225302161e-01
8.959082631073387315e-01
8.959070492745189185e-01
8.959073339050929174e-01
8.959063861929748018e-01
8.959057960842031765e-01
8.959056159489685589e-01
8.959049147096018739e-01
8.959052061015413404e-01
8.959045935896109425e-01
8.959047316436363761e-01
8.959045788564151680e-01
8.959049624254802335e-01
8.959046883164095698e-01
8.959058747107244702e-01
8.959044829972229174e-01
8.959063960239326274e-01
8.959053477343956740e-01
8.959031685595000294e-01
8.959022278638941739e-01
8.959023597401560846e-01
8.959027036404030309e-01
8.959021380391092304e-01
8.959025753539785475e-01
8.959010534718125918e-01
8.958997972440116975e-01
8.959011548515305456e-01
8.958996907144326505e-01
8.959005681273313204e-01
8.958996629331688055e-01
8.959024284432436369e-01
8.958995534896523338e-01
8.958974909213142102e-01
8.958976401647175125e-01
8.958975858466192710e-01
8.958975746349024938e-01
8.958975325088854857e-01
8.958975055877715921e-01
8.958973132668679451e-01
8.958976488121210835e-01
8.958977668165262198e-01
8.958974137096589185e-01
8.958974399780226250e-01
8.958982806388759990e-01
8.958970936541199581e-01
8.958976127496756092e-01
8.958969688639929485e-01
8.958960158679728503e-01
8.958947269366187571e-01
8.958944096778228561e-01
8.958943679241105906e-01
8.958934067470729623e-01
8.958936697400966542e-01
8.958933898025730480e-01
8.958940935404707817e-01
8.958938350890431890e-01
8.958918113703731034e-01
8.958914043886521128e-01
8.958914178596290023e-01
8.958917292489694262e-01
8.958914255283132455e-01
8.958916330217886470e-01
8.958917852720799102e-01
8.958913246165811639e-01
8.958914200532512861e-01
8.958913173947946618e-01
8.958924990428087654e-01
8.958911392777576532e-01
8.958914207538948293e-01
8.958919644617631128e-01
8.958909119423752454e-01
8.958915907135607259e-01
8.958912071472395766e-01
8.958889641461775799e-01
8.958890484219114159e-01
8.958890482526271626e-01
8.958903941784038816e-01
8.958904077824586532e-01
8.958878757987667196e-01
8.958879014555788389e-01
8.958877091320726072e-01
8.958876216633671064e-01
8.958862414047918943e-01
8.958844750479251218e-01
8.958843130800369092e-01
8.958844492515195546e-01
8.958845997238213954e-01
8.958844147189823914e-01
8.958840212488790034e-01
8.958839830466380771e-01
8.958845054021929988e-01
8.958839727415890408e-01
8.958838359830342268e-01
8.958858284392028359e-01
8.958817551555736669e-01
8.958802397072845869e-01
8.958795201011536813e-01
8.958795986498925279e-01
8.958809689681491717e-01
8.958794253381492378e-01
8.958797723397770030e-01
8.958799130035198788e-01
8.958810156434747762e-01
8.958802836517245627e-01
8.958799412207640867e-01
8.958798950456097199e-01
8.958783727183307066e-01
8.958787557566856297e-01
8.958781118410027444e-01
8.958781568856641897e-01
8.958762036614625890e-01
8.958764832215493357e-01
8.958762805972526611e-01
8.958765219679899472e-01
8.958759418002857355e-01
8.958783124903637596e-01
8.958760988571897732e-01
8.958744471690160971e-01
8.958743417057358771e-01
8.958743302341419801e-01
8.958740170699438510e-01
8.958738800224433918e-01
8.958737070496616273e-01
8.958737876119626797e-01
8.958737838751206217e-01
8.958739583890242830e-01
8.958746963135730823e-01
8.958737684462745321e-01
8.958746283064054072e-01
8.958734507614006803e-01
8.958774421434873014e-01
8.958736252697030444e-01
8.958706852004386656e-01
8.958718716328499809e-01
8.958713224721888135e-01
8.958700513817796640e-01
8.958699574716226799e-01
8.958708047697779842e-01
8.958700848022542740e-01
8.958704089500221235e-01
8.958706971125393048e-01
8.958681277548803390e-01
8.958681385262853292e-01
8.958679354878413825e-01
8.958665678213693084e-01
8.958665416201379017e-01
8.958659271965210280e-01
8.958674215385629136e-01
8.958658663703967795e-01
8.958652724827076419e-01
8.958651725326496340e-01
8.958647804939312564e-01
8.958646758406386690e-01
8.958651469840097636e-01
8.958643908362917685e-01
8.958645335736414861e-01
8.958645841723331671e-01
8.958632933087861128e-01
8.958632251804701241e-01
8.958640770795220920e-01
8.958632204681603595e-01
8.958645357901515727e-01
8.958634602323749530e-01
8.958636586388774026e-01
8.958631247407546905e-01
8.958633945764095108e-01
8.958625316480999246e-01
8.958630288183496715e-01
8.958622699526698208e-01
8.958604828342625614e-01
8.958604228980604489e-01
8.958604268290402128e-01
8.958603915004518248e-01
8.958602748294725027e-01
8.958602976304709253e-01
8.958604278537588561e-01
8.958600941080548941e-01
8.958614347079413287e-01
8.958590006321813792e-01
8.958571383581986902e-01
8.958564718116309722e-01
8.958564457453190855e-01
8.958567068533676014e-01
8.958562950094016708e-01
8.958546891616473440e-01
8.958551229678267669e-01
8.958545183504817988e-01
8.958548827249200874e-01
8.958543318909926167e-01
8.958570848537900089e-01
8.958545628913514580e-01
8.958521725510221190e-01
8.958523361201745638e-01
8.958523199827672645e-01
8.958525057722270812e-01
8.958524188066923077e-01
8.958524903113532778e-01
8.958523842477664756e-01
8.958525936402271794e-01
8.958522239376963681e-01
8.958540221596522635e-01
8.958523823473835135e-01
8.958526550407858169e-01
8.958524849504486687e-01
8.958509819758498915e-01
8.958521637925420666e-01
8.958502625559681132e-01
8.958493755331028430e-01
8.958498964350860572e-01
8.958495512460690202e-01
8.958479763120501538e-01
8.958479236645919830e-01
8.958507535869179028e-01
8.958483822490244108e-01
8.958457080200729061e-01
8.958444138860945927e-01
8.958449154633764122e-01
8.958443437175562796e-01
8.958442116788887244e-01
8.958444483578689166e-01
8.958440282087445361e-01
8.958439659885415463e-01
8.958442240597269679e-01
8.958440349673033598e-01
8.958439100707693559e-01
8.958438912943720300e-01
8.958438311874009630e-01
8.958446045226499121e-01
8.958446312546487489e-01
8.958438182140723294e-01
8.958412507298709748e-01
8.958426808205892655e-01
8.958410867064466876e-01
8.958400766559176942e-01
8.958393959008607021e-01
8.958377217351464195e-01
8.958364906705856834e-01
8.958359450980336591e-01
8.958357574564004278e-01
8.958357657594563372e-01
8.958358248411402158e-01
8.958361015579148212e-01
8.958354993477455341e-01
8.958352658006748515e-01
8.958352321684724950e-01
8.958349223997261745e-01
8.958348860053201301e-01
8.958357078285679176e-01
8.958345595717787102e-01
8.958343013034488767e-01
8.958352144631883673e-01
8.958317122043757408e-01
8.958296787322769239e-01
8.958276880270021891e-01
8.958259511619454107e-01
8.958230022901871870e-01
8.958219431809275601e-01
8.958195879351190660e-01
8.958190870558266905e-01
8.958187358017936086e-01
8.958189955358480949e-01
8.958195019534084258e-01
8.958189681032960872e-01
8.958178288747888907e-01
8.958182133998485730e-01
8.958173672763126705e-01
8.958177945449974366e-01
8.958178299308029446e-01
8.958175724681923802e-01
8.958170847805614345e-01
8.958172047848982356e-01
8.958157443337206871e-01
8.958192322994281698e-01
8.958159550023009343e-01
8.958143003387425418e-01
8.958110658884189670e-01
8.958104269579981738e-01
8.958095978882306687e-01
8.958091588692724816e-01
8.958075234575705315e-01
8.958061615901442565e-01
8.958064284899810437e-01
8.958055964072043631e-01
8.958057452456967829e-01
8.958039923675711336e-01
8.958032406688312133e-01
8.958034637745380113e-01
8.958008043804701614e-01
8.958009214665830777e-01
8.958009266176448770e-01
8.957993874001914936e-01
8.958003528088498424e-01
8.957993415847660401e-01
8.957977754319563779e-01
8.957945544646899183e-01
8.957916805153203210e-01
8.957887126467066752e-01
8.957854901367338085e-01
8.957827063762610065e-01
8.957808039352624929e-01
8.957788191907432029e-01
8.957786024280219861e-01
8.957788304248439637e-01
8.957770569853429343e-01
8.957762509412310337e-01
8.957762779916710327e-01
8.957727004328129849e-01
8.957689317972820087e-01
8.957654338903011659e-01
8.957626461127093931e-01
8.957610573891011674e-01
8.957606613167619081e-01
8.957607301519213694e-01
8.957609754099035149e-01
8.957606991014618325e-01
8.957612015159733820e-01
8.957607647916796534e-01
8.957604038208967223e-01
8.957598212974945406e-01
8.957602325586381253e-01
8.957603060211218882e-01
8.957587357421518126e-01
8.957572625746091921e-01
8.957564438153743369e-01
8.957562030853704060e-01
8.957569368309608038e-01
8.957570342801686181e-01
8.957530592779512357e-01
8.957508915170349084e-01
8.957508144147180440e-01
8.957515506666879901e-01
8.957503533177740840e-01
8.957486464285693284e-01
8.957464708622240313e-01
8.957456875392091344e-01
8.957437103551739721e-01
8.957436126809187327e-01
8.957435155269718452e-01
8.957435591124917051e-01
8.957415236732806374e-01
8.957417070634425826e-01
8.957413054302856281e-01
8.957413762423375170e-01
8.957424890433419717e-01
8.957399274275620327e-01
8.957395704858416297e-01
8.957379231768013428e-01
8.957366023916923936e-01
8.957370656467076309e-01
8.957351079009608918e-01
8.957341324224056267e-01
8.957346614195406120e-01
8.957317572091382241e-01
8.957318208759688094e-01
8.957316775820560739e-01
8.957296654219488730e-01
8.957295953490678198e-01
8.957296261146184824e-01
8.957287435371900086e-01
8.957296473281317617e-01
8.957266387579223554e-01
8.957248035134426356e-01
8.957243251700701681e-01
8.957252388865106774e-01
8.957218403645266225e-01
8.957219636072635272e-01
8.957207513051569370e-01
8.957208771393704305e-01
8.957228862612000020e-01
8.957178040224084148e-01
8.957153645583568746e-01
8.957139313246225143e-01
8.957140130974645675e-01
8.957129065876168195e-01
8.957149041095117115e-01
8.957125129332104141e-01
8.957119272434087565e-01
8.957118916530708574e-01
8.957118782931304812e-01
8.957102233207040465e-01
8.957104906146240442e-01
8.957089479664614995e-01
8.957069347371933166e-01
8.957068865627407783e-01
8.957087314485850937e-01
8.957020528551125071e-01
8.957010989189077010e-01
8.957025948821663031e-01
8.957016096692995699e-01
8.957008695623498440e-01
8.956973460070682957e-01
8.956953623047626545e-01
8.956955011098376440e-01
8.956923826406466560e-01
8.956895903158039740e-01
8.956888296637376401e-01
8.956886844198279629e-01
8.956899450886973701e-01
8.956879985238666020e-01
8.956870804171630507e-01
8.956871081364082832e-01
8.956865728990435205e-01
8.956859553231553139e-01
8.956865368550297468e-01
8.956877469733990349e-01
8.956826797464607637e-01
8.956793121344892583e-01
8.956803907989510094e-01
8.956784583400176913e-01
8.956771324212717822e-01
8.956768001588438777e-01
8.956744259302373834e-01
8.956749229392134692e-01
8.956752110704438996e-01
8.956731532491304382e-01
8.956683691357705257e-01
8.956655435339668792e-01
8.956648714933310718e-01
8.956647540002758978e-01
8.956628535994054507e-01
8.956623544155190020e-01
8.956622734053558688e-01
8.956617831735380619e-01
8.956619708442601357e-01
8.956615960657668962e-01
8.956619897022570775e-01
8.956597270096454677e-01
8.956566973810418109e-01
8.956541431617578430e-01
8.956499890534659336e-01
8.956462899032866520e-01
8.956446100108659270e-01
8.956434129133865607e-01
8.956446853422787013e-01
8.956413851599214215e-01
8.956366613226843798e-01
8.956340052526202689e-01
8.956325560961304610e-01
8.956320754785769278e-01
8.956320755184944415e-01
8.956309300097493598e-01
8.956310163323595308e-01
8.956321254366543805e-01
8.956307976601927123e-01
8.956329665894458003e-01
8.956323376453669827e-01
8.956313634392878420e-01
8.956332642409718936e-01
8.956271966359098391e-01
8.956218073966355497e-01
8.956184387961995119e-01
8.956180951181008654e-01
8.956181063379076157e-01
8.956160887162809559e-01
8.956165501295606512e-01
8.956142830408773126e-01
8.956155367960688674e-01
8.956140557707292782e-01
8.956177989041714804e-01
8.956137892109141685e-01
8.956097227450967591e-01
8.956055310648801671e-01
8.956030131284921092e-01
8.956006104949109092e-01
8.956010227218542674e-01
8.955994418664251500e-01
8.955995880862320790e-01
8.955987179938117437e-01
8.955986952559339409e-01
8.955957549526000205e-01
8.955938984474106634e-01
8.955899715816755258e-01
8.955851909422882784e-01
8.955845134396918095e-01
8.955845518374703218e-01
8.955836576472254729e-01
8.955833055395991948e-01
8.955870384764926806e-01
8.955834428047434459e-01
8.955789716191757677e-01
8.955718594637099850e-01
8.955668902743111337e-01
8.955647164640684332e-01
8.955648637256773403e-01
8.955636123229242518e-01
8.955636729295788356e-01
8.955632661890656765e-01
8.955633541268607223e-01
8.955632525831770385e-01
8.955634369182836618e-01
8.955667740009515265e-01
8.955643424348038728e-01
8.955589414160165518e-01
8.955584128221955043e-01
8.955576933734930023e-01
8.955528406742145897e-01
8.955516921233048766e-01
8.955515561578076822e-01
8.955486041543081477e-01
8.955501207469954705e-01
8.955430487574991272e-01
8.955382355044226861e-01
8.955365773222474512e-01
8.955287351831783260e-01
8.955224208023648824e-01
8.955165721161848502e-01
8.955099932415079289e-01
8.955033051540292055e-01
8.954969385353168665e-01
8.954933695471034572e-01
8.954924333456155683e-01
8.954919559465676082e-01
8.954903699373082393e-01
8.954904743260072575e-01
8.954877075476962434e-01
8.954841124718309064e-01
8.954824982207474360e-01
8.954826368869458486e-01
8.954772087054779783e-01
8.954746849603013592e-01
8.954697350136074929e-01
8.954670675997491447e-01
8.954577569023873806e-01
8.954506546943529210e-01
8.954442928495082166e-01
8.954368869338515946e-01
8.954295309599635821e-01
8.954230023360223445e-01
8.954195227866014184e-01
8.954176967267709619e-01
8.954175724689776850e-01
8.954176660000483512e-01
8.954170432090714504e-01
8.954137144134622917e-01
8.954136448680303229e-01
8.954109505511089750e-01
8.954111393571163591e-01
8.954108941044521819e-01
8.954104680639941582e-01
8.954080288890301498e-01
8.954065616474553568e-01
8.954100804354300225e-01
8.953968250940436135e-01
8.953878507831036782e-01
8.953803955530678094e-01
8.953754180445585575e-01
8.953702905885304597e-01
8.953682340968123210e-01
8.953579247481163739e-01
8.953483512095236074e-01
8.953382425516503984e-01
8.953333940850385364e-01
8.953305337790270491e-01
8.953310747288036886e-01
8.953293412300111775e-01
8.953293042586875083e-01
8.953198848653032282e-01
8.953164681052042662e-01
8.953164610514605659e-01
8.953100007001749683e-01
8.953068158031772805e-01
8.953072118239477906e-01
8.952981782554439993e-01
8.952904718903572645e-01
8.952888086665367062e-01
8.952893176723828450e-01
8.952920371097190522e-01
8.952920253282414809e-01
8.952804157523343020e-01
8.952735201227267625e-01
8.952625808402648877e-01
8.952532845368440517e-01
8.952463847880069991e-01
8.952417208368229629e-01
8.952387559875527590e-01
8.952392585909421108e-01
8.952269685693614587e-01
8.952182451489176795e-01
8.952105691630957152e-01
8.952027184900873680e-01
8.951931937303317932e-01
8.951847308571468931e-01
8.951744446104629160e-01
8.951648281008230956e-01
8.951529050032107637e-01
8.951410168376272569e-01
8.951400484039462313e-01
8.951393478971264583e-01
8.951266810777992466e-01
8.951163464609954712e-01
8.951023822119604789e-01
8.950902988994254850e-01
8.950765100829068954e-01
8.950635033579023014e-01
8.950487067722970869e-01
8.950336939783503087e-01
8.950187395002173751e-01
8.950038495565916241e-01
8.949891120238222531e-01
8.949751700350431216e-01
8.949595884621922570e-01
8.949440796782962559e-01
8.949283765266367041e-01
8.949126276927297230e-01
8.948968466339686234e-01
8.948810370616480103e-01
8.948652065509181686e-01
8.948493523803412453e-01
8.948334874589253252e-01
8.948175928830560677e-01
8.948017167734375610e-01
8.947857542422307242e-01
8.947700134739510203e-01
8.947538068365092911e-01
8.947486985091844813e-01
8.947433327687696059e-01
8.947442562293385082e-01
8.947372888799943746e-01
8.947382624748944080e-01
8.947384327871694687e-01
8.947376105496331888e-01
8.947400610265356935e-01
8.947394663161554185e-01
8.947369620870818663e-01
8.947340712663547357e-01
8.947553992865926453e-01
8.947296855951614170e-01
8.947289199198955600e-01
8.947267072864600879e-01
8.947149254148233366e-01
8.947151140021025739e-01
8.946991619171792420e-01
8.946736062971376580e-01
8.946551607555890406e-01
8.946320077494039902e-01
8.946137138118457344e-01
8.945946032040053009e-01
8.945921245506347486e-01
8.945901168780101553e-01
8.945872023553689267e-01
8.945888080881768678e-01
8.945876828739074416e-01
8.945867639352830247e-01
8.945790309082157776e-01
8.945787161497574802e-01
8.945720138838798574e-01
8.945713160240474915e-01
8.945706065051035605e-01
8.945713523136599177e-01
8.945627776097651029e-01
8.945641163412048069e-01
8.945558738399289611e-01
8.945545005039053921e-01
8.945419500655757972e-01
8.945152357673420429e-01
8.944883109053696213e-01
8.944613276941237867e-01
8.944341842801631914e-01
8.944068016774755492e-01
8.943792006784138104e-01
8.943513990368443523e-01
8.943233987411147723e-01
8.942951997549942744e-01
8.942668015204555676e-01
8.942382035043652255e-01
8.942094054003076886e-01
8.941804072518887425e-01
8.941512094837728020e-01
8.941218129282245686e-01
8.940922188042170760e-01
8.940624287113640989e-01
8.940324445872782633e-01
8.940022686926832884e-01
8.939719035569224648e-01
8.939413519683402365e-01
8.939106169078497865e-01
8.938797015589095007e-01
8.938486092175603748e-01
8.938173433471955365e-01
8.937859074295407824e-01
8.937543051252427873e-01
8.937225399654502578e-01
8.936906157898578673e-01
8.936585359797218908e-01
8.936263047044272767e-01
8.935939247306392552e-01
8.935614012647402626e-01
8.935287349552981651e-01
8.934959348613477070e-01
8.934629937796543242e-01
8.934299362142400502e-01
8.933967229559710566e-01
8.933634451570792168e-01
8.933299212450872551e-01
8.932965537174004655e-01
8.932624768538253157e-01
8.932296842466985742e-01
8.931938354217715537e-01
8.931663475546022246e-01
8.931250750912604897e-01
8.931022662229763931e-01
8.931266046383919965e-01
8.930938180859430142e-01
8.931001522849649765e-01
8.930964415304787352e-01
8.930879599483031450e-01
8.930870936168343599e-01
8.930805792011278221e-01
8.930801754217799759e-01
8.930741558210895104e-01
8.930712955630946137e-01
8.930710408886174401e-01
8.930737468715810312e-01
8.930693427702960374e-01
8.930684583047574510e-01
8.930575605257411453e-01
8.930569594222964591e-01
8.930001033394038279e-01
8.929458208891853932e-01
8.928924656982788477e-01
8.928404655207169416e-01
8.927890854725020198e-01
8.927457647446589428e-01
8.927097225810536330e-01
8.926651423541532848e-01
8.926380865060531411e-01
8.926247101130320161e-01
8.926257088154091468e-01
8.926116000216982593e-01
8.926121265471187449e-01
8.926096468045142673e-01
8.926094825131781763e-01
8.926023467162287339e-01
8.926029333585518977e-01
8.925932053883233186e-01
8.925942735591460009e-01
8.925865646815667187e-01
8.925860900562880840e-01
8.925437221049531411e-01
8.924831768593755044e-01
8.924224515720524664e-01
8.923608361869644900e-01
8.922994922247576843e-01
8.922367904173983399e-01
8.921752148084333145e-01
8.921112929274825909e-01
8.920508736917672765e-01
8.919855472754291137e-01
8.919354611224319385e-01
8.918871296163799478e-01
8.918306880054132080e-01
8.917628629350444758e-01
8.917231645638166171e-01
8.917011839018591512e-01
8.916633934365629788e-01
8.916371846666490963e-01
8.916387484146393039e-01
8.916184305527637965e-01
8.916178198581624637e-01
8.915971342354690465e-01
8.915975613421635027e-01
8.915688073201180064e-01
8.915204853453653211e-01
8.914871153564172257e-01
8.914346063253079100e-01
8.914070400095351898e-01
8.913622472167106459e-01
8.913272743699607314e-01
8.912490332212376076e-01
8.911711338371847146e-01
8.910914228370252488e-01
8.910111716692358241e-01
8.909299466961018155e-01
8.908481247376817125e-01
8.907655127532511097e-01
8.906823772914899129e-01
8.905985376923581942e-01
8.905142694511567480e-01
8.904293229452846514e-01
8.903440742142976205e-01
8.902580938127035992e-01
8.901720286065509802e-01
8.900850116832423886e-01
8.899983922362364464e-01
8.899101643885228841e-01
8.898236495013375214e-01
8.897336006557262644e-01
8.896497194663823826e-01
8.895563991473309784e-01
8.894931111901743792e-01
8.893954230623855040e-01
8.893321195999829287e-01
8.892884611046503185e-01
8.892432305000238513e-01
8.891980582775993458e-01
8.891540066104136608e-01
8.891106226648494149e-01
8.890710639763002021e-01
8.890616839646451330e-01
8.890632466417953683e-01
8.890294083643320855e-01
8.890057325737240612e-01
8.890088201605540474e-01
8.889912938329255221e-01
8.889885731828587323e-01
8.889788811321946982e-01
8.889802627168228444e-01
8.889677138481933971e-01
8.889685967447137349e-01
8.888557969066400721e-01
8.887424554089926598e-01
8.886277120919734429e-01
8.885118258153559267e-01
8.883949953940734057e-01
8.882773979156468602e-01
8.881591235151100605e-01
8.880402922401915422e-01
8.879209280560712569e-01
8.878011628405735323e-01
8.876809160788114994e-01
8.875604721347675197e-01
8.874393778161685509e-01
8.873187339384089878e-01
8.871961764064183464e-01
8.870780515821760082e-01
8.869503497046556939e-01
8.868926563951868847e-01
8.868169252654554136e-01
8.867673977646136629e-01
8.867539603312396546e-01
8.867541151992632820e-01
8.867466920796732710e-01
8.867467381064764176e-01
8.867330090029623690e-01
8.867326297465303320e-01
8.867174354879550080e-01
8.867172581415397881e-01
8.867101261736898277e-01
8.867098701206252986e-01
8.867021065964506565e-01
8.867004239522925380e-01
8.866880682138194025e-01
8.866896243059466665e-01
8.866633854213448185e-01
8.866114772052416937e-01
8.864700471473790921e-01
8.863270524819005791e-01
8.861825322297647300e-01
8.860365902181384090e-01
8.858893576481475796e-01
8.857409498245328860e-01
8.855914613883202335e-01
8.854409689115673165e-01
8.852895358558237060e-01
8.851372154536001347e-01
8.849840537555148101e-01
8.848300908137758380e-01
8.846753626469476828e-01
8.845199012945590411e-01
8.843637366345779016e-01
8.842068953020356670e-01
8.840494033730107448e-01
8.838912831738293674e-01
8.837325589834469364e-01
8.835732483076745858e-01
8.834133769923010471e-01
8.832529533982123038e-01
8.830920147746181836e-01
8.829305424815183656e-01
8.827686218120314177e-01
8.826061336610993013e-01
8.824433647524282387e-01
8.822797728178948251e-01
8.821165479855379576e-01
8.819512039701794537e-01
8.817893614316948403e-01
8.816190511702068910e-01
8.814713002574604550e-01
8.812861014830368767e-01
8.813178285878849882e-01
8.812903134330719590e-01
8.812806973610554095e-01
8.812827324941659990e-01
8.812681124856699411e-01
8.812673408257493124e-01
8.812388081785448302e-01
8.812403016841534598e-01
8.811949618498984282e-01
8.811951863961857701e-01
8.811774219609712633e-01
8.811763813534750911e-01
8.811316070453614202e-01
8.811316488788134560e-01
8.811124172921929176e-01
8.811098666526491208e-01
8.810645152100762267e-01
8.810648744534668175e-01
8.808628356971794915e-01
8.806592319453030449e-01
8.804537668222154334e-01
8.802467056005534030e-01
8.800383148433985614e-01
8.798287575757444134e-01
8.796181675180615445e-01
8.794066212832050144e-01
8.791942060772313106e-01
8.789809533555485999e-01
8.787669458879255879e-01
8.785521650693952633e-01
8.783367405511607329e-01
8.781205363249056095e-01
8.779038770625986476e-01
8.776862342006028772e-01
8.774686942991296590e-01
8.772492046549003053e-01
8.770320803008994082e-01
8.768088400382413328e-01
8.765998181613195994e-01
8.763672584425790113e-01
8.762899889812584275e-01
8.761739858575036122e-01
8.761054653339693798e-01
8.761049781643533985e-01
8.759819285021750446e-01
8.759175369041591885e-01
8.759146790674721128e-01
8.758019544145251301e-01
8.757343592378605823e-01
8.757333067350692168e-01
8.756078148694156349e-01
8.755441257544056555e-01
8.755429353182403451e-01
8.754317878933480790e-01
8.753737500422167361e-01
8.753718911417549542e-01
8.752622121971672664e-01
8.751983475972466842e-01
8.751265767641880355e-01
8.748745930380538161e-01
8.746208595422001464e-01
8.743653777889059953e-01
8.741082974887175450e-01
8.738497604067402280e-01
8.735899021160161704e-01
8.733288336654596584e-01
8.730666491920228145e-01
8.728034253391359076e-01
8.725392281086710167e-01
8.722741123506436711e-01
8.720081271740121043e-01
8.717413137505802823e-01
8.714737109918582192e-01
8.712053506989815288e-01
8.709362659332052781e-01
8.706664807809341156e-01
8.703960264565328009e-01
8.701249179548649071e-01
8.698531912415897738e-01
8.695808441772824304e-01
8.693079345367722421e-01
8.690344146156476768e-01
8.687604180974934920e-01
8.684857526306055675e-01
8.682108172479510166e-01
8.679349135550554761e-01
8.676594181347064838e-01
8.673817400577581438e-01
8.671071088418280670e-01
8.668255150502219841e-01
8.665591675102837232e-01
8.662676368897775925e-01
8.660943445651222428e-01
8.659851688912005852e-01
8.659295009110576924e-01
8.659302086092659501e-01
8.659080691283320697e-01
8.659063155725658101e-01
8.658957859180428374e-01
8.658968039879456624e-01
8.658744355423716454e-01
8.658752082093932323e-01
8.658529640025158791e-01
8.658519076313365703e-01
8.658415753979508134e-01
8.658427335327745222e-01
8.658171652712493005e-01
8.658154454661021182e-01
8.657906077128149080e-01
8.657921039020088916e-01
8.654801563885756721e-01
8.651682159953638651e-01
8.648548260519939301e-01
8.645401097564480164e-01
8.642242554313893654e-01
8.639074142318412530e-01
8.635897006716130031e-01
8.632712000458521162e-01
8.629519806008235649e-01
8.626320960194734377e-01
8.623115928780157313e-01
8.619905085214650819e-01
8.616688787533783866e-01
8.613467305484935332e-01
8.610240953076344628e-01
8.607009903305824494e-01
8.603774498850275121e-01
8.600534748157228071e-01
8.597291195755714099e-01
8.594043397618339464e-01
8.590792681737176029e-01
8.587537043477133647e-01
8.584280823523303683e-01
8.581016012128963588e-01
8.577759268305865659e-01
8.574477843131217414e-01
8.571243780215049846e-01
8.567917950336534361e-01
8.564912532184284499e-01
8.561499525792118925e-01
8.558918925436357350e-01
8.556934288630616559e-01
8.556275817397361871e-01
8.556281479024179237e-01
8.555834339296601865e-01
8.555833019377939719e-01
8.554604773374763216e-01
8.552462047831723702e-01
8.551320096790036018e-01
8.549341622831747589e-01
8.548140940410304811e-01
8.546009714634744681e-01
8.544858350806578962e-01
8.542879782918516574e-01
8.541727302412518430e-01
8.539742340679746802e-01
8.538511334278117149e-01
8.536373878870906484e-01
8.532877707234112208e-01
8.529375963955959650e-01
8.525869192451455136e-01
8.522357875079459300e-01
8.518842440049153586e-01
8.515323347205278059e-01
8.511801055868253307e-01
8.508276004406151172e-01
8.504748598785166758e-01
8.501219210073435173e-01
8.497688176643469760e-01
8.494155808229679749e-01
8.490622390273721010e-01
8.487088187919556992e-01
8.483553449443079764e-01
8.480018409107323851e-01
8.476483289500116314e-01
8.472948303433388562e-01
8.469413655476759617e-01
8.465879543190556467e-01
8.462346158117954875e-01
8.458813686623359862e-01
8.455282310823271086e-01
8.451752210732257353e-01
8.448223574909786704e-01
8.444696704582270730e-01
8.441179909050730013e-01
8.437661031225528463e-01
8.434176817580468777e-01
8.430667308855803732e-01
8.427215476951745998e-01
8.423717308404392590e-01
8.420283055672653783e-01
8.416798897881480057e-01
8.413373060406785786e-01
8.409906640626972907e-01
8.406487803621218724e-01
8.403044343274236327e-01
8.399634427442531637e-01
8.396220967470469088e-01
8.392822839347627850e-01
8.389448066045571695e-01
8.386064772752642726e-01
8.382737772689755618e-01
8.379372373714586431e-01
8.376100062017817205e-01
8.372755644478570014e-01
8.369539821676341695e-01
8.366219584344440907e-01
8.363055745705991750e-01
8.359763126581553072e-01
8.356642294354809097e-01
8.353381126557828384e-01
8.350293453858397275e-01
8.347068125116430259e-01
8.344005881439608974e-01
8.340821464919411232e-01
8.337780223102656540e-01
8.334642541152957884e-01
8.331620928576959351e-01
8.328536502589892754e-01
8.325535364385420189e-01
8.322511198455095904e-01
8.319532755257037504e-01
8.316575912096479950e-01
8.313623131404150879e-01
8.310740100999854940e-01
8.307816295365419990e-01
8.305012233131551236e-01
8.302120830621033676e-01
8.299398828453012911e-01
8.296543257592700060e-01
8.293903857552943348e-01
8.291087503434333428e-01
8.288528623100287485e-01
8.285754824930258167e-01
8.283272137448036698e-01
8.280544206711740740e-01
8.278131868950514560e-01
8.275453112718406112e-01
8.273104639580471931e-01
8.270478377216128330e-01
8.268187455938993402e-01
8.265617020688453831e-01
8.263378125388013418e-01
8.260866845455814289e-01
8.258675600738749623e-01
8.256226757544785633e-01
8.254080071008340624e-01
8.251696835368410587e-01
8.249592856643339633e-01
8.247278206598464001e-01
8.245216179015919522e-01
8.242972805824748672e-01
8.240952867386015512e-01
8.238783078499313239e-01
8.236806052604033201e-01
8.234711681829578467e-01
8.232778882259926823e-01
8.230761217363644633e-01
8.228874279534759140e-01
8.226934015963897062e-01
8.225094758066808787e-01
8.223231984431936814e-01
8.221442297193994886e-01
8.219656514117023027e-01
8.217918275496781666e-01
8.216208445213033507e-01
8.214523455522423356e-01
8.212888076051270136e-01
8.211258009076952691e-01
8.209695204477641672e-01
8.208121570707912484e-01
8.206629188175247336e-01
8.205113306957074748e-01
8.203689012165080729e-01
8.202231990365130843e-01
8.200873354140577609e-01
8.199476069581352888e-01
8.198180641178545169e-01
8.197826096712129695e-01
8.197966767035625990e-01
8.197934590222123452e-01
8.198036022845658355e-01
8.197522745649349352e-01
8.197524046258121144e-01
8.197696171496724471e-01
8.197434377765597802e-01
8.197128395493328279e-01
8.197373814920000390e-01
8.196358190730105298e-01
8.196541616878189052e-01
8.195797060373040122e-01
8.195694387318260832e-01
8.195312074323407581e-01
8.195413254998151764e-01
8.194888121904658762e-01
8.194460816704233208e-01
8.192540589193283429e-01
8.190645696930169972e-01
8.188781527001938176e-01
8.187032631627546575e-01
8.185224632335713624e-01
8.183494619015960758e-01
8.181948922359577603e-01
8.180851563044174712e-01
8.179857569285667873e-01
8.179565567513572555e-01
8.179581557556202531e-01
8.178596399755655444e-01
8.178155358307983569e-01
8.178153650644343076e-01
8.177722629911621244e-01
8.177703162373972656e-01
8.176576478355687128e-01
8.175375962654252149e-01
8.174753190611886433e-01
8.173857851087530380e-01
8.173591560337227779e-01
8.173610221638470952e-01
8.172940629624551034e-01
8.171346485717866370e-01
8.169837049051116296e-01
8.168293648351470093e-01
8.166938395642200366e-01
8.165467849991379090e-01
8.164128265440536714e-01
8.163540704903379241e-01
8.162262742347936584e-01
8.161144530845186873e-01
8.160392075969866710e-01
8.159889276689062942e-01
8.159862660165757564e-01
8.158723938288053867e-01
8.157811349979473547e-01
8.157098240325291183e-01
8.156553511212335517e-01
8.155491049362266764e-01
8.154292094583310835e-01
8.153403355482052861e-01
8.152783227739296423e-01
8.151982212602729705e-01
8.151250454459793016e-01
8.150043224109896345e-01
8.148808972826542263e-01
8.147592597590117558e-01
8.146408782487724043e-01
8.145372455883576057e-01
8.144256480911434837e-01
8.143098676065496644e-01
8.142199381718843165e-01
8.141589532683090047e-01
8.140663713978164573e-01
8.139649442406819979e-01
8.138747063694437012e-01
8.137974794265163681e-01
8.137399451527571603e-01
8.136421191973705058e-01
8.135394350129159236e-01
8.134670868783718811e-01
8.134165010229591486e-01
8.133489571263462503e-01
8.133011426038602165e-01
8.132059511983633637e-01
8.131028905279772401e-01
8.130046556656154166e-01
8.129063782129998250e-01
8.128161542236540527e-01
8.127194016191442438e-01
8.126211498057710481e-01
8.125584243116741323e-01
8.124785781518694128e-01
8.124190942048491459e-01
8.123373634904315077e-01
8.122424967305739152e-01
8.121564345821231656e-01
8.120824172317556711e-01
8.120245489975879138e-01
8.119336566637362917e-01
8.118396330990542697e-01
8.117678838302443411e-01
8.116948130178064380e-01
8.116463525123562839e-01
8.115853001614615758e-01
8.115320265430784330e-01
8.114446510288683134e-01
8.113503524813481249e-01
8.112659284628324086e-01
8.111896264990485772e-01
8.111050503360129893e-01
8.110142512731490783e-01
8.109419121953632681e-01
8.108713491091771308e-01
8.107921663844452898e-01
8.107320516255432929e-01
8.106504764293537280e-01
8.105634473805223283e-01
8.104820488938089262e-01
8.104071959839134198e-01
8.103234500760233550e-01
8.102353268498541095e-01
8.101655603166934005e-01
8.100961357953715414e-01
8.100277047886068615e-01
8.099796015395573923e-01
8.099174144362288885e-01
8.098692461875093285e-01
8.097814744957968491e-01
8.097100307776627925e-01
8.096305580168845495e-01
8.095577513598334329e-01
8.094784170434640158e-01
8.093939005287504873e-01
8.093314656234869009e-01
8.092679060228794574e-01
8.091931303470671910e-01
8.091323469264251056e-01
8.090480971112290476e-01
8.089861825115644001e-01
8.089086835499751382e-01
8.088378496338738399e-01
8.087594671034601390e-01
8.086773778088707232e-01
8.086032550002199004e-01
8.085328158614485394e-01
8.084623586795294248e-01
8.084113568125604887e-01
8.083506108068024831e-01
8.082989596785833397e-01
8.082163850518758741e-01
8.081413470979073033e-01
8.080646390364585319e-01
8.079933085823756134e-01
8.079224974666432413e-01
8.078478756631388702e-01
8.077729712674924789e-01
8.077108838017268422e-01
8.076458659532091966e-01
8.075750594617646660e-01
8.075200669317338376e-01
8.074446546667501945e-01
8.073704728143001885e-01
8.073008494455466977e-01
8.072253950800634126e-01
8.071458004517315654e-01
8.070680831101636477e-01
8.070107385968644520e-01
8.069426694270929179e-01
8.068752463328340285e-01
8.068263924128716846e-01
8.067659273883445170e-01
8.067149348900274353e-01
8.066377742843826582e-01
8.065626060021744426e-01
8.064898647106504281e-01
8.064180440551178553e-01
8.063472345431085264e-01
8.062794324664912526e-01
8.062075652016531535e-01
8.061338733521711264e-01
8.060618008363359399e-01
8.059908173740385484e-01
8.059219402278481326e-01
8.058485279754000752e-01
8.057752085564583444e-01
8.057002623267338626e-01
8.056292230312633862e-01
8.055591834098942972e-01
8.054817429756414571e-01
