1.061985525861987245e+00
1.061981402106311201e+00
1.061981606447688353e+00
1.061454560044217121e+00
1.061778239653997646e+00
8.748404539552018244e-01
1.013650671152005245e+00
9.110471408163123286e-01
8.799702765816898031e-01
8.748404539552018244e-01
8.748404539552018244e-01
8.748386958370827360e-01
8.774836070576131908e-01
9.253993557222831567e-01
8.875313596443713537e-01
8.748386958370827360e-01
8.748226331106986331e-01
8.932787297410288430e-01
8.734771220586955431e-01
8.734771220586955431e-01
8.734771220586955431e-01
8.734771220586955431e-01
8.730577025475506625e-01
8.725375412146204601e-01
8.757093237739375091e-01
1.016983063425151324e+00
8.725375412146202381e-01
8.725375412146204601e-01
8.725375412146204601e-01
8.725375412146202381e-01
8.725375412146204601e-01
8.736368899996537207e-01
9.448046886518940424e-01
8.725375412146202381e-01
8.725375412146204601e-01
8.725375412146202381e-01
9.163125125204222288e-01
8.725375412146202381e-01
8.725375412146202381e-01
8.820834335270250071e-01
8.725318283642214956e-01
8.575051610122524925e-01
8.575078540140669281e-01
8.527982776990008507e-01
8.792391604944405081e-01
8.153257470744934565e-01
9.026159626948863091e-01
8.150450473338756163e-01
9.155611846950626465e-01
8.150450473338756163e-01
8.419969028659021193e-01
8.150450473338756163e-01
8.370249173849280133e-01
8.143685258151461825e-01
8.152198941827147882e-01
8.144097801418649363e-01
7.690038276556243613e-01
7.892288325734692078e-01
7.690038276556243613e-01
9.887105239444534677e-01
7.689462225205223600e-01
7.162847259125812993e-01
7.582448454839030294e-01
7.880623287596870696e-01
7.071101083428855683e-01
7.071101083428855683e-01
7.828286312744913156e-01
7.071101083428855683e-01
7.257529732781483611e-01
7.071101083428855683e-01
6.901663109316789058e-01
6.928231746861225337e-01
6.989587709956802675e-01
6.901663109316791278e-01
7.122336409718166284e-01
6.901663109316791278e-01
7.013392928056221276e-01
6.901663109316787947e-01
6.953348620665305013e-01
6.901663109316787947e-01
6.976716504618727388e-01
6.901663109316787947e-01
7.034583424421750886e-01
6.901663109316787947e-01
7.357282116261225635e-01
6.905560395672796226e-01
7.096898643564949483e-01
7.002691037489666703e-01
7.689235378616769978e-01
6.826695851075212929e-01
7.276625505259364246e-01
6.817108398842595118e-01
7.102758381826256295e-01
6.817108398842594008e-01
7.607426237990926321e-01
6.817108398842594008e-01
7.071233748781711181e-01
6.805693366413024803e-01
7.913345058278522526e-01
6.805693366413024803e-01
7.046460496186039979e-01
6.987246266884254986e-01
7.209797192957621004e-01
6.888675093116709558e-01
7.951028589760071874e-01
7.803732566812161542e-01
6.848868919258060961e-01
6.805693366413024803e-01
6.940535436398155289e-01
6.805693366413023693e-01
6.840535990145892864e-01
6.805693366413023693e-01
6.723924534963321431e-01
6.749902086930006373e-01
6.767405423401923192e-01
6.717790529073626171e-01
6.804024853661497785e-01
6.741030710105947454e-01
6.625389385686699661e-01
6.637987669359178833e-01
6.878451864210409772e-01
6.625830687763247795e-01
6.726424665987394969e-01
6.628967138162904504e-01
6.693397965356796542e-01
6.600448947793626786e-01
6.611047070273629034e-01
6.598719808325851366e-01
6.878260134461962050e-01
6.597528799590542947e-01
6.930388953579245115e-01
6.597039742677563989e-01
6.777220274200734806e-01
6.613641161179071304e-01
6.642144114112407127e-01
6.632962083162406985e-01
6.621368902971038750e-01
6.591295019738687699e-01
6.697729973297648076e-01
6.591295019738687699e-01
6.769030192372424981e-01
6.591295019738687699e-01
6.699423148737352340e-01
6.583507777034238728e-01
6.655933332386587686e-01
6.582885037545256335e-01
6.619956023948088131e-01
6.582885037545256335e-01
6.609422338048401846e-01
6.582885037545256335e-01
6.606055790878667677e-01
6.616096276819997124e-01
6.747932511559949775e-01
6.604596277355455625e-01
6.583868068404253870e-01
6.553719609892516562e-01
6.652348988622120984e-01
6.550815068009014919e-01
6.584935603084302036e-01
6.654525089576039942e-01
6.556356204578664970e-01
6.585903023503845155e-01
6.568107197907823158e-01
6.574755022564071627e-01
6.544394502221552168e-01
6.584050201435677208e-01
6.568513023008707430e-01
6.542530308574999731e-01
6.534547708230277197e-01
6.613024636384324806e-01
6.528117313641292885e-01
6.496538964421464390e-01
6.492522735120228594e-01
6.566439253829308154e-01
6.482059651041015558e-01
6.520847440669927941e-01
6.473428762729460662e-01
6.489618754872301665e-01
6.466123154751354241e-01
6.476368174614772766e-01
6.466241145910994748e-01
6.490705270199634835e-01
6.461937671532572702e-01
6.478385465191917048e-01
6.458326462719228278e-01
6.477125825495608780e-01
6.464174598784114822e-01
6.471423901061212902e-01
6.459270365645862766e-01
6.428082488590374233e-01
6.433310089557390254e-01
6.450950416787324393e-01
6.433858497900862838e-01
6.426782472064356266e-01
6.424739803468249022e-01
6.463589278752638334e-01
6.416689606617242969e-01
6.406424981885836534e-01
6.414129998826121337e-01
6.437105207866105072e-01
6.423023527091265006e-01
6.433825401991516424e-01
6.408268772500430588e-01
6.421247940336761717e-01
6.419519143265683958e-01
6.453447942455883268e-01
6.404327476967371924e-01
6.391924198121812228e-01
6.407703109184280654e-01
6.408120090092946919e-01
6.394880954706504417e-01
6.415063849461204448e-01
6.415212452727816483e-01
6.410005681974171310e-01
6.387100161761181116e-01
6.408847207647809796e-01
6.395929701545820523e-01
6.397392631297679211e-01
6.384246390645040847e-01
6.409923188604518263e-01
6.384262415045226513e-01
6.407284467685345763e-01
6.383443333346024984e-01
6.395422354371463891e-01
6.391554547025461996e-01
6.379570649234723723e-01
6.379000628647395477e-01
6.380321465647690315e-01
6.385547555713089185e-01
6.410578458416651415e-01
6.375289400639692072e-01
6.409274841308293391e-01
6.374867633270481226e-01
6.382755077498595275e-01
6.376973578077483884e-01
6.393931513927952892e-01
6.370104536629022096e-01
6.358334135690590916e-01
6.401274283744480265e-01
6.336559959830465605e-01
6.343447079194399763e-01
6.312313326014040715e-01
6.306783542654498254e-01
6.313281368737383437e-01
6.300560089320871304e-01
6.332761918473658325e-01
6.306331530604717406e-01
6.316142820089543086e-01
6.305582537874866444e-01
6.300622548282520663e-01
6.286667329686265182e-01
6.306251840226027028e-01
6.289940361172651206e-01
6.294315555591800670e-01
6.290586683467888074e-01
6.324356757704654441e-01
6.291092447073517446e-01
6.298508967702277639e-01
6.289254184831022387e-01
6.308178250948970334e-01
6.285673777771090265e-01
6.292454577876577249e-01
6.293735572918279786e-01
6.298056202036832474e-01
6.286361093693277891e-01
6.309965977636620149e-01
6.283043790704579967e-01
6.290368412902986872e-01
6.285191157293235076e-01
6.284058014267098757e-01
6.282254621366776259e-01
6.277935415695795607e-01
6.280246475789065252e-01
6.284726130409461486e-01
6.279894294792218723e-01
6.287535755200769350e-01
6.286521746816490230e-01
6.381997412267136349e-01
6.310187772821306273e-01
6.304066142242417126e-01
6.279697916752267073e-01
6.258899948430004523e-01
6.310646856999048149e-01
6.254995670574324818e-01
6.271078628876793903e-01
6.374787094554486000e-01
6.258372315174552947e-01
6.288926683150697361e-01
6.298735182174730607e-01
6.230078228352581293e-01
6.226745672905027451e-01
6.237516373027770511e-01
6.234787378475371566e-01
6.228837033859732086e-01
6.221639999111714392e-01
6.211298383371430809e-01
6.210700185365309878e-01
6.223365489575277687e-01
6.214068882916201630e-01
6.254886793078139329e-01
6.211211460764656245e-01
6.306816410472506629e-01
6.207545736350428278e-01
6.220033923781075336e-01
6.220226729598911097e-01
6.218849742191909780e-01
6.209111860801597160e-01
6.211800127616202705e-01
6.204220901038327574e-01
6.220653273060336996e-01
6.204475919189278432e-01
6.208039015244326553e-01
6.205844650178670152e-01
6.219371291188705575e-01
6.216873605274019221e-01
6.248486549023285486e-01
6.208617061576419127e-01
6.212251697930680772e-01
6.206886703745959633e-01
6.290589726658043501e-01
6.207929944936593225e-01
6.196902271776102422e-01
6.190814674248630300e-01
6.222975022591692440e-01
6.250311247398284697e-01
6.237374956902653755e-01
6.184330863592637506e-01
6.211211821965098023e-01
6.236459359500953203e-01
6.164627694579964956e-01
6.181902889601024187e-01
6.173007929073035527e-01
6.174082655838419864e-01
6.179621137559994093e-01
6.158078711187374710e-01
6.175805826539265686e-01
6.160022070260435800e-01
6.188623939749695602e-01
6.153647406338788040e-01
6.189799819937412684e-01
6.163131668060328749e-01
6.165512647866938645e-01
6.155174489564897433e-01
6.176774333676322559e-01
6.165715139674176060e-01
6.160788480773806697e-01
6.160707792025017504e-01
6.159696794056335190e-01
6.163888608424185067e-01
6.152051838165286668e-01
6.150705527657054361e-01
6.166493226039727604e-01
6.158912912127407768e-01
6.158981540310528580e-01
6.151795207830703660e-01
6.161258359674768315e-01
6.149903301134839184e-01
6.158387376136420510e-01
6.148854991993675245e-01
6.151711445308809534e-01
6.146850314192435771e-01
6.166258595404638942e-01
6.148011233689149035e-01
6.158183378812424058e-01
6.146971201636388660e-01
6.150298323307756831e-01
6.136547179039999467e-01
6.164369763949280046e-01
6.150204824149055893e-01
6.140287283769122473e-01
6.145077081646533879e-01
6.169576095028093121e-01
6.134103008918572186e-01
6.195383006660557523e-01
6.130768218289581739e-01
6.157634458860661297e-01
6.140369880479339404e-01
6.176459633074307121e-01
6.149973055256913179e-01
6.153300792262926810e-01
6.132283086736384226e-01
6.129064955137513149e-01
6.131821895710164450e-01
6.137275156850074964e-01
6.126165460277629426e-01
6.128299290866547899e-01
6.127742375314348955e-01
6.129425203573706238e-01
6.122942265717847832e-01
6.123937352025579095e-01
6.137880441946522714e-01
6.128238849871939786e-01
6.123712255973207119e-01
6.123837356958836686e-01
6.123441840629877397e-01
6.123283243299185719e-01
6.122388060599502912e-01
6.122707962672157000e-01
6.123750903272087154e-01
6.123561918377293800e-01
6.124950558301401893e-01
6.123129700157383670e-01
6.124559294264610987e-01
6.129335874980442744e-01
6.117574750050761567e-01
6.117242505513278417e-01
6.124417390506734504e-01
6.118091883421438171e-01
6.110052608022155107e-01
6.117660161934248553e-01
6.106957743941523464e-01
6.107195965467927534e-01
6.122000782541580088e-01
6.106203055911398891e-01
6.108038714002954617e-01
6.114580750299691836e-01
6.106882916357905255e-01
6.095232821260540002e-01
6.096762020660013714e-01
6.094476483879019968e-01
6.093337853587582620e-01
6.092489997540744273e-01
6.083595995840045401e-01
6.084476452560794169e-01
6.087027562698844596e-01
6.093071842018430440e-01
6.084979840258126771e-01
6.082957864682490001e-01
6.083039471780620211e-01
6.087426535777427095e-01
6.083746921924898521e-01
6.086081571800360246e-01
6.084323133338456202e-01
6.105112308927278519e-01
6.083709122648219836e-01
6.086011290905766202e-01
6.083718011143300908e-01
6.085272433429329553e-01
6.082359615168242417e-01
6.081215585436843263e-01
6.081533197482306141e-01
6.082763015305651111e-01
6.080378417862012386e-01
6.081865370793460013e-01
6.081700216651346746e-01
6.099030554546662763e-01
6.078269609092843417e-01
6.080586924332834764e-01
6.082293905216201724e-01
6.077335788367984604e-01
6.079010136239395568e-01
6.083933394801334105e-01
6.076521649130557368e-01
6.078538184412911605e-01
6.080152524028324956e-01
6.089481040318179828e-01
6.077206534795102089e-01
6.089003655185311059e-01
6.075928585620631317e-01
6.077692124519311623e-01
6.076979951922238943e-01
6.081478859833276962e-01
6.079916109495326904e-01
6.092121574681169660e-01
6.079228868565079713e-01
6.074628845995584392e-01
6.076144191237654590e-01
6.098342596089205703e-01
6.076154190819027523e-01
6.074510481800574624e-01
6.074743303580850684e-01
6.077934912239624232e-01
6.074921176230916320e-01
6.079379698164359969e-01
6.074506801007155676e-01
6.077705129690745833e-01
6.074605890260752483e-01
6.078491875486834450e-01
6.075041783095266323e-01
6.079297850232938671e-01
6.075905003898671719e-01
6.079821664078662868e-01
6.073140969935758582e-01
6.075166500114232981e-01
6.073369894407816272e-01
6.079870104134381670e-01
6.071144421695141569e-01
6.082244975221210437e-01
6.070494858983386255e-01
6.072235620170862713e-01
6.069984127564715948e-01
6.079138321488660734e-01
6.068575979724849523e-01
6.069052772043205257e-01
6.066911630571638625e-01
6.071992010533241446e-01
6.069641761350680342e-01
6.067127814241528583e-01
6.066784869418200277e-01
6.081995102737206560e-01
6.064644954617550709e-01
6.081768426959759388e-01
6.063855712488398497e-01
6.071537623536359396e-01
6.065858010064745232e-01
6.064541722808617363e-01
6.064987278882446597e-01
6.072628021291818223e-01
6.066133988459678772e-01
6.066532742183416982e-01
6.067094376632018449e-01
6.068246250734405933e-01
6.063743181972022223e-01
6.068276131801266793e-01
6.063432525376079019e-01
6.070274034620747328e-01
6.063085204139563311e-01
6.062764257357019515e-01
6.063871251740923229e-01
6.062666200824118334e-01
6.062516134734600159e-01
6.063044215467422449e-01
6.063018968473327108e-01
6.062108771200325208e-01
6.062623850330942643e-01
6.062126399563195767e-01
6.062935039478306587e-01
6.062178802990526583e-01
6.062778934596155800e-01
6.061540955778097484e-01
6.063693847270059667e-01
6.061692774456277633e-01
6.062799654606141342e-01
6.061838437425606241e-01
6.062603135482407257e-01
6.061790541354381556e-01
6.063466400428106917e-01
6.060694419470630256e-01
6.071089715459999647e-01
6.060748207337588456e-01
6.060851633673463024e-01
6.059977672883360977e-01
6.060276902248714626e-01
6.060670435056518812e-01
6.061382874066056914e-01
6.059999195404287553e-01
6.060248367900638033e-01
6.060287218424347255e-01
6.060171029691767686e-01
6.059722391775418382e-01
6.061166561210831194e-01
6.059992493996245733e-01
6.061476408025781026e-01
6.060113070118060552e-01
6.059890505290063123e-01
6.059884444841446838e-01
6.059428812911304973e-01
6.059709524229482946e-01
6.059399304526612573e-01
6.059298152317366126e-01
6.062041638075981176e-01
6.059461357612866417e-01
6.061319129711089104e-01
6.059271620029657024e-01
6.060617056115962242e-01
6.059633861353701523e-01
6.059673140138815972e-01
6.059664962132019772e-01
6.061540967583198825e-01
6.059744427531571498e-01
6.060054674375715544e-01
6.059621111690551842e-01
6.059634225144098219e-01
6.059664104230779724e-01
6.059006182746108360e-01
6.059140990007951810e-01
6.059586788685977776e-01
6.059156886428629374e-01
6.061867043674641353e-01
6.059975973819563544e-01
6.059753186399760017e-01
6.059118541489930676e-01
6.058301643912719081e-01
6.058663345129309263e-01
6.060122332613988583e-01
6.057629152995706034e-01
6.059620392461737559e-01
6.058343195980971929e-01
6.058323546278285843e-01
6.058731755675668129e-01
6.058685570587782898e-01
6.057498152374051203e-01
6.059388722988032772e-01
6.058287762078952143e-01
6.059358278439079815e-01
6.057239412797136291e-01
6.058391911511304961e-01
6.057331359629596346e-01
6.059042660431560590e-01
6.057596564582352627e-01
6.058994867773914716e-01
6.057123692309535068e-01
6.057997733276333507e-01
6.057576315440843517e-01
6.058260591452676591e-01
6.056963683467564419e-01
6.058528583402034151e-01
6.057838478654675729e-01
6.057446451403444287e-01
6.057542145229565245e-01
6.057865540264077975e-01
6.057106316356254405e-01
6.058432098051621528e-01
6.057005955257882546e-01
6.057002676601915825e-01
6.057218501779184638e-01
6.056972694545741387e-01
6.057403432436544444e-01
6.056833289558651856e-01
6.057029824537549789e-01
6.056866935167084520e-01
6.056926938291956608e-01
6.056859572987722817e-01
6.057511275499316561e-01
6.056780301252551180e-01
6.056722909726860449e-01
6.056821530000735532e-01
6.057142710647172024e-01
6.056634401824364522e-01
6.056987919350678151e-01
6.056715496451060554e-01
6.056822566656552276e-01
6.056974457708387272e-01
6.055964036747141233e-01
6.055993567500581598e-01
6.056260408663806105e-01
6.055998835613429776e-01
6.055996228425279959e-01
6.056130807715239817e-01
6.055793839330478878e-01
6.055921332911626820e-01
6.056216309466487813e-01
6.055750153096345345e-01
6.055919926727636460e-01
6.056482567346735957e-01
6.056098993157719157e-01
6.056027081154844449e-01
6.055974435661559685e-01
6.056644160539101929e-01
6.055974798354343269e-01
6.055123439451856049e-01
6.055292953147802804e-01
6.055462838763303601e-01
6.054876871936768490e-01
6.054912258644383760e-01
6.055412722778282797e-01
6.054956995512836837e-01
6.054972589144914652e-01
6.054999066240419614e-01
6.054911132482112546e-01
6.054949972351328924e-01
6.055160348728697572e-01
6.055015953920169780e-01
6.055246070069152386e-01
6.054967092198180190e-01
6.055438839453854971e-01
6.054742426225896423e-01
6.054537732994644816e-01
6.054499541976843258e-01
6.055675168561711619e-01
6.054457723853028384e-01
6.054783369560624573e-01
6.054417899667302594e-01
6.054953124311586166e-01
6.055048524569683899e-01
6.054287376465068427e-01
6.054288765784282544e-01
6.054875647954879314e-01
6.054603396633920775e-01
6.053918844535784993e-01
6.054007709228436118e-01
6.053763167535451961e-01
6.053879665940201660e-01
6.053552240848434352e-01
6.053656664699526013e-01
6.054147317637297299e-01
6.053650706388004066e-01
6.053700382570136318e-01
6.053674172778319429e-01
6.054092806903099699e-01
6.053777458963077729e-01
6.054511125542718641e-01
6.053510671192219306e-01
6.053658301039396283e-01
6.053421716481226511e-01
6.053696606947365222e-01
6.053485025164606625e-01
6.053711836625704779e-01
6.053461693896501350e-01
6.053751683424286600e-01
6.053414716135558926e-01
6.053772485428744465e-01
6.053366851579616847e-01
6.053432576878714499e-01
6.053338325548955901e-01
6.053192272213545611e-01
6.053467977179552983e-01
6.053076791347723473e-01
6.052871645338838702e-01
6.053011888171060395e-01
6.052876487125485871e-01
6.052769730151943417e-01
6.052632993316009458e-01
6.052739770503998695e-01
6.052599044507852577e-01
6.053437352275710115e-01
6.052519977150543351e-01
6.052666255663661232e-01
6.052517390887308668e-01
6.053028161712925570e-01
6.052818291572945597e-01
6.052224616344423769e-01
6.052278052300488209e-01
6.052095344360891582e-01
6.052008967008281060e-01
6.052613444196780490e-01
6.052394574874246924e-01
6.051575593885378801e-01
6.051564735150130048e-01
6.052295354043112363e-01
6.051489222228931819e-01
6.052078920306885879e-01
6.051703147380417258e-01
6.051578806490752749e-01
6.051520484051503557e-01
6.052350161289342667e-01
6.051663643002435089e-01
6.051614117862414988e-01
6.051533123066006326e-01
6.051707503558356738e-01
6.051561229777492334e-01
6.051471706481896806e-01
6.051442673070117628e-01
6.051942818023358095e-01
6.052616492131415171e-01
6.051133253661816758e-01
6.051307728381560835e-01
6.050892513536110240e-01
6.050880217570455688e-01
6.052009501404741476e-01
6.051063730402085339e-01
6.051223392447629967e-01
6.050725450371530201e-01
6.050624160871760360e-01
6.050548070019026170e-01
6.050652315958023886e-01
6.050561807719028184e-01
6.051004414389112851e-01
6.050742498508048239e-01
6.051517234227060671e-01
6.050595153474823684e-01
6.051417835324719441e-01
6.050488148654789011e-01
6.051368468043764048e-01
6.050774808822833029e-01
6.050966347544347590e-01
6.051056990565634175e-01
6.050814725539028771e-01
6.050681768411289019e-01
6.049846933447329267e-01
6.050058950234428190e-01
6.049854462012695944e-01
6.049757314216427373e-01
6.049671265475995430e-01
6.049572342038174178e-01
6.049849294603701910e-01
6.049574573803319089e-01
6.049363347550992254e-01
6.049659666086975029e-01
6.049109161579850902e-01
6.049146608494749833e-01
6.049460068873853125e-01
6.049135864902387416e-01
6.051571178475498858e-01
6.048876228847567260e-01
6.048942610614828075e-01
6.048712723019972204e-01
6.049373403107546343e-01
6.048522711339233693e-01
6.048832803768530164e-01
6.048636828823580336e-01
6.049222899453182700e-01
6.048813588113899353e-01
6.048727833419044186e-01
6.048557357416637359e-01
6.048427821659001502e-01
6.048494201793066516e-01
6.049205191101272305e-01
6.048529551405941174e-01
6.049223752148668032e-01
6.048388644824169713e-01
6.048447846300979425e-01
6.048371813234928451e-01
6.049899606058780632e-01
6.048408300973263652e-01
6.048747835096018877e-01
6.048258046255886589e-01
6.048707957052994466e-01
6.048519177243912859e-01
6.050262483277409897e-01
6.048224470209170311e-01
6.047730010489086316e-01
6.047740708334691240e-01
6.047650085548843535e-01
6.047685203191763836e-01
6.048098792298258752e-01
6.047810189850134632e-01
6.047949003409978097e-01
6.047950999272513339e-01
6.048196423463388927e-01
6.048227445405294223e-01
6.048141132197274450e-01
6.047994915720791287e-01
6.048055893569083130e-01
6.047614411420688674e-01
6.047482146029801164e-01
6.047354014550955226e-01
6.047173110702006582e-01
6.047196866138235816e-01
6.047578595714460103e-01
6.047237831327376689e-01
6.047523189124517362e-01
6.047223282240914433e-01
6.047566658520668881e-01
6.047662530115263113e-01
6.046548413294661195e-01
6.046440386422485824e-01
6.046282112546079723e-01
6.046570209885568925e-01
6.046521022532809209e-01
6.046580636662020058e-01
6.046218660184562443e-01
6.046301585014105529e-01
6.046116565204207038e-01
6.046288947548712489e-01
6.046282773098130559e-01
6.046054224218573303e-01
6.046264258328767349e-01
6.046011815560227154e-01
6.046054135447052058e-01
6.046196941901894606e-01
6.047097826037179935e-01
6.046447765718342415e-01
6.046723057090652720e-01
6.047430255734235205e-01
6.044397058628445674e-01
6.044618795847831461e-01
6.044431946490683716e-01
6.044414983770375338e-01
6.044522726774325116e-01
6.044452048717183779e-01
6.044498427023584641e-01
6.044395966370805784e-01
6.044346523988680664e-01
6.044504068587275292e-01
6.044652669909938991e-01
6.044223562012853712e-01
6.044254855455998277e-01
6.045401724167716040e-01
6.044362055153019719e-01
6.045435877067019126e-01
6.044583673426356940e-01
6.044012419697398775e-01
6.044098978701194502e-01
6.043976901911283228e-01
6.044051258903737622e-01
6.044847752316291345e-01
6.043384044131928645e-01
6.043937902722819056e-01
6.043402098974366421e-01
6.042414082418601229e-01
6.042195771012076611e-01
6.041820141536646815e-01
6.041719187739171826e-01
6.041571321740056844e-01
6.041572828894905545e-01
6.041703434823603169e-01
6.041811756611029649e-01
6.041555796038758919e-01
6.041564918214971103e-01
6.041690884085250124e-01
6.041547820560060345e-01
6.041755209812933458e-01
6.041695602661008024e-01
6.045073211240463706e-01
6.042404263177937329e-01
6.039900045306515475e-01
6.039115037422621013e-01
6.039228593236597442e-01
6.038745461895398403e-01
6.039086642245135028e-01
6.038631975648817152e-01
6.038636742762705234e-01
6.038858785671548102e-01
6.038625159863690861e-01
6.038554877898317796e-01
6.038546675648119866e-01
6.038481192784553864e-01
6.038553659437410071e-01
6.038732075131919563e-01
6.038489304273921832e-01
6.038513507479861264e-01
6.038279722389227056e-01
6.038291765720833482e-01
6.038184839980095253e-01
6.038230637834584025e-01
6.038093340632679773e-01
6.038799990026183506e-01
6.038198446742862879e-01
6.038954843408317341e-01
6.038042555314440119e-01
6.038349299031351425e-01
6.038024325235709089e-01
6.036991751042271037e-01
6.036658459380892516e-01
6.036748093027310968e-01
6.037027007671252887e-01
6.036764707350554815e-01
6.036518076947564593e-01
6.036493874187383035e-01
6.036030396400755560e-01
6.035840475838585295e-01
6.035617704173944498e-01
6.035580504692074078e-01
6.035924542071577914e-01
6.034759692586061375e-01
6.035760632235955825e-01
6.035410782816233999e-01
6.035113580642611497e-01
6.034488943180806864e-01
6.033698385698472721e-01
6.033730262571217473e-01
6.034306656167426341e-01
6.033658908446097868e-01
6.032530879120648892e-01
6.032546858797717126e-01
6.032689611424567611e-01
6.032680267592857026e-01
6.032993295900096475e-01
6.032862978516755348e-01
6.032670446532172326e-01
6.032858373355631798e-01
6.032702724344692902e-01
6.032581989433418723e-01
6.032410795715031915e-01
6.032413362000862422e-01
6.032326396188845141e-01
6.032079979488447208e-01
6.031997508483026849e-01
6.032247427248436100e-01
6.032468694766455197e-01
6.032033031724283179e-01
6.032730962196682922e-01
6.031895697701316061e-01
6.033149629500709210e-01
6.032040649440819635e-01
6.032183776262000086e-01
6.031783193288886569e-01
6.032399792086449164e-01
6.031667547873019730e-01
6.033087105805853279e-01
6.032082296678754618e-01
6.030981082833577478e-01
6.031135675328216372e-01
6.029492061959004223e-01
6.029330942814667971e-01
6.029476933871520394e-01
6.029157531312024920e-01
6.029118523318065526e-01
6.030090765489100058e-01
6.029128919012458621e-01
6.029336277425281221e-01
6.029036378637893101e-01
6.030521313176905318e-01
6.028923563332448943e-01
6.027530993074696752e-01
6.028413338708259461e-01
6.026480542388850115e-01
6.026210192885081973e-01
6.026366953886537203e-01
6.026359859727487001e-01
6.026043680620984944e-01
6.025836828143825707e-01
6.026010995760926470e-01
6.025795063469112645e-01
6.025666525867099388e-01
6.025717139778015152e-01
6.026045603549677887e-01
6.025939488402828337e-01
6.026021886672536798e-01
6.025698067323999041e-01
6.025902920382313344e-01
6.025758362499847864e-01
6.025929386090977946e-01
6.025622198515176997e-01
6.025878246565978813e-01
6.025590430407978815e-01
6.025416859662284796e-01
6.025367768515630384e-01
6.025643065889999539e-01
6.025451800067799235e-01
6.025944132912968154e-01
6.025049220786975468e-01
6.027559069560419758e-01
6.024342504619676353e-01
6.023148893961929318e-01
6.023544315178736008e-01
6.021778007155087487e-01
6.021805354766258667e-01
6.022282435387913413e-01
6.021846420152796586e-01
6.021820371490796964e-01
6.021824676504407003e-01
6.021737400640014837e-01
6.022036763426007466e-01
6.021389259743465949e-01
6.022160839379609998e-01
6.021752866239393764e-01
6.021403291178359929e-01
6.021271816797222343e-01
6.021323244147563924e-01
6.021032630410163566e-01
6.021187775939572662e-01
6.020940631923865638e-01
6.020575269234670346e-01
6.020494349345615337e-01
6.019866967412440539e-01
6.019960906685971613e-01
6.019807555385123798e-01
6.019902351165420384e-01
6.020028873183653761e-01
6.020039582384859589e-01
6.019708789348732214e-01
6.019893959692764751e-01
6.019042049157056207e-01
6.018749043128669429e-01
6.018812936641962930e-01
6.018852668628476010e-01
6.018711839699060206e-01
6.018992290081954799e-01
6.018640608117904467e-01
6.018418833940026857e-01
6.018507309521000659e-01
6.019641505666104564e-01
6.018652344951288535e-01
6.019388359028127189e-01
6.018488739442361402e-01
6.018962541775924047e-01
6.018608746064857407e-01
6.016866106299149086e-01
6.017171940721118828e-01
6.015652647009296361e-01
6.015291161663526287e-01
6.015435864802702870e-01
6.015520773267926113e-01
6.015304036126716269e-01
6.016443603402510387e-01
6.015966405717388943e-01
6.015569814549591721e-01
6.015246657770219052e-01
6.013324887152273757e-01
6.013426104455107390e-01
6.013765942884434779e-01
6.013659425769050104e-01
6.013878563202247340e-01
6.014148869737898639e-01
6.012933938852810245e-01
6.012694854456329674e-01
6.011768633450157440e-01
6.011930626056936067e-01
6.011232680442645249e-01
6.011244661952059865e-01
6.011098342606698841e-01
6.010935085926789601e-01
6.011190030909560056e-01
6.011095703595051853e-01
6.010435834781651110e-01
6.010135112261290047e-01
6.008549415224909707e-01
6.008683691123459791e-01
6.008630623581788788e-01
6.008654772712630487e-01
6.008333733994509762e-01
6.009008506875475053e-01
6.008289565067779225e-01
6.008882785276702387e-01
6.008122941776224968e-01
6.007055052988645727e-01
6.007779990427982719e-01
6.007187823719055686e-01
6.009194703341288468e-01
6.005655623207274418e-01
6.004655115642293373e-01
6.004443735468512067e-01
6.003579651068983170e-01
6.003959605001973898e-01
6.002846910850042628e-01
6.002850273912800905e-01
6.002683163066541150e-01
6.002863224667449593e-01
6.004108850191584024e-01
6.002713477956815868e-01
6.002612924340060552e-01
6.002675140580404634e-01
6.003217389336855669e-01
6.002743508953605200e-01
6.003099644844931415e-01
6.003112400375146818e-01
6.003217208957897233e-01
6.002605284121126372e-01
6.003491369121235488e-01
6.002131779744909190e-01
6.002715422496807118e-01
6.001907413050519002e-01
6.001813629190818622e-01
6.001965665678776762e-01
6.002095044158156645e-01
6.002348527437427750e-01
6.003966215366298709e-01
6.002449053162666193e-01
6.001078857371529018e-01
6.001256830557780697e-01
6.001157068902832625e-01
6.001170031013074446e-01
6.001842221657023302e-01
6.001193063445917630e-01
5.999319158198587187e-01
5.999572492528200129e-01
5.998759179852817258e-01
5.998513033104571068e-01
5.998026721518301407e-01
6.000144680291376043e-01
5.997704470413274258e-01
5.999140078927422959e-01
5.997415788374348411e-01
5.997605952455795641e-01
5.997774357475371687e-01
5.994053276725025414e-01
5.993234613327108606e-01
5.993355539008241584e-01
5.992788844058960507e-01
5.992866327955053141e-01
5.992733926242341802e-01
5.992911448692039844e-01
5.993011236912488826e-01
5.992549158594817627e-01
5.992275438919931752e-01
5.992562954867197700e-01
5.991626007909974794e-01
5.991784656675778198e-01
5.992024334136498709e-01
5.991908360641206022e-01
5.992242765666991877e-01
5.991673951277819432e-01
5.992155742660612017e-01
5.991503302640610595e-01
5.991595442179055153e-01
5.991459424867775496e-01
5.992106137599065852e-01
5.990901554240197768e-01
5.990918073490683060e-01
5.991046022177632935e-01
5.990865065059950423e-01
5.990911177746814920e-01
5.990591827326179342e-01
5.991771524268166838e-01
5.993513534441609059e-01
5.989353038681778374e-01
5.987794581447513087e-01
5.985535401399127986e-01
5.984481421555217784e-01
5.984766951715778660e-01
5.985245853884052503e-01
5.984954740711431187e-01
5.984224625322317470e-01
5.984233900884033952e-01
5.986769484284603093e-01
5.983835491361937375e-01
5.984184392162615884e-01
5.983573178505251500e-01
5.982880967403571004e-01
5.983328396414236972e-01
5.983417400873255465e-01
5.982584448118568599e-01
5.982237516176172054e-01
5.982346472963495643e-01
5.984312368950155392e-01
5.981685659115557607e-01
5.982390019307046725e-01
5.981789192819187972e-01
5.981644787669003760e-01
5.981329609460108720e-01
5.981556402274533779e-01
5.981358644645431433e-01
5.981619667573148114e-01
5.981306201384768428e-01
5.981438835228380935e-01
5.981556629066079322e-01
5.981563373517970739e-01
5.981158339044220229e-01
5.981436288462356199e-01
5.981137799983512471e-01
5.979278727517269854e-01
5.979853184335658378e-01
5.979417075106807644e-01
5.979636227676063953e-01
5.978979717258514626e-01
5.980015434035760302e-01
5.978327566698646844e-01
5.981178847563465295e-01
5.979243406083460943e-01
5.975079128430365039e-01
5.974849133482295072e-01
5.974802261792759861e-01
5.975217007471842479e-01
5.974936975106538428e-01
5.974221585664910572e-01
5.974298654691424515e-01
5.974735660059693476e-01
5.974441389319178342e-01
5.974531595042152921e-01
5.974076825819096825e-01
5.973690107260529736e-01
5.973801195209554882e-01
5.974865353947930169e-01
5.973932833711005363e-01
5.974884790925804046e-01
5.973765006640351372e-01
5.974575332576231856e-01
5.973369108787742743e-01
5.972914523014025701e-01
5.972956022991733338e-01
5.972013112279297431e-01
5.972032216923024439e-01
5.971821880259546855e-01
5.971879045264624208e-01
5.972037203813505002e-01
5.971869061770882503e-01
5.972329883144252838e-01
5.971805477470072399e-01
5.972193181449320099e-01
5.974452250067399106e-01
5.968441364037654351e-01
5.967523207974156918e-01
5.967389983019570909e-01
5.965631187341315922e-01
5.965348032860730010e-01
5.964363877594803798e-01
5.964217021266406960e-01
5.964234536916582785e-01
5.963994961841733167e-01
5.966413209669043649e-01
5.963393098012570448e-01
5.961828146894850855e-01
5.961776858249731026e-01
5.960490589511242554e-01
5.960498228659562026e-01
5.960614887413289154e-01
5.960292719641645531e-01
5.960288192325732259e-01
5.960383516318776831e-01
5.960901306523458398e-01
5.960211656683644943e-01
5.960278313352271873e-01
5.960604378572045281e-01
5.961488262512391056e-01
5.960202988651679412e-01
5.960440307366691171e-01
5.960216574268515366e-01
5.960996589934246526e-01
5.960587220934879804e-01
5.960898588996090819e-01
5.960218697077976913e-01
5.959203843345648455e-01
5.959565752944858685e-01
5.959431838749893462e-01
5.959363402044939306e-01
5.959494631166807332e-01
5.958988475633186788e-01
5.959143399316362277e-01
5.959384414571295974e-01
5.958417930180088806e-01
5.960046395908126238e-01
5.957820821413234436e-01
5.954158748568700865e-01
5.953732998733075599e-01
5.953739925403063182e-01
5.954132633079847192e-01
5.954455118060361096e-01
5.952760268765467933e-01
5.952659149655280535e-01
5.951143320325873454e-01
5.951269197683839440e-01
5.951106282033107320e-01
5.951373853245678358e-01
5.951188275188590282e-01
5.951092142004024144e-01
5.951504186624821946e-01
5.949984411607317503e-01
5.950112303457777418e-01
5.949891236393348715e-01
5.949585263786184575e-01
5.949770012708375244e-01
5.950052232213591807e-01
5.949038757499895969e-01
5.949238229266131661e-01
5.949977931179190049e-01
5.948894711474052022e-01
5.948648627658774668e-01
5.948678548924054565e-01
5.949849177804592548e-01
5.948714911470046607e-01
5.950983729063968886e-01
5.948760666271017961e-01
5.947305164727344495e-01
5.946633870503460484e-01
5.944502756053988701e-01
5.943761977310275668e-01
5.944150547327298195e-01
5.943135251877368352e-01
5.943246754410018706e-01
5.943873546308712230e-01
5.943372666219725042e-01
5.942582326738604648e-01
5.942587581119985751e-01
5.943100274062841359e-01
5.941817730718251811e-01
5.941919820888108550e-01
5.943474429507533685e-01
5.942003603209855545e-01
5.943560327270944743e-01
5.944245042578577554e-01
5.940514989573590920e-01
5.939520770334377753e-01
5.938134095038444249e-01
5.938673184439775543e-01
5.937747877943128083e-01
5.937628087994050174e-01
5.940052738185781500e-01
5.937355938557667967e-01
5.937183555196072771e-01
5.938127244548832007e-01
5.936571119373780236e-01
5.936878959239398901e-01
5.935294498995914436e-01
5.935173918114864389e-01
5.935605074966299188e-01
5.935316522670969208e-01
5.934752197111997640e-01
5.935061699489769804e-01
5.935033996289724723e-01
5.935055335268339949e-01
5.934798858723502324e-01
5.934645224324778257e-01
5.934158394745756571e-01
5.935742349195398671e-01
5.934234412384445934e-01
5.934668834553104011e-01
5.933857477942480196e-01
5.933820944386360985e-01
5.933477090966510215e-01
5.933107475660371888e-01
5.933918153482434787e-01
5.938543424683991878e-01
5.931549313181785354e-01
5.929724364234151279e-01
5.928996142820052162e-01
5.926364318748023052e-01
5.924496466085280577e-01
5.923567697344194194e-01
5.923537376437997271e-01
5.923320954847470787e-01
5.923372768129455679e-01
5.923762540426761314e-01
5.923643848315605087e-01
5.923884494051399052e-01
5.922895104459656723e-01
5.922793609757052158e-01
5.923016561179539341e-01
5.922544481919496118e-01
5.922269866042855213e-01
5.922714048516850571e-01
5.921907336271763356e-01
5.925396178476248776e-01
5.922261074557126914e-01
5.921266825967179681e-01
5.920409260651777750e-01
5.920598768147495861e-01
5.920422020459981116e-01
5.920123277908990733e-01
5.919728414384972659e-01
5.917550223563037282e-01
5.917637574909693221e-01
5.915625158745875245e-01
5.915500757746098293e-01
5.915331397622953791e-01
5.914556422636640942e-01
5.914662768768713663e-01
5.914929414522041018e-01
5.914551155940144245e-01
5.915062875645815677e-01
5.914306006645156932e-01
5.914638918857437755e-01
5.913882617163296329e-01
5.914031649198397966e-01
5.913406798554158295e-01
5.915874748490801416e-01
5.912803211566766137e-01
5.915718044782324325e-01
5.912735485605173924e-01
5.911230191732087524e-01
5.910911853316707099e-01
5.909447985061275777e-01
5.909545483929965481e-01
5.909928799081163309e-01
5.909668635415472604e-01
5.908482672242636458e-01
5.908282012609368250e-01
5.908569122376556848e-01
5.907795556559138905e-01
5.908661528368271965e-01
5.907726204248516799e-01
5.908686479449356543e-01
5.907727121443435703e-01
5.907676881853666240e-01
5.907782224696198625e-01
5.908111868616401363e-01
5.907716270733091024e-01
5.907372224863456367e-01
5.907407606259194033e-01
5.908524540427025906e-01
5.907435551973380106e-01
5.910824948635665654e-01
5.907004532476181069e-01
5.906989847867240018e-01
5.907167879770558461e-01
5.908413107845836842e-01
5.907119545718314546e-01
5.906356192054232901e-01
5.906127746690900127e-01
5.904232803503463023e-01
5.902137725265534929e-01
5.902354246129837279e-01
5.902004915970471277e-01
5.900668112340203830e-01
5.900791145273726057e-01
5.901012195753485567e-01
5.900682767769453996e-01
5.901052577677597943e-01
5.900506970167894716e-01
5.901292993685830490e-01
5.900778264312497301e-01
5.901189704566360827e-01
5.900304029512859483e-01
5.899990935014355342e-01
5.901030486342863091e-01
5.902671812314912447e-01
5.900149978904409842e-01
5.899224750356738545e-01
5.899809184676170215e-01
5.898140557735011003e-01
5.899315244327705265e-01
5.897976674151097498e-01
5.897750592868518105e-01
5.897774880459125679e-01
5.896475328569967811e-01
5.896472905690538502e-01
5.896190838274385504e-01
5.896329811955727251e-01
5.896862014746100389e-01
5.896280772741573362e-01
5.896104516909814741e-01
5.896143931984274555e-01
5.896606818667324834e-01
5.896051626293015158e-01
5.896174213687596088e-01
5.895779464955706040e-01
5.896994454241332173e-01
5.895532545351435116e-01
5.898285535743642560e-01
5.896061639476798399e-01
5.897793601569016886e-01
5.895087834087001655e-01
5.892541228378366247e-01
5.893794194169337253e-01
5.893254388141170308e-01
5.892486756533636960e-01
5.890659648245955005e-01
5.890580036127381902e-01
5.889378542251361148e-01
5.890049690064775856e-01
5.889468640619393014e-01
5.889858083450419945e-01
5.889485467816725217e-01
5.889463543613491225e-01
5.889388145340933578e-01
5.889615740955495005e-01
5.889160610502897075e-01
5.890328032598459718e-01
5.888572404940261018e-01
5.889040573392199107e-01
5.888555127316190685e-01
5.889412988243233338e-01
5.888642038342167817e-01
5.889921714259456209e-01
5.888447617764308584e-01
5.888308948387160902e-01
5.888731258472987840e-01
5.888944772402556760e-01
5.888213232078071124e-01
5.888693156057148714e-01
5.887934826512596365e-01
5.886388992865576597e-01
5.884333902283337414e-01
5.884033046476037088e-01
5.883983404159400799e-01
5.883786833309796460e-01
5.883696983362716182e-01
5.883370327262938959e-01
5.883255140942771355e-01
5.883251731064562673e-01
5.883175377293506925e-01
5.882981327048971698e-01
5.883130309288050475e-01
5.882941077389129969e-01
5.882860733888171101e-01
5.884642526872162493e-01
5.883081971763741702e-01
5.888402005103779979e-01
5.883710388231164767e-01
5.879486537664697643e-01
5.878434367838385466e-01
5.878808140791491610e-01
5.877724285697765172e-01
5.877704547161257675e-01
5.877773088021098769e-01
5.877754383429101281e-01
5.877301074049607887e-01
5.877463893958957408e-01
5.877558692773957594e-01
5.877258943828402860e-01
5.878733789628449724e-01
5.877258427915409422e-01
5.877376870672955667e-01
5.877541907026672119e-01
5.877150292806774257e-01
5.877105734507952484e-01
5.877210653947474439e-01
5.877206668596701711e-01
5.877790122412237528e-01
5.877268794439594046e-01
5.877905116853188172e-01
5.877104209394585776e-01
5.880200654878631195e-01
5.877165020262904438e-01
5.875363237583661746e-01
5.874345123958595316e-01
5.874273946503155708e-01
5.875274334076299176e-01
5.874216603658591884e-01
5.874809662537170407e-01
5.874218852271319014e-01
5.874577954253994427e-01
5.874283479905522132e-01
5.874380727726171703e-01
5.874751676549750945e-01
5.874702182503935832e-01
5.873444305214114980e-01
5.874097575310128772e-01
5.873168659082906862e-01
5.873718675728664129e-01
5.872971521401434414e-01
5.873050008373209563e-01
5.873585572171655667e-01
5.872984675622713313e-01
5.872970960130443618e-01
5.873167191898397421e-01
5.872899717217205939e-01
5.873812734597719798e-01
5.872721853179759810e-01
5.873144231959542827e-01
5.872588505905993461e-01
5.871223119416536518e-01
5.871422960885892550e-01
5.871299701887882083e-01
5.871104273603955370e-01
5.870985266590946772e-01
5.870864589567184044e-01
5.870820457258053571e-01
5.870838177905572941e-01
5.870756199815391208e-01
5.870822320492852242e-01
5.870764839467275120e-01
5.871140887683206078e-01
5.870484551718719857e-01
5.871383739318184469e-01
5.870344315730948725e-01
5.869913241719396657e-01
5.870092550052012914e-01
5.869887209675657136e-01
5.869845355437653955e-01
5.870567812831379850e-01
5.869928537146537062e-01
5.869925303531824401e-01
5.869673403607410522e-01
5.867948795137769569e-01
5.868117685047192778e-01
5.868034610319766697e-01
5.867799967381528425e-01
5.867575004675537054e-01
5.867696194473349669e-01
5.867705601992238007e-01
5.867735212459872507e-01
5.867649846508109501e-01
5.867549426040239435e-01
5.867856933406551123e-01
5.867293013330103779e-01
5.867256628329634571e-01
5.867556051489662972e-01
5.867245040812569812e-01
5.867658198209266818e-01
5.867944973535512698e-01
5.868237667759363951e-01
5.867297266753371821e-01
5.865245582299908333e-01
5.864932027231637424e-01
5.864854721076900868e-01
5.865286208494859821e-01
5.865117401543754605e-01
5.865145454806282022e-01
5.864766429136659687e-01
5.864807526785250635e-01
5.864994283450309931e-01
5.864964670423145066e-01
5.864860123758168786e-01
5.864650645983298105e-01
5.864981048222146498e-01
5.864680344943197232e-01
5.864420911930402491e-01
5.864714062900472369e-01
5.864677233486200736e-01
5.863897704678370237e-01
5.864088486200444983e-01
5.863859993898492551e-01
5.864111518154949687e-01
5.864589825600693418e-01
5.863813053938093933e-01
5.864567246424426950e-01
5.864339520162983321e-01
5.863831656299873796e-01
5.864732369633079978e-01
5.863430903249945425e-01
5.863317711959632472e-01
5.863527311254763674e-01
5.863872980588679118e-01
5.862190861372847950e-01
5.861913028203226128e-01
5.862036828883717687e-01
5.861838450790310961e-01
5.861876872484548251e-01
5.861865233303503731e-01
5.861707571151570928e-01
5.861457619445078482e-01
5.861306993012986855e-01
5.862748530990440354e-01
5.861363083743077462e-01
5.861373782622502082e-01
5.861414134438446277e-01
5.861618809377927564e-01
5.861433579582145947e-01
5.861998704126720749e-01
5.861431687309868188e-01
5.861948946592854259e-01
5.861035862820451747e-01
5.861314759276807784e-01
5.860416017988094861e-01
5.860105739969372340e-01
5.860384244677925292e-01
5.860078907765128298e-01
5.860108046429496342e-01
5.861003689220753987e-01
5.860027592591704471e-01
5.859637420462937563e-01
5.859862591219772154e-01
5.859685269176295730e-01
5.860077932433785941e-01
5.860273650882145136e-01
5.859751102725629934e-01
5.860274324731240547e-01
5.859596135870275280e-01
5.859507931135178316e-01
5.859424895831358837e-01
5.860180210966287051e-01
5.859225009161963538e-01
5.861321060187594245e-01
5.859885432035459862e-01
5.859227560543777136e-01
5.858907781491596856e-01
5.857061421992963979e-01
5.856598376644215342e-01
5.856951319082253082e-01
5.856710907835276370e-01
5.856555119849703450e-01
5.856557017803025733e-01
5.856501460844983908e-01
5.856411155248941736e-01
5.856632831449188892e-01
5.856657070220562256e-01
5.856516151144713911e-01
5.856580374019705326e-01
5.856467769308025817e-01
5.856434463692016257e-01
5.856431506077532934e-01
5.856905826055803788e-01
5.856256239150298137e-01
5.857215746159161185e-01
5.856307848685831097e-01
5.855940773761885154e-01
5.856042242302501588e-01
5.855667611795448702e-01
5.855721955459430861e-01
5.854852888890369478e-01
5.855049136862688908e-01
5.854403091616746657e-01
5.854323081418341124e-01
5.854499041335790022e-01
5.855215222869980529e-01
5.854037572152345215e-01
5.854134500357781601e-01
5.854450806904866189e-01
5.853998081073003013e-01
5.853601009018102319e-01
5.853357869261187618e-01
5.853765671205727328e-01
5.853556250344280620e-01
5.853210989816729493e-01
5.853160465858170403e-01
5.853486279171967732e-01
5.853817720149344650e-01
5.853513808608366009e-01
5.853415234176633231e-01
5.853292747989594647e-01
5.853079663752430717e-01
5.852208746129399231e-01
5.852574140610371511e-01
5.852183670695864093e-01
5.852678992457140961e-01
5.852126159438670872e-01
5.851991078299697557e-01
5.851975822978653374e-01
5.852130307855967217e-01
5.851978487402222928e-01
5.852059598010311836e-01
5.851966569834518017e-01
5.852371374892083589e-01
5.851927239890332144e-01
5.852453190151655216e-01
5.851806021320291595e-01
5.852452705687757328e-01
5.851754533678323877e-01
5.852426294142353269e-01
5.851627965584440538e-01
5.851725038038607662e-01
5.851620503150999353e-01
5.851310666734507171e-01
5.851049376384011014e-01
5.850469497455018653e-01
5.850551969455727308e-01
5.850874839571976738e-01
5.850499624187630587e-01
5.850956918198084722e-01
5.850364251316650943e-01
5.850858426928121636e-01
5.850499214468654063e-01
5.850477187199250029e-01
5.850519080149635398e-01
5.850494719454774062e-01
5.850493045833842221e-01
5.850277754256977270e-01
5.850377268687895205e-01
5.850069339041119587e-01
5.850043524817888363e-01
5.851711011419696851e-01
5.849969963039098886e-01
5.849863189684345599e-01
5.849796259924795461e-01
5.850105609617364255e-01
5.849661675477891842e-01
5.850174275736845786e-01
5.849896154970434248e-01
5.849824418124761616e-01
5.849674463213569986e-01
5.849636139301016557e-01
5.849656107855981668e-01
5.850684342999896703e-01
5.849749282475916745e-01
5.850205061484071711e-01
5.849785470363885187e-01
5.849693206957087277e-01
5.850031322084617846e-01
5.850087140709980815e-01
5.849710088084345561e-01
5.850153921471883400e-01
5.850022065212051592e-01
5.852044074314358690e-01
5.849305927360336499e-01
5.849647580333874330e-01
5.849471896034597052e-01
5.849064676833786169e-01
5.849531863973217449e-01
5.848942853902661110e-01
5.849093816882823260e-01
5.848946602591044153e-01
5.848973452176831067e-01
5.848871871789933508e-01
5.848779112106062827e-01
5.848978648480512854e-01
5.848844469932152901e-01
5.847979896692373503e-01
5.848486863881814379e-01
5.848023207297048387e-01
5.848326145903263162e-01
5.848040846273724336e-01
5.848150738303956597e-01
5.847816174199669259e-01
5.848856618837116050e-01
5.848118891380452711e-01
5.847324219316633043e-01
5.847163153295135141e-01
5.846949376237111640e-01
5.846793863557160353e-01
5.847143879830031254e-01
5.846838213052178990e-01
5.846989824388079127e-01
5.846827593620479435e-01
5.846704762146709422e-01
5.846691795717737783e-01
5.846730257821092236e-01
5.846470746548645403e-01
5.846884852491679441e-01
5.846558463974795838e-01
5.846784254913314216e-01
5.846535708494967620e-01
5.846444271291793005e-01
5.846349326436401928e-01
5.846729870202573842e-01
5.846322328664705914e-01
5.847246546141218193e-01
5.846383950678240016e-01
5.846746922151029313e-01
5.846434719923940815e-01
5.846041171300928596e-01
5.846076371869978194e-01
5.846031753969277434e-01
5.846140187560487922e-01
5.846595735612316602e-01
5.846044591360911591e-01
5.849416052025263602e-01
5.846205196005227478e-01
5.845758614195907255e-01
5.845714407266513479e-01
5.846070332615144194e-01
5.845654367722459277e-01
5.845663072158507889e-01
5.845583890045144004e-01
5.845800356856091229e-01
5.845735602126379549e-01
5.846408131397048402e-01
5.845792331618440141e-01
5.845341199678599775e-01
5.845297466221656135e-01
5.845672029036473871e-01
5.845300682816935156e-01
5.845835301336548273e-01
5.845562374080200962e-01
5.845233919902174113e-01
5.845297315705568764e-01
5.845481994387387026e-01
5.845105272768316151e-01
5.845205915771083394e-01
5.845223310726075372e-01
5.845766070025041339e-01
5.844964638833575199e-01
5.845230268539444163e-01
5.845246686631027089e-01
5.844760675646506476e-01
5.844832511582686019e-01
5.845367411276476410e-01
5.844814907228980116e-01
5.845007839134119809e-01
5.844782918558187879e-01
5.844641976215756429e-01
5.844676650185757216e-01
5.844642060629690050e-01
5.844657524836511797e-01
5.845165383883942356e-01
5.844730275360306981e-01
5.844922592358744451e-01
5.844997368074041910e-01
5.844988545656999435e-01
5.844659775024122483e-01
5.844959780238051517e-01
5.844596537791612034e-01
5.844573168379884054e-01
5.844578837035758756e-01
5.845175004213478687e-01
5.844612961699503506e-01
5.844602906480952376e-01
5.844826473344839624e-01
5.845382695668716044e-01
5.844567139437215619e-01
5.845092079583006361e-01
5.844414815987001299e-01
5.844991487456629997e-01
5.844523212723748973e-01
5.844779123976265867e-01
5.844439940439303260e-01
5.845212512141393368e-01
5.844561656774951430e-01
5.844632720285506400e-01
5.844526093266979583e-01
5.844528056239693958e-01
5.844459928732567144e-01
5.844622499880328670e-01
5.844481136684301914e-01
5.844760835578469704e-01
5.844440848853567072e-01
5.844419131048833593e-01
5.844185895986301338e-01
5.844240499223788410e-01
5.844250272253773693e-01
5.844166451917993665e-01
5.844194699155244033e-01
5.844222922787418728e-01
5.844238116483169154e-01
5.844209032316698416e-01
5.844256851378675233e-01
5.844147336387683911e-01
5.844499724607442603e-01
5.844151106959193376e-01
5.844203625055316431e-01
5.844134027536921350e-01
5.844239527728175565e-01
5.844037063556329903e-01
5.843853169332198227e-01
5.843770399253307435e-01
5.843750283176819549e-01
5.843888192015230798e-01
5.843757773072107975e-01
5.843881553839924692e-01
5.843877200311600184e-01
5.843702041905299849e-01
5.843717763218547745e-01
5.843631922323672123e-01
5.843674849251441206e-01
5.843681446685345948e-01
5.843705321889947069e-01
5.843487175525110544e-01
5.843511579385702870e-01
5.843500561422547701e-01
5.843513492479371907e-01
5.843557935463741249e-01
5.843476805025756837e-01
5.843565374092213327e-01
5.843514847430164583e-01
5.843555407615318442e-01
5.843542321973311804e-01
5.843806530876615168e-01
5.843399811097005347e-01
5.843238671121092631e-01
5.843280284466848551e-01
5.843248599831785128e-01
5.843277984988956009e-01
5.843301998864364188e-01
5.843246633341193652e-01
5.843305446792806945e-01
5.843272457146472254e-01
5.843233996166268263e-01
5.843271830584166882e-01
5.843220726903834983e-01
5.843274216575046198e-01
5.843199193054864349e-01
5.843441802593331014e-01
5.843336096681578384e-01
5.843839296957976659e-01
5.843142008994999248e-01
5.842930343349763689e-01
5.842895634140325978e-01
5.843034650374783201e-01
5.842882862026737012e-01
