1.273464077017516516e+00
1.273464077017516516e+00
1.273464077017516294e+00
1.273366681748199447e+00
1.340653161912068514e+00
1.220801287185127704e+00
9.407847674866799403e-01
9.407847674866800514e-01
9.407847674866799403e-01
9.407847674866799403e-01
9.407847674866799403e-01
9.407847674866799403e-01
9.366976539144854508e-01
1.047243782931347011e+00
9.366976539144854508e-01
9.366976539144854508e-01
9.366976539144854508e-01
9.650016627724042895e-01
9.366976539144854508e-01
9.366976539144854508e-01
9.387576211980119822e-01
9.366976539144854508e-01
8.771114720462324099e-01
8.740176720962045120e-01
8.740176720962044010e-01
8.723401880334888947e-01
8.627683989871415271e-01
1.001886172288414922e+00
8.627683989871413051e-01
8.487342260596557608e-01
8.487342260596558718e-01
8.705875215310937554e-01
8.487342260596557608e-01
8.471702102914953070e-01
8.471702102914953070e-01
8.471349522773724550e-01
8.444177602530072990e-01
9.134979855165921148e-01
8.444177602530072990e-01
8.326937907192427657e-01
8.326937907192427657e-01
8.306574833234786626e-01
8.280391049441901963e-01
9.259900559824791877e-01
8.280391049441901963e-01
1.033647618882038488e+00
8.262197555507591051e-01
8.730955569555328699e-01
8.262197555507592162e-01
8.915391576760682835e-01
8.262197555507588831e-01
8.483051352664516820e-01
8.262197555507591051e-01
8.987725137298718803e-01
8.260983363007243785e-01
1.010195846371582773e+00
8.260983363007243785e-01
9.370999729799807110e-01
8.486833243558138395e-01
8.260606384023616577e-01
8.375766466995164805e-01
8.274786153930717703e-01
8.362824317611950997e-01
8.260606384023616577e-01
8.368925578785508801e-01
8.258218673359964956e-01
8.612511595214555893e-01
8.258218673359966067e-01
8.564567513284488953e-01
8.268739811027110420e-01
8.494440621504566469e-01
8.258218673359966067e-01
8.376266866284383106e-01
8.291583646601368152e-01
8.505290986335305448e-01
8.323610495058407777e-01
8.314026463655928012e-01
8.251564303261934574e-01
8.250488199872533235e-01
8.267441474410507363e-01
8.250488199872534345e-01
8.338845664566297833e-01
8.250488199872534345e-01
8.326294134439207184e-01
8.250488199872533235e-01
8.244573007955784405e-01
8.244674463554307886e-01
8.250627726424946129e-01
8.244573007955784405e-01
8.291858272127167195e-01
8.242527251100320029e-01
8.294495364659338899e-01
8.245038602303760289e-01
8.274010047791134914e-01
8.244478947545704761e-01
8.248788641470738980e-01
8.257055841317576528e-01
8.247300773444978805e-01
8.242527251100322250e-01
8.255325447795245353e-01
8.242527251100320029e-01
8.256311659084859533e-01
8.243137596423659730e-01
8.241195772546701104e-01
8.241195772546703324e-01
8.239770537952280094e-01
8.243246094978011751e-01
8.267075994828223529e-01
8.240616542851247894e-01
8.242060371575868905e-01
8.241903735070530423e-01
8.242818985472263327e-01
8.239372383691858648e-01
8.254024318765632584e-01
8.238248130329534069e-01
8.242640524348152642e-01
8.237840143400508852e-01
8.243175893751794048e-01
8.237840143400508852e-01
8.240809424054428289e-01
8.237432341066824870e-01
8.243459157172319252e-01
8.247561426574444576e-01
8.240134518654764761e-01
8.237424108335156259e-01
8.237402477695431324e-01
8.236914043513404726e-01
8.236342316122169382e-01
8.236242585436812647e-01
8.237532000985045011e-01
8.236242585436809316e-01
8.236291427687476574e-01
8.236346590887647645e-01
8.236494365977116150e-01
8.236452422568085741e-01
8.237347711677055484e-01
8.237085942110695669e-01
8.236308694984902923e-01
8.236380490715443647e-01
8.242399068388344130e-01
8.236034257878107612e-01
8.236581352210998741e-01
8.236034257878107612e-01
8.237216306786211417e-01
8.236217566201792240e-01
8.235943386193237403e-01
8.237673776687699512e-01
8.235964128613820767e-01
8.235616790175280810e-01
8.235762661515770855e-01
8.236372955926919426e-01
8.235588763454686489e-01
8.236198995089460961e-01
8.235593952542645813e-01
8.235824253089448765e-01
8.235423871558896769e-01
8.235996843459904015e-01
8.235355251089567785e-01
8.235930712769453654e-01
8.235655665459932218e-01
8.235524636226455586e-01
8.235421018873574361e-01
8.235643034538361329e-01
8.235355251089567785e-01
8.235457003676556198e-01
8.235436207747154347e-01
8.235470767266344083e-01
8.235589364962306869e-01
8.235388288643994414e-01
8.235471806617298274e-01
8.235380403477512434e-01
8.235355585011602253e-01
8.235209806166035040e-01
8.235199813820395232e-01
8.235197348444364129e-01
8.234976812359994236e-01
8.235019686874451850e-01
8.234878946917680853e-01
8.234564951182473669e-01
8.234555776642099589e-01
8.234569656310816166e-01
8.234572670125586136e-01
8.234558014917386926e-01
8.234423536840735913e-01
8.234422234922724737e-01
8.234431235891803702e-01
8.234639033837327649e-01
8.234401159578526030e-01
8.234346624211019705e-01
8.234301946626323421e-01
8.234326888876407624e-01
8.234301946626323421e-01
8.234423410766819051e-01
8.234261719679470959e-01
8.234690300398315177e-01
8.234246931698504524e-01
8.234345787317791654e-01
8.234254756861675295e-01
8.234260428109836383e-01
8.234260688013973484e-01
8.234393728865202489e-01
8.234216112243466501e-01
8.233979052438875623e-01
8.234291157757117618e-01
8.234056037160435437e-01
8.233944258895329327e-01
8.233961146347608118e-01
8.233784916273598764e-01
8.233764001936262344e-01
8.233795521832828479e-01
8.233811275326997636e-01
8.233775838924083379e-01
8.233616771581059313e-01
8.233494111512230651e-01
8.233494111512230651e-01
8.233347816163155697e-01
8.233368661848007308e-01
8.233437787435382571e-01
8.233352450414892498e-01
8.233320577081090219e-01
8.233338570778906407e-01
8.233247463898417662e-01
8.232951467658295996e-01
8.232931527548075223e-01
8.233031001021532402e-01
8.233117870376526204e-01
8.232880004419155240e-01
8.232670913235771160e-01
8.232769724780771847e-01
8.232677579183477201e-01
8.232604780344233708e-01
8.232622990592730616e-01
8.232948814296602302e-01
8.232604780344233708e-01
8.233029873640373975e-01
8.232551567512240709e-01
8.232614251385295123e-01
8.232514595512948619e-01
8.232618781073425263e-01
8.232503646230894256e-01
8.232553349300434364e-01
8.232556558375383471e-01
8.232624559992105517e-01
8.232470278233184890e-01
8.232528272650964096e-01
8.232444469689302879e-01
8.232598126597616695e-01
8.232444557767758520e-01
8.232541174031245967e-01
8.232591113200768973e-01
8.232446589330952857e-01
8.232477323428477600e-01
8.232402893196968385e-01
8.232323051491463595e-01
8.232266426690079131e-01
8.232301485313813227e-01
8.232255158759519409e-01
8.232259689882177600e-01
8.232236116586584274e-01
8.232232173155150656e-01
8.232252409745660637e-01
8.232271990400160666e-01
8.232150171313263876e-01
8.232217038639888518e-01
8.232135843092674987e-01
8.232120364683995772e-01
8.232099039661829876e-01
8.232020443730109216e-01
8.232076232428288121e-01
8.232019563901059600e-01
8.232020490742518737e-01
8.232026974278385811e-01
8.232015877062330844e-01
8.231992001839888440e-01
8.232109223723746982e-01
8.231998817942128843e-01
8.231971606292589616e-01
8.231977032203312561e-01
8.231952118962110321e-01
8.231951898876630480e-01
8.231967091575688178e-01
8.231954102219657399e-01
8.231975129679044434e-01
8.231943567143477081e-01
8.232005875817965945e-01
8.231949959156936725e-01
8.231975707643213180e-01
8.231998264556051881e-01
8.231975848985589872e-01
8.231941723636666541e-01
8.231935658810546341e-01
8.231947341164016496e-01
8.232021478862032726e-01
8.231936387332824401e-01
8.231935215846184484e-01
8.231927183048112218e-01
8.232002587802956795e-01
8.231901594877203410e-01
8.231886959038799967e-01
8.231859999003839912e-01
8.231852011457208018e-01
8.231856393850814912e-01
8.231911606703710138e-01
8.231844937683845398e-01
8.231886346267441867e-01
8.231880301516053544e-01
8.231821258180829215e-01
8.231782847274183856e-01
8.231747147027790312e-01
8.231741948777285822e-01
8.231718499658782218e-01
8.231734846652245530e-01
8.231727146146090579e-01
8.231722747913733373e-01
8.231804223800261999e-01
8.231718830521349561e-01
8.231724011465307855e-01
8.231721678658433516e-01
8.231758333891524559e-01
8.231697595111873156e-01
8.231663526781174411e-01
8.231658546458678893e-01
8.231642465048290003e-01
8.231607523297115314e-01
8.231668278399174588e-01
8.231605347911722381e-01
8.231578843326902151e-01
8.231618698960518898e-01
8.231571832390952581e-01
8.231595405659798415e-01
8.231573101903428835e-01
8.231563421678319559e-01
8.231579605823453605e-01
8.231616449800684965e-01
8.231570566464941896e-01
8.231585246596802019e-01
8.231577084681795942e-01
8.231558785050058225e-01
8.231562204694236051e-01
8.231572419756899572e-01
8.231561978988659600e-01
8.231565180457633968e-01
8.231596668233339686e-01
8.231534525920066736e-01
8.231544677489801565e-01
8.231540732457277576e-01
8.231521670994391693e-01
8.231564836794101891e-01
8.231630403173513244e-01
8.231521798273517820e-01
8.231455130385447738e-01
8.231472526747816154e-01
8.231454165175535742e-01
8.231477774736135622e-01
8.231459013685803461e-01
8.231487757694938567e-01
8.231459464289094807e-01
8.231471240344371276e-01
8.231457279426296347e-01
8.231508693945254196e-01
8.231453036287859071e-01
8.231441964166624770e-01
8.231436492793648974e-01
8.231437961919887414e-01
8.231434741283136791e-01
8.231455593487795319e-01
8.231440612269493862e-01
8.231496899765010644e-01
8.231429931981357750e-01
8.231446418246993746e-01
8.231448893619053297e-01
8.231503415392781298e-01
8.231409650453029858e-01
8.231392990918791064e-01
8.231399652915801779e-01
8.231380843981147555e-01
8.231380739744409425e-01
8.231380156616510124e-01
8.231381470278953394e-01
8.231380192658949158e-01
8.231380322659535009e-01
8.231383722749835430e-01
8.231393705304358432e-01
8.231356162530700793e-01
8.231337972594522379e-01
8.231326490390197259e-01
8.231317751113922387e-01
8.231318739597651701e-01
8.231312783164845825e-01
8.231312366052611074e-01
8.231305644022770540e-01
8.231302282909587209e-01
8.231308307954935399e-01
8.231303454048873869e-01
8.231295968577831967e-01
8.231304946262784084e-01
8.231295398795600571e-01
8.231274435464064343e-01
8.231275190084491600e-01
8.231273835116174054e-01
8.231270441255841286e-01
8.231272968585268135e-01
8.231266592134154347e-01
8.231266409119871730e-01
8.231262168711142024e-01
8.231290247983589214e-01
8.231258706286193050e-01
8.231264088271210699e-01
8.231263159451168709e-01
8.231265015749820169e-01
8.231266555262263251e-01
8.231226369011268584e-01
8.231218149607799628e-01
8.231224593023684921e-01
8.231209149987492868e-01
8.231208205184543658e-01
8.231203191748535097e-01
8.231209846773394068e-01
8.231224123295282080e-01
8.231207244456471006e-01
8.231184866693604940e-01
8.231188991119275933e-01
8.231184604224427437e-01
8.231183387062922518e-01
8.231182372982923656e-01
8.231183661787139227e-01
8.231186611211508408e-01
8.231184214638027630e-01
8.231183231317409366e-01
8.231178628460624758e-01
8.231178127814429146e-01
8.231206073513700483e-01
8.231180331660987726e-01
8.231205997720856260e-01
8.231190384332057741e-01
8.231157436583419473e-01
8.231164241787748415e-01
8.231160064611804383e-01
8.231161193848451907e-01
8.231152790609327363e-01
8.231176217310992582e-01
8.231159103510964359e-01
8.231169859762887953e-01
8.231146353396480153e-01
8.231128116808322792e-01
8.231122016111572792e-01
8.231124408620035249e-01
8.231143192930341357e-01
8.231124866603556356e-01
8.231136323675278810e-01
8.231127134857186833e-01
8.231153228781374898e-01
8.231119571865134210e-01
8.231097760206876890e-01
8.231095564826020894e-01
8.231101849367297163e-01
8.231093502166730858e-01
8.231099463301295716e-01
8.231087840408066736e-01
8.231088304930360700e-01
8.231089029195468587e-01
8.231090516557015846e-01
8.231092609164747387e-01
8.231086660003328337e-01
8.231115463550771061e-01
8.231089398288259362e-01
8.231066534439519522e-01
8.231065189726403108e-01
8.231072976014986997e-01
8.231066611715431858e-01
8.231064264060086177e-01
8.231061992120642934e-01
8.231061898542286759e-01
8.231114377355561729e-01
8.231052713764145379e-01
8.231043007024000380e-01
8.231037388780451103e-01
8.231038703054726069e-01
8.231038538432345897e-01
8.231032399112375719e-01
8.231032884973326080e-01
8.231037973837483923e-01
8.231032681784535843e-01
8.231033132671308206e-01
8.231033311565939536e-01
8.231035581414809510e-01
8.231033664071863987e-01
8.231063644017618808e-01
8.231030007254328540e-01
8.231069084382107715e-01
8.231028678672671628e-01
8.231006324098835147e-01
8.231018824418688817e-01
8.231006992939545741e-01
8.231018195274799609e-01
8.231011364019125143e-01
8.231007194151974682e-01
8.230996667860340787e-01
8.230983047053112012e-01
8.230989411975360159e-01
8.230987635083566456e-01
8.230975260963812046e-01
8.230971217627292003e-01
8.230974556053926028e-01
8.230975114771522660e-01
8.230966685699072638e-01
8.230967733539342746e-01
8.230968262826420245e-01
8.230967516489948732e-01
8.230973976027173844e-01
8.230965760386351748e-01
8.231005508957845995e-01
8.230962169191738953e-01
8.230946621547616804e-01
8.230951165523631152e-01
8.230948297586946349e-01
8.230949892179537652e-01
8.230945985472905013e-01
8.230969823056478729e-01
8.230944906916084491e-01
8.230967190628349917e-01
8.230957749479929086e-01
8.230962448737670911e-01
8.230916127403714588e-01
8.230905422138834471e-01
8.230887646688823667e-01
8.230885554365966472e-01
8.230890687145252516e-01
8.230883826090427124e-01
8.230882449725789307e-01
8.230886329235299614e-01
8.230884522908623602e-01
8.230880025391117405e-01
8.230879866020318625e-01
8.230881129186307099e-01
8.230899341163625538e-01
8.230863107079703367e-01
8.230849797897208386e-01
8.230859890238058085e-01
8.230847461849364333e-01
8.230848489052026151e-01
8.230847050953572497e-01
8.230851455973794417e-01
8.230844907146869227e-01
8.230880501932612558e-01
8.230841687118768402e-01
8.230851367867840773e-01
8.230836961111698269e-01
8.230824550242032966e-01
8.230820588873797305e-01
8.230815955564296793e-01
8.230813756085444410e-01
8.230839814313102298e-01
8.230812995454138692e-01
8.230802069078241301e-01
8.230806294589441130e-01
8.230802603772812143e-01
8.230802910543760786e-01
8.230813589783274598e-01
8.230802513303866474e-01
8.230815896614470661e-01
8.230803495878789011e-01
8.230808315394293473e-01
8.230801566150350856e-01
8.230807209950216086e-01
8.230801486106439357e-01
8.230815214065690943e-01
8.230798514303210300e-01
8.230817830442185290e-01
8.230798602326743207e-01
8.230809311566676945e-01
8.230803904979426822e-01
8.230796819144237109e-01
8.230788083713814762e-01
8.230774017531621300e-01
8.230770244234174582e-01
8.230768972341322431e-01
8.230768587717187668e-01
8.230769742081420759e-01
8.230769891391263027e-01
8.230753326858598617e-01
8.230743602359611444e-01
8.230740045588362808e-01
8.230740297605604328e-01
8.230736224255166267e-01
8.230736730893569719e-01
8.230735009728606943e-01
8.230735008848568679e-01
8.230733854787833925e-01
8.230733879757697879e-01
8.230734655569459379e-01
8.230734884424821818e-01
8.230736409836780787e-01
8.230742910343067376e-01
8.230721983258345587e-01
8.230716416353683895e-01
8.230713783043526188e-01
8.230714156286568217e-01
8.230715785595424938e-01
8.230711226153346605e-01
8.230706367295979042e-01
8.230706371979599201e-01
8.230714035987416466e-01
8.230705782684630822e-01
8.230695301471400160e-01
8.230695100327797276e-01
8.230696630862611718e-01
8.230699135650416665e-01
8.230700528898057255e-01
8.230688721224845850e-01
8.230689347005422096e-01
8.230683211195168880e-01
8.230687303341254202e-01
8.230683632458640764e-01
8.230681924802984994e-01
8.230672080659952039e-01
8.230659062731088271e-01
8.230655877378401097e-01
8.230656318688582829e-01
8.230661919366338841e-01
8.230656522644812512e-01
8.230659501921150367e-01
8.230654332421942776e-01
8.230653883563098239e-01
8.230656400228372194e-01
8.230642333445702397e-01
8.230634383325788894e-01
8.230634453232935632e-01
8.230633041576174147e-01
8.230629622540132084e-01
8.230629731078752398e-01
8.230626774168035009e-01
8.230627050414531798e-01
8.230625118654270045e-01
8.230624541598723365e-01
8.230636998525966419e-01
8.230633322301385002e-01
8.230610581811402815e-01
8.230599238385316596e-01
8.230588699252944229e-01
8.230579946137369651e-01
8.230570250988323844e-01
8.230568801864360795e-01
8.230569254681147084e-01
8.230565881136701067e-01
8.230566690845277922e-01
8.230560019720473131e-01
8.230558456898809938e-01
8.230553672381871744e-01
8.230551808824244642e-01
8.230559976621852902e-01
8.230538029729437266e-01
8.230535966061455211e-01
8.230535801214463598e-01
8.230532513876464007e-01
8.230533983167614975e-01
8.230532195922715122e-01
8.230534436382394015e-01
8.230521184804954204e-01
8.230518056730333765e-01
8.230518857189818016e-01
8.230517084879982459e-01
8.230513916418602527e-01
8.230505869733212299e-01
8.230504760824977062e-01
8.230501829201396502e-01
8.230498261320046138e-01
8.230513750103091164e-01
8.230496345336238972e-01
8.230482719231210220e-01
8.230471484794957826e-01
8.230463059023214178e-01
8.230460041823383088e-01
8.230460225604284696e-01
8.230458072019227744e-01
8.230458878784716603e-01
8.230456755585141559e-01
8.230455390386437475e-01
8.230452638024756684e-01
8.230444119684799942e-01
8.230449440066874844e-01
8.230446546313759937e-01
8.230449821704434177e-01
8.230447290102846924e-01
8.230426977529363697e-01
8.230416848549656494e-01
8.230412746908286614e-01
8.230412746274343716e-01
8.230409518781068856e-01
8.230409582731769147e-01
8.230410234362960376e-01
8.230410673374007891e-01
8.230411238273602770e-01
8.230407305123970119e-01
8.230400505536122902e-01
8.230400597947606922e-01
8.230404602544877379e-01
8.230399845412821325e-01
8.230397926062047453e-01
8.230402547820419024e-01
8.230395931126220921e-01
8.230395074120619991e-01
8.230388534626023045e-01
8.230386194233076935e-01
8.230381277143069552e-01
8.230381242809376996e-01
8.230380227178505370e-01
8.230387113676045363e-01
8.230388159277468585e-01
8.230376140717878819e-01
8.230384896337594736e-01
8.230362979902074994e-01
8.230357394207447053e-01
8.230356427891517557e-01
8.230346094066169904e-01
8.230339461592910411e-01
8.230339587773910504e-01
8.230335940407081941e-01
8.230336793443848720e-01
8.230327877749581411e-01
8.230328352006670567e-01
8.230326767200610849e-01
8.230326556277635097e-01
8.230325392973069087e-01
8.230335168630751319e-01
8.230322590994949561e-01
8.230318081189952339e-01
8.230303429415907202e-01
8.230293212390547009e-01
8.230290240555213632e-01
8.230290370016442036e-01
8.230287734370216324e-01
8.230288048051545013e-01
8.230288483058705307e-01
8.230287736628327799e-01
8.230305462808091832e-01
8.230288150190409047e-01
8.230282695538528870e-01
8.230286120316566700e-01
8.230295941512070224e-01
8.230284437787939167e-01
8.230278142001142827e-01
8.230278567786885047e-01
8.230265755377836889e-01
8.230261441406034884e-01
8.230261256624757937e-01
8.230261821273562317e-01
8.230258739803734125e-01
8.230270377913105895e-01
8.230254960188339020e-01
8.230242931542209872e-01
8.230237053096199906e-01
8.230235169837226694e-01
8.230235216619765648e-01
8.230234515907771664e-01
8.230235267481599282e-01
8.230234847178595770e-01
8.230234562695913914e-01
8.230234579006175943e-01
8.230234783820775668e-01
8.230234208172904076e-01
8.230235366930900298e-01
8.230238987318008181e-01
8.230247508467867235e-01
8.230214624198346485e-01
8.230200049069783530e-01
8.230197061106492296e-01
8.230196854695831510e-01
8.230196287208958461e-01
8.230195435842039275e-01
8.230192380277426834e-01
8.230191724654952745e-01
8.230197406900340296e-01
8.230189811195602889e-01
8.230194254531520981e-01
8.230190106327399668e-01
8.230179515589113315e-01
8.230171587287715695e-01
8.230176705005395332e-01
8.230171719651141471e-01
8.230171722816606028e-01
8.230171832268139420e-01
8.230171024809942448e-01
8.230171202399502173e-01
8.230172620283008333e-01
8.230170892236140512e-01
8.230172075119954744e-01
8.230170247527355265e-01
8.230169533605788956e-01
8.230165694077635763e-01
8.230149361917069584e-01
8.230148638774980041e-01
8.230147362581935466e-01
8.230140332737512221e-01
8.230133576719580457e-01
8.230131245295627673e-01
8.230127849681165841e-01
8.230129838994904024e-01
8.230130104420971815e-01
8.230115147417029764e-01
8.230110403440930034e-01
8.230107186461246283e-01
8.230108537672878866e-01
8.230108449552969718e-01
8.230107315504827659e-01
8.230104933335308237e-01
8.230105804008179815e-01
8.230104352907658960e-01
8.230104549344903209e-01
8.230102990037584387e-01
8.230103863530240371e-01
8.230100530347125298e-01
8.230098694546060800e-01
8.230096399151488606e-01
8.230095606845126976e-01
8.230109879652954818e-01
8.230086915711836149e-01
8.230072150055951496e-01
8.230068389533261586e-01
8.230065854793979785e-01
8.230062731802656462e-01
8.230049682186348914e-01
8.230041140101542751e-01
8.230030711395667220e-01
8.230019957122431951e-01
8.230018210532330514e-01
8.230015782358222065e-01
8.230016483415980577e-01
8.230018893973065630e-01
8.230016512999960288e-01
8.230014961379984451e-01
8.230012070515019262e-01
8.230011083997070820e-01
8.230006578141034757e-01
8.230006397487263925e-01
8.230006826315372503e-01
8.230004266231814025e-01
8.229994749839564250e-01
8.229983304997832150e-01
8.229971605698086501e-01
8.229964108623174512e-01
8.229963368618806729e-01
8.229959330894296432e-01
8.229952122106729551e-01
8.229943245490841663e-01
8.229933021123494452e-01
8.229926836722131211e-01
8.229925839411029731e-01
8.229926350929298584e-01
8.229926968010875532e-01
8.229924494655630474e-01
8.229925980276895370e-01
8.229924170363320801e-01
8.229928120654939061e-01
8.229923468087382288e-01
8.229927649675585766e-01
8.229921148676453413e-01
8.229932492246805342e-01
8.229919720421156049e-01
8.229904296929815288e-01
8.229900088879802400e-01
8.229898565543452005e-01
8.229894967698851982e-01
8.229894244772146816e-01
8.229892040067690040e-01
8.229889948010615797e-01
8.229903004639677055e-01
8.229891333032681722e-01
8.229876363121958471e-01
8.229871327240426693e-01
8.229868484406930307e-01
8.229867222352108547e-01
8.229866111036394649e-01
8.229862918846303499e-01
8.229863881826047223e-01
8.229865449881178519e-01
8.229862183620824112e-01
8.229861378316649656e-01
8.229862395200319147e-01
8.229864710092280600e-01
8.229861027074850677e-01
8.229864246108353765e-01
8.229869521701250745e-01
8.229846044201623023e-01
8.229842282170063417e-01
8.229842639227445966e-01
8.229844278977619387e-01
8.229842563383664711e-01
8.229840615820769312e-01
8.229839216263543644e-01
8.229840653316728982e-01
8.229839283845421516e-01
8.229833624615159327e-01
8.229823108412603894e-01
8.229821844577456247e-01
8.229822486657638603e-01
8.229820066567502534e-01
8.229819741201789274e-01
8.229819514230123367e-01
8.229818664078563106e-01
8.229814684771705746e-01
8.229814889812826495e-01
8.229814767852717816e-01
8.229813528302000192e-01
8.229808723949176841e-01
8.229808431840262006e-01
8.229805486025865147e-01
8.229799386292643293e-01
8.229800198985498527e-01
8.229800493430894370e-01
8.229792133592684911e-01
8.229778979792553573e-01
8.229772301703333071e-01
8.229767992012423372e-01
8.229766474360302730e-01
8.229769981617975905e-01
8.229768447358134509e-01
8.229768054851127612e-01
8.229768566053349277e-01
8.229765064732483815e-01
8.229758446807962091e-01
8.229757616937195541e-01
8.229757643754931351e-01
8.229758110745463151e-01
8.229753470943398375e-01
8.229750296040468927e-01
8.229766537423875983e-01
8.229752085780143167e-01
8.229746251884809682e-01
8.229745718458171266e-01
8.229736182767940500e-01
8.229739911080530268e-01
8.229732533026660191e-01
8.229749034314944867e-01
8.229731596710753161e-01
8.229732155836263496e-01
8.229732915013250327e-01
8.229727063787413144e-01
8.229726374373271813e-01
8.229721464958476007e-01
8.229722509331665048e-01
8.229715577947328553e-01
8.229716489926796053e-01
8.229707093908329441e-01
8.229705679975076738e-01
8.229705768984233449e-01
8.229707714365348536e-01
8.229705382029224303e-01
8.229705539034404271e-01
8.229707247578710305e-01
8.229695264075852501e-01
8.229695594852659557e-01
8.229703268638511870e-01
8.229679549899231450e-01
8.229674449391940483e-01
8.229675853982304501e-01
8.229672199178816872e-01
8.229672191424558525e-01
8.229670728213300812e-01
8.229671197140064898e-01
8.229670982466565921e-01
8.229671001861197377e-01
8.229672555195692851e-01
8.229671532682593105e-01
8.229683568199707144e-01
8.229667487394068948e-01
8.229659559839113125e-01
8.229664292581310159e-01
8.229653962923381139e-01
8.229655257272968649e-01
8.229646235812592137e-01
8.229642405285128026e-01
8.229645844362087903e-01
8.229649151871734070e-01
8.229642905180669654e-01
8.229644478349427139e-01
8.229645192502084150e-01
8.229632252909007128e-01
8.229628557382678844e-01
8.229627791645047763e-01
8.229627726655623920e-01
8.229623882490018083e-01
8.229624344380923606e-01
8.229623452671942507e-01
8.229623512223110948e-01
8.229623325442303461e-01
8.229622748746172611e-01
8.229621279519847565e-01
8.229620602191141110e-01
8.229620346900529126e-01
8.229630361400064320e-01
8.229599657882333830e-01
8.229590446090255806e-01
8.229586397512941298e-01
8.229585956697266225e-01
8.229578732093172366e-01
8.229578292453271215e-01
8.229576706396667385e-01
8.229580366222501997e-01
8.229574790570252096e-01
8.229565099011240115e-01
8.229553336915339523e-01
8.229547798006500159e-01
8.229540876107453995e-01
8.229538124248798603e-01
8.229538166374454899e-01
8.229544832321897818e-01
8.229539148980513641e-01
8.229538336342316907e-01
8.229538325741978522e-01
8.229534295144218525e-01
8.229527320869614027e-01
8.229521877876043723e-01
8.229520877878222507e-01
8.229521935477978056e-01
8.229536883676803471e-01
8.229516455455720969e-01
8.229497457895786905e-01
8.229494222156604755e-01
8.229494349239968587e-01
8.229490620798914913e-01
8.229490343254616258e-01
8.229493170866830631e-01
8.229490224719209213e-01
8.229494396821102065e-01
8.229490480696762811e-01
8.229489720691482990e-01
8.229489392157063321e-01
8.229490524450933098e-01
8.229489409966410651e-01
8.229489998590199251e-01
8.229487381981905880e-01
8.229495384426370741e-01
8.229485096266095923e-01
8.229472181247698970e-01
8.229471386807755140e-01
8.229470784606055522e-01
8.229470543464229015e-01
8.229464158319940159e-01
8.229455314719639203e-01
8.229464278279411404e-01
8.229463738810567364e-01
8.229440931754092858e-01
8.229432925399581267e-01
8.229431268684864742e-01
8.229432177781280666e-01
8.229430769943423263e-01
8.229431046965475227e-01
8.229430695876696067e-01
8.229431281511184748e-01
8.229433403479061715e-01
8.229430306995736411e-01
8.229431330413681245e-01
8.229429479755678845e-01
8.229435230964748937e-01
8.229427865217233684e-01
8.229415806904515351e-01
8.229412490467657992e-01
8.229411541733837598e-01
8.229402151656628472e-01
8.229405423139678488e-01
8.229394707816652943e-01
8.229391403579978670e-01
8.229413645661441956e-01
8.229389487185694296e-01
8.229385935698655397e-01
8.229383401768698425e-01
8.229381460213132105e-01
8.229378604650375850e-01
8.229365504321671798e-01
8.229367719111069235e-01
8.229364688605161904e-01
8.229363349005571759e-01
8.229363498202592053e-01
8.229364483591472545e-01
8.229364241960590576e-01
8.229364916781510830e-01
8.229364291692723432e-01
8.229369307649453402e-01
8.229363376986930101e-01
8.229367675416835448e-01
8.229368637808631703e-01
8.229348860090655027e-01
8.229344300475842644e-01
8.229348176226590761e-01
8.229342678156805757e-01
8.229342819853833202e-01
8.229334887892095773e-01
8.229333813897911076e-01
8.229332325764560085e-01
8.229330647165385981e-01
8.229334552268441350e-01
8.229317327039098462e-01
8.229305350514808381e-01
8.229305621929402514e-01
8.229301698839568413e-01
8.229296135077360796e-01
8.229296048278053055e-01
8.229293047097426816e-01
8.229293027433035590e-01
8.229291511741972931e-01
8.229291356371041255e-01
8.229286017155794664e-01
8.229290830943886137e-01
8.229287010068517816e-01
8.229283856542521924e-01
8.229283790188122172e-01
8.229287061003324188e-01
8.229282013648044902e-01
8.229280817688537919e-01
8.229270788766097633e-01
8.229276335215583993e-01
8.229270982011801516e-01
8.229256841471365158e-01
8.229255798463054328e-01
8.229255216241180282e-01
8.229263212069333200e-01
8.229256146329240185e-01
8.229263167839152571e-01
8.229255122613633455e-01
8.229257870850050782e-01
8.229253045373974285e-01
8.229265975658086596e-01
8.229251549573822766e-01
8.229237829125527481e-01
8.229235600362084790e-01
8.229235395504755912e-01
8.229228666207646370e-01
8.229228355461805089e-01
8.229224997490970361e-01
8.229225216181167424e-01
8.229218436855845198e-01
8.229224783164784673e-01
8.229228343892940334e-01
8.229208252069662999e-01
8.229193261173958218e-01
8.229184057646599104e-01
8.229180783865841509e-01
8.229183005968410125e-01
8.229181048568299239e-01
8.229180957567646670e-01
8.229181370362047554e-01
8.229180252899735981e-01
8.229177096856725715e-01
8.229176686075481140e-01
8.229177126753157712e-01
8.229176506291598914e-01
8.229170428842745855e-01
8.229173477231658262e-01
8.229168778682229846e-01
8.229156772522814300e-01
8.229148911222201601e-01
8.229148091668883058e-01
8.229148525425094007e-01
8.229155866660200491e-01
8.229148164117032760e-01
8.229137073579645412e-01
8.229127235204135582e-01
8.229130803546724771e-01
8.229128021687953654e-01
8.229128396007384660e-01
8.229126401504203159e-01
8.229127849549519036e-01
8.229126833261291019e-01
8.229124777989672568e-01
8.229134599152180263e-01
8.229117469654105843e-01
8.229114630524766438e-01
8.229118067659643154e-01
8.229101346009121132e-01
8.229095476884504823e-01
8.229095201465480569e-01
8.229087741593394956e-01
8.229077121466972233e-01
8.229082054396987811e-01
8.229076478324133248e-01
8.229077599568063173e-01
8.229079912217291959e-01
8.229079891113271206e-01
8.229078945359692421e-01
8.229062011709874502e-01
8.229056097216972399e-01
8.229053901870102550e-01
8.229052373344614146e-01
8.229049122797749138e-01
8.229049220915369833e-01
8.229048414832236258e-01
8.229047795090712603e-01
8.229046114063458539e-01
8.229045739749927257e-01
8.229049745650970360e-01
8.229046900622736249e-01
8.229036817150097161e-01
8.229051441996872995e-01
8.229043353158619345e-01
8.229025108810956723e-01
8.229018267173616730e-01
8.229019217937791897e-01
8.229019352128943421e-01
8.229018811408100875e-01
8.229019669724783048e-01
8.229017911339082669e-01
8.229020733907691509e-01
8.229016909644327749e-01
8.229023320806537756e-01
8.229016987089116109e-01
8.229003691673578702e-01
8.229003206450268282e-01
8.228996107854023023e-01
8.228992386236493317e-01
8.228987787329169468e-01
8.228987305476982428e-01
8.228987140856836024e-01
8.228986763144838790e-01
8.228985955970833377e-01
8.228982862482367988e-01
8.228985458599528124e-01
8.228992117966122954e-01
8.228968845733309889e-01
8.228963037376214595e-01
8.228961966232042347e-01
8.228959300095549656e-01
8.228959512035952661e-01
8.228958619948675279e-01
8.228958582087227969e-01
8.228958065786835530e-01
8.228957292562351089e-01
8.228962684418079654e-01
8.228955110355026248e-01
8.228963046761099687e-01
8.228955137266427133e-01
8.228953507632008613e-01
8.228951014423432353e-01
8.228949863771481965e-01
8.228949785145859286e-01
8.228935550074413241e-01
8.228930736591459905e-01
8.228929832699397595e-01
8.228933223261313268e-01
8.228929641474580503e-01
8.228934617710149668e-01
8.228929679989560597e-01
8.228929507443513147e-01
8.228928433521731645e-01
8.228914331690355688e-01
8.228910605923774879e-01
8.228910028754705674e-01
8.228909846798180272e-01
8.228910127786406292e-01
8.228909854062900209e-01
8.228909069887129224e-01
8.228908604590865483e-01
8.228908425508671964e-01
8.228908216749905025e-01
8.228907596407366576e-01
8.228922026638374465e-01
8.228919622265594702e-01
8.228891213440616692e-01
8.228879758241373077e-01
8.228879413615417526e-01
8.228879383526520597e-01
8.228878027377746207e-01
8.228878237301826548e-01
8.228879821229794223e-01
8.228875674339636292e-01
8.228874807617737597e-01
8.228874680342718184e-01
8.228858173579857160e-01
8.228845510167198674e-01
8.228839803361586158e-01
8.228829592199987664e-01
8.228825695364928583e-01
8.228825184027718231e-01
8.228823427571693161e-01
8.228823635435789097e-01
8.228822627469799533e-01
8.228822757547925582e-01
8.228815158128061080e-01
8.228813228015368075e-01
8.228813860113003420e-01
8.228809667305754250e-01
8.228795649821079028e-01
8.228778039466949634e-01
8.228778366087904361e-01
8.228778718528857450e-01
8.228776414572397391e-01
8.228778688235771632e-01
8.228768113630285930e-01
8.228768725002255646e-01
8.228767493605060324e-01
8.228774245437242563e-01
8.228766790143142718e-01
8.228768389923049043e-01
8.228766699827281261e-01
8.228768262186123561e-01
8.228766184660717409e-01
8.228769752985074515e-01
8.228759640348193294e-01
8.228768035060441965e-01
8.228759868546328127e-01
8.228749834529018869e-01
8.228741019560070757e-01
8.228730655276828010e-01
8.228717313784524867e-01
8.228714198095148369e-01
8.228714737014991565e-01
8.228711577973978342e-01
8.228710472328295555e-01
8.228714580650191568e-01
8.228715989220928284e-01
8.228701075935589415e-01
8.228697120640851015e-01
8.228696775081006942e-01
8.228692668777762842e-01
8.228692709692859708e-01
8.228685382793017311e-01
8.228686674018470537e-01
8.228685626471557990e-01
8.228687441559306981e-01
8.228685698711667440e-01
8.228684773187582291e-01
8.228682387798810227e-01
8.228696164779949473e-01
8.228677373671605677e-01
8.228669674945776613e-01
8.228658226605521930e-01
8.228654317584437328e-01
8.228653870106741319e-01
8.228654674642257305e-01
8.228654030637864158e-01
8.228652815721156921e-01
8.228655274013703114e-01
8.228652936654742289e-01
8.228644376679341566e-01
8.228639772864555502e-01
8.228639838549935970e-01
8.228640317725832709e-01
8.228646981551002160e-01
8.228648395862430132e-01
8.228645221493670059e-01
8.228626580950878511e-01
8.228615865599415713e-01
8.228618011678967559e-01
8.228615816898405821e-01
8.228613367859949346e-01
8.228610367788815605e-01
8.228611709061504076e-01
8.228608492853788370e-01
8.228601625765898930e-01
8.228595614750756626e-01
8.228590134237590004e-01
8.228593680618239148e-01
8.228588910737865136e-01
8.228580361819956002e-01
8.228580634212965261e-01
8.228577508813014196e-01
8.228577685483460247e-01
8.228573387903300729e-01
8.228570561064960653e-01
8.228569975424170346e-01
8.228564511234708334e-01
8.228571090755840700e-01
8.228568253444754621e-01
8.228551222055523473e-01
8.228549659732525834e-01
8.228558303193493906e-01
8.228541321626463567e-01
8.228538072513050805e-01
8.228539726415281530e-01
8.228539536322729830e-01
8.228539106758447907e-01
8.228534358779445723e-01
8.228533095472898573e-01
8.228539345801569871e-01
8.228532231953070708e-01
8.228521330293997460e-01
8.228517797129226707e-01
8.228515296244302002e-01
8.228506240375352832e-01
8.228506264952787363e-01
8.228506231242492808e-01
8.228505157480534571e-01
8.228504819254991443e-01
8.228502551982822544e-01
8.228502683738505574e-01
8.228497772115542785e-01
8.228504829566192225e-01
8.228508450610337865e-01
8.228489799384817172e-01
8.228485324616523489e-01
8.228488408066080284e-01
8.228470323632298689e-01
8.228472541082481051e-01
8.228470890151411421e-01
8.228469210354203422e-01
8.228469799969111431e-01
8.228468684942252809e-01
8.228467136627534151e-01
8.228474074413388850e-01
8.228470598520905011e-01
8.228453411763079206e-01
8.228440594847971079e-01
8.228436143123685209e-01
8.228436672035082111e-01
8.228427693689331912e-01
8.228426964840671598e-01
8.228426476210293217e-01
8.228426561542987461e-01
8.228425838558599548e-01
8.228427484915967760e-01
8.228422198090776796e-01
8.228417424250605849e-01
8.228401901203478142e-01
8.228396349299744728e-01
8.228394700250719618e-01
8.228395660758774932e-01
8.228389980297802220e-01
8.228390815606155817e-01
8.228389617288737190e-01
8.228379443000839455e-01
8.228367778469398708e-01
8.228358714969736809e-01
8.228340288613720244e-01
8.228325514150531816e-01
8.228309566633899008e-01
8.228299511429953972e-01
8.228294535020498346e-01
8.228294910754647695e-01
8.228285524500958958e-01
8.228283394435275122e-01
8.228284267167564892e-01
8.228281556482844872e-01
8.228281654782656496e-01
8.228271987904975937e-01
8.228263197472939217e-01
8.228255824492650694e-01
8.228251646974968914e-01
8.228251242524063924e-01
8.228249750664643480e-01
8.228249050734216530e-01
8.228248824582173881e-01
8.228260249867083154e-01
8.228227839146923239e-01
8.228210676970019177e-01
8.228195592327141039e-01
8.228183199009680981e-01
8.228173104960865292e-01
8.228164759729256206e-01
8.228162811905209706e-01
8.228161693363499340e-01
8.228156373332137230e-01
8.228156563200235141e-01
8.228148742224965506e-01
8.228148099706047436e-01
8.228148591156858593e-01
8.228148110180290020e-01
8.228148178099035093e-01
8.228149346038472478e-01
8.228146760732102383e-01
8.228138182250690491e-01
8.228125539705992697e-01
8.228123021639481838e-01
8.228124528892694078e-01
8.228111996298140829e-01
8.228102251978380854e-01
8.228098209667422669e-01
8.228099487441608018e-01
8.228099110330179267e-01
8.228113742177916023e-01
8.228096336584840298e-01
8.228079885008341421e-01
8.228073698815179249e-01
8.228075344415773928e-01
8.228065682221726851e-01
8.228067295381316093e-01
8.228065081521319657e-01
8.228064394220517830e-01
8.228065002159593577e-01
8.228061888851601058e-01
8.228062531629062315e-01
8.228056670883896473e-01
8.228046258431052085e-01
8.228035037723880896e-01
8.228033408563362183e-01
8.228033278918277516e-01
8.228034181135580605e-01
8.228039341684888486e-01
8.228029431429002560e-01
8.228022177061798947e-01
8.228018530524171537e-01
8.228018194842017241e-01
8.228001816163270643e-01
8.227990482755822566e-01
8.227982529543650392e-01
8.227977168746162251e-01
8.227982148057092493e-01
8.227966984893423374e-01
8.227954221422286718e-01
8.227941641523661698e-01
8.227935356340074780e-01
8.227935608960722513e-01
8.227935700002509956e-01
8.227936949232534936e-01
8.227936116734614336e-01
8.227936441266008316e-01
8.227939507198860358e-01
8.227932287658147326e-01
8.227917148200337705e-01
8.227908602734398391e-01
8.227906061105800806e-01
8.227905612311038341e-01
8.227901735268738914e-01
8.227891883511643245e-01
8.227884620302865493e-01
8.227885850778917654e-01
8.227875214574001950e-01
8.227865358785845240e-01
8.227860355206098042e-01
8.227855503109067214e-01
8.227854999916704992e-01
8.227856370036102929e-01
8.227845749270686904e-01
8.227847070882794434e-01
8.227845844664759545e-01
8.227846927315836112e-01
8.227849762234542563e-01
8.227847178837925934e-01
8.227846600654387110e-01
8.227843756998887148e-01
8.227854464861413808e-01
8.227843500930964726e-01
8.227833415606482514e-01
8.227835733409397667e-01
8.227830385253872558e-01
8.227832692427241579e-01
8.227818374071492746e-01
8.227818152385130146e-01
8.227817880884645829e-01
8.227831768419161529e-01
8.227815945044361090e-01
8.227815099344698568e-01
8.227821090494520373e-01
8.227801528706305545e-01
8.227795038853061849e-01
8.227789393084105063e-01
8.227790142679709540e-01
8.227788384160030777e-01
8.227796639150991576e-01
8.227785667515248313e-01
8.227786825634618717e-01
8.227779472458581767e-01
8.227779504772743113e-01
8.227773688223294357e-01
8.227771785695738860e-01
8.227770976624884103e-01
8.227777621146246112e-01
8.227765404322843201e-01
8.227751834697510924e-01
8.227747383446080143e-01
8.227747061718327926e-01
8.227745062972967593e-01
8.227744771306556570e-01
8.227744183498105768e-01
8.227743528996986910e-01
8.227745200230264233e-01
8.227743406532430637e-01
8.227746953888086523e-01
8.227741831350412482e-01
8.227725235746378152e-01
8.227724396752129632e-01
8.227726463930293832e-01
8.227721641660697971e-01
8.227721703484088822e-01
8.227716909444312554e-01
8.227718233125903557e-01
8.227719631508454423e-01
8.227714765217067905e-01
8.227703051282387881e-01
8.227700561150437242e-01
8.227701907204929554e-01
8.227706225184551192e-01
8.227699867177443727e-01
8.227701831822642475e-01
8.227697826119273472e-01
8.227682088419722151e-01
8.227674686856496500e-01
8.227674785437288918e-01
8.227673028756177231e-01
8.227672891202421068e-01
8.227658001756262829e-01
8.227642087865512099e-01
8.227632084216585096e-01
8.227624008254201815e-01
8.227616407163463874e-01
8.227612044489018839e-01
8.227612073648331581e-01
8.227606482835754242e-01
8.227604332449744984e-01
8.227603962231027079e-01
8.227595964823334329e-01
8.227588800859129137e-01
8.227582543291573902e-01
8.227571331716836411e-01
8.227571080618687471e-01
8.227570550097020874e-01
8.227563515511584491e-01
8.227560293491096299e-01
8.227560381957080837e-01
8.227562054296387872e-01
8.227562504120209397e-01
8.227544046415060652e-01
8.227544572199950723e-01
8.227543559425378739e-01
8.227522599323082719e-01
8.227514593403462140e-01
8.227511486812288943e-01
8.227510289448350944e-01
8.227511587008596861e-01
8.227510237497186463e-01
8.227503264656309545e-01
8.227499530769741831e-01
8.227499711631923729e-01
8.227494192309736665e-01
8.227491276432375988e-01
8.227488682291533850e-01
8.227498346116685068e-01
8.227489814133119861e-01
8.227502724106399157e-01
8.227492886025292718e-01
8.227478022081298192e-01
8.227468650844280695e-01
8.227462329813609587e-01
8.227458728698742174e-01
8.227456532324662897e-01
8.227449004396983900e-01
8.227439669836975611e-01
8.227428251387028935e-01
8.227420270819036929e-01
8.227416781295578962e-01
8.227420315703332099e-01
8.227410112698996247e-01
8.227410147882882052e-01
8.227409618812128178e-01
8.227402177029158326e-01
8.227390914823928814e-01
8.227392938331126171e-01
8.227395496641340955e-01
8.227385221782426150e-01
8.227381816559626859e-01
8.227380776472807966e-01
8.227366688065496092e-01
8.227364509782004731e-01
8.227364515676094392e-01
8.227367335785025215e-01
8.227361562454614807e-01
8.227372905307116513e-01
8.227359720187381598e-01
8.227350681189985471e-01
8.227342169509762604e-01
8.227330240784479498e-01
8.227326965642770551e-01
8.227331424556890704e-01
8.227326267841716945e-01
8.227327436720318632e-01
8.227316678605821609e-01
8.227311111740818195e-01
8.227310919791125388e-01
8.227310436761409163e-01
8.227309152164599126e-01
8.227308454027065787e-01
8.227310100102600554e-01
8.227312660433913072e-01
8.227290625010901248e-01
8.227289800875757786e-01
8.227289637523188537e-01
8.227290631517073516e-01
8.227288550885445417e-01
8.227289174367860003e-01
8.227287248791403940e-01
8.227280425275954601e-01
8.227272261715053991e-01
8.227272728116968858e-01
8.227273002044290795e-01
8.227273325991582009e-01
8.227270250022236109e-01
8.227270824095282986e-01
8.227271791045738247e-01
8.227266944151565564e-01
8.227268068083203323e-01
8.227274037803365969e-01
8.227263571930846231e-01
8.227249630730419927e-01
8.227237631410854179e-01
8.227226999882847336e-01
8.227223140867456763e-01
8.227224265755020971e-01
8.227225310474391984e-01
8.227221438066988357e-01
8.227213595230143950e-01
8.227214270668906648e-01
8.227209429894151160e-01
8.227213197533351785e-01
8.227195292718553210e-01
8.227182661454675028e-01
8.227175820640718618e-01
8.227172959966081445e-01
8.227172614982867227e-01
8.227169647719392298e-01
8.227169477382090257e-01
8.227162311762844515e-01
8.227157277073344765e-01
8.227151109450532296e-01
8.227160308326935123e-01
8.227150075865840018e-01
8.227135984363062038e-01
8.227117979638290945e-01
8.227113612241855334e-01
8.227112880160699637e-01
8.227109622899819730e-01
8.227109007354471704e-01
8.227113162250899725e-01
8.227111673246427781e-01
8.227100073711530737e-01
8.227101075466656255e-01
8.227100021607631763e-01
8.227103696938540267e-01
8.227098552311589152e-01
8.227100034281236152e-01
8.227099714070533754e-01
8.227097994946859227e-01
8.227103827185460183e-01
8.227093427008179694e-01
8.227096243495146677e-01
8.227107137454525709e-01
8.227095135176506480e-01
8.227076591875533973e-01
8.227070498249785535e-01
8.227075142918568451e-01
8.227069315559335516e-01
8.227074185027726250e-01
8.227065858002101661e-01
8.227052016406977142e-01
8.227050065020806713e-01
8.227051969475771553e-01
8.227045286402071556e-01
8.227037120957799710e-01
8.227034506641168754e-01
8.227037299382542468e-01
8.227028177321850100e-01
8.227028094679882386e-01
8.227025915421570801e-01
8.227025582867552034e-01
8.227025285776472519e-01
8.227026275746079920e-01
8.227021765391453467e-01
8.227017762681534396e-01
8.227012307676401237e-01
8.227006381449073480e-01
8.226990248722477750e-01
8.226978930960100467e-01
8.226976042729793326e-01
8.226974975712270099e-01
8.226968711701134751e-01
8.226970075105827229e-01
8.226968188605073840e-01
8.226968899251050349e-01
8.226968981831439542e-01
8.226963497637471701e-01
8.226962589965547412e-01
8.226962243267339492e-01
8.226965918666163669e-01
8.226961560334936641e-01
8.226963403746374581e-01
8.226960711341122501e-01
8.226956971413394992e-01
8.226944731892673612e-01
8.226940425708197946e-01
8.226940130426702025e-01
8.226925781096768864e-01
8.226925896610387534e-01
8.226924923554070901e-01
8.226925440006814805e-01
8.226923020453533741e-01
8.226936075218447275e-01
8.226926187132984625e-01
8.226918673695093887e-01
8.226920796126039326e-01
8.226915497760313167e-01
8.226915367027032300e-01
8.226918488520450490e-01
8.226915236637646345e-01
8.226913110026627951e-01
8.226913210501533014e-01
8.226912556137765398e-01
8.226912117635353239e-01
8.226896827939514933e-01
8.226894315529023061e-01
8.226893175788124735e-01
8.226893740985997683e-01
8.226902797696235003e-01
8.226876246972545381e-01
8.226872790273992431e-01
8.226872901992292597e-01
8.226870482463565226e-01
8.226870365990286427e-01
8.226870715859414540e-01
8.226870592813078087e-01
8.226870614724123287e-01
8.226870977299789445e-01
8.226870151203259374e-01
8.226870173325012692e-01
8.226874931071871400e-01
8.226869927321617260e-01
8.226870611496762686e-01
8.226870138663956444e-01
8.226871025622034539e-01
8.226864783167574524e-01
8.226860290993510683e-01
8.226868970818026483e-01
8.226851553612236634e-01
8.226838652633651217e-01
8.226826346633425713e-01
8.226828547517645029e-01
8.226825169464636600e-01
8.226822583843409475e-01
8.226824791387719049e-01
8.226822723363407253e-01
8.226823380967077659e-01
8.226816526875760927e-01
8.226817342257716215e-01
8.226816453233725124e-01
8.226818057140172780e-01
8.226810631982131028e-01
8.226810717407777584e-01
8.226810792497954994e-01
8.226810768607425439e-01
8.226797687900018197e-01
8.226786235149116111e-01
8.226780732389217254e-01
8.226764980808085603e-01
8.226753282480937512e-01
8.226736199237952851e-01
8.226725378035766312e-01
8.226715608564683091e-01
8.226709535238928561e-01
8.226710729752364504e-01
8.226706887756376485e-01
8.226706190972793431e-01
8.226707533113499782e-01
8.226708132520637040e-01
8.226702413909446898e-01
8.226709339321980341e-01
8.226701932602639156e-01
8.226698853239013953e-01
8.226698691484470860e-01
8.226692278296946492e-01
8.226687574858546625e-01
8.226690650100313418e-01
8.226674541371621352e-01
8.226664509171046635e-01
8.226677781309283954e-01
8.226663095156711014e-01
8.226649781133217321e-01
8.226649279863302855e-01
8.226653121698099813e-01
8.226662586048449910e-01
8.226655576041127516e-01
8.226652560531073632e-01
8.226649200901806624e-01
8.226634276550408575e-01
8.226633312769477957e-01
8.226630295469116172e-01
8.226633496005032464e-01
8.226629772171691890e-01
8.226626210744808487e-01
8.226626561777653501e-01
8.226621940376174225e-01
8.226620900428426308e-01
8.226610285622965035e-01
8.226603466586916991e-01
8.226601559759716409e-01
8.226601049118583697e-01
8.226618984970816006e-01
8.226600580551332031e-01
8.226584539116520434e-01
8.226577470404778936e-01
8.226571168904130982e-01
8.226569756286197244e-01
8.226568538425883537e-01
8.226567968062992176e-01
8.226567508560989062e-01
8.226566674661798251e-01
8.226568315696534128e-01
8.226568270439207353e-01
8.226569140379312861e-01
8.226566485982902410e-01
8.226566325636829324e-01
8.226565571151396306e-01
8.226574604698362325e-01
8.226554889439270379e-01
8.226537337202288747e-01
8.226532597522212553e-01
8.226532442687973790e-01
8.226530735996372412e-01
8.226529597128585669e-01
8.226530389067965299e-01
8.226526107821166001e-01
8.226529083694877897e-01
8.226524365124751048e-01
8.226521968960491815e-01
8.226519040319767440e-01
8.226520478571369699e-01
8.226516853775284188e-01
8.226508449982000704e-01
8.226506185831417017e-01
8.226506107776122567e-01
8.226505632543323898e-01
8.226505391564916669e-01
8.226504374288714505e-01
8.226502260541330713e-01
8.226504390710351888e-01
8.226500898296884579e-01
8.226506714798338393e-01
8.226511279378021513e-01
8.226493616171746126e-01
8.226492005072310043e-01
8.226483635888991452e-01
8.226480411498804379e-01
8.226480623497727240e-01
8.226481269132355223e-01
8.226480647608831465e-01
8.226483820161598626e-01
8.226480202701877964e-01
8.226487536337214745e-01
8.226474537493635442e-01
8.226458690296025722e-01
8.226452348117612168e-01
8.226452382912216033e-01
8.226444489824837891e-01
8.226434639250228553e-01
8.226433524212856119e-01
8.226433762978947462e-01
8.226433658745972988e-01
8.226434630986011465e-01
8.226432673406326446e-01
8.226433769746277491e-01
8.226428369333346202e-01
8.226434281528904879e-01
8.226419192600771257e-01
8.226413284964204653e-01
8.226416861703020889e-01
8.226401777359944045e-01
8.226399170448219778e-01
8.226399666404018429e-01
8.226394030977248750e-01
8.226392304183043347e-01
8.226392301202368751e-01
8.226398025266489222e-01
8.226399061323497186e-01
8.226399155350785364e-01
8.226392475320685183e-01
8.226372871805990306e-01
8.226371085832090424e-01
8.226373340313687388e-01
8.226369719886424958e-01
8.226371546340069951e-01
8.226374238458398214e-01
8.226373706837516453e-01
8.226352859025222175e-01
8.226349951420792728e-01
8.226349230325602502e-01
8.226345968480111015e-01
8.226344525230008253e-01
8.226338854668178158e-01
8.226332382571049928e-01
8.226332645552878464e-01
8.226326067450292490e-01
8.226339148081940333e-01
8.226328955172297341e-01
8.226351758663292824e-01
8.226326168468082178e-01
8.226306816747912531e-01
8.226295326614734282e-01
8.226289994050275389e-01
8.226290721428904940e-01
8.226288016735846531e-01
8.226286795282347075e-01
8.226284150283011964e-01
8.226284055955246366e-01
8.226286778930681498e-01
8.226284300961494989e-01
8.226275516781033081e-01
8.226264857915471795e-01
8.226262245145408158e-01
8.226269814743639719e-01
8.226273355522026876e-01
8.226264725989784754e-01
8.226262958183166996e-01
8.226262092929841341e-01
8.226264314200657513e-01
