1.004983081024813485e+00
1.013098367422447410e+00
1.008972947771106465e+00
1.034081807626766603e+00
1.011382221239501833e+00
1.019993770837535507e+00
1.033720201457345222e+00
9.964045162757412255e-01
9.976392172927862623e-01
9.964981083198396483e-01
9.963851416999928157e-01
9.897511408489214624e-01
9.927186042270880195e-01
9.912259157532917753e-01
9.870804612272783274e-01
9.873615374327078253e-01
9.719626580510355440e-01
9.400919876644403539e-01
9.502099414274557398e-01
9.399235367440659239e-01
9.353872029999100723e-01
9.401301362868940137e-01
9.849607516845744204e-01
9.752831228542672148e-01
9.909512605635264482e-01
9.880792332541442624e-01
9.357062996204170702e-01
9.400607517534819157e-01
9.354043380813414910e-01
9.353876035010800782e-01
9.374950394609415927e-01
9.480683881166481752e-01
9.612263738913453537e-01
9.340942216513345997e-01
9.340853632188641509e-01
9.593735360065190898e-01
9.412503910116460926e-01
9.393723706104533111e-01
9.340458566503686555e-01
9.328603299604499854e-01
9.367780612636845694e-01
9.935304723210615085e-01
9.598263522683202487e-01
1.064570340707555518e+00
9.616719805561192436e-01
9.365844776507721292e-01
9.332505283650537331e-01
9.328603299604503185e-01
9.328603299604500965e-01
9.353839758500984702e-01
9.493595399114179711e-01
9.661782957239983816e-01
9.336800463825764007e-01
9.328603299604500965e-01
9.396854450075234899e-01
9.420504816766142042e-01
9.332724518270364422e-01
9.328603299604500965e-01
9.328603299604500965e-01
9.328603299604503185e-01
9.580695525695903658e-01
1.000219439288034140e+00
1.024035505486130093e+00
9.437172539561048401e-01
9.328603299604503185e-01
9.328603299604503185e-01
9.328603299604503185e-01
9.328603299604500965e-01
9.328603299604503185e-01
1.003118196329229050e+00
9.201177392016669510e-01
9.201177392016669510e-01
9.201177392016669510e-01
9.201177392016669510e-01
8.965566053613480690e-01
8.965566053613480690e-01
8.965566053613480690e-01
8.337410826179636469e-01
8.899819326087345939e-01
8.246649129127616717e-01
8.700964817080741875e-01
8.350249896021848528e-01
8.603552939187094628e-01
8.527618522562624426e-01
9.230798644277543596e-01
8.225288492067294177e-01
8.394567079318536740e-01
8.224504081596660798e-01
8.217383592609958098e-01
8.374962718677223528e-01
8.058919917427651569e-01
8.136560994553573289e-01
8.297043628590941022e-01
8.057554684097334441e-01
8.318648994534582064e-01
8.109495052365035539e-01
8.161628973354727590e-01
8.063500798686585869e-01
8.209922857540035146e-01
8.317222439860624261e-01
8.841486512911148621e-01
7.967556254086057832e-01
8.296206475273166792e-01
8.001369014231032306e-01
8.312653718485124577e-01
7.945726593592138398e-01
7.979686542882850064e-01
7.912222182511676749e-01
7.860662008564771597e-01
7.881555578716562538e-01
8.165005127473270452e-01
7.888159696617991212e-01
7.977652449884979902e-01
7.861016732227857906e-01
8.254597298202348554e-01
7.859359207115931278e-01
7.521836689422658484e-01
7.751008064736948366e-01
7.920104416100367528e-01
7.767374439456281587e-01
7.552607770788594133e-01
8.129892006071889332e-01
7.358629831307090807e-01
7.646198264041614845e-01
7.227671266786633852e-01
7.356767573726955556e-01
7.277015076889770118e-01
7.504515685769211908e-01
7.297505567685169670e-01
7.445952648116690442e-01
7.489260863506777000e-01
7.161634699403600646e-01
7.196642684179483940e-01
6.992285230893175996e-01
7.400382286859258363e-01
6.992285230893184877e-01
7.012808092548411532e-01
6.992285230893188208e-01
7.400892045585268919e-01
6.992285230893174885e-01
7.167131981976995192e-01
6.992285230893175996e-01
7.228648209557053672e-01
6.992285230893175996e-01
7.353959350598472389e-01
6.992285230893174885e-01
7.733803225237503298e-01
6.992285230893174885e-01
8.178054048438146983e-01
6.992285230893175996e-01
7.301255278206508770e-01
6.992285230893175996e-01
7.300525763612872865e-01
6.992285230893174885e-01
7.338661511733639564e-01
7.163245755439315854e-01
7.661008419793782220e-01
6.795590405114705357e-01
7.074253952075885143e-01
6.696413643278729122e-01
6.844339774750408667e-01
7.137616933743539116e-01
6.523677920355949178e-01
6.597158412482040379e-01
6.806670784386281703e-01
6.528414022932458316e-01
6.826618177728993597e-01
6.548980025761217405e-01
6.882432223907170021e-01
6.677696619767605757e-01
6.410739134564853448e-01
6.197415690127846544e-01
6.600711399902779997e-01
6.185438319574811938e-01
6.527279013119364759e-01
6.248142368055740192e-01
7.308378755111669678e-01
6.332956921888053259e-01
7.294737088816924953e-01
6.188567700218201573e-01
6.406458591587634865e-01
6.188278532469363435e-01
7.057395030255444457e-01
6.364275097436927764e-01
6.572689213536538899e-01
6.560738686674133513e-01
6.787370825342151637e-01
6.163535407268054822e-01
6.312288032463605481e-01
6.158823894228524498e-01
6.294726435345524562e-01
6.157740333969448088e-01
5.769630024629551768e-01
5.767327120596185130e-01
6.247438244671585927e-01
5.891585117778518343e-01
5.893005003105982187e-01
6.076002096707914246e-01
6.301166222973076936e-01
6.351296015422208674e-01
6.714343113476731739e-01
5.975744735624480830e-01
6.293951612343270385e-01
5.786969133623628414e-01
5.802199184576551927e-01
5.785255754318567867e-01
5.760375107530026906e-01
5.932966581001619666e-01
6.341691646949859651e-01
5.743869497477500641e-01
6.179201286306966745e-01
5.756654628479069835e-01
6.257018372479260515e-01
5.911907917416640013e-01
6.067130630837107574e-01
6.255167391414928613e-01
6.278424171810339516e-01
5.746646525322548493e-01
6.357109767598811967e-01
5.741325818138038883e-01
5.949081910647328053e-01
5.918657519640818654e-01
5.920193093081907998e-01
5.741325818138020010e-01
5.808391480666542650e-01
5.741325818138024450e-01
6.140803061518922412e-01
5.741325818138016679e-01
6.297182932580370762e-01
5.741325818138024450e-01
5.972086018516234995e-01
5.741325818138013348e-01
5.864549293216133607e-01
5.741325818138013348e-01
5.960807115440791559e-01
5.741325818138015569e-01
6.472489468874841334e-01
5.905208723068821053e-01
6.455708003170188558e-01
6.420850116112231110e-01
5.532309612067405347e-01
5.674238818831474074e-01
6.031622462337293822e-01
5.779939671063090145e-01
5.782673815376666582e-01
5.528984855081796601e-01
6.192885671201876496e-01
5.516198144031653205e-01
6.522952066246697767e-01
5.626096361057736361e-01
6.419744808230869459e-01
5.529482530530362983e-01
6.314131420463949818e-01
5.733453789368052611e-01
5.501543293596250495e-01
5.676062088570785757e-01
5.543615220610189631e-01
5.559881693778641054e-01
5.869031826935483531e-01
5.709591615416325094e-01
6.711294065079316251e-01
5.616093981597976015e-01
6.150930099703241227e-01
5.548382491589685106e-01
5.609875489481955801e-01
5.553581576789363705e-01
5.542694772730661912e-01
5.512104384681242308e-01
5.543868168203195390e-01
5.734481634556518603e-01
5.481089456919944203e-01
5.644341170790923012e-01
5.810025688319265802e-01
5.742086180351028135e-01
7.134939948085163852e-01
5.645513072013396139e-01
5.718593733395580525e-01
5.643248843731725195e-01
6.488716078440569524e-01
5.646844416920827614e-01
5.897555429796864646e-01
5.480028821404356876e-01
5.885932260323557541e-01
5.485936920267973083e-01
5.889176908723166015e-01
5.509397594088547567e-01
6.605446422584106969e-01
5.433548119211115690e-01
5.310922264452950792e-01
5.558879427333172085e-01
5.836541571195831279e-01
5.542772269911540040e-01
5.746939267543742513e-01
5.545837562666210419e-01
5.518018937326196749e-01
5.467723895422340608e-01
5.516557718437216096e-01
5.598041073647679333e-01
5.855754693567691849e-01
5.298833403954166243e-01
5.417872911255253721e-01
5.272547770337583373e-01
5.284885098907791123e-01
5.179136348767015008e-01
5.071403952781555757e-01
5.069775342297436760e-01
5.128156552852388694e-01
5.072294711259680566e-01
5.739932363028710238e-01
5.069775342297416776e-01
5.479788392135179764e-01
5.069775342297402343e-01
5.355316565877482615e-01
5.069775342297395682e-01
5.427109542827143196e-01
5.069775342297402343e-01
5.804397390099389487e-01
5.069775342297402343e-01
6.375365448211212094e-01
5.069775342297395682e-01
5.858994898635581094e-01
5.069775342297386800e-01
5.451130181973402600e-01
5.123866608298119907e-01
6.174420692741849903e-01
5.079221513153905354e-01
5.669002547023145322e-01
5.120210626762827788e-01
6.112359392855071238e-01
5.080633942431853622e-01
5.502739852549367594e-01
5.238817924974867868e-01
5.368856458226350936e-01
5.088691347160180234e-01
5.290366667081956020e-01
5.176486962204323028e-01
5.479293456341147728e-01
5.168728353202808323e-01
5.247262765107980620e-01
5.232104541652852214e-01
5.410104155865608222e-01
5.128698894632394145e-01
5.329090990871530042e-01
5.128422769229705747e-01
5.233859480771368977e-01
5.060886562601273342e-01
5.349160048929997302e-01
5.240335580039542362e-01
6.073864329289641040e-01
5.368395387516785577e-01
5.538521457504053114e-01
5.516700518838668632e-01
5.073363851623465814e-01
5.441419045970335988e-01
5.864526402554293139e-01
5.025756800559857407e-01
5.325496885642956313e-01
4.993549136470549210e-01
5.197716670881551426e-01
5.268341437376511394e-01
5.593950172392261333e-01
5.051071881875746072e-01
5.742834698557139905e-01
4.994120574400759405e-01
5.567605849533591167e-01
4.989772736421836941e-01
5.199205459402571616e-01
5.105057236773130613e-01
5.412007697068837997e-01
5.095815959465964662e-01
5.376711306224164488e-01
5.041388552096960352e-01
5.587510755960772846e-01
5.172875854320500011e-01
5.343022307200820942e-01
5.110861613574365636e-01
6.468628685591840677e-01
5.124163431788699707e-01
5.152407028971868197e-01
5.150771633644732894e-01
5.357202354066691319e-01
5.224187029801787840e-01
5.020458363433772941e-01
4.982097578168940832e-01
5.009575168895382680e-01
5.056988296065120236e-01
4.983924147958693207e-01
5.025988877985797521e-01
4.986699310946705599e-01
5.063616600986089455e-01
5.045728832758494820e-01
5.025025411015588972e-01
5.027481987638713345e-01
5.154528792494132983e-01
4.981304784628878268e-01
5.129945034990992525e-01
4.980345713516698414e-01
5.148785576883208037e-01
5.055902241275528342e-01
5.035660398155588080e-01
4.996820387796538920e-01
5.019633730925446846e-01
4.987743587132789647e-01
4.976921295149660529e-01
4.990501709920339146e-01
5.073775699480257417e-01
4.991279895090254826e-01
5.018147491008472239e-01
4.976921295149652202e-01
5.160745898776442075e-01
5.163633931911638664e-01
5.246949072521923663e-01
5.085015956126950343e-01
5.685980844280582591e-01
4.976921295149643321e-01
5.012924745829708817e-01
4.979262718493685513e-01
5.080357421951505748e-01
4.975346034745669055e-01
4.960728433742798149e-01
4.971007203678328712e-01
5.093671648656898920e-01
4.978561432907600004e-01
5.026809750500693674e-01
4.969590991256559454e-01
4.950248241743986921e-01
4.978628664290577488e-01
5.046619325211116891e-01
4.938055267861489739e-01
4.915845892208909884e-01
4.952619794261114983e-01
5.065462945664089833e-01
4.896976018565055710e-01
4.910856881060681189e-01
4.900268440113372814e-01
4.739410309627694606e-01
4.676398581614859551e-01
4.680235541868909555e-01
4.793491838688809792e-01
4.732302439729008103e-01
4.651167354882361771e-01
4.560787765443177211e-01
4.589439221882067876e-01
4.582461965343445076e-01
4.567242592893916986e-01
4.536087919568441151e-01
4.546762053506772649e-01
4.545553279336984054e-01
4.519232693234568887e-01
4.763571172975852863e-01
4.536694781587187753e-01
4.628896730697798501e-01
4.516808442894091336e-01
4.552982717368853627e-01
4.537205091806678636e-01
4.608796234845181083e-01
4.522911025882816460e-01
4.648734480472550001e-01
4.540364949174411913e-01
4.608688344341060894e-01
4.557369251361064189e-01
4.506894272159604475e-01
4.572529144027115966e-01
4.571928292801389904e-01
4.685597527442732502e-01
4.606331390888464550e-01
4.538841107035097577e-01
4.698852096501103803e-01
4.544823518469935930e-01
4.550475259669602424e-01
4.543162950957406743e-01
4.637171986581128946e-01
4.479674598295032006e-01
4.627574930021104427e-01
4.479427203772696209e-01
4.445931545752346836e-01
4.448607049633365729e-01
4.663580464982529650e-01
4.445823783711072008e-01
4.479503258182183645e-01
4.503361608688462026e-01
4.450434255474152723e-01
4.443535465938805440e-01
4.396876114117579393e-01
4.370571477714036424e-01
4.463035616975427611e-01
4.394380851477265315e-01
4.564709914915391908e-01
4.392319236150268313e-01
4.720330244800111097e-01
4.374855970421288043e-01
4.378582704874777187e-01
4.381657258215546080e-01
4.368239680698357552e-01
4.368239680698381977e-01
4.442952285274429647e-01
4.366942497863655070e-01
4.347092069017453042e-01
4.347092069017477467e-01
4.490445434243607314e-01
4.342958735342481447e-01
4.366482852973546658e-01
4.347330879117548563e-01
4.447654108398624295e-01
4.404966233706644196e-01
4.315863162039025314e-01
4.405887875540394627e-01
4.435796422181463305e-01
4.360501279917046724e-01
4.332277570951026946e-01
4.319192921796792262e-01
4.367163697129685107e-01
4.403483456685751696e-01
4.459548697944464846e-01
4.448527518524205693e-01
4.465418905652204229e-01
4.352780871589035927e-01
4.609829062033172220e-01
4.337421686304276380e-01
4.495682844001503975e-01
4.299226805355323422e-01
4.354356890540912461e-01
4.318884945663654662e-01
4.367927647363364918e-01
4.364238539218369128e-01
4.286760045749670733e-01
4.304341024397616566e-01
4.345097095704499868e-01
4.271766779846915552e-01
4.292680425272678013e-01
4.314151025898462222e-01
4.395489551461083666e-01
4.314305604490562551e-01
4.249252918038736171e-01
4.253187517609577362e-01
4.305264550282073555e-01
4.265930919638684093e-01
4.374860293556414037e-01
4.237131446123253431e-01
4.239923750433090555e-01
4.238965255781265706e-01
4.544515586736820323e-01
4.202447185126237383e-01
4.205672023780056001e-01
4.221972891730912392e-01
4.349905658236859485e-01
4.216069932556543165e-01
4.328757580578199149e-01
4.227941985068001673e-01
4.374659492909208081e-01
4.200061792348463996e-01
4.471109441541173402e-01
4.252837162849287256e-01
4.280196415150377964e-01
4.206547422369740219e-01
4.266118021953237416e-01
4.297579314685332497e-01
4.279102782395566851e-01
4.208247627680548608e-01
4.338634628337426635e-01
4.200277234457599485e-01
4.370413130022113291e-01
4.192975591967280091e-01
4.211159494105266021e-01
4.242570933136884936e-01
4.336551539899274887e-01
4.189657688134457159e-01
4.272641249927613405e-01
4.209132513996707847e-01
4.187567160421226675e-01
4.238518291355187761e-01
4.230263933299144297e-01
4.187567160421210577e-01
4.228126252566313248e-01
4.185155221155336669e-01
4.249786797299290875e-01
4.187911471213724979e-01
4.317182117095945126e-01
4.199485078086117040e-01
4.301156204338169031e-01
4.185155221155343885e-01
4.301666628341558329e-01
4.221998051476114067e-01
4.295543585559998268e-01
4.184737444224344016e-01
4.359405843773548339e-01
4.200640927101528810e-01
4.214910909375270132e-01
4.184172063661346641e-01
4.301886076572716822e-01
4.184993223104096494e-01
4.179119536218127706e-01
4.239004715467063478e-01
4.460435232535824857e-01
4.177048627597452213e-01
4.358413864514334990e-01
4.133166511417543654e-01
4.284083494811592452e-01
4.150100982818801243e-01
4.247022386240398295e-01
4.134668329078863280e-01
4.233356273574264139e-01
4.144548043159651529e-01
4.140749670919398051e-01
4.298286797677037252e-01
4.130974913480240929e-01
4.139509735130631474e-01
4.231719005161201363e-01
4.153677438960776680e-01
4.202706404771495152e-01
4.180731253899627187e-01
4.225303843865206299e-01
4.137016149516634100e-01
4.138002352903391023e-01
4.219042354049670207e-01
4.219846935402263854e-01
4.065032189396540763e-01
4.194016158428431340e-01
4.232618441299376144e-01
4.181109137798633135e-01
4.141063295913631204e-01
4.166192467926431720e-01
4.103231412024851421e-01
4.187412254347301910e-01
4.103601270001454582e-01
4.081237238268126122e-01
4.103489866632314409e-01
4.239155762409915762e-01
4.057523117656116063e-01
4.113203270612499352e-01
4.059467249382918697e-01
4.139935495690236222e-01
4.050331109983956734e-01
4.121954146778672445e-01
4.056769427760908986e-01
4.139408161326705304e-01
4.060165136824890886e-01
4.142680816184834414e-01
4.053126125205198105e-01
4.135935994458804221e-01
4.062707050265243480e-01
4.172355597035547481e-01
4.047054501766357282e-01
4.070147433702168693e-01
4.047218655566805490e-01
4.058127802354717373e-01
4.051847879700604671e-01
4.062833770277341494e-01
4.081917956326538421e-01
4.116054855198076901e-01
4.097440983650513791e-01
4.079269607590534918e-01
4.049925685086933624e-01
4.083045356651768820e-01
4.106456592001476724e-01
4.226807247783864740e-01
4.033558360358976413e-01
4.105410088029882165e-01
4.033558360358967532e-01
4.124938727309482300e-01
4.032940754025388652e-01
4.070364254632658496e-01
4.028535832186318499e-01
4.019599326888261270e-01
4.019599326888229074e-01
4.073967439016189518e-01
4.022733342123166467e-01
4.180731024985036015e-01
4.017500843369913865e-01
4.185940402118376591e-01
4.007677486595400684e-01
4.077735713727730915e-01
4.021681270000925235e-01
4.046001457625667541e-01
4.057369418931857097e-01
4.127556246003120100e-01
4.005959209907499208e-01
4.190987214105312830e-01
4.017046935476590308e-01
4.099535809618989890e-01
4.030431179383754947e-01
4.040170263560552422e-01
4.026081007149042712e-01
4.089001613536145108e-01
4.022485970404309774e-01
4.043444176237289134e-01
4.129622385606535051e-01
4.129438881155861885e-01
4.022520754763267981e-01
4.108024857841890976e-01
4.045442004923516799e-01
4.044459887804374154e-01
4.069874085164485455e-01
4.028600007001981176e-01
4.045677048144987742e-01
4.075669192746422254e-01
4.032617842440289202e-01
4.169929117201068847e-01
4.062134189445549270e-01
4.071461755070730493e-01
4.036489096602589588e-01
4.067134295304397074e-01
4.025283012867708066e-01
4.045074405667096751e-01
4.028058378426941921e-01
4.212917556717963863e-01
4.019178126545080998e-01
4.025686039452545661e-01
4.037329302708242973e-01
4.005680344769794732e-01
4.010453761910720005e-01
4.003664578991353862e-01
4.029767616919701645e-01
4.016557838418475801e-01
4.053485183439642925e-01
4.011363000460025363e-01
4.030404560713052864e-01
4.014304006881433962e-01
4.037463920108147475e-01
4.018347709458898187e-01
3.963755503427126570e-01
3.959993985758215040e-01
3.988590319896688219e-01
3.959632097866894185e-01
3.975508484775561180e-01
3.977826761626257479e-01
3.974746081389599062e-01
3.958243717492397895e-01
3.975760333413395076e-01
3.972667905827795276e-01
3.957774307175192519e-01
3.954094596424542196e-01
3.972957239745015801e-01
3.950064732230248454e-01
3.975577574679636239e-01
3.968346779157737592e-01
3.963015286578953078e-01
3.950064732230270659e-01
3.971871919608637169e-01
3.950515025022345306e-01
3.948065692765383994e-01
3.952997782632010626e-01
3.938284595711217806e-01
3.941329251364309449e-01
3.924265518573187284e-01
3.925215336484730311e-01
3.919130326682753740e-01
3.950098852346890510e-01
3.936791225104172565e-01
3.925939308520585702e-01
3.964027582822434170e-01
3.935123717765373619e-01
3.929141727532075579e-01
3.943742907725212854e-01
3.916782047243255183e-01
3.939516514004774428e-01
3.911089034235585848e-01
3.935370990695418736e-01
3.919367878095141866e-01
3.914222630412845239e-01
3.895060234649497799e-01
3.893846915717342205e-01
3.833636264982036579e-01
3.836637432107590229e-01
3.877318965072339974e-01
3.833636264982027142e-01
3.828002755591597417e-01
3.825407401473557845e-01
3.818389270425803228e-01
3.834050190035461769e-01
3.854924352621553196e-01
3.805027156771489949e-01
3.823723134181780114e-01
3.803902805226333506e-01
3.816436603407592498e-01
3.824476588008117739e-01
3.836680743014646566e-01
3.810129013717072355e-01
3.834717441347337274e-01
3.801054245856803626e-01
3.838119210040413787e-01
3.799053462615828991e-01
3.849886156264741288e-01
3.805386140984361454e-01
3.799322860474269592e-01
3.804776403113755423e-01
3.824794002281187710e-01
3.801936262777561581e-01
3.774664090832571817e-01
3.800102362868832961e-01
3.794230770159828792e-01
3.795327685028235254e-01
3.837387613298983702e-01
3.778186125064432188e-01
3.810611732283143427e-01
3.802190124074146804e-01
3.789192081502681941e-01
3.774912406465469883e-01
3.798912679056460906e-01
3.786800808620190972e-01
3.796443131049622721e-01
3.777325243350229123e-01
3.805958600108757528e-01
3.781754328990252212e-01
3.839261205864334392e-01
3.777283147257315399e-01
3.765886802956838197e-01
3.762268632024182158e-01
3.741044484138587589e-01
3.744850404924689458e-01
3.743027096421702726e-01
3.743897459446132170e-01
3.739246173317780086e-01
3.742134418993744993e-01
3.757238436457552289e-01
3.738620573632509547e-01
3.746252117882051813e-01
3.738620573632515653e-01
3.755420306756293569e-01
3.757469139868231944e-01
3.747174218918286615e-01
3.753015687594968841e-01
3.728579578953282736e-01
3.727630051849995518e-01
3.766632105828448540e-01
3.723821966094099101e-01
3.782223233648394634e-01
3.751294235890811346e-01
3.730235731544722655e-01
3.731149615548896570e-01
3.800235925461769027e-01
3.742019668923627362e-01
3.752248659965379818e-01
3.735634682420081454e-01
3.731836253561220396e-01
3.721926695526029949e-01
3.770616741098066216e-01
3.725778964676646487e-01
3.756151875425509656e-01
3.733189666153847730e-01
3.768134354649294027e-01
3.720508736027891006e-01
3.757358646387674028e-01
3.720508736027894336e-01
3.727289826827480668e-01
3.741694773843488586e-01
3.784537665247224014e-01
3.733852711361907994e-01
3.733910086918469373e-01
3.727110584265515003e-01
3.713743668703148870e-01
3.733899606408933036e-01
3.734387965028048706e-01
3.711818930425931917e-01
3.693702928076793568e-01
3.694295907819984404e-01
3.743202845036868176e-01
3.697224683635748632e-01
3.668224664020152126e-01
3.673906579260892702e-01
3.711335907119048816e-01
3.681619947698659412e-01
3.691747945571867695e-01
3.671927243031875010e-01
3.706315137927446712e-01
3.679638151414278413e-01
3.669676415724664187e-01
3.673986571763040443e-01
3.686851549083572932e-01
3.673496133715378198e-01
3.710706846299284267e-01
3.673526658404555612e-01
3.687294443285923928e-01
3.667051830426444892e-01
3.696954247579475883e-01
3.670093890127225644e-01
3.722621792526388806e-01
3.667660607029165631e-01
3.700430447996463923e-01
3.662900246862526576e-01
3.665073461952654266e-01
3.663308697732875485e-01
3.671503411554044582e-01
3.667104786059097177e-01
3.680836019405636650e-01
3.662548540670719222e-01
3.690572196835277263e-01
3.665988173498015423e-01
3.668771186256870598e-01
3.667367482457664640e-01
3.677495552315565019e-01
3.672874579119999594e-01
3.678483429313160746e-01
3.661174658015840522e-01
3.669886675727462300e-01
3.672449869845043624e-01
3.698060717479283999e-01
3.661388347747260852e-01
3.709530725818291907e-01
3.661174658015842742e-01
3.662471931689070814e-01
3.649308707518863493e-01
3.727468505615808003e-01
3.660091492131929969e-01
3.663598172027336397e-01
3.651427579726319594e-01
3.713972065280863877e-01
3.654218348728434096e-01
3.663017090887230043e-01
3.675793869817848281e-01
3.656502235501964959e-01
3.654063318272226524e-01
3.663732561779000640e-01
3.656873105232231747e-01
3.676166376490643262e-01
3.650450623862894761e-01
3.658495425232014542e-01
3.652699535329013147e-01
3.675523028769676070e-01
3.663918830270880833e-01
3.676697760119062020e-01
3.649358742742883077e-01
3.677610035959918422e-01
3.654610783451219258e-01
3.684704093674857628e-01
3.647571996720288534e-01
3.677379824693655652e-01
3.647571996720288534e-01
3.665398425698040419e-01
3.644486385730650868e-01
3.659637260446219065e-01
3.645905838446744096e-01
3.653140298131096197e-01
3.655851147324757910e-01
3.660955515195015719e-01
3.654390637247950102e-01
3.648559818304372149e-01
3.643231648597459738e-01
3.641873500085290871e-01
3.646845558267663434e-01
3.654586672865836050e-01
3.659772765630118219e-01
3.680620185538385214e-01
3.644022044033751184e-01
3.653791438461392871e-01
3.654711669363489013e-01
3.659501272921317216e-01
3.652751456448469214e-01
3.662690986943245575e-01
3.643918663364787425e-01
3.643270658950595875e-01
3.653503764094322981e-01
3.642302494915488076e-01
3.643724456657084776e-01
3.640661557751397326e-01
3.646690404569329358e-01
3.641252432010828044e-01
3.653725912257229647e-01
3.643193676204510845e-01
3.649127386755594005e-01
3.637793005567388493e-01
3.643313804179548199e-01
3.639443837739247400e-01
3.646726808589257907e-01
3.637239939481904938e-01
3.649274328155633351e-01
3.636714855124536516e-01
3.647516136461516068e-01
3.634737062668514929e-01
3.641478552200888008e-01
3.634640458753971570e-01
3.651107753916441601e-01
3.638076634338925364e-01
3.628800242953846844e-01
3.629989614475122028e-01
3.633836715864332545e-01
3.627221988788649210e-01
3.629360584913829957e-01
3.637802653386050800e-01
3.623653926758216293e-01
3.626102462977308649e-01
3.632457339132765806e-01
3.624339370596668108e-01
3.623717710419128157e-01
3.625668508609279361e-01
3.627532974504045771e-01
3.625163748406763919e-01
3.631685685491138349e-01
3.623176958685936921e-01
3.626732174239021278e-01
3.621035715504430930e-01
3.630592947990486929e-01
3.618602838745818007e-01
3.617361304840308045e-01
3.617799779222886092e-01
3.625433264520933063e-01
3.617635683202942709e-01
3.622451765571950699e-01
3.619320653471581606e-01
3.626330960476629173e-01
3.623622955995322026e-01
3.632167858483429379e-01
3.614715651248109340e-01
3.616541697971020763e-01
3.615629240701012659e-01
3.623301003810704968e-01
3.615345899923073092e-01
3.620248447226227517e-01
3.618635073814370773e-01
3.617223360582682012e-01
3.618844847098507955e-01
3.614763383471916169e-01
3.625484228541556719e-01
3.637606873176423838e-01
3.620408696101484192e-01
3.613580822437130746e-01
3.615384701063358297e-01
3.607421646379511682e-01
3.603808295213226098e-01
3.600206841755119180e-01
3.601480173780243765e-01
3.608834068779457338e-01
3.602258147479774353e-01
3.612533630446242983e-01
3.601735589685013395e-01
3.609662471804472306e-01
3.600669154119174320e-01
3.605049701395560691e-01
3.605642967911166785e-01
3.612940513646216156e-01
3.599962594067643851e-01
3.619917986581821512e-01
3.595453693785168325e-01
3.598501319241167451e-01
3.597101748110956843e-01
3.595300340793040617e-01
3.592961875920653858e-01
3.582815902662089824e-01
3.583849150626242652e-01
3.586311163251218459e-01
3.585750138954788557e-01
3.591375199519955541e-01
3.580325316996302853e-01
3.580641721136417210e-01
3.585182766804095866e-01
3.583701227973439818e-01
3.578980256851769237e-01
3.592446368455955441e-01
3.580611424030125112e-01
3.584791406425957283e-01
3.581221673720557108e-01
3.589368826705141013e-01
3.580248055984671662e-01
3.603210413044152793e-01
3.577437713130401375e-01
3.586195117654534248e-01
3.590649688464424560e-01
3.572220934703962958e-01
3.568947441888387639e-01
3.558100860808507959e-01
3.560574318853620412e-01
3.558182156080824110e-01
3.559193276916610693e-01
3.554622478433912547e-01
3.554283362878857822e-01
3.557257750897372950e-01
3.556327917284612949e-01
3.562090004370356833e-01
3.555622544501499949e-01
3.565622118222042114e-01
3.550821827583672818e-01
3.555828798925966816e-01
3.551032299892038502e-01
3.552628160725367357e-01
3.547144732367720765e-01
3.551659676753629036e-01
3.547759276171455478e-01
3.550073759319430922e-01
3.551158152216121744e-01
3.552364821173743525e-01
3.550699554090290255e-01
3.561267934091659204e-01
3.549604915465208732e-01
3.558288348616536756e-01
3.547821907978996880e-01
3.551323476368087873e-01
3.548350869630216842e-01
3.553207787966686793e-01
3.545932869623233397e-01
3.548814549673788288e-01
3.548428605599847074e-01
3.545618784382704169e-01
3.545872944285163864e-01
3.550157277402686273e-01
3.544597573911205668e-01
3.553873875804918203e-01
3.548069913960242294e-01
3.540453646285531275e-01
3.543442460166464358e-01
3.536838632261181115e-01
3.540495369522803082e-01
3.539176950190131010e-01
3.537364002243283401e-01
3.544429209590828633e-01
3.534963758522521315e-01
3.540093363604351895e-01
3.535901618589897821e-01
3.537942763369743004e-01
3.536316004019880443e-01
3.549191164290110279e-01
3.535961926848212866e-01
3.541536842279436326e-01
3.535201874532911126e-01
3.537154516255804348e-01
3.540283322798369881e-01
3.550080568485809440e-01
3.533967374019673091e-01
3.544179243621622954e-01
3.540393552389096699e-01
3.545935224110787765e-01
3.544808701801566708e-01
3.536480229318556545e-01
3.533346688059545437e-01
3.533011443610358793e-01
3.533450413029778359e-01
3.540910146223780197e-01
3.535068507475142008e-01
3.542957535910468136e-01
3.534260282710732781e-01
3.556924268877669215e-01
3.532832420496048176e-01
3.534157217830730668e-01
3.536710988773217879e-01
3.540256830364731377e-01
3.534762671072149698e-01
3.541254289541918565e-01
3.539501531392395539e-01
3.551047890526737860e-01
3.537055371628045064e-01
3.544842235066775205e-01
3.543980480343562611e-01
3.517075553420769274e-01
3.516377371294164833e-01
3.522022389814983279e-01
3.517509813736392488e-01
3.507746778325437909e-01
3.513069388559684758e-01
3.518759275485321414e-01
3.509711927419577604e-01
3.514336469554997233e-01
3.509456932844888799e-01
3.506891792310466438e-01
3.506447128356083853e-01
3.506310670853422518e-01
3.510946592514679887e-01
3.501132597234007382e-01
3.505832135268958649e-01
3.505796300056188697e-01
3.503399391580654942e-01
3.509700687190949187e-01
3.507652531551568309e-01
3.511692246953413421e-01
3.500994712952109067e-01
3.503607949027434110e-01
3.502587066672608329e-01
3.509594514532162202e-01
3.499149026835699505e-01
3.496671779460187035e-01
3.500178298462493509e-01
3.498379697796584198e-01
3.495484385881052480e-01
3.503458530845688368e-01
3.500077679866879232e-01
3.503686073815795443e-01
3.495952921554232873e-01
3.512973639164859163e-01
3.496342622625722152e-01
3.510420601011673969e-01
3.490910356001095671e-01
3.495583717221769082e-01
3.496235173389015127e-01
3.497564644000653589e-01
3.490261887649906969e-01
3.492628332519293055e-01
3.491281394251548043e-01
3.497873553909935374e-01
3.487348660628958319e-01
3.488677559179545473e-01
3.486655715484324736e-01
3.503966533544889406e-01
3.492681258178428894e-01
3.487263684893258664e-01
3.492380715467297003e-01
3.494235282473410753e-01
3.486122171347988963e-01
3.487960212584392261e-01
3.485648305543435632e-01
3.486695551280374339e-01
3.482968802553579879e-01
3.489028876378325594e-01
3.484508387010067931e-01
3.481313262749470283e-01
3.483177835178330461e-01
3.486715191946608838e-01
3.482106913441720408e-01
3.485959006650983794e-01
3.483115084536774209e-01
3.484494349804171387e-01
3.486175594718618487e-01
3.488710071713022609e-01
3.484147658944802273e-01
3.492230119049206660e-01
3.482784663029427352e-01
3.481437275058629766e-01
3.481442921310645700e-01
3.483108748001290111e-01
3.481783446084341094e-01
3.484922160176989747e-01
3.482827978709426842e-01
3.497680731703998736e-01
3.479832150009808944e-01
3.474110457028044552e-01
3.475518539188958700e-01
3.468750170711062397e-01
3.470217742697653818e-01
3.480711006689811704e-01
3.471170256563331780e-01
3.471522576994527376e-01
3.468750387976668459e-01
3.467426790859586272e-01
3.467126254498569260e-01
3.480920964335250667e-01
3.469120993597846758e-01
3.474350078379723761e-01
3.469678619309652379e-01
3.476811731594948718e-01
3.468064472617728988e-01
3.469033790812977580e-01
3.464267790803034486e-01
3.475872427790033248e-01
3.464085464457951069e-01
3.462801455142714424e-01
3.463371312743832031e-01
3.470390250213225558e-01
3.465335899361173255e-01
3.465627202559769526e-01
3.465289983372536464e-01
3.472937042855760992e-01
3.465660437223140877e-01
3.468312726721435313e-01
3.463544430366903293e-01
3.459416594626353314e-01
3.465482644738454021e-01
3.456171071668228123e-01
3.458153220445002729e-01
3.464658059040199301e-01
3.456945120809563621e-01
3.478388988766251688e-01
3.458581682638567911e-01
3.462672932749877863e-01
3.459663023154546102e-01
3.471955227009716483e-01
3.462482066873736053e-01
3.462949616481019732e-01
3.453732345646199353e-01
3.444847324705565539e-01
3.444578012844413673e-01
3.445769273189455695e-01
3.449978103540570218e-01
3.441590628810667352e-01
3.443056404665248427e-01
3.451881388858574207e-01
3.441614625508111480e-01
3.446861758749016902e-01
3.441656226902960469e-01
3.452997478631958939e-01
3.441628165826890462e-01
3.443237266754283210e-01
3.442482284190519493e-01
3.447176262112823797e-01
3.441480070386629952e-01
3.443715349218350874e-01
3.444815285451748865e-01
3.445858293030863440e-01
3.445438342308166368e-01
3.443505647285506344e-01
3.447080177165123827e-01
3.444144444704501096e-01
3.445233533331287790e-01
3.452052316774369412e-01
3.444446133771211782e-01
3.444828993711019360e-01
3.439487380295042640e-01
3.443028590319681115e-01
3.441188264095158544e-01
3.438756905752151649e-01
3.438648462055789445e-01
3.449069851570870093e-01
3.442831138870861007e-01
3.448322140030445349e-01
3.440374208181915527e-01
3.475374093940321596e-01
3.439397743880962532e-01
3.441201257676947400e-01
3.437191827203642247e-01
3.446849226855112636e-01
3.439668058823401875e-01
3.433261750199070317e-01
3.435198689047283538e-01
3.435111343932319428e-01
3.433492922032027606e-01
3.449195482763097176e-01
3.431781310138394825e-01
3.433807134171868447e-01
3.431594448541985254e-01
3.434086081623775599e-01
3.433362151827931696e-01
3.443144616028707694e-01
3.430573115424025987e-01
3.431256519297924967e-01
3.435436073394687040e-01
3.425758213961676568e-01
3.425123625313391540e-01
3.429965514514966562e-01
3.426242129217462185e-01
3.433424437477245461e-01
3.424985655817370800e-01
3.437934414975628572e-01
3.423737082728384173e-01
3.436465713323027527e-01
3.426275269534494461e-01
3.431650445350802325e-01
3.422290361089448396e-01
3.429371139570693838e-01
3.421028876699934718e-01
3.424984190265423223e-01
3.422086210833309439e-01
3.436176011181473755e-01
3.422189276806871794e-01
3.431733654777633369e-01
3.424870449877215894e-01
3.434279308573023881e-01
3.423513102095362415e-01
3.452312472416111389e-01
3.423711341770814820e-01
3.430943106472494342e-01
3.418984839184142088e-01
3.410773307695025292e-01
3.411397034095307590e-01
3.417980474196066210e-01
3.414801354520139443e-01
3.409505443839149219e-01
3.411492458963368279e-01
3.417023688686750549e-01
3.411434159725684201e-01
3.414351541213556662e-01
3.413130991887934895e-01
3.406125608088704793e-01
3.411387956695826618e-01
3.402679884363363216e-01
3.403042159870182104e-01
3.407974629763638741e-01
3.404394767864055704e-01
3.411683754835214133e-01
3.408197480942729563e-01
3.410753112260137554e-01
3.401129132103039576e-01
3.418048444797530117e-01
3.401063629275739020e-01
3.423890763130580939e-01
3.402267903884429456e-01
3.410011514724956005e-01
3.399105806161051291e-01
3.410071436546955881e-01
3.399224113626856392e-01
3.404909962518753996e-01
3.396716575593630161e-01
3.405395738344412226e-01
3.398546462885222996e-01
3.408705472501842304e-01
3.399472334269083573e-01
3.399150702892629328e-01
3.397753154549448262e-01
3.398750278273076075e-01
3.392707014644447683e-01
3.401201424436804954e-01
3.395058752175368344e-01
3.390363834087600781e-01
3.390383892211505934e-01
3.395389475503496901e-01
3.391779600424335017e-01
3.391403102467626662e-01
3.390824161844334106e-01
3.397137922034310642e-01
3.391597522286857735e-01
3.392945767690409009e-01
3.389374646605408103e-01
3.397600581439810252e-01
3.394823515570133954e-01
3.404723764792822460e-01
3.390532604284989815e-01
3.396610085300204029e-01
3.390820641449400763e-01
3.402633532485293544e-01
3.393912372917893272e-01
3.408062714251315350e-01
3.392842947215483629e-01
3.409531365431643923e-01
3.389179438626785945e-01
3.400948362913736589e-01
3.388516612167864483e-01
3.399832542021692383e-01
3.389980756197001899e-01
3.397404378866471508e-01
3.387211933678137554e-01
3.395995038616528849e-01
3.390535348994528353e-01
3.402444821152731391e-01
3.388128000280677399e-01
3.384835825203950654e-01
3.387270303928214266e-01
3.391723155730947958e-01
3.387060542297334331e-01
3.396494204382267124e-01
3.389686375670619145e-01
3.392577557597095117e-01
3.385076915943386888e-01
3.396823935792610549e-01
3.386482699779558847e-01
3.385494510177650129e-01
3.381399762501979822e-01
3.384889801360121409e-01
3.385051733399617735e-01
3.386617130148049104e-01
3.387877637839962763e-01
3.385525408024133709e-01
3.379736736893159676e-01
3.384450729339362196e-01
3.381370942294306681e-01
3.381217902518919294e-01
3.382955841828099719e-01
3.387258947842000656e-01
3.380187412557040250e-01
3.381180249163310836e-01
3.382427418992986490e-01
3.385867606230311133e-01
3.380898042395625858e-01
3.388373922678286632e-01
3.379405154183150461e-01
3.389440881757149748e-01
3.380128281128418344e-01
3.381564078219809755e-01
3.381393167772672181e-01
3.386709595199701717e-01
3.379682715132998339e-01
3.385773841796821393e-01
3.380816729995841929e-01
3.385776348438404026e-01
3.380453882176817082e-01
3.388309192356693256e-01
3.380706359242635628e-01
3.385240445825252742e-01
3.381368755157605488e-01
3.382161010031831117e-01
3.378781152949915656e-01
3.386598595671727607e-01
3.381366913328935353e-01
3.394815297172038560e-01
3.379197635596496441e-01
3.382284639303680951e-01
3.379131500676432198e-01
3.386206712409794983e-01
3.380070291461595433e-01
3.380525978596067849e-01
3.380250959175760128e-01
3.384556794395891521e-01
3.381524301689481926e-01
3.379556620956798985e-01
3.375330882546241917e-01
3.374770379812455090e-01
3.373569028225935629e-01
3.373944136665656401e-01
3.375425691885718393e-01
3.373483650367898323e-01
3.376318712320814375e-01
3.374023466027548102e-01
3.373241268649075919e-01
3.372999787856615361e-01
3.372574766557285830e-01
3.373487733917061582e-01
3.374803341112374566e-01
3.370895243734888247e-01
3.370442101007745106e-01
3.371981318629064805e-01
3.372805796898107333e-01
3.368794454257076909e-01
3.368217287796669845e-01
3.368086260483592609e-01
3.370851386862601662e-01
3.368013132146652766e-01
3.369443806891621596e-01
3.368831408262794036e-01
3.371245225866801865e-01
3.369219428724846699e-01
3.367779024186283165e-01
3.365954307440026105e-01
3.371227096641898346e-01
3.367476134365930962e-01
3.362319206936278393e-01
3.362499516268449562e-01
3.361637207540820738e-01
3.361093219741513871e-01
3.363486910894613602e-01
3.360998522259415755e-01
3.363927773345886663e-01
3.360896585652522472e-01
3.360186453631734405e-01
3.361751127438415976e-01
3.361083418619743024e-01
3.360612306072240929e-01
3.359027599734669134e-01
3.359811815504353261e-01
3.360747454513289267e-01
3.359261957147075539e-01
3.359665682996336167e-01
3.359577621318350360e-01
3.357252470300147174e-01
3.357917696570963950e-01
3.356717160780458009e-01
3.357171774456983449e-01
3.357743813378546993e-01
3.358198850775093725e-01
3.357722768421205206e-01
3.356704276868266446e-01
3.357119860948351020e-01
3.356488942846616030e-01
3.355623647598761083e-01
3.355450142244766898e-01
3.358002075071049308e-01
3.355724722607348331e-01
3.355610431658464510e-01
3.354828031019940204e-01
3.356997922435662196e-01
3.355789895709301307e-01
3.354861997387120764e-01
3.355736901270881534e-01
3.354561132564765624e-01
3.354504239917908137e-01
3.354029633699658897e-01
3.354095965634974474e-01
3.354830163121811371e-01
3.354023041603255151e-01
3.355975914897589840e-01
3.354731731958306429e-01
3.355361153644709216e-01
3.354642871640868829e-01
3.363455910783779701e-01
3.354522949441096635e-01
3.349083445904624812e-01
3.350020557154660961e-01
3.350552044476142188e-01
3.348537362212691826e-01
3.349717657211089827e-01
3.348064402834270981e-01
3.345320062580122711e-01
3.345333925644585760e-01
3.346211658323381966e-01
3.345326005624231214e-01
3.348039765571436677e-01
3.345082288095984624e-01
3.346295669449540489e-01
3.345589930492930408e-01
3.346784765019050201e-01
3.346725432722931215e-01
3.345256329640560744e-01
3.345068901171927567e-01
3.344898835025092443e-01
3.344333487709743036e-01
3.347190111391857847e-01
3.345117221172724808e-01
3.345795356841787527e-01
3.344414923855229538e-01
3.346234423135244218e-01
3.344418284687846743e-01
3.347046950797069598e-01
3.343845882444555495e-01
3.353951984503811823e-01
3.343042983938032120e-01
3.342279681432882010e-01
3.340660979523563112e-01
3.340460824734484691e-01
3.342001967912879845e-01
3.341110273444347634e-01
3.340105302333419846e-01
3.338836094776082009e-01
3.338219882556531792e-01
3.343560857594043978e-01
3.335974914512377376e-01
3.337322185630293148e-01
3.335708880615481653e-01
3.332870119981096169e-01
3.334416401153715848e-01
3.333125666178202162e-01
3.333540465047130641e-01
3.335119445827962048e-01
3.333476055125568216e-01
3.333117630398161335e-01
3.334319636190373748e-01
3.334334715429530527e-01
3.332912850721169162e-01
3.330451842666796169e-01
3.330935779550088793e-01
3.330157647221626549e-01
3.328853778442844025e-01
3.327522674017486248e-01
3.327913954613862524e-01
3.328305036262728112e-01
3.327225692975761540e-01
3.328094820100260254e-01
3.326997085249138730e-01
3.330850888616660455e-01
3.326557723349899964e-01
3.328235586432691795e-01
3.326927803241213621e-01
3.329019790555462488e-01
3.327303753856752366e-01
3.326839806831749513e-01
3.326568640985166359e-01
3.326900627423125534e-01
3.325170634316408358e-01
3.327317351378108468e-01
3.325270891433429465e-01
3.325390533424473771e-01
3.325027077977210088e-01
3.325082914718704985e-01
3.325842971566255746e-01
3.330310647830727611e-01
3.325518834241149579e-01
3.325929904705678952e-01
3.326129513290159156e-01
3.331569675593060720e-01
3.326581842102729891e-01
3.325960559010571749e-01
3.324345740129655558e-01
3.323128749298748796e-01
3.323995172845089496e-01
3.325581726094937185e-01
3.323222196455188904e-01
3.328042896974300335e-01
3.323767567200209827e-01
3.323372783970946487e-01
3.322595014272546887e-01
3.322973851321300298e-01
3.322482658504006814e-01
3.321390003079459641e-01
3.322206500335579404e-01
3.323015875529012897e-01
3.323027872491902679e-01
3.321186059269899959e-01
3.320941065748303500e-01
3.322006879415731473e-01
3.321816642176497747e-01
3.321407646784940715e-01
3.321806615387783435e-01
3.323509104205094045e-01
3.321332054459491534e-01
3.327228958562495342e-01
3.326145782171221477e-01
3.321886207778345090e-01
3.320232178069693063e-01
3.316636003520734288e-01
3.316800906891852474e-01
3.317216534952170948e-01
3.316642225329135552e-01
3.320349243444234988e-01
3.316586337241136384e-01
3.320145398931721448e-01
3.318633767926823519e-01
3.320262168760895749e-01
3.316559420251183332e-01
3.316108378873749984e-01
3.319065693849669874e-01
3.318052699749578505e-01
3.316643925665644366e-01
3.317491961870290273e-01
3.317979852178347677e-01
3.315838924071230487e-01
3.317680598882387089e-01
3.321102350181702745e-01
3.316872617591376526e-01
3.317835429327407604e-01
3.315525667101265062e-01
3.319352906285009674e-01
3.315211806097478342e-01
3.315491081321700340e-01
3.315430784567910960e-01
3.318165829642411579e-01
3.314938123906489009e-01
3.314229546940761217e-01
3.314876534406237529e-01
3.317022137052948461e-01
3.314824543110919119e-01
3.313110602270104010e-01
3.313139557133303326e-01
3.314735970864154946e-01
3.312463375253931752e-01
3.312885248049681208e-01
3.311667392175934310e-01
3.312562209340840780e-01
3.312300417878371595e-01
3.314084373161514385e-01
3.316072670147760526e-01
3.315370850652892276e-01
3.312385056390420024e-01
3.313371578099255643e-01
3.312659006724433808e-01
3.312174917477596070e-01
3.311242736394599540e-01
3.311373916597509792e-01
3.309981921800834170e-01
3.306294088039696821e-01
3.306419082286384259e-01
3.306739546552346365e-01
3.307968935080166095e-01
3.307035835110742061e-01
3.305600390500574859e-01
3.307497866512897344e-01
3.305745493937624624e-01
3.307176198723228988e-01
3.305543900320914719e-01
3.310454328333439222e-01
3.304582033521696327e-01
3.306419559264847652e-01
3.305256075251891135e-01
3.306728113894088494e-01
3.305701253593779643e-01
3.305409076266570545e-01
3.304524188792046790e-01
3.305709406336876377e-01
3.305717257714639867e-01
3.304378183203866004e-01
3.304617467654963336e-01
3.308023484369303491e-01
3.305041191629365938e-01
3.307862806843303027e-01
3.304621469674821066e-01
3.305080403260414745e-01
3.304617188343549339e-01
3.303399771708348531e-01
3.304049545593333859e-01
3.311344032423735873e-01
3.304634894350727548e-01
3.305934009022573616e-01
3.303399829763170592e-01
3.301282096688175627e-01
3.302210542623852940e-01
3.301276706350870782e-01
3.301436382467403119e-01
3.305241121140722327e-01
3.301562149467290319e-01
3.303148039640544376e-01
3.300398315849349395e-01
3.302174025041074712e-01
3.300546810496013395e-01
3.301356537263445134e-01
3.300797330606785041e-01
3.303729998173248750e-01
3.300284691185729757e-01
3.303910486726781004e-01
3.300988950235634878e-01
3.298965729178240380e-01
3.298629640199153279e-01
3.298741971341917489e-01
3.298427089101453324e-01
3.300030509830565451e-01
3.299404124899420476e-01
3.301764818844854510e-01
3.298570767249648372e-01
3.300543367872433853e-01
3.298093817724352950e-01
3.300769461876815747e-01
3.298748390798694197e-01
3.300179685085616876e-01
3.298820609975678941e-01
3.299851551535389338e-01
3.297774524571119859e-01
3.298072879256572221e-01
3.298957992002429229e-01
3.297540251064848271e-01
3.297814228389009394e-01
3.300616226703708689e-01
3.298384444263883775e-01
3.299686546657331077e-01
3.297907615260473602e-01
3.299178963824824784e-01
3.297309989635806016e-01
3.299529082219906373e-01
3.298339670814549596e-01
3.304521625224606796e-01
3.298440071609701763e-01
3.297170293452563183e-01
3.296811049461374488e-01
3.297309271950404352e-01
3.298478552671197384e-01
3.294854685792574234e-01
3.295446167749829236e-01
3.296809339019179386e-01
3.294649008781962429e-01
3.299613160844427351e-01
3.295406337314497058e-01
3.296846697289244066e-01
3.294546147797007274e-01
3.296805435455977262e-01
3.296529330831672877e-01
3.296295909504987076e-01
3.294596506919612589e-01
3.296926891969590434e-01
3.294688337220857410e-01
3.297032268486640438e-01
3.295491700132555657e-01
3.302448154442626516e-01
3.294778021749499852e-01
3.295787872924840212e-01
3.294503381232167238e-01
3.294934770446263927e-01
3.294477277035743890e-01
3.295310926521977657e-01
3.295811412237590332e-01
3.296533579965667538e-01
3.294016312095329191e-01
3.296796379484049355e-01
3.294655481381710826e-01
3.298696142904222195e-01
3.296137806263559900e-01
3.292886935034349816e-01
3.292129605352970834e-01
3.292762819985575740e-01
3.293328883141853347e-01
3.292162795186285851e-01
3.292265106557173415e-01
3.289925688045707286e-01
3.290993528825734149e-01
3.292761999284244401e-01
3.290226666747089190e-01
3.290215021204543344e-01
3.290700975934660599e-01
3.293453373757911917e-01
3.292048249217243705e-01
3.298608002191339983e-01
3.288915612876509020e-01
3.292244837727535400e-01
3.290169606153536264e-01
3.290594744363694035e-01
3.289905799766540961e-01
3.288982466591386378e-01
3.288757522872661765e-01
3.289239699690427177e-01
3.289649381611757795e-01
3.289182170301949704e-01
3.289779562374467448e-01
3.289517105041716571e-01
3.289306384029292429e-01
3.288259820713465564e-01
3.287883259237361355e-01
3.293074758146106729e-01
3.288209436498543137e-01
3.287576169665758496e-01
3.287436428667078192e-01
3.288329065172974630e-01
3.286843621604557120e-01
3.287822385152067706e-01
3.287214267975312465e-01
3.287995636235197527e-01
3.286946319280966700e-01
3.290764133422200977e-01
3.286543752770336724e-01
3.287301612135966611e-01
3.286657943316368957e-01
3.289747010165046670e-01
3.287855312109547179e-01
3.288079324389058811e-01
3.285942325059933999e-01
3.289782489880994087e-01
3.285902656935268951e-01
3.287125417521090109e-01
3.285550749060612841e-01
3.286854035776713978e-01
3.284975614223675788e-01
3.284421570409316038e-01
3.284945946233672198e-01
3.285087695391724072e-01
3.285318998920376821e-01
3.284569214951266192e-01
3.284420182123626297e-01
3.287259526988454139e-01
3.285054955565471224e-01
3.284811237514934090e-01
3.283683948512386985e-01
3.283951056367861998e-01
3.283765518899681712e-01
3.285072233136670516e-01
3.283910823700774140e-01
3.286305950436113066e-01
3.283836748376591785e-01
3.288797551001544361e-01
3.284471550672875551e-01
3.285070775828093370e-01
3.284354656405205075e-01
3.284415356180957479e-01
3.283994256254069710e-01
3.284742869944720089e-01
3.285199703682811778e-01
3.286091816376422448e-01
3.285139137955469524e-01
3.286478658248099260e-01
3.285953886968536741e-01
3.282404292055733364e-01
3.283474612939731863e-01
3.285922520144568537e-01
3.282027048076532894e-01
3.284804829795616721e-01
3.283430898730265168e-01
3.283151962911293187e-01
3.283374476700148814e-01
3.283338916003592511e-01
3.282429092040980989e-01
3.284467066817673420e-01
3.283126342292549960e-01
3.283543883002706387e-01
3.283665221900094466e-01
3.285038017418434042e-01
3.281760074317309206e-01
3.284266827651693976e-01
3.281817721176821245e-01
3.283037915172502541e-01
3.282542602740185500e-01
3.281698255564861610e-01
3.282119412238535539e-01
3.283511752466153344e-01
3.281427358280557538e-01
3.284382311205487071e-01
3.282321373326323455e-01
3.283828642097447181e-01
3.282412224952894753e-01
3.282691665201815101e-01
3.283933315827940458e-01
3.281360288917750667e-01
3.281784793951816881e-01
3.278793648364600744e-01
3.279294843355608502e-01
3.280896171209124468e-01
3.278903193283820849e-01
3.279772325243450193e-01
3.279849590596013997e-01
3.280674413551417645e-01
3.278336019216117059e-01
3.278191933285907744e-01
3.279176300228616725e-01
3.280587062381985497e-01
3.279212641251690319e-01
3.281685082028406031e-01
3.279776846162685833e-01
3.280373249108291533e-01
3.277828841361715151e-01
3.282523399419349230e-01
3.277356661798536130e-01
3.276366592974018777e-01
3.275820968325908189e-01
3.279801209419285213e-01
3.276893824211634110e-01
3.277134161413616242e-01
3.275664451600508453e-01
3.273946629719757806e-01
3.273528969463500582e-01
3.273853167074920467e-01
3.273554475518426488e-01
3.274650205259065361e-01
3.274514082805979887e-01
3.274148046087040909e-01
3.274564217600821059e-01
3.274790865469271450e-01
3.273307549273409833e-01
3.277813727050157833e-01
3.273166721228198406e-01
3.276583174066605153e-01
3.273364315797444579e-01
3.275967431447477374e-01
3.274819353186689819e-01
3.274089236457462526e-01
3.273407897364534191e-01
3.275088954295771182e-01
3.275187404577965533e-01
3.273729357638398008e-01
3.271702531092640087e-01
3.272044517927858442e-01
3.271119862211646079e-01
3.270654952388866166e-01
3.271657455270822190e-01
3.271201959643842416e-01
3.271098586779858652e-01
