1.061436143012169708e+00
1.061861631992610189e+00
1.064224715764023221e+00
1.058965720048599346e+00
1.077763183662273416e+00
1.049727234680388532e+00
9.515320109415752459e-01
9.512998536919557990e-01
9.513540460697327283e-01
9.512998536919557990e-01
9.512998536919557990e-01
9.513115508451099878e-01
9.694506411842573890e-01
9.477827026505674102e-01
9.469662530490475794e-01
9.469662530490475794e-01
9.466972103046270570e-01
9.373949272602372096e-01
9.787294907556742807e-01
9.373949272602372096e-01
9.373949272602372096e-01
9.373949272602372096e-01
9.460991685775940185e-01
9.420823498152240960e-01
9.527951077385539147e-01
9.082760873278892255e-01
9.082760873278891145e-01
9.082760873278892255e-01
9.082760873278891145e-01
9.082760873278892255e-01
9.082760873278892255e-01
9.380953869656254440e-01
9.816852216903785289e-01
9.082760873278892255e-01
9.082760873278891145e-01
9.082760873278891145e-01
7.491215199897777177e-01
7.491215199897777177e-01
7.491215199897777177e-01
8.496125816500604833e-01
7.488161367155917736e-01
7.405810117695981187e-01
7.416166208621448597e-01
7.483208742963360915e-01
7.376364907430226214e-01
1.051381518142993743e+00
7.481537304929416488e-01
7.553572015387606253e-01
7.397849939442113776e-01
7.314758551952134091e-01
7.316660351141118790e-01
7.177640403054316165e-01
7.177833495771883676e-01
7.339678718272595326e-01
7.177640403054317275e-01
7.476687049169213894e-01
7.177640403054317275e-01
7.175170799748116224e-01
7.167272144812540935e-01
7.061200140710548467e-01
7.061200140710548467e-01
7.149916890016204674e-01
7.061200140710548467e-01
8.301996815016271514e-01
7.516707492091377896e-01
8.025454880978246663e-01
7.061200140710548467e-01
7.054069652580829963e-01
7.054069652580829963e-01
7.424941400707404382e-01
7.054069652580829963e-01
7.255279533758572930e-01
7.054069652580831074e-01
7.396623161508800726e-01
7.054069652580829963e-01
7.967981866317105366e-01
7.054069652580829963e-01
8.178930337527136052e-01
7.054069652580829963e-01
8.028502413518976422e-01
7.055213648192134590e-01
7.781321253221510359e-01
7.538903512914507665e-01
7.324374112508602597e-01
7.035713950390727334e-01
7.287638777625724540e-01
7.024910731394351515e-01
7.135808504330423130e-01
7.021684133817244211e-01
7.037220996778016380e-01
7.023572121825450987e-01
7.162263528779663213e-01
7.092505637732359203e-01
7.177936905161533820e-01
7.129896713790029317e-01
7.686025499347706180e-01
8.340102685640031766e-01
7.329438054095163135e-01
7.021314481488722947e-01
7.068397131179638970e-01
7.021314481488721837e-01
6.985024779303753428e-01
6.985024779303754539e-01
7.013216449057387836e-01
6.982987119231840456e-01
6.991803821284504616e-01
6.993976820767001668e-01
6.996014861774316751e-01
6.982987119231840456e-01
7.028689616751719882e-01
6.982987119231838236e-01
6.989105572082466855e-01
6.982987119231838236e-01
7.048280328410108098e-01
6.999707615801127325e-01
6.973123932379262646e-01
7.039191824475796722e-01
7.219879543686411605e-01
6.959802108866417480e-01
6.952669889122977676e-01
6.928672951020361515e-01
7.039424462330865495e-01
7.002083465282085140e-01
7.124714605004713874e-01
6.930352685536547153e-01
7.031323916030842724e-01
6.930464783939780382e-01
6.991488163155378244e-01
6.926582277274457855e-01
6.988019067679706042e-01
6.932647335596097138e-01
6.985122142153693536e-01
6.926582277274457855e-01
6.924586797921622461e-01
6.936222985123891016e-01
6.935531243550788760e-01
6.912772615793216779e-01
6.936409631190378899e-01
6.918560416354169185e-01
6.950175660429243063e-01
7.032501405430950925e-01
7.080560651310713327e-01
6.903444544647611147e-01
6.925595089517345704e-01
6.892761613353479699e-01
7.007330033538432534e-01
6.913263013153778669e-01
6.924720682342651035e-01
6.892761613353478589e-01
7.193728740384001119e-01
6.897051514041623310e-01
7.027519457101608635e-01
6.892761613353476369e-01
6.922300130377165850e-01
6.892761613353480810e-01
6.924475344021847611e-01
6.892761613353477479e-01
6.947773830709399467e-01
6.901818097841949662e-01
6.931659368832107093e-01
6.885194560367022820e-01
7.037438439998252582e-01
6.895792430821559016e-01
6.927783445722391908e-01
6.892841517499400661e-01
6.895935115106799351e-01
6.894847572009302761e-01
6.951265938545260203e-01
6.874258391816662206e-01
7.050253403389460383e-01
6.866263748065375427e-01
6.903698404887750328e-01
6.908386999078015567e-01
6.866557876736173460e-01
6.881025640374831553e-01
6.865683100207927714e-01
6.865717904645922687e-01
6.865683100207927714e-01
6.868516626507840117e-01
6.865995166391427595e-01
6.867011474845152730e-01
6.857103460312214960e-01
6.866301069128359913e-01
6.859500007438162905e-01
6.894427037615921128e-01
6.868640481770519335e-01
6.853874936591388689e-01
6.819656920940966316e-01
6.833974471446003784e-01
6.814288416216295330e-01
6.845521364380429130e-01
6.813118737252487067e-01
6.823413470647139434e-01
6.809159228982821777e-01
6.818974095703879135e-01
6.816724539886768186e-01
6.814040764657167681e-01
6.816223947154858021e-01
6.814355723978960944e-01
6.813237963988078016e-01
6.812428565522449242e-01
6.804684196839292376e-01
6.844017135058448886e-01
6.801635936239383007e-01
6.809362820930628946e-01
6.796376749913934923e-01
6.812559833410466448e-01
6.804323642455021304e-01
6.803528510144717378e-01
6.795436803911890644e-01
6.822368620513712401e-01
6.790251347325655384e-01
6.807864270056451783e-01
6.791094678575733123e-01
6.803991569332067391e-01
6.780075531621538865e-01
6.770386196684141655e-01
6.773035733390884161e-01
6.805249185407425960e-01
6.764638405466893989e-01
6.760542874218824494e-01
6.761901423333521732e-01
6.758934182147100511e-01
6.754514627799672599e-01
6.743108723164334961e-01
6.744052171177108423e-01
6.758287480758587984e-01
6.710230657354325778e-01
6.716612533274479713e-01
6.705734753696367401e-01
6.702464200280295881e-01
6.695978946496987660e-01
6.751754461484861247e-01
6.700430025049894933e-01
6.705056165615467245e-01
6.697545190035589791e-01
6.696591546703883902e-01
6.702783024451881566e-01
6.692058421705321392e-01
6.685700086068246950e-01
6.680276670229291502e-01
6.692453212270775831e-01
6.668663462834915068e-01
6.673418630107437188e-01
6.675533969723892458e-01
6.677245267031473031e-01
6.675597277741400770e-01
6.680753010021819316e-01
6.664531804830812201e-01
6.665395928086469413e-01
6.675139500257261105e-01
6.658770633133171968e-01
6.668906337796328687e-01
6.677693608307428974e-01
6.655833569498105229e-01
6.632814948993770443e-01
6.694793278692000582e-01
6.625606249133108028e-01
6.631524275076754460e-01
6.622924225467766712e-01
6.613284372710227510e-01
6.617218937123346967e-01
6.613565825567221390e-01
6.622674977358290471e-01
6.629911197316789018e-01
6.620524738605825243e-01
6.758720300009889437e-01
6.613890138079275838e-01
6.564950527900872412e-01
6.586723849497503336e-01
6.562370969706146084e-01
6.564016836834729585e-01
6.568713677434721010e-01
6.582421865634927594e-01
6.560552893497623161e-01
6.601951803072337865e-01
6.555361524320231226e-01
6.573875219440606932e-01
6.552887952320913811e-01
6.573216461837843028e-01
6.547090127482466659e-01
6.564364973726588559e-01
6.567558566981946955e-01
6.547857448414762249e-01
6.547307061764612302e-01
6.556652447305927334e-01
6.545398326294556979e-01
6.571291702110850785e-01
6.544615963253480606e-01
6.549774589762109578e-01
6.543586098663575212e-01
6.608213476338353765e-01
6.539178580347735359e-01
6.578311845166130434e-01
6.546460865672077967e-01
6.674178705363497111e-01
6.623728448988925877e-01
6.466494749315008228e-01
6.538393623699969570e-01
6.466603934946330012e-01
6.474168912815559951e-01
6.466773577196684997e-01
6.476431570399143745e-01
6.466870148880327074e-01
6.481009906647807739e-01
6.468489786600516434e-01
6.484515879200785093e-01
6.475514946284430806e-01
6.586175881279761057e-01
6.488133464396549366e-01
6.429716852353090095e-01
6.419800044148954443e-01
6.423816419088430596e-01
6.448697608935458625e-01
6.425546930771371956e-01
6.409630701581052747e-01
6.407449779784029076e-01
6.414458675375411811e-01
6.411363996818097988e-01
6.423537224142167323e-01
6.400732776760984510e-01
6.425611594315669972e-01
6.404271786728530369e-01
6.385222539332159331e-01
6.378493534258266040e-01
6.416952710061312182e-01
6.369072909677850891e-01
6.421944947047755203e-01
6.372613982379382591e-01
6.388590975984147491e-01
6.380424818458163561e-01
6.381594861204140656e-01
6.389013185642673509e-01
6.368361474701353941e-01
6.368246820486838100e-01
6.353625494191342815e-01
6.342589401120045656e-01
6.419981013043434270e-01
6.332871043698181657e-01
6.354893296050040385e-01
6.334428321814081775e-01
6.340816933506151498e-01
6.336827192130812803e-01
6.350500254655819798e-01
6.328592694773386151e-01
6.331142195464046774e-01
6.329291330466458865e-01
6.345824637920634004e-01
6.327286365196459483e-01
6.364771457953575240e-01
6.306896030046907908e-01
6.291052118564937068e-01
6.296910802029012100e-01
6.292547842159000870e-01
6.319010821761653629e-01
6.273579210072406376e-01
6.275704125551575530e-01
6.277977748021184023e-01
6.278182526846105560e-01
6.279643969129742320e-01
6.273812650678530778e-01
6.285952073817977492e-01
6.277396289974619403e-01
6.294174953190450061e-01
6.285477536465463588e-01
6.264270216890460707e-01
6.269415773383895107e-01
6.263471747354374397e-01
6.271197040554015167e-01
6.295405225942134475e-01
6.261522405411300563e-01
6.296222991928227541e-01
6.259643292659630154e-01
6.378916060814436850e-01
6.260605782462741464e-01
6.233358455907778151e-01
6.240774745276398416e-01
6.264213449624806973e-01
6.240772125907861900e-01
6.262921841544148993e-01
6.227903295236950632e-01
6.244217397802599434e-01
6.229396523137152863e-01
6.252165733815582271e-01
6.229018632324530014e-01
6.229032151951354734e-01
6.225449372841632689e-01
6.239090368984846480e-01
6.225652193837508674e-01
6.288040254332647461e-01
6.230552265073054929e-01
6.253716713069146227e-01
6.219285835049780387e-01
6.216788407602441557e-01
6.210799801060238323e-01
6.241298542163132845e-01
6.221558824237898300e-01
6.219224657353885632e-01
6.200471510009590848e-01
6.216024797619337239e-01
6.214414939756167655e-01
6.217174591711333020e-01
6.203560808423533857e-01
6.222586322162415584e-01
6.233219855049357827e-01
6.188609772812994070e-01
6.190615576797776631e-01
6.221765354525153890e-01
6.191612468012741566e-01
6.202158110107034439e-01
6.188738496532011357e-01
6.214055799146261938e-01
6.192957823350275781e-01
6.219988916429238790e-01
6.184477229299412127e-01
6.145660458826842643e-01
6.133729162847234573e-01
6.143069709956682223e-01
6.135368853436441450e-01
6.151604495497229319e-01
6.139747809614929386e-01
6.153994317353423948e-01
6.130809796612988194e-01
6.150870210897393386e-01
6.126967186418559308e-01
6.135363460762284227e-01
6.127937603618381912e-01
6.134932341627092889e-01
6.130791506693119564e-01
6.136222676832614464e-01
6.127984349409116849e-01
6.147910031493152294e-01
6.114453295107886710e-01
6.102136274872604904e-01
6.107306371336600481e-01
6.100796091776748975e-01
6.098183468843494381e-01
6.094525842125659842e-01
6.093584513033482031e-01
6.125445763078357642e-01
6.086292892243980734e-01
6.099191712677662913e-01
6.099859743050816130e-01
6.098760737564374868e-01
6.088934426175929282e-01
6.071797177828353043e-01
6.061844795251478679e-01
6.062202646270943296e-01
6.073976667438306665e-01
6.126941953876159364e-01
6.067523876821012685e-01
6.062051913930287528e-01
6.057536616000460672e-01
6.061550427492303772e-01
6.072053693146269859e-01
6.065148640046110762e-01
6.075613488741712365e-01
6.043261941657689373e-01
6.049160479363486775e-01
6.093098138378204576e-01
6.041529892758985554e-01
6.108829326438803831e-01
6.047223387240739934e-01
6.048345056627368876e-01
6.040623832826833572e-01
6.045704544008723147e-01
6.056486200088029292e-01
6.047890684216863377e-01
6.044778038655521657e-01
6.036324244728097366e-01
6.037076532741991741e-01
6.083472316589930706e-01
6.043345081370856686e-01
6.054376227246809350e-01
6.032809389946122147e-01
6.031691490868890115e-01
6.030572248075375397e-01
6.049714356861560782e-01
6.030580615023252156e-01
6.047442201816225493e-01
6.031582812445932529e-01
6.069313441273948007e-01
6.029451093965997321e-01
6.040833428387547555e-01
6.030781939884102272e-01
6.133441216430997045e-01
6.030385653225699416e-01
6.022778716558698786e-01
6.024996653051204465e-01
6.061500715993214383e-01
6.019269419345247840e-01
6.044804154240198679e-01
6.030370834861145113e-01
6.046277783807230133e-01
6.020898179671638761e-01
6.044973336048984347e-01
6.018797044369849081e-01
6.084205001778791866e-01
6.018727696234762448e-01
6.039022717932365225e-01
6.014940992287181043e-01
6.024344913931468648e-01
6.014986675661762039e-01
6.024153098620411706e-01
6.017429698181481212e-01
6.023478632975575175e-01
6.015938474562905203e-01
6.022992960688564601e-01
6.015575084240629700e-01
6.047104239275526982e-01
6.018962227867287185e-01
6.048529067122045966e-01
6.014601086509252514e-01
6.025826028540688384e-01
6.011579661598168700e-01
6.036327630622322360e-01
6.013991235018663062e-01
6.022513522316587098e-01
6.013140052823795489e-01
6.019683501659093272e-01
6.066163614823003591e-01
6.014399976022093419e-01
6.011310622786959490e-01
6.011466010215076317e-01
6.011391948007317465e-01
6.013163683489356481e-01
6.011021105849000401e-01
6.024179228395513119e-01
6.016325184746860177e-01
6.016045068275148733e-01
6.012308012995514206e-01
6.021991244183318992e-01
6.011469240890784382e-01
6.014062220323490582e-01
6.010601073808765626e-01
6.016419885340187346e-01
6.010472374267822326e-01
6.011903316801202601e-01
6.010607282430748821e-01
6.011725424253918648e-01
6.010561769732121196e-01
6.011849969953193540e-01
6.010878334953710933e-01
6.015955326781539103e-01
6.011755202710269419e-01
6.017749619214564083e-01
6.011848700551867264e-01
6.011993390722304431e-01
6.009731375794886699e-01
6.019453636659543028e-01
6.009718871896196912e-01
6.028720021853575251e-01
6.009280887254623282e-01
6.011182333412226075e-01
6.009358563357153349e-01
6.009885365277606306e-01
6.009450700403388135e-01
6.008876096918248644e-01
6.008901740525099955e-01
6.014329161669591528e-01
6.010230983371327440e-01
6.010905897411854548e-01
6.008802672315389781e-01
6.012753394796220840e-01
6.008855359984839328e-01
6.012032810480238965e-01
6.008615470089310184e-01
6.019417401716405935e-01
6.011677779787648612e-01
6.008559664148398483e-01
6.008822279820037471e-01
6.009874866970823515e-01
6.007822131753923767e-01
6.007438292918265699e-01
6.009370070821681287e-01
6.007977970841051896e-01
6.010081766318038365e-01
6.007300156878587760e-01
6.011334027641636046e-01
6.009023658041466875e-01
6.007772593211674339e-01
6.007368285541890840e-01
6.008249446497658797e-01
6.007562130687089663e-01
6.008767773770712362e-01
6.008050808402071175e-01
6.009125425646977270e-01
6.007785402362241234e-01
6.008813874727343407e-01
6.007680603296697841e-01
6.009118626601367419e-01
6.006908153592973587e-01
6.007246781293663629e-01
6.006675093577519275e-01
6.006581112079503182e-01
6.006547158570385569e-01
6.008133239068776943e-01
6.006676511839327270e-01
6.006566305488609814e-01
6.006479511896214429e-01
6.006475939413552512e-01
6.006493087852610158e-01
6.005349671054580618e-01
6.006146732785326847e-01
6.005905073052144605e-01
6.005487444165797939e-01
6.006935823913442940e-01
6.006148570575987611e-01
6.006542919475706954e-01
6.005887205917099791e-01
6.008213397819460733e-01
6.005220216959923363e-01
6.007197213790634871e-01
6.004309217001271293e-01
6.006081265350834419e-01
6.003275580138849321e-01
6.007796435377076305e-01
6.003670807843161095e-01
6.004066778279019134e-01
6.003192660103709999e-01
6.005165426565897135e-01
6.003361486165987859e-01
6.003823798090177633e-01
6.003640569429128382e-01
6.006443100624979659e-01
6.003305282588010661e-01
6.003951904618896052e-01
6.003220333693407573e-01
6.002620101155858867e-01
6.003073257451700950e-01
6.003518507879300747e-01
6.002855645147306962e-01
6.003152244010081517e-01
6.002315384375970231e-01
6.003628582792166490e-01
6.002713253052313069e-01
6.003425318073464245e-01
6.002178826147641644e-01
6.003113320362316596e-01
6.002206453396474739e-01
6.002615294978291827e-01
6.002193804276328981e-01
6.003093293653530838e-01
6.002348106721392407e-01
6.003505124583078389e-01
6.002917358538335524e-01
6.003318590220272366e-01
6.002129574591635874e-01
6.004514908389805283e-01
6.001696309342092750e-01
6.002900496607734837e-01
6.001950105249417300e-01
6.002407648634058290e-01
6.002516491625181638e-01
6.001853384443573969e-01
6.001674804607467495e-01
6.001720421178814435e-01
6.001805923703498191e-01
6.001786925160749187e-01
6.001901155685358535e-01
6.001773467674335061e-01
6.001688679872188015e-01
6.001747323541122281e-01
6.001976965310127365e-01
6.001733122961441236e-01
6.002460124722300838e-01
6.001823142818301093e-01
6.002091081186576860e-01
6.001742514076758850e-01
6.002344856621497637e-01
6.001630675083684530e-01
6.001612394047511900e-01
6.002073666464933233e-01
6.001255883611716913e-01
6.001368959593134100e-01
6.001137125037231401e-01
6.001052496135766967e-01
6.001320604660368430e-01
6.001184186591230763e-01
6.000639678207280170e-01
6.000521791720899722e-01
6.000795370493519076e-01
6.000395108110948561e-01
6.000109746151347512e-01
6.000265726867769489e-01
5.999456322741950620e-01
5.999457158918152233e-01
6.000315112053359323e-01
5.999573535677734659e-01
5.999689943612069865e-01
5.999440922321837011e-01
5.999814473493001454e-01
5.999939668888886191e-01
5.999085913387526281e-01
5.999199435707527339e-01
5.999108068239860092e-01
5.999052359301412229e-01
5.999072263166419505e-01
5.999068077013562927e-01
5.999143867379347350e-01
5.998714127687835296e-01
5.998852404686996209e-01
5.998874219669362295e-01
5.998680344505401552e-01
5.998815554096909031e-01
5.998459745538481380e-01
5.998617224210026633e-01
5.997948877593121120e-01
5.998009930542240742e-01
5.998332786491976654e-01
5.997918198193941119e-01
5.997694095901132672e-01
5.998004585244151032e-01
5.997687040856241047e-01
5.997821444487667630e-01
5.997503195494287009e-01
5.997501487561243128e-01
5.997623473916263714e-01
5.997579409259505834e-01
5.998163921645972563e-01
5.997436565115110696e-01
5.997726027520783321e-01
5.997457668695734823e-01
5.998113368306470239e-01
5.996980850853437239e-01
5.996647875026530627e-01
5.996649053878135849e-01
5.996446701848828775e-01
5.995891353141626912e-01
5.996435743366440585e-01
5.995726298813064403e-01
5.995973684489215305e-01
5.995711424121805688e-01
5.996731633511181991e-01
5.995765050548041986e-01
5.995963069025653791e-01
5.995434043456020490e-01
5.995284430121017305e-01
5.995268014129477852e-01
5.995251368375184020e-01
5.995277966263786729e-01
5.995883587845923790e-01
5.995306440829788475e-01
5.995437644810098776e-01
5.995358469956549863e-01
5.995339063621992759e-01
5.995341551593781348e-01
5.995479631931344144e-01
5.995350266238341774e-01
5.995306851181632091e-01
5.995117475934319540e-01
5.994688624772399610e-01
5.994619906063770598e-01
5.994896223898829035e-01
5.994600637964532241e-01
5.994511019703259169e-01
5.994537478100245842e-01
5.994763181519863204e-01
5.994529934582272235e-01
5.994930903443405068e-01
5.994522141724869524e-01
5.994317836761842155e-01
5.994370933499487686e-01
5.995392647142204767e-01
5.994375543141946538e-01
5.994784475001825319e-01
5.994315937141143635e-01
5.995631426043348533e-01
5.994204090803809670e-01
5.993883831382303962e-01
5.993960211433977392e-01
5.994290820704585299e-01
5.993810310106046924e-01
5.994138614695831979e-01
5.993757153723415776e-01
5.994240885542081454e-01
5.994433319689603801e-01
5.993325075204979369e-01
5.993436111507605135e-01
5.993316207809966656e-01
5.993029782100348646e-01
5.992895362410310955e-01
5.993293947563141932e-01
5.993276284754375238e-01
5.993213839440534318e-01
5.992780820740409853e-01
5.992945865549886841e-01
5.992995325571649490e-01
5.992782887405174730e-01
5.992753305424052268e-01
5.992752563929811815e-01
5.993137818136415884e-01
5.992971370333709524e-01
5.992853528974932953e-01
5.993047869831885643e-01
5.992789546207308859e-01
5.993017964479753212e-01
5.993061138465255455e-01
5.992590018636005933e-01
5.993062041482166702e-01
5.992937759986496360e-01
5.992831152013308182e-01
5.992620039394600528e-01
5.993056804560541462e-01
5.992563946898362692e-01
5.992859923872458916e-01
5.992557000378260224e-01
5.992510119146624570e-01
5.992249565441216674e-01
5.992398409608805654e-01
5.992225416965043516e-01
5.991929760313852160e-01
5.991988108741916896e-01
5.991711746923558124e-01
5.991900744524601974e-01
5.991747779103144822e-01
5.991489035832587851e-01
5.992153430944885395e-01
5.991470655369265375e-01
5.991445354381833566e-01
5.991290168809977335e-01
5.991300598364519558e-01
5.991300146877722721e-01
5.991187662620183207e-01
5.991165011708152743e-01
5.991075937482909231e-01
5.991152372221664191e-01
5.990882073846967026e-01
5.990870900573328495e-01
5.991508254670775413e-01
5.991120507505676152e-01
5.991194644209970610e-01
5.990801860454674221e-01
5.990833222816641657e-01
5.990781693190435631e-01
5.990606950276079479e-01
5.990525930572213609e-01
5.991293940167723431e-01
5.990510086634124320e-01
5.990851287389591384e-01
5.990582536335065100e-01
5.991428580392247349e-01
5.990629548311250385e-01
5.990403828868655633e-01
5.990301104969494306e-01
5.990518440142820200e-01
5.990418213813338832e-01
5.991291838676419124e-01
5.990380101660710555e-01
5.990578078241595161e-01
5.990513025864989682e-01
5.990852039373074645e-01
5.990068667225870724e-01
5.990068013621455689e-01
5.990129299088299275e-01
5.990128139903844184e-01
5.990099984821954937e-01
5.990319965658127410e-01
5.989906392660694356e-01
5.990144792956825226e-01
5.990020009422818426e-01
5.989978012999644941e-01
5.990039019120102504e-01
5.989359224582072594e-01
5.989210149091442892e-01
5.989123340784073823e-01
5.989089029699207201e-01
5.988684344374254342e-01
5.988833207979106232e-01
5.989149967907508865e-01
5.989071523984011991e-01
5.989031371764849121e-01
5.988646266055548395e-01
5.988736374857877021e-01
5.988873853012760540e-01
5.988324339014019504e-01
5.988419669732286676e-01
5.988078045171520980e-01
5.987959790323108544e-01
5.987427743693524151e-01
5.987713255039591731e-01
5.987464711400479755e-01
5.987393609327329447e-01
5.987343277114369755e-01
5.987406862380302286e-01
5.987267685472393852e-01
5.987614910897940401e-01
5.987251335430164856e-01
5.987566005183094786e-01
5.987442906098928708e-01
5.987143311536715640e-01
5.987315582691867810e-01
5.987347079723286392e-01
5.987353736200138332e-01
5.987021362805219349e-01
5.987029038136619796e-01
5.987007956025868216e-01
5.987120737555242656e-01
5.986662448732883446e-01
5.986600900173554285e-01
5.986542303415336441e-01
5.986231874267622377e-01
5.988004561108017931e-01
5.986315026141885154e-01
5.986696585481813271e-01
5.986248198690964362e-01
5.985447871567709521e-01
5.985180732002548520e-01
5.985200511812051039e-01
5.985249548382020057e-01
5.985287030740594760e-01
5.984748339246021009e-01
5.984683396466757843e-01
5.984809908571969705e-01
5.985276499864582433e-01
5.985270941174565262e-01
5.984871931344268869e-01
5.984726508162601100e-01
5.984843058428170881e-01
5.984571027161016410e-01
5.984665494097513028e-01
5.984189860503575931e-01
5.984180068581042011e-01
5.984461718545640574e-01
5.984302134190820910e-01
5.984308651475521712e-01
5.984205803408975122e-01
5.984452320897692967e-01
5.984231683142654523e-01
5.984182095232448706e-01
5.984144497861559886e-01
5.984809585199823978e-01
5.984250676416283943e-01
5.984398730181985648e-01
5.984259149860995386e-01
5.983967366942755106e-01
5.983882820207840902e-01
5.984041046926562579e-01
5.983827513339199378e-01
5.984423743447264687e-01
5.983833757140436527e-01
5.983788297850501925e-01
5.984318619726058941e-01
5.984575648169736528e-01
5.983675939756417650e-01
5.984357013063250630e-01
5.984721589655132012e-01
5.983484186484459011e-01
5.983462682097240304e-01
5.983286764018307391e-01
5.983571362213901956e-01
5.983258050476516487e-01
5.983545071873506149e-01
5.983952976962426673e-01
5.983337370749697293e-01
5.983178266811003398e-01
5.983032266214004524e-01
5.983096308234359118e-01
5.983209760273351385e-01
5.983396460554162299e-01
5.983082407918587364e-01
5.982879503038451841e-01
5.983101742261629497e-01
5.982820753678821379e-01
5.982948493362358899e-01
5.982931155558198766e-01
5.982885251511103064e-01
5.982886492301331405e-01
5.982621477912152264e-01
5.982692936157464336e-01
5.982742014962758592e-01
5.982866265092977587e-01
5.982652616540874435e-01
5.982831868684473919e-01
5.983244893970713907e-01
5.981521162338606645e-01
5.981664518450453549e-01
5.981509383791914214e-01
5.981624079108427416e-01
5.981441858092239050e-01
5.981917430045172734e-01
5.982400274243604432e-01
5.981478751618531930e-01
5.980627877104665036e-01
5.979792443820662884e-01
5.979731336681182174e-01
5.979654623638912536e-01
5.979677569411558924e-01
5.979778394495635085e-01
5.980094810297565955e-01
5.979551260133071366e-01
5.979561750577708779e-01
5.979644913339752232e-01
5.979526577910737606e-01
5.979638003602495422e-01
5.979441674666757800e-01
5.979677471314379655e-01
5.979695671004301438e-01
5.979595705194061805e-01
5.979634160359263984e-01
5.979421565571060304e-01
5.979574655603682176e-01
5.979643170700195132e-01
5.979673651390501332e-01
5.979416591552907390e-01
5.979447548931199341e-01
5.979276189273654563e-01
5.979771483308157221e-01
5.979335457974146451e-01
5.979373807860874912e-01
5.979295178483516882e-01
5.979351046847425355e-01
5.979372026200133750e-01
5.979436270518190266e-01
5.979291907962455133e-01
5.980135623845804771e-01
5.978801800454094373e-01
5.978461915836325025e-01
5.978493394599871946e-01
5.978882341421281055e-01
5.978398484162988913e-01
5.978849081560719814e-01
5.978259432379435800e-01
5.980363281148504129e-01
5.978435122571817972e-01
5.978114505279139568e-01
5.978181129579246411e-01
5.977959108077846029e-01
5.978048260848826123e-01
5.978403535301076710e-01
5.978064157321130168e-01
5.978343713539874260e-01
5.977891013128704412e-01
5.978227417399070154e-01
5.977939210377679613e-01
5.977853672064570301e-01
5.977952438828370019e-01
5.978228020274303223e-01
5.977789652778126017e-01
5.978162584630456466e-01
5.977930748634672220e-01
5.978389752371244814e-01
5.977999216876488386e-01
5.978074593363457145e-01
5.977705104092376764e-01
5.977357265792784258e-01
5.977406316092238603e-01
5.977584044880758229e-01
5.977428383664487033e-01
5.977708904547678337e-01
5.977350178956163385e-01
5.977839454823017373e-01
5.977438360131088757e-01
5.977350515368302641e-01
5.977367908705119026e-01
5.978400368716133562e-01
5.977720292710563266e-01
5.977431915867976731e-01
5.976916464367768578e-01
5.977169229452518051e-01
5.976837774393426450e-01
5.977010789930914392e-01
5.976963848958497527e-01
5.977290123146671297e-01
5.976887304575815296e-01
5.977274022613460192e-01
5.976934741960441277e-01
5.977279720234499605e-01
5.976869916329551335e-01
5.977008666885286203e-01
5.976808376021004454e-01
5.976799757869633023e-01
5.976924544565689335e-01
5.977211002159585895e-01
5.976857158379752510e-01
5.977232242131678142e-01
5.976766491977497653e-01
5.976418201252472473e-01
5.976665770717994874e-01
5.976243949163182467e-01
5.975966267926446918e-01
5.976124338889180487e-01
5.975965762516647350e-01
5.976254030000932582e-01
5.976218075975608945e-01
5.975864470331525569e-01
5.975891529353309917e-01
5.976340409000129306e-01
5.975997454979309342e-01
5.976209824191242026e-01
5.975615431343327399e-01
5.974985039567670686e-01
5.975014580837874067e-01
5.975475981393649771e-01
5.975008600495720357e-01
5.975355381510081276e-01
5.975065751800011649e-01
5.974874502081344296e-01
5.975072520731745662e-01
5.975608949902048161e-01
5.974887714032385277e-01
5.975078688240040847e-01
5.974845998071640629e-01
5.975436466710454253e-01
5.974903633125536739e-01
5.974260435612409603e-01
5.974238002073620768e-01
5.974186231405140823e-01
5.974205080688065328e-01
5.974157002254456561e-01
5.974197861265351239e-01
5.974543794072930680e-01
5.974042775575547637e-01
5.974061238739335478e-01
5.974146074939783446e-01
5.974522910605039039e-01
5.974159040933475495e-01
5.974434743205259135e-01
5.975132471155518710e-01
5.973482712651569937e-01
5.973282409353803946e-01
5.973253634204068740e-01
5.973232005869307804e-01
5.972770099690704049e-01
5.972830317715621673e-01
5.973096092328018525e-01
5.973088956849161857e-01
5.972869493204043811e-01
5.972884535981145548e-01
5.972992745372979195e-01
5.972999658623694419e-01
5.973580078114683056e-01
5.972668395729714419e-01
5.972576506606288582e-01
5.972854396620014272e-01
5.971447358971514463e-01
5.971704334113037138e-01
5.971923693726003401e-01
5.971434373855815103e-01
5.971429289614010871e-01
5.971455241590122309e-01
5.972577727068490994e-01
5.971481120680439680e-01
5.971368596048358679e-01
5.971395997949520140e-01
5.971812258611485236e-01
5.971425779635340936e-01
5.971161113891308991e-01
5.971165864562557601e-01
5.972909089288046536e-01
5.971167918053135182e-01
5.970092877285330113e-01
5.969906617423169637e-01
5.969847080221902802e-01
5.970466425497514829e-01
5.969905416273564303e-01
5.970035156526009024e-01
5.970003343583505373e-01
5.970018967852613878e-01
5.969800857437361774e-01
5.970046720489502468e-01
5.969618283102346989e-01
5.970572186239138102e-01
5.969936026586575295e-01
5.969392739243796209e-01
5.969321953729962438e-01
5.969164888116077483e-01
5.969138308909852642e-01
5.969196437395472010e-01
5.969227563172820883e-01
5.969125565785656784e-01
5.969078844079331869e-01
5.969495160854247917e-01
5.968755383343564702e-01
5.969704634253695241e-01
5.968658483520969948e-01
5.970604804385418740e-01
5.968645326036216003e-01
5.968556491317748014e-01
5.968475476379652145e-01
5.968213391063927897e-01
5.968266293064081740e-01
5.968464690671124728e-01
5.968299183099338157e-01
5.968936097925601203e-01
5.968244575306768107e-01
5.968649707915246738e-01
5.968268320778603586e-01
5.968231235070483587e-01
5.968355708270663973e-01
5.968377631592813870e-01
5.968343118288208515e-01
5.968545037616520554e-01
5.968253180994004259e-01
5.968610394891616933e-01
5.968353001566072402e-01
5.968691007184825370e-01
5.968266700702018479e-01
5.968826714972734759e-01
5.968083275197012538e-01
5.968419907837633209e-01
5.968080946625914374e-01
5.969647584363556581e-01
5.968000696521127413e-01
5.968334680620872579e-01
5.968443914609300460e-01
5.968782354358169728e-01
5.968254148470707454e-01
5.967986877171667093e-01
5.967999560125225589e-01
5.968001323818145076e-01
5.968051875605013823e-01
5.968006716313897231e-01
5.968059079360747976e-01
5.968015376593153176e-01
5.968295963308607455e-01
5.968527654588083875e-01
5.968239677363176288e-01
5.967839096637170826e-01
5.967948145220317580e-01
5.967920479234050113e-01
5.967915856784488104e-01
5.967978219477541035e-01
5.967841087272821587e-01
5.967824317056152905e-01
5.968176473343231869e-01
5.967534935471603408e-01
5.968080203054951793e-01
5.967343843214052423e-01
5.967895990122429328e-01
5.967299306896960420e-01
5.967429515737062706e-01
5.967288125872655113e-01
5.967441614221582480e-01
5.967269806604690308e-01
5.967224606743040116e-01
5.967316475517893126e-01
5.967067917064494686e-01
5.966991340193311677e-01
5.967188804216561060e-01
5.967055625704760224e-01
5.967158256027429442e-01
5.967093969279682053e-01
5.967047131264907600e-01
5.966887621663108376e-01
5.967062004202708936e-01
5.966976153997232135e-01
5.967123649168604160e-01
5.967032023382762285e-01
5.967062579056183758e-01
5.967474011054398897e-01
5.968209040075934668e-01
5.966918522592179475e-01
5.967034977277881902e-01
5.966962046094079763e-01
5.966908950946555601e-01
5.966860990394377007e-01
5.966955927513050151e-01
5.967065562461548733e-01
5.966653541590007936e-01
5.966627316493076094e-01
5.966554465286006970e-01
5.966663392310134206e-01
5.966252453765206187e-01
5.966278736240652192e-01
5.966236215635769558e-01
5.966167082089732787e-01
5.967735920465591093e-01
5.966978713184035721e-01
5.964921498905957353e-01
5.964835106594957859e-01
5.965308257537855763e-01
5.964728397810944438e-01
5.964593808867452163e-01
5.964778993832846599e-01
5.966500255507195538e-01
5.964650821720175466e-01
5.965144669750056527e-01
5.964440182078352137e-01
5.964104628927409113e-01
5.964070910295438122e-01
5.963909138526533038e-01
5.963942949873423105e-01
5.963781961680341137e-01
5.964027597255040503e-01
5.963914140989627910e-01
5.963907305106131984e-01
5.963748821050171012e-01
5.963788775154047483e-01
5.963887661306422894e-01
5.963886806327700629e-01
5.963744654969901360e-01
5.963581794559164040e-01
5.963628919151805485e-01
5.963571640699291132e-01
5.963518421192490759e-01
5.963530879407457075e-01
5.963853010259868581e-01
5.963650487492400121e-01
5.964404896992933081e-01
5.963598757981189991e-01
5.964113727488928873e-01
5.963809229297949432e-01
5.963061797850490731e-01
5.963129530470712147e-01
5.964078183266238176e-01
5.963004786973682414e-01
5.963464603193775471e-01
5.963012645851714089e-01
5.964323306176957384e-01
5.962966709144874589e-01
5.962344827683835335e-01
5.962399573773972117e-01
5.962126867072039538e-01
5.962837853376183883e-01
5.962254909922959367e-01
5.962246497170926585e-01
5.962154363133538304e-01
5.963329003843476084e-01
5.962058664479610304e-01
5.961335993404489608e-01
5.961391350936000588e-01
5.961505572865061220e-01
5.961356373662566321e-01
5.961752449001435084e-01
5.961568777608656777e-01
5.961380903087830641e-01
5.961414964045659293e-01
5.961261240964831343e-01
5.961075254273664470e-01
5.960798880139223099e-01
5.960769862416699372e-01
5.960924770769141512e-01
5.960739164836779125e-01
5.960702753026398959e-01
5.960765377016076227e-01
5.960651241415009238e-01
5.960804308368528037e-01
5.960980336460602880e-01
5.960754873518051555e-01
5.960838723008501372e-01
5.960700391850571878e-01
5.961620188290606137e-01
5.960659719845196047e-01
5.960676084680036624e-01
5.960609983892657393e-01
5.961723670706323697e-01
5.960315677536834889e-01
5.960912160634533885e-01
5.960186815082989531e-01
5.961486842381129581e-01
5.959844122963394719e-01
5.959095348783113311e-01
5.959800170166856814e-01
5.959087486632776987e-01
5.958947813905468571e-01
5.959129056112308920e-01
5.959069575081125114e-01
5.958934591567279782e-01
5.960186142791734643e-01
5.959198079772014545e-01
5.959322029240861074e-01
5.959167910409954860e-01
5.959493053600930512e-01
5.958936317467424804e-01
5.959207297876770726e-01
5.958740182424966392e-01
5.958570930325270965e-01
5.958494981402170376e-01
5.959162144430698582e-01
5.958462758511803292e-01
5.958173056178684979e-01
5.958266167441765848e-01
5.958623698823166670e-01
5.958058090036443266e-01
5.958424081462707633e-01
5.957975980238067182e-01
5.957967894630863404e-01
5.957749103380708400e-01
5.957300854093997566e-01
5.957404993185528852e-01
5.957928989102128092e-01
5.957332730036198898e-01
5.958126364391123087e-01
5.957126838905809629e-01
5.957146602635337018e-01
5.957126617551903314e-01
5.957864606496743320e-01
5.957087200382844561e-01
5.957758349708691670e-01
5.956990001535458212e-01
5.958509749972252800e-01
5.956998235630870386e-01
5.958334447572634085e-01
5.956825190598431519e-01
5.956312904575109535e-01
5.956432277148453469e-01
5.956726566259629152e-01
5.956342310122406669e-01
5.956315608851038279e-01
5.956354525147962153e-01
5.956495588671639752e-01
5.956387509633134236e-01
5.956500771296574515e-01
5.956438847843382733e-01
5.956579500761426393e-01
5.956669760054414953e-01
5.956657589281764142e-01
5.956365526774242136e-01
5.956811471739892339e-01
5.956217544287424337e-01
5.956281571966537403e-01
5.956404776661686773e-01
5.956414129772538146e-01
5.956362873005097702e-01
5.956972728725060673e-01
5.956396480061493248e-01
5.956857716413032078e-01
5.956100210829402553e-01
5.955825168853476903e-01
5.955488659149492658e-01
5.955352351791808330e-01
5.955620951327698087e-01
5.955818598782985918e-01
5.955561461624720998e-01
5.955586658270631828e-01
5.955340237912132295e-01
5.955829247240698177e-01
5.955392976574548358e-01
5.955547215250410753e-01
5.955315195902787240e-01
5.955596839346131155e-01
5.955242067965529351e-01
5.955306418011916403e-01
5.955286415965174163e-01
5.955482572825328003e-01
5.955852152990503967e-01
5.955713717018706888e-01
5.955350232009670730e-01
5.955050779586347209e-01
5.955077576500793501e-01
5.955227774030893428e-01
5.955041992723751898e-01
5.955188921583747241e-01
5.955307563371279311e-01
5.955121370435728645e-01
5.954704512293415020e-01
5.954807376422137644e-01
5.954742783227732206e-01
5.954884804342865934e-01
5.954706084044766312e-01
5.954979710695378348e-01
5.954857160641560121e-01
5.954892964041123005e-01
5.954834455813501348e-01
5.954908288167155561e-01
5.954637126187081186e-01
5.955261308488386529e-01
5.954837265445827033e-01
5.954399388665221338e-01
5.954726522506993414e-01
5.954692823352260023e-01
5.954565849003617961e-01
5.954229992508930369e-01
5.954278981321325936e-01
5.953968147595312121e-01
5.953986358653348132e-01
5.953886541686352896e-01
5.953904393503287595e-01
5.953881773541216393e-01
5.953557434898318901e-01
5.954245418323023120e-01
5.953772165085408075e-01
5.952919639198321899e-01
5.952667542222185304e-01
5.952700977221238032e-01
5.952461139413531832e-01
5.952482664929272804e-01
5.952427152982138203e-01
5.952784231018851679e-01
5.952471951746509671e-01
5.952546076270932573e-01
5.952334699046967215e-01
5.952220548646985909e-01
5.952048079223229982e-01
5.952214256618982846e-01
5.952256503235984209e-01
5.952046478376906702e-01
5.952240291217388846e-01
5.952281959694241120e-01
5.952145420192918035e-01
5.952111461156049943e-01
5.952171468108671260e-01
5.951983833287548542e-01
5.952255674905030380e-01
5.951914477761527378e-01
5.952577708742526896e-01
5.951997210495999502e-01
5.952400956041722369e-01
5.951954483803412188e-01
5.952587478486016659e-01
5.951925132522661865e-01
5.952415204381727998e-01
5.951905591469819345e-01
5.952063076156831611e-01
5.951991906953313372e-01
5.951538714067707847e-01
5.951645045819894397e-01
5.951687535282028652e-01
5.951475551492011462e-01
5.951526963855279240e-01
5.951492100897068926e-01
5.953296187704922859e-01
5.951431988419869645e-01
5.951560275445211268e-01
5.951486488391016794e-01
5.951475676235343792e-01
5.951325737080201961e-01
5.951076673645859794e-01
5.951318672268532950e-01
5.951876232211674722e-01
5.950833122752732240e-01
5.950885033663997348e-01
5.950925492210793477e-01
5.951132967114505234e-01
5.950850413599255706e-01
5.950738328510164488e-01
5.950669653309477170e-01
5.950936182519572792e-01
5.951005655456691468e-01
5.951386238672812246e-01
5.951101525524743474e-01
5.950893731331083902e-01
5.950717752428017482e-01
5.951318036898678443e-01
5.950576243747446314e-01
5.950594670818595278e-01
5.950535181745724156e-01
5.950911859160720185e-01
5.950608885811707882e-01
5.950765307327685605e-01
5.950618540990337824e-01
5.950614504827362872e-01
5.950574046507488557e-01
5.950456218734608838e-01
5.950336423248728801e-01
5.950337969807384386e-01
5.950672655978644920e-01
5.950621191608438387e-01
5.950509523946329038e-01
5.950409335643839226e-01
5.950311165006225700e-01
5.950322057986268121e-01
5.950345383434383351e-01
5.950740999163628420e-01
5.950357578524271274e-01
5.950629709389047006e-01
5.950282365381370786e-01
5.950639473084545772e-01
5.950563017890774242e-01
5.950029410192823054e-01
5.949985891532993953e-01
5.950349946046245009e-01
5.950213375048721831e-01
5.950041702441268843e-01
5.950088313495682790e-01
5.950384419138625702e-01
5.950059956621542856e-01
5.949964698651333261e-01
5.950135312198689963e-01
5.950379473683614640e-01
5.950029612545915114e-01
5.950018494897000298e-01
5.950013493389841868e-01
5.950637942369583211e-01
5.950292333713822490e-01
5.950123642681973690e-01
5.950262221580616684e-01
5.950426858126025564e-01
5.949891638926347870e-01
5.950109125331222160e-01
5.949880997694432239e-01
5.949957476868587003e-01
5.949945613150727786e-01
5.949551598986243528e-01
5.949971219007651468e-01
5.949631381774268535e-01
5.950085186009681504e-01
5.949378222435973695e-01
5.949362016451948953e-01
5.949300917339639394e-01
5.949343082906383140e-01
5.949295149067743704e-01
5.949121217206517764e-01
5.949389273207392748e-01
5.949054849033523773e-01
5.948760826234233967e-01
5.948962370253694232e-01
5.949016312902044579e-01
5.948753533178704478e-01
5.948402501117598939e-01
5.948355414503249117e-01
5.949111736973687892e-01
5.948403266055430905e-01
5.948743066139074998e-01
5.948565931317754130e-01
5.948571257193587813e-01
5.948487707874745567e-01
5.948593147118069746e-01
5.948533036950541808e-01
5.948581006826471063e-01
5.948281220163736949e-01
5.948496787435898492e-01
5.948298634829001230e-01
5.948165324101882812e-01
5.948214391569518478e-01
5.948315408499779133e-01
5.948205054144329873e-01
5.948131066416452173e-01
5.948141422790779176e-01
5.949780654773449973e-01
5.948401463434090930e-01
5.947947947811703662e-01
5.947887340329361949e-01
5.947646024931119157e-01
5.947692179188656114e-01
5.948172617092835068e-01
5.947754494832052652e-01
5.947684983498673361e-01
5.947619619343591513e-01
5.947644368826690009e-01
5.947327340613998148e-01
5.948076284449038686e-01
5.947177039345105110e-01
5.946882719267801987e-01
5.947284527328584591e-01
5.950008049562490742e-01
5.947081751809558670e-01
5.946082024272909550e-01
5.946037110386681590e-01
5.946066414291962809e-01
5.946507309831277066e-01
5.946061143217947764e-01
5.946099513796200275e-01
5.946031147017061258e-01
5.945851574543483675e-01
5.945839104102289552e-01
5.945931624112404945e-01
5.945942769435875741e-01
5.945989388165757727e-01
5.945817202054121120e-01
5.946069611189822579e-01
5.945695301980459258e-01
5.945761019812840775e-01
5.945851007336628857e-01
5.945467285090999532e-01
5.945422192151229579e-01
5.946109323249113565e-01
5.945263506222934202e-01
5.945359342530432967e-01
5.945231925396361472e-01
5.945339002767549008e-01
5.945181461939063050e-01
5.945776837823828487e-01
5.945210125383434407e-01
5.945358338520344565e-01
5.945334270805106014e-01
5.945844071336826575e-01
5.945168128212399150e-01
5.944721912812404030e-01
5.945198635188091441e-01
5.944887959217235451e-01
5.945126628257322299e-01
5.944771477529866566e-01
5.945205897104232085e-01
5.944961219570201738e-01
5.944847290495213210e-01
5.945458089267484647e-01
5.944430651999444981e-01
5.944433688536489013e-01
5.944163175278741607e-01
5.944174884902784228e-01
5.944616329331562365e-01
5.944142288970124532e-01
5.944178696529830441e-01
5.944197546811580413e-01
5.944476094962264368e-01
5.944191744197673266e-01
5.944384290155676487e-01
5.944028767810541902e-01
5.944094039320481082e-01
5.944068851980988111e-01
5.943749038512136096e-01
5.943666200553887613e-01
5.943874414261037797e-01
5.943806441743454405e-01
5.943535414184187848e-01
5.943660382330232528e-01
5.943687883652921666e-01
5.943664198088577377e-01
5.943388959015273310e-01
5.943463235476468265e-01
5.943237266840922794e-01
5.943275215081651464e-01
5.943246402024060515e-01
5.943242721275311391e-01
5.943367977116017498e-01
5.943180964776971775e-01
5.943523132990323754e-01
5.942980709674179352e-01
5.943610880032846877e-01
5.943055670114326672e-01
5.943526754242617338e-01
5.943025398895950273e-01
5.943986004123167355e-01
5.943072991535212068e-01
5.943105215412105569e-01
5.942920360811457803e-01
5.943353151504331411e-01
5.942881187626091188e-01
5.942950297310789498e-01
5.942900294049948684e-01
5.943028935117280476e-01
5.942903167884800997e-01
5.942983021311397662e-01
5.943000473443885712e-01
5.942890119700305895e-01
5.942978443923901954e-01
5.943012019796144463e-01
5.942896297979111120e-01
5.943115185688762070e-01
5.943106601288254964e-01
5.942944958638912700e-01
5.942925984514225712e-01
5.943055280098095139e-01
5.942909058647078968e-01
5.942955468818463816e-01
5.942820190340392106e-01
5.942921502009077539e-01
5.942820827549551987e-01
5.942904558968230555e-01
5.942739982993452408e-01
5.942810119900333587e-01
5.942615205177614879e-01
5.942696286819290075e-01
5.942566077944219094e-01
5.942610150361042898e-01
5.942906401052695520e-01
5.942579121152317123e-01
5.942055585934474804e-01
5.941967528572132951e-01
5.941974781865662081e-01
5.941706319319924878e-01
5.941686295271452201e-01
5.941698524208910426e-01
5.941671643874967268e-01
5.941580375950960002e-01
5.941556951986748381e-01
5.941572777565327090e-01
5.941699850814676775e-01
5.941623034222823785e-01
5.941654602513483097e-01
5.941688058642231596e-01
5.941506560662308534e-01
5.941601463175816278e-01
5.941368086647420554e-01
5.941420655855651489e-01
5.941229146692701413e-01
5.941205095031103500e-01
5.941151584093480320e-01
5.941266268736319356e-01
5.941391826512562035e-01
5.941110415681213341e-01
5.941150198543888594e-01
5.941117750091935434e-01
5.941165678160469366e-01
5.941147805190064579e-01
5.941229343435631138e-01
5.941086236536992082e-01
5.940946889173559509e-01
5.941012243193888320e-01
5.940832187238542783e-01
5.940773154822525104e-01
5.940717868829766823e-01
5.940682607781053726e-01
5.940701735767930369e-01
5.940630067472569831e-01
5.940807454044475522e-01
5.940496634382373964e-01
5.941397540919416409e-01
5.940527738201499819e-01
5.940428571153967274e-01
5.940422759083870963e-01
5.940405077805054335e-01
5.940274654951256394e-01
5.940088684866897673e-01
5.940193276161335190e-01
5.940026931123858489e-01
5.939984659515721299e-01
5.940117089598544453e-01
5.939985916627174012e-01
5.940205136948437659e-01
5.940025858629924826e-01
5.940134065448049450e-01
5.939988903115502872e-01
5.940019386183438277e-01
5.940003019865814915e-01
5.940318934210490065e-01
5.939962590856289193e-01
5.940086574783561835e-01
5.939930699388611401e-01
5.939918275772625433e-01
5.939922849065065735e-01
5.940120484747339891e-01
5.939929475728299435e-01
5.940012269281853552e-01
5.939941131598285295e-01
5.939935905588961118e-01
5.939913029552952306e-01
5.940094792025218950e-01
5.939993223262453048e-01
5.940343641016057052e-01
5.939627405156576723e-01
5.939448361247796626e-01
5.939649051210574848e-01
5.939452479351352565e-01
5.939458483349894236e-01
5.939429021646430717e-01
5.939477216832020900e-01
5.939437230033235426e-01
5.939574064813868404e-01
5.939453794662564734e-01
5.939615723299164207e-01
5.939373409610954058e-01
5.939903216037604183e-01
5.939543092874968178e-01
5.939074811794944342e-01
5.938944475405849577e-01
5.939081213331559583e-01
5.938975288589036783e-01
5.938952981386685925e-01
5.938836247672246715e-01
5.938776706447530529e-01
5.938747874803725901e-01
5.938805666828210761e-01
5.938855550007440254e-01
5.938757336698997635e-01
5.938750460339458082e-01
5.938769773637141425e-01
5.938782624832332768e-01
5.938777060737144842e-01
5.938721125311324789e-01
5.938770618047404248e-01
5.938849026326344926e-01
5.938791093123255704e-01
5.938671662930916639e-01
5.938644693640978689e-01
5.938719713854648807e-01
5.938655726696313586e-01
5.939022774981269626e-01
5.938654189297035702e-01
5.938843261545185825e-01
5.938651532126888455e-01
5.938228287429095920e-01
5.938922925653081775e-01
5.938285410703583178e-01
5.937976676171630164e-01
5.938054308612089605e-01
5.938075178360676665e-01
5.937998455145682142e-01
5.937975911082474800e-01
5.937976917734018034e-01
5.937987835944203985e-01
5.937990341230836577e-01
5.937939717356687241e-01
5.937951244592600819e-01
5.938439042347882779e-01
5.937991801229830502e-01
5.938388076006675398e-01
5.937931613500515571e-01
5.937659358386098152e-01
5.937791049614353778e-01
5.937870200306236690e-01
5.937719613603297253e-01
5.937568156338431935e-01
5.937439280011306275e-01
5.937558612895725840e-01
5.937470212791601254e-01
5.937472824391617499e-01
5.937572042209746659e-01
5.937219155660046210e-01
5.937197241227311073e-01
5.937104660462397820e-01
5.937091184476893657e-01
5.937183616761317895e-01
5.937091121493059953e-01
5.937067265271299688e-01
5.937041669612861394e-01
5.937610014812934045e-01
5.937042848862105204e-01
5.936957548349176550e-01
5.936961312209206865e-01
5.937128526084972657e-01
5.936973656203569094e-01
5.937348257939225604e-01
5.937377170072766219e-01
5.937082646910811778e-01
5.937012151473322064e-01
5.937241785803981653e-01
5.936973126349506247e-01
5.936437454085474741e-01
5.936243638621749863e-01
5.936256405779730683e-01
5.936462387832085463e-01
5.936282242472563642e-01
5.936336809043757379e-01
5.936275576476750526e-01
5.936431318676131941e-01
5.936253320326142502e-01
5.936284550919608272e-01
5.936313601418048425e-01
5.936493536472380317e-01
5.936243247279817670e-01
5.936364019212758691e-01
5.936283218388802574e-01
5.936331021520483420e-01
5.936251836956180084e-01
5.936730065808679679e-01
5.936275826621464358e-01
5.936316717170180279e-01
5.936234792341315014e-01
5.936602328359261715e-01
5.936499340761456356e-01
5.935703588829251975e-01
5.935518090022586790e-01
5.935522367543235589e-01
5.935452728997699934e-01
5.935437987763443335e-01
5.935399620256271991e-01
5.935396633895861918e-01
5.935083732130848055e-01
5.935083917486972949e-01
5.935088966451419479e-01
5.935108170527308991e-01
5.935067537675006166e-01
5.935067366931799926e-01
5.935072320061047790e-01
5.935094288094235893e-01
5.935085523116017114e-01
5.935129429391564626e-01
5.935322615507616639e-01
5.935013379650194709e-01
5.935100012080881671e-01
5.934553383595535525e-01
5.935369669667320824e-01
5.934527295370478628e-01
5.934154939746810742e-01
5.934153909831991758e-01
5.934012513408980505e-01
5.934067452033383594e-01
5.933918306392433895e-01
5.933936230291650960e-01
5.933935950372241086e-01
5.933922609647171997e-01
5.934019335422087149e-01
5.933915446140265448e-01
5.934016766576852842e-01
5.933907132977594978e-01
5.933978894691398498e-01
5.933962133605793499e-01
5.933941187443233511e-01
5.933908805586034507e-01
5.934500694671344112e-01
5.934024525030606734e-01
5.934187740685149537e-01
5.933938345542559833e-01
5.934103370435920288e-01
5.933880694755566676e-01
5.934571559921691941e-01
5.933885198610906464e-01
5.933760434181655219e-01
5.933839663742805914e-01
5.933332213531391508e-01
5.933221526644624211e-01
5.933228592825456893e-01
5.932862524090353196e-01
5.932618374203837419e-01
5.932369633299503509e-01
5.932356762164583408e-01
5.932391077977585692e-01
5.932283144034059541e-01
5.932262349651201694e-01
5.932158477099221949e-01
5.932105677074945849e-01
5.932193035460981978e-01
5.932272026005072085e-01
5.931822716063356316e-01
5.931779467539014528e-01
5.931736307852844003e-01
5.931491825807885254e-01
