1.435294510543607460e+00
1.435071207009876115e+00
1.432349977097632898e+00
1.425521235985095059e+00
1.494404587050807809e+00
1.237301812926514977e+00
1.020905713753947897e+00
8.470348759602481792e-01
8.497883360480380510e-01
8.481427974153581406e-01
8.507382614611985749e-01
8.451977843553551972e-01
8.381725175788131699e-01
8.386894622038525426e-01
8.476685466420241788e-01
8.388232302763682924e-01
8.475525627023097197e-01
8.503679349045495384e-01
9.150451268819035366e-01
8.444384297303351161e-01
8.384500300804599293e-01
8.377610753737849691e-01
8.321936249973680422e-01
8.415054371153759538e-01
8.655225441085541149e-01
9.371798463208659280e-01
7.416860164481763329e-01
7.332843106426857327e-01
7.392840190221134922e-01
7.346376728839092429e-01
7.335919561873174288e-01
7.321624255074586918e-01
7.797374110764705435e-01
7.609015698703476271e-01
7.323531070500334250e-01
7.366046876551353151e-01
7.415221354035848034e-01
7.364969251120232485e-01
7.300700490674359999e-01
7.303743904802458831e-01
7.292552352289215500e-01
7.284980600506648640e-01
7.301334056212502865e-01
7.290935705519623333e-01
8.021016416112607406e-01
7.072964357903651633e-01
7.021168988233265074e-01
7.021168988233265074e-01
7.021168988233265074e-01
6.991826168790125084e-01
7.140337921211006300e-01
7.040686446617936411e-01
7.080207281239764283e-01
6.991826168790123974e-01
6.985918856436177382e-01
6.932862841435303292e-01
6.818895999523708618e-01
6.818895999523707507e-01
6.818895999523708618e-01
6.818895999523708618e-01
6.906992238440705645e-01
6.873787007239050562e-01
6.742731619212178895e-01
7.554797472238742317e-01
6.742731619212177785e-01
6.742731619212177785e-01
6.742731619212178895e-01
6.742731619212178895e-01
6.742731619212177785e-01
6.952741633624565099e-01
7.090931869394259124e-01
6.742731619212177785e-01
6.742731619212177785e-01
6.742731619212177785e-01
6.567818412167447661e-01
6.567818412167447661e-01
6.567818412167447661e-01
8.485323467368844907e-01
6.561308791443476451e-01
7.386109967512948238e-01
6.569715365336504798e-01
6.815552513634790532e-01
6.551737493678888580e-01
7.538515257301108274e-01
6.626372597192227154e-01
7.215940310832754667e-01
6.688567258175366348e-01
6.669842106699990225e-01
6.454805155490230817e-01
6.434955815606752116e-01
6.457320437148043046e-01
6.459700761441284911e-01
6.447328019814617672e-01
6.596540373579825589e-01
6.410242967035321149e-01
6.365018824470862757e-01
6.393097264692882975e-01
6.473918424197009358e-01
6.784867289748482966e-01
6.360903230710739376e-01
6.360373023026391071e-01
6.372057633813401623e-01
6.374169147896344700e-01
6.818554367676066263e-01
6.340462064928272801e-01
6.976427890468600568e-01
6.355991465327326395e-01
6.729461632769624391e-01
6.338602296224319366e-01
6.499187879288452763e-01
6.339137849849938444e-01
6.334687490582290303e-01
6.374902428142449340e-01
6.370020753934934055e-01
6.318798294831702300e-01
6.395028741173689468e-01
6.318661303060055801e-01
7.137330777716572872e-01
6.319890870316163811e-01
7.054150309190719836e-01
6.326143831850652433e-01
7.356206691804274556e-01
6.331359562574865318e-01
6.488870123266579082e-01
6.314790446978041372e-01
6.348690984604919985e-01
6.314790446978041372e-01
6.281595495714299426e-01
6.281595495714299426e-01
6.123220197827903277e-01
6.079060447817815627e-01
6.334794413445349326e-01
6.079060447817812296e-01
6.035504768202977210e-01
6.019688381146660605e-01
6.355398849599908084e-01
6.019610103908439314e-01
6.006307788464054775e-01
6.006307788464054775e-01
6.082943977890801213e-01
6.006307788464054775e-01
6.133780030313734644e-01
6.006307788464054775e-01
5.980182752564271453e-01
5.980182752564271453e-01
6.415066843637445837e-01
5.980182752564271453e-01
6.793808089789677984e-01
5.980182752564271453e-01
5.963994340437848152e-01
5.963994340437847042e-01
6.251145381373747201e-01
5.963994340437848152e-01
6.249999143794595646e-01
5.963994340437847042e-01
6.496167430544025345e-01
5.963994340437847042e-01
6.422083072904095635e-01
5.895268464115420715e-01
7.173719422374181809e-01
5.899835588778804540e-01
6.408247862898053260e-01
5.920242844084352418e-01
7.089514695318184234e-01
5.918236206058020699e-01
5.972589243738491982e-01
5.850789254986503707e-01
6.063442137970553869e-01
5.863749228611423447e-01
5.962155961409248972e-01
5.863225065706746397e-01
5.901377004581673802e-01
5.853325760638112829e-01
5.955265862792454845e-01
5.896275086622194683e-01
7.118095085844905467e-01
5.930455698683522181e-01
6.476857370766393451e-01
5.854593055474577312e-01
6.595281566276490759e-01
6.006617103240534661e-01
6.472689735388795773e-01
5.853005583840782400e-01
6.967910596245858734e-01
5.852188826392644705e-01
6.655608494269229514e-01
5.848189210758057976e-01
6.913180793826920745e-01
5.850578224594238375e-01
5.967837140884713065e-01
5.915478563380076604e-01
6.091411548593385072e-01
5.847397062138282031e-01
6.007142831023755125e-01
5.851127519674006461e-01
6.025825928975092616e-01
5.838124231801428143e-01
5.972708344634751754e-01
5.832988577037008238e-01
5.904034578378288822e-01
5.831556746225872168e-01
5.837588989032929110e-01
5.826376174873776348e-01
6.030804704723323750e-01
5.826376174873774128e-01
5.855393681098202130e-01
5.826376174873774128e-01
6.330049456521092965e-01
5.826376174873779679e-01
6.003412781482498906e-01
5.813465404510161916e-01
6.081356231945628243e-01
5.826813417848408783e-01
5.817002260877680575e-01
5.813286416766272335e-01
5.810106216409971491e-01
5.800610237913539358e-01
6.516194770529112335e-01
5.800610237913540468e-01
6.465744550065819496e-01
5.800610237913540468e-01
6.164795958714562873e-01
5.800610237913540468e-01
6.345302791678788523e-01
5.789094211162273407e-01
6.007715322124326240e-01
5.789094211162272297e-01
6.003753250168544220e-01
5.789094211162272297e-01
6.914534496079264292e-01
5.789094211162273407e-01
7.210109870434839863e-01
5.817576859305744197e-01
6.301519768717577241e-01
5.948525725403954745e-01
6.906473269124449033e-01
5.914016119574478925e-01
6.655439381361534235e-01
6.003853523659330449e-01
6.518525942403587958e-01
5.771350025596780897e-01
6.463595734919409530e-01
5.828397919771235447e-01
6.894141029779984331e-01
5.790910848135037980e-01
6.093530715089370275e-01
5.787798800025436563e-01
6.065887424744498269e-01
5.771350025596779787e-01
5.735808365929766506e-01
5.735808365929768726e-01
5.953139271304138669e-01
5.735808365929768726e-01
6.143668220193450047e-01
5.735808365929766506e-01
5.986226362668926049e-01
5.776095178294016197e-01
5.761700928457107462e-01
5.726734527569187216e-01
5.880139860613537994e-01
5.684619941312876179e-01
5.835121606146796980e-01
5.701364834995024111e-01
5.774306049394146712e-01
5.687758760717909201e-01
5.739405598747926440e-01
5.651845814312040917e-01
5.727190628538854078e-01
5.659173020524626008e-01
5.690875200013723045e-01
5.650784610860227763e-01
6.209191785679661901e-01
5.829852084926526734e-01
5.989582006356231059e-01
5.587956514608078962e-01
5.565311082218000749e-01
5.556228451781380917e-01
5.860623627905683364e-01
5.554111222261933767e-01
6.298991334445971368e-01
5.550305264600425836e-01
6.323498800554856469e-01
5.537126731089143661e-01
6.088438886833247299e-01
5.545679487628615290e-01
5.854261771004041215e-01
5.527875319776101026e-01
5.730992876954135173e-01
5.527054803749643641e-01
6.699597554434161273e-01
5.537833353314705054e-01
6.512619488867578132e-01
5.521265977426406124e-01
6.656990895946547360e-01
5.521265977426407234e-01
6.412554130591668899e-01
5.521265977426407234e-01
6.160083568638704543e-01
5.521265977426409455e-01
6.397314517850912763e-01
5.539427741160386498e-01
5.748636565852864866e-01
5.507626635098338275e-01
6.696574707177778141e-01
5.508100072369638278e-01
6.154535807791483570e-01
5.513583103029299215e-01
5.779206388896740432e-01
5.502499050145667203e-01
5.693038613941363568e-01
5.502499050145667203e-01
6.246036767922726884e-01
5.502499050145671644e-01
6.028009464135144491e-01
5.502499050145662762e-01
6.383014912863999024e-01
5.498160948910597590e-01
5.650614949299032075e-01
5.498160948910589818e-01
5.491059883673301556e-01
5.491059883673301556e-01
5.644224417796399607e-01
5.491059883673299336e-01
5.835238374290878660e-01
5.491059883673289344e-01
5.498189512761179065e-01
5.552613150422617272e-01
5.836712232492912156e-01
5.412056274245954368e-01
5.671050500782328641e-01
5.405051789997298295e-01
5.446883347473258086e-01
5.425152382917874938e-01
5.673936872776386142e-01
5.413525399928681425e-01
5.521022712184544545e-01
5.405051789997296074e-01
5.440314572655265968e-01
5.405051789997299405e-01
5.477379641889437156e-01
5.405051789997297185e-01
5.683370032289856155e-01
5.403409793578812792e-01
5.760695859025581900e-01
5.362959239444458071e-01
6.047379664620604611e-01
5.365982218242273394e-01
5.441243976984930786e-01
5.342669474811033714e-01
5.397820631936458557e-01
5.334546104885605766e-01
5.394005021851978610e-01
5.402538850531033443e-01
5.698210000229606553e-01
5.439345558322747909e-01
5.929773287355568634e-01
5.414863023462144209e-01
5.584171731395960458e-01
5.330071305463770504e-01
5.556276614090139843e-01
5.331598110022595094e-01
6.173335370226967767e-01
5.350253492131452626e-01
6.266977172041130473e-01
5.838682025849669666e-01
5.807143973455728414e-01
5.711031753199868888e-01
6.237570934878092777e-01
5.380429875915697657e-01
6.384702683349077201e-01
5.296940109866733470e-01
5.876357686368472999e-01
5.295402366077440748e-01
5.664949469060209797e-01
5.322069625061024434e-01
6.006752989165417000e-01
5.350950493890647142e-01
5.893408785847057407e-01
5.241789266229710531e-01
6.266439044763496558e-01
5.240653601062590372e-01
5.611783181674581122e-01
5.230747866793292733e-01
5.285630659978615142e-01
5.222285791412041300e-01
5.304932525850796221e-01
5.222285791412042411e-01
5.690720564604054843e-01
5.222285791412040190e-01
5.461260573922886996e-01
5.222285791412039080e-01
5.348465490903473452e-01
5.230212710656528818e-01
5.320730033186974461e-01
5.241829900120907881e-01
5.245135625104635491e-01
5.222474580161778901e-01
5.251109407955395492e-01
5.222285791412039080e-01
5.223180330538219618e-01
5.222285791412042411e-01
5.229017012197514358e-01
5.222285791412047962e-01
5.229017036152503461e-01
5.230374220893625470e-01
5.260569981051378408e-01
5.222285791412042411e-01
5.241103446630469564e-01
5.222285791412033529e-01
5.453423866881200732e-01
5.222285791412019096e-01
5.721348395729424219e-01
5.310252174020646532e-01
5.537688775641568251e-01
5.349439477609371218e-01
5.576483909726631660e-01
5.215153510016494742e-01
5.921571121312836361e-01
5.191280588799425111e-01
5.680896207400570885e-01
5.204031730507249209e-01
5.491937503552046795e-01
5.182383154058302077e-01
5.646819757190700839e-01
5.198465462661892023e-01
5.878341252536054551e-01
5.182383154058295416e-01
6.117640654722409366e-01
5.182383154058298746e-01
5.930838744698175846e-01
5.182383154058296526e-01
6.088841653405392407e-01
5.187832390674895766e-01
5.725283494396466999e-01
5.205243043711780260e-01
5.824608754601514615e-01
5.174746576366130446e-01
5.452826236998173925e-01
5.255775160794529111e-01
5.396271271737111963e-01
5.217062531009974968e-01
5.399377369338690391e-01
5.181563725323523606e-01
5.356617231628815201e-01
5.341715654552137149e-01
5.901652769613990879e-01
5.269446188884153726e-01
5.160159677732393257e-01
5.315663273853203918e-01
5.986375708790639960e-01
5.152851252190816522e-01
6.914180132577528726e-01
5.546532749772753457e-01
6.406571154450999561e-01
5.227758499982967377e-01
5.457144230871323609e-01
5.202776133265138991e-01
5.280966264918941500e-01
5.147909249473231474e-01
5.336951923730396397e-01
5.149662536195633855e-01
5.190946070933699641e-01
5.197393804407183238e-01
5.548792221310627770e-01
5.195661374019111545e-01
5.496077012829617692e-01
5.150971067095858613e-01
5.278210725653285085e-01
5.177694038172407920e-01
5.470649563125158377e-01
5.068807068396680160e-01
5.672912484867778105e-01
5.145103126871299892e-01
5.538140064616235980e-01
5.039725840193960416e-01
5.196249048496136558e-01
5.029860241930498299e-01
5.551348388680173995e-01
5.024131883119796749e-01
5.949867643160404729e-01
5.071602284119123283e-01
5.347237478827183699e-01
5.021180192496054184e-01
5.315090399760261652e-01
5.018989033188161475e-01
6.075511919149639839e-01
5.016811097651499018e-01
5.709738310874746814e-01
5.016597919951699680e-01
5.566094934786427473e-01
5.016597919951697460e-01
5.225146087687086993e-01
5.016597919951709672e-01
6.071576701092284978e-01
4.990879900641514433e-01
5.696179625306238004e-01
5.026236347947269367e-01
5.755173289537440784e-01
5.016241109855075209e-01
5.338150698071638667e-01
4.989317491805022597e-01
5.383587250578191208e-01
4.989317491805023708e-01
5.468226898447785533e-01
4.989317491805024263e-01
5.097843653620198756e-01
4.989317491805025928e-01
5.148800488696795297e-01
4.989317491805027038e-01
5.174323411252468308e-01
4.989317491805027593e-01
5.076003907847076446e-01
5.019303632862900377e-01
5.219404091819246361e-01
5.005920834614103754e-01
5.098647559563831422e-01
4.988098050109329717e-01
5.027585617730155887e-01
4.994254210260424265e-01
5.024911695186544680e-01
4.996899097379614574e-01
5.342439059336931972e-01
4.994944325731104362e-01
5.221835906621444812e-01
5.018807949270727153e-01
5.100934162466703725e-01
4.931349666920392116e-01
5.967973882688542009e-01
4.978355869199403427e-01
6.567031839457200260e-01
4.864543196141668524e-01
5.173921624288178034e-01
4.955621184289934478e-01
4.980302284635055310e-01
4.876964327318721315e-01
4.932971464493746128e-01
5.010828691108264454e-01
5.140063757409744083e-01
4.979218868893626193e-01
5.098221122812475192e-01
4.922011581522019452e-01
5.274956020014488489e-01
5.025392017588851123e-01
5.214712231485485461e-01
4.959460975123396453e-01
4.898967247783974632e-01
4.913039434912561121e-01
6.130043533046523052e-01
4.964539655299921583e-01
5.354191552997416004e-01
4.968728499858484082e-01
4.865909880947080213e-01
4.902547599351428920e-01
4.865496143526425454e-01
4.903794087754553277e-01
4.860999134078416994e-01
4.945818022791286239e-01
4.860600701374813148e-01
4.954502974718584807e-01
4.867404551318729733e-01
5.084457433172800966e-01
4.857688326924105571e-01
4.946925654320117327e-01
4.865640266828156757e-01
5.136695639001787050e-01
4.845791262531176091e-01
5.106090114191689233e-01
4.855680674232553118e-01
4.884233582426596998e-01
4.845369866136471915e-01
5.040567054244925460e-01
4.882106684614723191e-01
5.118690825636434960e-01
4.842788190675612059e-01
4.936491583150852125e-01
4.818953562588805806e-01
4.979627332534435347e-01
4.825049978630512326e-01
4.963507737008076570e-01
4.817233876340880072e-01
4.939416133407040777e-01
4.814055046060545795e-01
4.854722961247628921e-01
4.831864517340805354e-01
4.939372341014325873e-01
4.834688455016397102e-01
4.868662591152665420e-01
4.803655188565921774e-01
4.940586527704570186e-01
4.805246857626306878e-01
5.145827497314973131e-01
4.807165469619471554e-01
5.059689971366380101e-01
4.798159035731318078e-01
4.912700597300956873e-01
4.794335078720189380e-01
4.889419520987618450e-01
4.795654806221983368e-01
4.848049529694893334e-01
4.774037425318403138e-01
4.814471232402696144e-01
4.779433939732677383e-01
4.987524489952593343e-01
4.785588894216418199e-01
4.887666214247052276e-01
4.766823733877647573e-01
4.856371281190525191e-01
4.767628596350262371e-01
4.906043535687170665e-01
4.765761201038951067e-01
4.776639098213391610e-01
4.763175945835055325e-01
4.767486572442518611e-01
4.763318587987916408e-01
4.779756516289065393e-01
4.761362505196157779e-01
4.822459305868249668e-01
4.764629545797622323e-01
4.876080216632469044e-01
4.790184244499512967e-01
4.882029857373629267e-01
4.795328127212297176e-01
4.808038964900358536e-01
4.808874919023439221e-01
4.863571962835634421e-01
4.772013645549968430e-01
4.759890489153952853e-01
4.766900354497395353e-01
4.864215341430654371e-01
4.772865433762068510e-01
4.811037885601414099e-01
4.766640735919207561e-01
4.897066892018875905e-01
4.758599989583507939e-01
5.032266771858574517e-01
4.761832120742860441e-01
4.978669515907633847e-01
4.770473591409084002e-01
5.065516613347386121e-01
4.847313162019777910e-01
4.985825433704604848e-01
4.760760390257740005e-01
4.873614620475967274e-01
4.761833910925400426e-01
4.911932128202691206e-01
4.761223647701329220e-01
4.876628358466886248e-01
4.766785528023111396e-01
4.873437269147638529e-01
4.758925544030538912e-01
4.816940462851061477e-01
4.763788642158385822e-01
4.798319027435227757e-01
4.758485179344554838e-01
4.847216331696961311e-01
4.770905629114404189e-01
4.832110598127662415e-01
4.758732985161474027e-01
5.238997898499013761e-01
4.739074549510203793e-01
4.976690759335177239e-01
4.744848400552040824e-01
4.898628281776951088e-01
4.732613870803724643e-01
4.807144379898713460e-01
4.746145889190722111e-01
4.864843283715276634e-01
4.713500164355002853e-01
4.819042767120588211e-01
4.721681128393092064e-01
4.934721150031562975e-01
4.714715578715835131e-01
4.826538357212836194e-01
4.705789889587662089e-01
4.729840717203013800e-01
4.707075460002411726e-01
4.723731795549403478e-01
4.704294960695049044e-01
4.817354424449858952e-01
4.701891795044917388e-01
4.802569059765397497e-01
4.707146538353680909e-01
4.771451293559668683e-01
4.708689674688094629e-01
4.854226783123142819e-01
4.708620526467989786e-01
4.754555105026743167e-01
4.746849469599079829e-01
4.795366857786625969e-01
4.758090096677402014e-01
4.788138846725248920e-01
4.728463851804505236e-01
4.779316503657399240e-01
4.723561480247876476e-01
4.751575443936103538e-01
4.736709623375413014e-01
4.701374697778690215e-01
4.708748736040885841e-01
4.704936469841722868e-01
4.706263390867639340e-01
4.710107360124655695e-01
4.709358645680398747e-01
4.702011177357892091e-01
4.719066085947878908e-01
4.701004962215731831e-01
4.714356565594411963e-01
4.699672936112603838e-01
4.711474008911420430e-01
4.700380333115912190e-01
4.710544140169672933e-01
4.704854506613235787e-01
4.708434094646591905e-01
4.705419798975229440e-01
4.714202368475204907e-01
4.695684588541367277e-01
4.739519737238423458e-01
4.690701873249222831e-01
4.749515970464922576e-01
4.705492038222335305e-01
4.757145394389812321e-01
4.705842164040879849e-01
4.670859859826675398e-01
4.670563902753888663e-01
4.701277053619427049e-01
4.691291180604789668e-01
4.702332128179161908e-01
4.677687455575449404e-01
4.692929810876761421e-01
4.667356187861580463e-01
4.714832799481263881e-01
4.669468691965026896e-01
4.732079495550029491e-01
4.664500751457116290e-01
4.648705153782231037e-01
4.651747101332911472e-01
4.649864962176419869e-01
4.646310455391666761e-01
4.648832180282815307e-01
4.644959036830017540e-01
4.642822370638609586e-01
4.643392127337796493e-01
4.649136794488088475e-01
4.628747216701609157e-01
4.688703493270944267e-01
4.627184203299435916e-01
4.660479700618503363e-01
4.623006224722796542e-01
4.617587885388315105e-01
4.628897439020444038e-01
4.616235784642667705e-01
4.610221728662691754e-01
4.613936193548889286e-01
4.604146531378579543e-01
4.609352201665543047e-01
4.617302395425535444e-01
4.623589392817591404e-01
4.609228656973775595e-01
4.628720429634440303e-01
4.607473066808129847e-01
4.617365438293721813e-01
4.596813745168412124e-01
4.641439259662640815e-01
4.611391496695803061e-01
4.632700730395717392e-01
4.595650485182842249e-01
4.648790720441044466e-01
4.595690289456235145e-01
4.593592376417364731e-01
4.593122456202770043e-01
4.600195480364566714e-01
4.591422853129391579e-01
4.588599700775557455e-01
4.590066227954977540e-01
4.600621179976486785e-01
4.587466641785110655e-01
4.590965456210400752e-01
4.587617782749268680e-01
4.606456115235770254e-01
4.576888611959329944e-01
4.585676074473897801e-01
4.585429275620611089e-01
4.611665888042975059e-01
4.592515883493856199e-01
4.615665158596862216e-01
4.565365097011381823e-01
4.579810046983550653e-01
4.572989508211999232e-01
4.761082236742280593e-01
4.565403050435071219e-01
4.568898590650767311e-01
4.569253787831301650e-01
4.567096098960265471e-01
4.565843154751574873e-01
4.578101390150493000e-01
4.566676626327210164e-01
4.574526557887354516e-01
4.564025985823612075e-01
4.604150151336969810e-01
4.555654251017747236e-01
4.581044893268374496e-01
4.539833624936568390e-01
4.611350824089378575e-01
4.543442072007967680e-01
4.611877919479341337e-01
4.552285295088564498e-01
4.562262270491460048e-01
4.566451686863742809e-01
4.592413621467406615e-01
4.543690680145988647e-01
4.553431359915644516e-01
4.543945544333133357e-01
4.546357071122608118e-01
4.545488283654758321e-01
4.581568493469744818e-01
4.543273042886983859e-01
4.542052566862124219e-01
4.540959955960732763e-01
4.545719235846159001e-01
4.542094583751973835e-01
4.543395894737981000e-01
4.544807752409161794e-01
4.544243062607504213e-01
4.542500925202060391e-01
4.549473196810147613e-01
4.531882948585636006e-01
4.552674597708738502e-01
4.530870401479326626e-01
4.538263718129973978e-01
4.546727790443242934e-01
4.543294247049637358e-01
4.537734579070740182e-01
4.530825088093400899e-01
4.525593545801706585e-01
4.587962470259323022e-01
4.519831916719163623e-01
4.550362619580237133e-01
4.527803370368224667e-01
4.558450643864618290e-01
4.522864073009854047e-01
4.539846217577040988e-01
4.523109473080508813e-01
4.541786438145687943e-01
4.518952162671984185e-01
4.525238885738918082e-01
4.519331712677722157e-01
4.525904106529403670e-01
4.520190511621827723e-01
4.538113712030344971e-01
4.520112132041524400e-01
4.521364834780970954e-01
4.523438403651759421e-01
4.534074973667723829e-01
4.525912329649212085e-01
4.553299189572751482e-01
4.523455855293339045e-01
4.513076513811362656e-01
4.515873823373610652e-01
4.632605061578269345e-01
4.511634398963446091e-01
4.537668357552953058e-01
4.502855128762493497e-01
4.503660434899959819e-01
4.503594165265693006e-01
4.529160750436548311e-01
4.504486099478713923e-01
4.514887932595000319e-01
4.508515786890924248e-01
4.526143629911169031e-01
4.502711440066783366e-01
4.519064144209531952e-01
4.512633181789280634e-01
4.591820165176270230e-01
4.524627348921415604e-01
4.557306214710708514e-01
4.500584325189523338e-01
4.542668299260747000e-01
4.499763551748053869e-01
4.514429254307478767e-01
4.496733291890324113e-01
4.509640229859397387e-01
4.494511562021052953e-01
4.506568603015556618e-01
4.493931631627620105e-01
4.501111732747851146e-01
4.494524810422746985e-01
4.491627996946582213e-01
4.492706586181599016e-01
4.497610203708264920e-01
4.493553924449559811e-01
4.505631929580654060e-01
4.507354189029414981e-01
4.505372263712730252e-01
4.477958729036547458e-01
4.515285509513023432e-01
4.496020475615030709e-01
4.550459472530927196e-01
4.492002453207074031e-01
4.506642410591902848e-01
4.475417262059772638e-01
4.502500284994266910e-01
4.476105174296514666e-01
4.481777255548390348e-01
4.475518757683387139e-01
4.492169523193111358e-01
4.474795359731241762e-01
4.489530983147804744e-01
4.485898866476691893e-01
4.490816771369751104e-01
4.475323717782891952e-01
4.506517186428594668e-01
4.524484263188335298e-01
4.492371048909739040e-01
4.478786699181745434e-01
4.488459398202796491e-01
4.484032541684283002e-01
4.488263504381261315e-01
4.475795667132606570e-01
4.480152787851383600e-01
4.476283440081674780e-01
4.486707704898024174e-01
4.484580318887869121e-01
4.494290067717505166e-01
4.479066380902891331e-01
4.493182793165416133e-01
4.472682382552156666e-01
4.504056831093797841e-01
4.476993630999618334e-01
4.486680260905844819e-01
4.476502016172537179e-01
4.559503389632312831e-01
4.470794637187842646e-01
4.528698310951796979e-01
4.469319989459076270e-01
4.476138082021264841e-01
4.469795419242001411e-01
4.485169026010469850e-01
4.469669795233763843e-01
4.477906052770799783e-01
4.490921098135610690e-01
4.534335765258986073e-01
4.472302352607364639e-01
4.529496187011004538e-01
4.470421716409917479e-01
4.506158203324717171e-01
4.469664714069845890e-01
4.474964656505881488e-01
4.477293165184506596e-01
4.496380900549739601e-01
4.482692260645981253e-01
4.533495182648769606e-01
4.478975491084882798e-01
4.477301706762362166e-01
4.463970181398578818e-01
4.473188102298633062e-01
4.466498645164820869e-01
4.466913071183357120e-01
4.462524136265792474e-01
4.474829864655618383e-01
4.460520864594091917e-01
4.467305654554558636e-01
4.466501170342486726e-01
4.496024386040986531e-01
4.467538588774185859e-01
4.474938979575418529e-01
4.464145558334593478e-01
4.572136051209717000e-01
4.480616111753431552e-01
4.462312763211215838e-01
4.465032070151919164e-01
4.460670206818623251e-01
4.461649094797753845e-01
4.460962303209818902e-01
4.465275934494671861e-01
4.461386710023586000e-01
4.467414636664000516e-01
4.460953418806868909e-01
4.462627816063361452e-01
4.463016198900567333e-01
4.467918224683716799e-01
4.462470505594509085e-01
4.471675578782864369e-01
4.460642944904376073e-01
4.469420541101932765e-01
4.469382837445631251e-01
4.457090760771770799e-01
4.455864582344360447e-01
4.454122592865617514e-01
4.454283538063452119e-01
4.465057165620069379e-01
4.457467652949841375e-01
4.458047641686683216e-01
4.454362220821094787e-01
4.443746774773678077e-01
4.441981382655073030e-01
4.452610877031186742e-01
4.439023504936711606e-01
4.448346341232631285e-01
4.440312044942371084e-01
4.433680278074466630e-01
4.401211397103906298e-01
4.369153377761125778e-01
4.373494377329186777e-01
4.369853763071964159e-01
4.374385700876973204e-01
4.373571775203007883e-01
4.370864814086887207e-01
4.370435411709303053e-01
4.383886607220738307e-01
4.369337958676738909e-01
4.350535586917415043e-01
4.368679153344616206e-01
4.348065111631171931e-01
4.359491708365833551e-01
4.349298835685654341e-01
4.351047975253442002e-01
4.349966751065666437e-01
4.352066846277352630e-01
4.346991380350345713e-01
4.351001509255134625e-01
4.347343498590162669e-01
4.338514435860915119e-01
4.341700516982859859e-01
4.347615010819629311e-01
4.342184154162179732e-01
4.337208729581211175e-01
4.343071423296246958e-01
4.348872746383075083e-01
4.338706657130943500e-01
4.344116512367517391e-01
4.336076846295255360e-01
4.337886515109883878e-01
4.335797990359051557e-01
4.337956907601228096e-01
4.336563871253152347e-01
4.339955384691981943e-01
4.335563790962206343e-01
4.339028079126909243e-01
4.334041529199961218e-01
4.331753731832183041e-01
4.331952026888870044e-01
4.324160782626653154e-01
4.327658072140137535e-01
4.337838347788752213e-01
4.317622236027645055e-01
4.329942255830139253e-01
4.319393464900579405e-01
4.317356515784172011e-01
4.315445080919458887e-01
4.318581913155120633e-01
4.316944693170630121e-01
4.318268159703559372e-01
4.317408229714317924e-01
4.321914430002469221e-01
4.318452828054360482e-01
4.304003405645603908e-01
4.304346686317169768e-01
4.308337610884369617e-01
4.306713729739313767e-01
4.303590296424883443e-01
4.301636812225945738e-01
4.305786762564411951e-01
4.299970572511503941e-01
4.293517679599790915e-01
4.292056355438510495e-01
4.286943129129283658e-01
4.291819010837913395e-01
4.288009652865279464e-01
4.288325948243951746e-01
4.304516117569043843e-01
4.300629628177927155e-01
4.306442468777881283e-01
4.283262743232700842e-01
4.280535474710649435e-01
4.281762134388922836e-01
4.280275913885597805e-01
4.309781728172170090e-01
4.254268333245190270e-01
4.296077725532331248e-01
4.266317821172492808e-01
4.254648032073741204e-01
4.259869470152446991e-01
4.251208828810084661e-01
4.252798012005469253e-01
4.254513551723652087e-01
4.251021376698266852e-01
4.279431223423370567e-01
4.271349320262773364e-01
4.259767883539212763e-01
4.254392894546077941e-01
4.237436474733560776e-01
4.237371238110286265e-01
4.236583600362083257e-01
4.236248942634386339e-01
4.236901440047929901e-01
4.239497096221592209e-01
4.234529262354307377e-01
4.235924869636092938e-01
4.227074436757135567e-01
4.230320265221130249e-01
4.222286621566193054e-01
4.221450747441304885e-01
4.225400945836259581e-01
4.219080133919643760e-01
4.229486180454962163e-01
4.223336521537873200e-01
4.220308006713066051e-01
4.219535595177726361e-01
4.218074162565794150e-01
4.222189281348395218e-01
4.226536970083391576e-01
4.218664287678627334e-01
4.217221792750885379e-01
4.217283440740829947e-01
4.221383233496516785e-01
4.216562612390061249e-01
4.217911724623916170e-01
4.221849827472584082e-01
4.211910500085969677e-01
4.217641504409226361e-01
4.214057529751944475e-01
4.213442651209884371e-01
4.237794985884048016e-01
4.223072687722458363e-01
4.225932405739447062e-01
4.211457155150200582e-01
4.208789346776206086e-01
4.207626935239408561e-01
4.203682577011566002e-01
4.204036387713748213e-01
4.205587933122093558e-01
4.204056798568072684e-01
4.223177343515792104e-01
4.204994844398634024e-01
4.205485917803122864e-01
4.203875112872298980e-01
4.200846639704263197e-01
4.203257325701884595e-01
4.209744209213878152e-01
4.199556074479839918e-01
4.217169358702516080e-01
4.194063813484226189e-01
4.211027606370031373e-01
4.192352658094007922e-01
4.213060124896191860e-01
4.187470520804035812e-01
4.192687550104053917e-01
4.193180897370284987e-01
4.187012253978024678e-01
4.186297732006188932e-01
4.192648584233918951e-01
4.189051773250260235e-01
4.193920388505938956e-01
4.189892171638690543e-01
4.167552089260457837e-01
4.173800687895092842e-01
4.194463658295922159e-01
4.166256013638564570e-01
4.193732963519886670e-01
4.169801130189624838e-01
4.168356587005568326e-01
4.177686685126796307e-01
4.170899863140757891e-01
4.168844905628172337e-01
4.183249815494899382e-01
4.167315243140687353e-01
4.172734622632424117e-01
4.167908071951338944e-01
4.175403730973707428e-01
4.167244897744856735e-01
4.167023857974407330e-01
4.170522880077220940e-01
4.154250092193828015e-01
4.156227802712565977e-01
4.164843043529578570e-01
4.155093775586560234e-01
4.159073359086783439e-01
4.154115763709330111e-01
4.155580641479489357e-01
4.153178884064158694e-01
4.149578940804953264e-01
4.149828766245935441e-01
4.154679807314263229e-01
4.149832903143947926e-01
4.158702675575209895e-01
4.148153639220191202e-01
4.153616723020537860e-01
4.148722210521406661e-01
4.158220122406581787e-01
4.147374304075390761e-01
4.147190015431458932e-01
4.148051669208003278e-01
4.147654832396358016e-01
4.144495070123925262e-01
4.144635947585219582e-01
4.143937586353797498e-01
4.141729153944320729e-01
4.145509146840977155e-01
4.143482163905027882e-01
4.142665073799862152e-01
4.157629922305473569e-01
4.144627523358662136e-01
4.142799916410742633e-01
4.140702432552912926e-01
4.138773900767326319e-01
4.140141656682375104e-01
4.141327894807794729e-01
4.141637602960021591e-01
4.144338352948685467e-01
4.137808512142539530e-01
4.137408277802340217e-01
4.138549594042343904e-01
4.141974070482047909e-01
4.136442126122959473e-01
4.136960472422905877e-01
4.137361341382763125e-01
4.148581332664484922e-01
4.134360198662398456e-01
4.140810570374631738e-01
4.133383489375289654e-01
4.133095615460555261e-01
4.134506573646766769e-01
4.146184209516354247e-01
4.135914773515319554e-01
4.136824370666780659e-01
4.132195221224896353e-01
4.131298044011082471e-01
4.130300391727079745e-01
4.141748839274368987e-01
4.128271165392837783e-01
4.129009870928203041e-01
4.129026197231034923e-01
4.191810264228451599e-01
4.133672830401217135e-01
4.134453193189122078e-01
4.127630446762812766e-01
4.123372148173005125e-01
4.126577811633713178e-01
4.131453623620536808e-01
4.122197682285410059e-01
4.126767644121334677e-01
4.122228979803351234e-01
4.134178155208552141e-01
4.123087935208924470e-01
4.121488097299849107e-01
4.122124094067426414e-01
4.124388178591311127e-01
4.123783717689327166e-01
4.121386172132497916e-01
4.123216580325055891e-01
4.133031810475810697e-01
4.125519179121733826e-01
4.122686165491490362e-01
4.121855725984251984e-01
4.122860281924908832e-01
4.121965059723373126e-01
4.123025423856606086e-01
4.124424311187710468e-01
4.126943191040793879e-01
4.124668147639849458e-01
4.126222639141999826e-01
4.121885097596053593e-01
4.119878489674035360e-01
4.121451391583833557e-01
4.121331871749104869e-01
4.119138243181258430e-01
4.128958823529713662e-01
4.120150837073819350e-01
4.120774084105726098e-01
4.119472566646384393e-01
4.140041436549878329e-01
4.127079813086705906e-01
4.120213233111890139e-01
4.120862471052609277e-01
4.142689153374671251e-01
4.122389526617687427e-01
4.139008776166421266e-01
4.116507458466261427e-01
4.108601916293307399e-01
4.107683913513021645e-01
4.103714555727582813e-01
4.102147415780827977e-01
4.107935543272861478e-01
4.105643687900911720e-01
4.106572021404938932e-01
4.102524475840964580e-01
4.113476178405012229e-01
4.100082637085174508e-01
4.107405651429282267e-01
4.110340063045927472e-01
4.100665691240423238e-01
4.095727212117643568e-01
4.093494505777475756e-01
4.094332389542228445e-01
4.096625762722923003e-01
4.092939994485675914e-01
4.093287981178089785e-01
4.093360764582734679e-01
4.094036758799863840e-01
4.094010163983853867e-01
4.138470321270427132e-01
4.091284222257243197e-01
4.087516917138011019e-01
4.086970713399338262e-01
4.117257111544850301e-01
4.088954128720013181e-01
4.088115167153246188e-01
4.087513938482788545e-01
4.093236201608853042e-01
4.086007865736333566e-01
4.086327194174974586e-01
4.085036154841028555e-01
4.091546637949079468e-01
4.081846328837964166e-01
4.087113742666715899e-01
4.084527844127012752e-01
4.084402893763438014e-01
4.081674761499235471e-01
4.089657731935633644e-01
4.081471446509702394e-01
4.082183085276414602e-01
4.079192282713092754e-01
4.083011763518780701e-01
4.078186014993838149e-01
4.080863470274724847e-01
4.079626357371382572e-01
4.079680414015421919e-01
4.079355517107455809e-01
4.078496593786233859e-01
4.077964744969014843e-01
4.078261033656720991e-01
4.079755135107612785e-01
4.084151164304073989e-01
4.078548877575789988e-01
4.083309255429013462e-01
4.079337107068206070e-01
4.079185814231607310e-01
4.077934695808094756e-01
4.077676676120994825e-01
4.078709417657558345e-01
4.085197480548514726e-01
4.080200258996609652e-01
4.085982733304038272e-01
4.078947390131076323e-01
4.095734469882771900e-01
4.079071403786312944e-01
4.087557012999518680e-01
4.084520623639137371e-01
4.080187615074624130e-01
4.077310049966120231e-01
4.080668990950056529e-01
4.077137758200209960e-01
4.080081714468531406e-01
4.077887390333561068e-01
4.082630938722648928e-01
4.076474706358889644e-01
4.083890493288238610e-01
4.081756928246767502e-01
4.081276866236310252e-01
4.077302331476356789e-01
4.080307982209842033e-01
4.088745279398783850e-01
4.073583273197377563e-01
4.074136730925627670e-01
4.076904147161882763e-01
4.074003997805063504e-01
4.098925846004572993e-01
4.073293464337562897e-01
4.128816551786945177e-01
4.068304640717636533e-01
4.084799104574598494e-01
4.067834193073323057e-01
4.076284446020923546e-01
4.068458378429513078e-01
4.078432295290224663e-01
4.069584852247786211e-01
4.068202881113007208e-01
4.070779978457038095e-01
4.073397916108985051e-01
4.068493203502325239e-01
4.072573195403945134e-01
4.075538091366093796e-01
4.065144118882220159e-01
4.068807297919526111e-01
4.070436956523775796e-01
4.068242517796955560e-01
4.068768633122263334e-01
4.072178816751250707e-01
4.073142836700546776e-01
4.069578196255735913e-01
4.069214420772849228e-01
4.064386833462113602e-01
4.065828772565958649e-01
4.063536626239149796e-01
4.074981299134083912e-01
4.066795814794937347e-01
4.067084111442528238e-01
4.064705763388336557e-01
4.063966121348193128e-01
4.065482454029496484e-01
4.064686471501780529e-01
4.061970248932996741e-01
4.068188769348422551e-01
4.061065658088375829e-01
4.065451687009242754e-01
4.062168468772280328e-01
4.063663228791032367e-01
4.062669143812141503e-01
4.067631142346281314e-01
4.062548887321623670e-01
4.066691217747538389e-01
4.061254996853755905e-01
4.061507427554990612e-01
4.062635695172775452e-01
4.078373099694634907e-01
4.060546414117223168e-01
4.067735290756538946e-01
4.062631348638244266e-01
4.070552183320685913e-01
4.061670505344847082e-01
4.065785178157262370e-01
4.060194350142781183e-01
4.064085548238328682e-01
4.058948848951741128e-01
4.081026785090756670e-01
4.059381397194221641e-01
4.062185789282050097e-01
4.058214748017696660e-01
4.054582787463112958e-01
4.054865592477533975e-01
4.058612326371158763e-01
4.054987097560021625e-01
4.057447872853246484e-01
4.054921510380565808e-01
4.055580147696584703e-01
4.057554457227781630e-01
4.080414991080831277e-01
4.054514301454671954e-01
4.081836274928670183e-01
4.053439741415894026e-01
4.078654490408581967e-01
4.051041146800104520e-01
4.057053562236407340e-01
4.051302863686612188e-01
4.057797683679962297e-01
4.051506255624536812e-01
4.054318474564776453e-01
4.050172580478851869e-01
4.053599420444791712e-01
4.050896182574503790e-01
4.053811947468871635e-01
4.050743008619354657e-01
4.064544545711491486e-01
4.050851708987172062e-01
4.069320734195814304e-01
4.051669377128876981e-01
4.060984832728926075e-01
4.051913608261420996e-01
4.051318496973148608e-01
4.049592046539722823e-01
4.061937520117240297e-01
4.049515778393820153e-01
4.052162437415725571e-01
4.055422216165968097e-01
4.058699689866178129e-01
4.052674875207034622e-01
4.057765995528163638e-01
4.053984588445962989e-01
4.057749484176022547e-01
4.050749058700379157e-01
4.056753453553602617e-01
4.050204265918878055e-01
4.054143788129204728e-01
4.050384064599580891e-01
4.055838562101242162e-01
4.050346917794483415e-01
4.054438298570404720e-01
4.050795375595592218e-01
4.051711699386030263e-01
4.050292907063668402e-01
4.053980567082412501e-01
4.048599240111314113e-01
4.054832992036215278e-01
4.049317217550670311e-01
4.053153925464119123e-01
4.049073717251384652e-01
4.054163944085674154e-01
4.049832935109491383e-01
4.051536728544254395e-01
4.049470128657965962e-01
4.057878161907260695e-01
4.049576149380071377e-01
4.062782888220777266e-01
4.051718674806484843e-01
4.050342711075198832e-01
4.052013587435874808e-01
4.047982868911547683e-01
4.048144896409436866e-01
4.058186845473453763e-01
4.049382070688817281e-01
4.049686848961623342e-01
4.047562993188420499e-01
4.050305829455935203e-01
4.048448843869943414e-01
4.046089183609266060e-01
4.045336006369523174e-01
4.048601572175950514e-01
4.046509209400120932e-01
4.048594293866065175e-01
4.049766932459563651e-01
4.071529083402468108e-01
4.046547719973078716e-01
4.071996903084139086e-01
4.040494373670618922e-01
4.047780407446969764e-01
4.042807298850903952e-01
4.056838905474695611e-01
4.041455202620276577e-01
4.050006941110523284e-01
4.050366485997781707e-01
4.034743369095207810e-01
4.034555540232357407e-01
4.035387765722083242e-01
4.036162457913640145e-01
4.034918340136068315e-01
4.036690112360511451e-01
4.027962144731916938e-01
4.027796677567425099e-01
4.031017010088311925e-01
4.031349645174522323e-01
4.028321472753533250e-01
4.029499390544329929e-01
4.029019301961104249e-01
4.028341345063299883e-01
4.036095210307940051e-01
4.025332229543461260e-01
4.027884422680592102e-01
4.024663983111461674e-01
4.026485062629366896e-01
4.025284402438215614e-01
4.025218571303114112e-01
4.029137574309460956e-01
4.032575805397308755e-01
4.025134603830807789e-01
4.029770194052083587e-01
4.025336398741717336e-01
4.028146157989181408e-01
4.024942920970265847e-01
4.027695606696336528e-01
4.025434393593451121e-01
4.027475092695904091e-01
4.024005914900861125e-01
4.027590206269664463e-01
4.023979648983423418e-01
4.026183801306177368e-01
4.024531877747313802e-01
4.031686335092097839e-01
4.024045319252997910e-01
4.032988552806230365e-01
4.025553690293814935e-01
4.029216861872925715e-01
4.025899267013641203e-01
4.030899668831836591e-01
4.024132690989236094e-01
4.026589500672524413e-01
4.024742854318955620e-01
4.028386078473679133e-01
4.023455337286540590e-01
4.026672423509222165e-01
4.025040875554422581e-01
4.026939432399925245e-01
4.025280080788853354e-01
4.024629302367224715e-01
4.024486567756081490e-01
4.025978313669268949e-01
4.022302129583847363e-01
4.023837796789964671e-01
4.022936354088890720e-01
4.023265018169053242e-01
4.022519561829953072e-01
4.028867384099665827e-01
4.022840688466045589e-01
4.049127505175670882e-01
4.021464983642504820e-01
4.030339095723391996e-01
4.022584090660156209e-01
4.026252413457911961e-01
4.029257674914245024e-01
4.019322647822624051e-01
4.021251544207983808e-01
4.024860321978611655e-01
4.021756527718768348e-01
4.028651661034133302e-01
4.034985429893068742e-01
4.040597981962520402e-01
4.019708774461198675e-01
4.028927842371098911e-01
4.017451601375712222e-01
4.022000181593474166e-01
4.021930083260574218e-01
4.047203693578326766e-01
4.013943686613791750e-01
4.015479203556634458e-01
4.012587553073531099e-01
4.016619066437781549e-01
4.014686683868846084e-01
4.007782733391313523e-01
4.009640082737068734e-01
4.008582932157443990e-01
4.006691474240168249e-01
4.024035340271923111e-01
4.007956452736045061e-01
4.009402067434680306e-01
4.005098681927781179e-01
4.005984606552199789e-01
4.007354199162389552e-01
4.007838128930285571e-01
4.010975951287324426e-01
4.012847525849772001e-01
4.007671793765644197e-01
4.009450301254148807e-01
4.009027536406953307e-01
4.011065928935433345e-01
4.006446706394922730e-01
4.008986569693820945e-01
4.011865982497201388e-01
4.005769985539870959e-01
4.004057382546669652e-01
4.007597758390691878e-01
4.005227812065215720e-01
4.008245141843422288e-01
4.007043737090579816e-01
4.000999068255390312e-01
4.001107688544046637e-01
4.018689230358712394e-01
4.002162964671249767e-01
4.013103920305680639e-01
4.004862331315275914e-01
4.006652329846877580e-01
3.998248366217675986e-01
4.003016903392818682e-01
4.000032910541004849e-01
3.999553963435708015e-01
3.999658035817801327e-01
3.997534730047699325e-01
3.999254418833794733e-01
4.000357888221327540e-01
3.998482231429837386e-01
4.006028742815842536e-01
4.000386300102232173e-01
3.999247390682153513e-01
4.000336472918101793e-01
4.007745527848241562e-01
3.999855465716019576e-01
4.005669607186140291e-01
3.998423337814043244e-01
4.000664692776833009e-01
3.996423313722121673e-01
3.998567057296760208e-01
3.995093964784067753e-01
3.997767772393506225e-01
3.996030185350979425e-01
4.003235255446954688e-01
3.994910849279625364e-01
4.000569486427842936e-01
3.993382550667156083e-01
4.000253106826056615e-01
3.994245213149489326e-01
3.993165271590701781e-01
3.994885565745275868e-01
4.006919279991076888e-01
3.991808648692552475e-01
3.998042314168492317e-01
3.991453208320327462e-01
3.996380612925194420e-01
3.990045018755620787e-01
3.990926759720246908e-01
3.992951721026880563e-01
3.994005081516971978e-01
3.991563940369810548e-01
3.993718658766989837e-01
3.991630171258900295e-01
3.994589360301816772e-01
3.992734711524311142e-01
3.992927528387858471e-01
3.990342734230101218e-01
4.004587107469945728e-01
3.992648802868949964e-01
3.992795812886913431e-01
3.989785838021093212e-01
3.990547233830149532e-01
3.991575118129572775e-01
3.992811564037238581e-01
3.990023633151553173e-01
3.999847461764861611e-01
3.991140392216874777e-01
3.992532073395484993e-01
3.989353984568747014e-01
3.992942985387743504e-01
3.989678751127645473e-01
4.001757513671583832e-01
3.992725741998170430e-01
3.993426447059603146e-01
3.988887730502200246e-01
3.994739935824810351e-01
3.989586953428648219e-01
3.993407899738569689e-01
3.989245855642130634e-01
3.993836909750612119e-01
3.993273209750992647e-01
3.990094204136481193e-01
3.987954517760810558e-01
3.992728545282112629e-01
3.988562570574936683e-01
3.990977729644872296e-01
3.989786513573352345e-01
3.993278642026187875e-01
3.989607175750154444e-01
3.993274632857445328e-01
3.989609573522477914e-01
3.991501289687726661e-01
3.989232643974597869e-01
3.994661806176872942e-01
3.989587421012050772e-01
3.993200174767417843e-01
3.988790994366511189e-01
3.988931366227571607e-01
3.987404965236930887e-01
3.992647486146808644e-01
3.989637888799461574e-01
3.994404564708117222e-01
3.988666524945290170e-01
3.995849008257346680e-01
3.987295864451089744e-01
3.997490539597445269e-01
3.988163047540447814e-01
3.993305951320274549e-01
3.989072454882627294e-01
3.990491467957605898e-01
3.988608589383700886e-01
3.993584459327697012e-01
3.987349722137742414e-01
3.986127650818370727e-01
3.986398275109721556e-01
4.002235579678793398e-01
3.986238387567380692e-01
4.004748447710114734e-01
3.986757574093874323e-01
3.990324541341592202e-01
3.986436439118875019e-01
3.995975994149544852e-01
3.988729038389251524e-01
3.988732085097620450e-01
3.984430077076684951e-01
3.996874715543740630e-01
3.985163907992533838e-01
3.995857403472430347e-01
3.986591595479309080e-01
3.987099539679465066e-01
3.984634120012455760e-01
3.986039977236248144e-01
3.987555722953685655e-01
3.986128914360740350e-01
3.985442517905415372e-01
3.984113058149934550e-01
3.985314120789862358e-01
3.984390783087218280e-01
3.985314305532507984e-01
3.983852343855460720e-01
3.984491553942183795e-01
3.984207835249652385e-01
3.984498997395754527e-01
3.983702355112214155e-01
3.985934371474010862e-01
3.983918550488479982e-01
3.985404425356839364e-01
3.984108798649605432e-01
3.985627523011273654e-01
3.983953646882347766e-01
3.985256897903914353e-01
3.983595907182284623e-01
3.984686345477286840e-01
3.984427979755678639e-01
3.984867873931429716e-01
3.986357786865279973e-01
3.985357306385363119e-01
3.982938172523411424e-01
3.983038718975834280e-01
3.982817466585902855e-01
3.983703537837285369e-01
3.983797861893915160e-01
3.984988102750091077e-01
3.983473514741365795e-01
3.983986718013475814e-01
3.982729883590505615e-01
3.986069993592553096e-01
3.983064199738717837e-01
3.983293702153877236e-01
3.984084191809486031e-01
3.984676814124729072e-01
3.982457206478373091e-01
3.983593950754096835e-01
3.981507456755585816e-01
3.980437813452756823e-01
3.980564537561892546e-01
3.987115631306648589e-01
3.980911584404401293e-01
3.981826431999692106e-01
3.980422927050109583e-01
3.982634332021685042e-01
3.981577477439167678e-01
3.981588309768951395e-01
3.981924529800047741e-01
3.981383440495649961e-01
3.980659765729212540e-01
3.980955796556099324e-01
3.980764154059925897e-01
3.984054041551820524e-01
3.980449923156988978e-01
3.982182640845324806e-01
3.979665797362905710e-01
3.977926209777725153e-01
3.977619988240109761e-01
3.984310545854173324e-01
3.976913287115481643e-01
3.975186603820478060e-01
3.975267380616702706e-01
3.979003379015728092e-01
3.976820313438723109e-01
3.972333196572930269e-01
3.972783117684352550e-01
3.972598193109580511e-01
3.972342484604861612e-01
3.975280444863319440e-01
3.972929860478950359e-01
3.972590516966902352e-01
3.970724148620727867e-01
3.971522100415978973e-01
3.972035871616493852e-01
3.970849570689550800e-01
3.971216602181609767e-01
3.971416825741571621e-01
3.970442025990815749e-01
3.970899806292346734e-01
3.970594779972420052e-01
3.973240500663314800e-01
3.969583582106212538e-01
3.970975630363287046e-01
3.970400614475312340e-01
3.971967484971841156e-01
3.970095634074001789e-01
3.970580572637361638e-01
3.969776759104193808e-01
3.970393103120380407e-01
3.969847292087962387e-01
3.969930844392459135e-01
3.969847279261052853e-01
3.971968041467168753e-01
3.971531362304669410e-01
3.975195931996735044e-01
3.969150133154734084e-01
3.969621025816191251e-01
3.969439755513398671e-01
3.970582411540150014e-01
3.968988470956035797e-01
3.970725835204895748e-01
3.969165849578821792e-01
3.971052263027108342e-01
3.968778567710952165e-01
3.970053480636339116e-01
3.969097267175679677e-01
3.970563166033586056e-01
3.968766836248595609e-01
3.970154826414363236e-01
3.969446378100390804e-01
3.970588569557153558e-01
3.969529665371228089e-01
3.967882479958350639e-01
3.967386293146302756e-01
3.969280287137710861e-01
3.965672446218619918e-01
3.966445096432388295e-01
3.966068429502185855e-01
3.967944781900822893e-01
3.966489849663908940e-01
3.967186645225372899e-01
3.965031311006464443e-01
3.965969814808049110e-01
3.965193466542223932e-01
3.965470116044607640e-01
3.965103222067331012e-01
3.967172149533910175e-01
3.965959477348369733e-01
3.967004856989616024e-01
3.965027965780861252e-01
3.964726679167107637e-01
3.964893897094160513e-01
3.964224937739340704e-01
3.964288606528935111e-01
3.965037979830402515e-01
3.962739390325539235e-01
3.970154189008085477e-01
3.962725680633898406e-01
3.963074229791619940e-01
3.961570647783884680e-01
3.963855667022297968e-01
3.960959696484996351e-01
3.961822370732524523e-01
3.960579634182728181e-01
3.961905898724686348e-01
3.961565299866995349e-01
3.960240496662460474e-01
3.958805168272531705e-01
3.961209764086498497e-01
3.958859659439030731e-01
3.960543699770056048e-01
3.959166239406674004e-01
3.960368201614672956e-01
3.958422561263707506e-01
3.959183895862481983e-01
3.959469188987946309e-01
3.958710883201241870e-01
3.959064639798597351e-01
3.961459448796548766e-01
3.958537726948733182e-01
3.958259230411091956e-01
3.958530314972049102e-01
3.959432684850481832e-01
3.957984022952655834e-01
3.959694586673658256e-01
3.958784517410141035e-01
3.958221722291602185e-01
3.958657059735838368e-01
3.958193461319264861e-01
3.959098321476948734e-01
3.960864549866413564e-01
3.958339811416887732e-01
3.960088109690336200e-01
3.958683199592765156e-01
3.957191042229330491e-01
3.957768425518027322e-01
3.958716389274516967e-01
3.957228864432185134e-01
3.957544424236668634e-01
3.957242311791752121e-01
3.958043143522572138e-01
3.956807405738149708e-01
3.957407307126756257e-01
3.956877420552454283e-01
3.958806035961655589e-01
3.957252806254662469e-01
3.959608864462210165e-01
3.956446789660854613e-01
3.956588113694557984e-01
3.960289129363888105e-01
3.957509979032243774e-01
3.956863812587051443e-01
3.955819265956402875e-01
3.957798062711593845e-01
3.955076191742050162e-01
3.955186760510894795e-01
3.954933301862256223e-01
3.956015861187666127e-01
3.955110287459647767e-01
3.955052109133577187e-01
3.957290115705587863e-01
3.954934155269944074e-01
3.956243836569369177e-01
3.955267052192282806e-01
3.956744284983785276e-01
3.955183292317062671e-01
3.960319349127573441e-01
3.954994711708882948e-01
3.958391655514424401e-01
3.955208890105804120e-01
3.955521985514924843e-01
3.954842178770985317e-01
3.956957997568250618e-01
3.954685880338810744e-01
3.954394686562399119e-01
3.954809575009433642e-01
3.954084679170529193e-01
3.954444805722490686e-01
3.956716544090018717e-01
3.954252252287672742e-01
3.957465238878199454e-01
3.953572913537540257e-01
3.955445972197524362e-01
3.953375491105852735e-01
3.950275236549523616e-01
3.951237201062874904e-01
3.950258020419200045e-01
3.950148866712428486e-01
3.948277746909520380e-01
3.950019444096953269e-01
3.950062083458520390e-01
3.948755976237791065e-01
3.950634171913477433e-01
3.948967540696909362e-01
3.952292813569288632e-01
3.948941948695798287e-01
