9.903655803122992651e-01
9.924862906222224890e-01
9.900891342836811715e-01
9.921422535788243513e-01
1.017935443893539071e+00
1.000111227151313953e+00
1.042245905164255637e+00
1.036033800949866635e+00
1.005707183667309268e+00
9.902454627122529995e-01
9.900125085796851465e-01
9.872469130303607177e-01
9.946046425425778548e-01
9.893960943517473572e-01
1.007337503945962665e+00
9.873469511967302159e-01
9.803143189430519877e-01
1.014550092092993738e+00
9.990258375687053327e-01
9.789352580673328363e-01
9.770438130226624107e-01
9.746965157061902030e-01
9.807377941288267786e-01
1.003254182857343801e+00
9.656314144690892887e-01
9.818128862810391322e-01
9.514990447839662968e-01
9.996895604410492853e-01
9.514990447839662968e-01
9.514990447839662968e-01
9.447930881156297866e-01
9.459166695570883077e-01
9.235406651279276513e-01
9.078534944677466578e-01
9.078534944677468799e-01
9.044125217089842295e-01
9.394365479433444133e-01
9.165510499215453466e-01
9.044125217089840074e-01
9.044125217089840074e-01
9.044125217089840074e-01
9.150873819544363963e-01
9.701508003754824028e-01
9.071349266699694214e-01
8.777226914490111609e-01
8.777226914490111609e-01
8.777226914490111609e-01
8.777226914490111609e-01
8.777226914490109388e-01
8.777226914490109388e-01
9.202117243668374025e-01
9.554160230269772569e-01
8.777226914490109388e-01
8.777226914490111609e-01
8.777226914490111609e-01
9.577406719657879375e-01
8.777226914490109388e-01
8.777226914490109388e-01
8.537226588408687311e-01
8.247814650418485716e-01
8.258982181066656381e-01
9.277668566598882283e-01
8.258193791816549334e-01
8.411409245599594797e-01
8.415856686424967315e-01
9.276762393025986819e-01
8.250581714746265671e-01
8.343539275964909629e-01
8.258468111835191028e-01
8.545728333788934483e-01
8.248275267438233138e-01
8.230544802648971370e-01
8.227238100769244111e-01
7.963933394964516355e-01
8.072950678609087660e-01
8.361255430032066283e-01
8.050373795524078391e-01
7.690986735658581486e-01
7.681682951528288061e-01
7.646108780570001207e-01
7.626856845528364737e-01
7.776368457006642698e-01
7.655139466240117319e-01
8.625666398072863172e-01
7.459986940252292253e-01
7.918471251497724017e-01
7.459986940252291143e-01
7.552752167034674224e-01
7.459986940252291143e-01
7.687658586750959477e-01
7.497315920646749898e-01
7.539522141198871097e-01
7.575433160686702028e-01
7.963831436067875247e-01
7.459986940252292253e-01
8.586327080873223938e-01
7.410394883165238866e-01
7.995610248058979685e-01
7.491488128293541937e-01
7.687520550349011828e-01
7.513854999617516350e-01
8.019677503509756722e-01
7.410394883165241087e-01
7.818393527936055021e-01
7.410394883165239976e-01
8.035329957805080747e-01
7.410394883165239976e-01
7.528440937699656388e-01
7.410394883165239976e-01
7.422208631795191858e-01
7.410394883165241087e-01
7.427574909377022694e-01
7.410394883165238866e-01
7.485835497910565683e-01
7.410394883165239976e-01
7.657753501070186930e-01
7.494186499999593298e-01
8.545039192884164025e-01
7.258817524145209088e-01
7.939627134223918858e-01
7.122023768627057105e-01
7.413471052914450965e-01
7.099472374824403742e-01
7.345599972854213178e-01
7.121077749583394345e-01
7.265289417264314542e-01
7.089558497155573624e-01
7.103738018885190630e-01
7.185866705870075366e-01
7.117310753803489654e-01
7.101497165251901000e-01
7.057282388249188632e-01
7.089699579329972190e-01
7.320104633567580121e-01
7.080029885978289528e-01
7.436980336709992923e-01
7.107301729279962288e-01
7.466835887862961485e-01
7.105533951026541395e-01
7.190935110336932334e-01
7.408792868694606959e-01
7.103761733042374127e-01
7.224643708116635921e-01
7.265930167627138170e-01
7.002009896855954096e-01
7.121512842298033386e-01
7.021744089116476184e-01
7.004205355996202531e-01
7.248484788270318502e-01
7.008894744592379933e-01
7.225984148129523943e-01
6.995943776972514128e-01
7.299887464022658534e-01
7.003595911809267216e-01
7.087045039500439181e-01
7.003403641914051070e-01
7.023360917191246999e-01
6.977321936413497516e-01
6.972375550828719959e-01
6.961934347241983678e-01
6.997698207818232596e-01
6.971768941140021880e-01
7.145526741971207629e-01
7.032881162745104886e-01
7.031323779474751845e-01
6.959893973350306240e-01
6.989669977439361137e-01
6.971727918684135217e-01
7.008186600143277989e-01
6.955213827392423553e-01
7.044024733470413135e-01
6.941671296906047894e-01
6.987536880535927253e-01
6.929012293522865962e-01
6.923873603733885496e-01
6.908236708161139550e-01
6.939546239481325651e-01
6.908236708161139550e-01
6.911291788197582164e-01
6.908236708161137329e-01
6.929743942387145417e-01
6.909253307871211502e-01
7.054178757758373663e-01
6.900862009031394351e-01
6.978032299289466112e-01
6.941551684876383632e-01
6.820053788059498023e-01
6.816959968930007552e-01
6.847916442302587336e-01
6.810484562128561459e-01
6.753734706946401545e-01
6.748395409531420253e-01
6.724473478017528594e-01
6.714763258661892165e-01
6.830936652675184684e-01
6.761624047999641451e-01
6.848229502100545707e-01
6.735275825992244059e-01
6.739577955929609843e-01
6.731739760569469544e-01
6.767308197548074222e-01
6.738800734807852688e-01
6.966434479811656200e-01
6.764156959871696628e-01
6.916107783718830060e-01
6.743693040148175388e-01
6.940016364264979254e-01
6.762776367473557482e-01
6.722195101411733154e-01
6.768478229687879821e-01
6.829076927407446984e-01
6.709318236711144801e-01
6.812396628446846236e-01
6.724273080246984113e-01
6.851270553081529879e-01
6.709127960626982690e-01
6.725577040260516393e-01
6.731143703728799110e-01
6.716138339301890303e-01
6.721554156102579336e-01
6.704139462050096032e-01
6.686296301320719948e-01
6.645236417531897866e-01
6.690356043182615897e-01
6.752806672904325680e-01
6.642078281362384651e-01
6.723326204567721120e-01
6.649498038919079423e-01
6.802241147884400263e-01
6.645222751672387185e-01
6.643454070778067599e-01
6.650746505753655224e-01
6.644866093509070870e-01
6.704162461090594771e-01
6.610727191821405002e-01
6.603778297224958127e-01
6.608712988625372597e-01
6.602332529105988668e-01
6.655021262172562402e-01
6.602332529105988668e-01
6.668987811262199195e-01
6.593845071303027217e-01
6.633908587051213779e-01
6.593845071303028327e-01
6.762326432361716044e-01
6.591099904431174661e-01
6.696071417398754555e-01
6.593638033753721484e-01
6.638348662770460207e-01
6.596989160886986836e-01
6.686938635519069640e-01
6.605889386857294321e-01
6.736933886597541443e-01
6.630181985698714309e-01
6.812332187976293252e-01
6.583201843786029572e-01
6.830274086855906424e-01
6.562079508688222207e-01
6.576825398660040012e-01
6.597849734134285660e-01
6.694361781695246094e-01
6.605052226650295344e-01
6.620616675135712059e-01
6.577363649677272495e-01
6.675235807865270710e-01
6.583821774399138960e-01
6.651217816951044970e-01
6.578267030364742807e-01
6.742022091487002156e-01
6.628589921871609336e-01
6.668567859589360491e-01
6.557275101435092735e-01
6.592220811273274972e-01
6.551304407555549325e-01
6.551848964343298665e-01
6.585599622988193014e-01
6.625422792884578804e-01
6.572744194505305559e-01
6.677850016342131712e-01
6.528533684041105678e-01
6.554445913916623345e-01
6.558930838359244841e-01
6.613287273193153570e-01
6.491611104199136451e-01
6.577296875923848152e-01
6.485779283581015742e-01
6.483494664845826927e-01
6.503359025046607789e-01
6.592243196028274577e-01
6.485939715601057864e-01
6.518284028213549020e-01
6.504236970167786014e-01
6.545093128661076953e-01
6.488075036325130496e-01
6.531266814538222443e-01
6.495685487210541842e-01
6.524127153436568571e-01
6.478752693543644581e-01
6.489146111965284902e-01
6.570889235973462750e-01
6.572496070346981467e-01
6.528292781810959289e-01
6.561288358337262761e-01
6.434258061472705181e-01
6.482189511367069112e-01
6.442751760458208521e-01
6.487355331284848647e-01
6.523795798784602917e-01
6.509796563097403066e-01
6.431763548178898171e-01
6.449865032344641591e-01
6.431872719979567776e-01
6.472847763810596344e-01
6.431763548178898171e-01
6.459321137606121033e-01
6.426481125092711189e-01
6.459000001104607813e-01
6.415677013283382912e-01
6.426049072822777042e-01
6.415677013283391794e-01
6.572561590700926049e-01
6.411243817333135420e-01
6.452105383686843609e-01
6.409883277690801018e-01
6.426574084444883761e-01
6.405266529720601287e-01
6.403341300023311922e-01
6.413848760746893030e-01
6.417137340503321630e-01
6.393148974807039142e-01
6.398379473626969460e-01
6.397025241888398828e-01
6.391466509203900248e-01
6.411864460608894811e-01
6.421947038345191539e-01
6.414003363554281467e-01
6.422811746773910979e-01
6.400376117866498626e-01
6.394611994873160565e-01
6.397396557554708707e-01
6.352176236778034335e-01
6.359891135437746312e-01
6.394686928857203911e-01
6.335617951936508563e-01
6.333886193195663594e-01
6.337812157732567453e-01
6.300354219627787300e-01
6.299624429598376096e-01
6.326934332693473495e-01
6.317338462829592549e-01
6.310198810577043460e-01
6.321201216014840085e-01
6.342217861412871027e-01
6.302763195891996073e-01
6.288192080250994964e-01
6.320946590235999585e-01
6.239308091773481113e-01
6.215709446190308407e-01
6.301551085785731532e-01
6.219645250460438257e-01
6.213517690425504059e-01
6.210986980327253271e-01
6.227834248367722925e-01
6.211292543167952207e-01
6.241871033411858782e-01
6.208989468136988377e-01
6.195890236871827161e-01
6.207961810194109198e-01
6.204089730105157852e-01
6.226000518702290432e-01
6.195905770507570409e-01
6.199541805504371617e-01
6.223014413198859618e-01
6.195289948889858289e-01
6.168912894927421897e-01
6.172655998003310218e-01
6.187589521182482732e-01
6.177055979602901203e-01
6.178390140137398623e-01
6.168912894927428558e-01
6.185119834495848012e-01
6.167819293827355720e-01
6.192289367006664769e-01
6.175450404239574143e-01
6.169161677420854639e-01
6.170331510081072945e-01
6.166996488143758892e-01
6.179182441423659577e-01
6.170041903957932394e-01
6.152769051104407527e-01
6.177326973523192821e-01
6.154125124838156768e-01
6.161304024859605155e-01
6.155696962200966071e-01
6.144816625745040950e-01
6.130881973258167639e-01
6.135084560096378814e-01
6.131997301273398593e-01
6.130171974401321666e-01
6.138376446667738184e-01
6.138527571565595142e-01
6.140151660226510488e-01
6.152286721290299853e-01
6.132146156843831797e-01
6.168463565644896063e-01
6.127125200892129531e-01
6.117670390775484801e-01
6.119356314337546232e-01
6.007654913408648767e-01
6.011317853871579464e-01
6.010978142501887111e-01
6.023757778022473808e-01
6.013197487177672773e-01
5.990049691726030412e-01
5.984454703773662843e-01
5.995114695279259998e-01
6.000031077121108503e-01
6.013208506578189283e-01
5.978265778571751898e-01
5.975171404739325620e-01
5.979532542933101436e-01
6.038644253564985354e-01
5.979898025608125778e-01
5.989776031058657857e-01
5.984698061222175625e-01
5.977633683812545451e-01
5.986988004345350500e-01
5.980153868985192966e-01
5.973058488099554086e-01
6.066697205498923218e-01
5.970766274369768700e-01
5.982739013723826771e-01
5.964033529064446393e-01
5.972244939105869621e-01
5.966778635463950708e-01
5.967879864473515372e-01
5.958054349075846412e-01
5.954681388993038338e-01
5.954176626420524254e-01
5.968244910035661599e-01
5.954176626420520924e-01
5.969329942392563870e-01
5.945478589163135652e-01
5.957818165942649902e-01
5.946112578410731597e-01
5.965301468361200454e-01
5.973119935545970760e-01
5.961345139943495797e-01
5.943896783619915247e-01
5.943508958666944286e-01
5.947784970738656529e-01
5.927753829025130816e-01
5.923341924302805150e-01
5.964679478186021289e-01
5.942386362288875068e-01
5.971696122306744403e-01
5.922655318709046934e-01
5.951953674244077064e-01
5.923421955308973974e-01
5.932005118709430258e-01
5.929856404919939816e-01
5.932890566421630263e-01
5.925007644694484377e-01
5.925079114939053593e-01
5.920624987423269703e-01
5.888171540340955135e-01
5.936037906696350896e-01
5.945604463670550732e-01
5.911199319676632147e-01
5.898952197462267177e-01
5.890013917319639747e-01
5.871063852607433242e-01
5.912621060535423467e-01
5.912722831175285521e-01
5.882732542565862754e-01
5.855903155088459933e-01
5.855236956026709239e-01
5.837557833192212886e-01
5.844288550798346638e-01
5.876583037566598389e-01
5.855017478330258873e-01
5.831203928157105976e-01
5.827058525008866896e-01
5.824213486653281313e-01
5.817869961258250733e-01
5.835220434139625212e-01
5.842111783089672938e-01
5.817954293227229901e-01
5.831816702417405018e-01
5.813208479397669048e-01
5.824576039447372233e-01
5.862174538917573896e-01
5.818619399730011743e-01
5.819248818439936022e-01
5.830567869109203327e-01
5.869810390856387006e-01
5.823908445315539861e-01
5.777858375554034698e-01
5.785721718352246912e-01
5.810982215159354869e-01
5.764271450166015276e-01
5.821198133742978564e-01
5.764271450165997512e-01
5.778745276301214817e-01
5.784323381997190650e-01
5.783634195248642529e-01
5.752691151811960557e-01
5.785838469325076394e-01
5.735629951513075975e-01
5.744018631943200726e-01
5.709290356647336306e-01
5.694361374496849093e-01
5.712056396058562413e-01
5.662618822830648435e-01
5.690709268612026417e-01
5.648335461861425655e-01
5.643234025906104234e-01
5.676928294258828389e-01
5.639938177057696178e-01
5.638710912394188091e-01
5.675262679381264386e-01
5.605912706589549765e-01
5.597446623612407635e-01
5.654304214379881621e-01
5.611780557764425303e-01
5.592424493831030796e-01
5.596793024752235723e-01
5.668915452567493407e-01
5.582732294703172116e-01
5.639426265358292722e-01
5.595960935746346898e-01
5.614354380885953066e-01
5.589803739134581173e-01
5.639719379994065918e-01
5.573948009314128038e-01
5.522109643665574774e-01
5.559427552521288840e-01
5.555261484069069500e-01
5.498386328248060506e-01
5.541917378894185564e-01
5.481542222247737239e-01
5.531315959379219382e-01
5.511865183816999636e-01
5.470931496383807380e-01
5.461619733601820181e-01
5.427030651941628925e-01
5.431472618609907155e-01
5.453500866757883259e-01
5.428516861323069431e-01
5.440027169309251676e-01
5.420695393328829326e-01
5.444062586789302216e-01
5.400603589215668965e-01
5.424308575074436867e-01
5.399945395614110799e-01
5.417703151138608675e-01
5.398006034546855014e-01
5.372388711742578371e-01
5.400433968313713695e-01
5.326324024598002582e-01
5.325631991835736434e-01
5.364395336583733798e-01
5.329983507695745804e-01
5.353572555419237045e-01
5.325631991835757528e-01
5.389906470055961796e-01
5.320007453829393995e-01
5.372096756592337208e-01
5.297782631424308164e-01
5.348349792922484358e-01
5.291173706682837929e-01
5.344234168558399389e-01
5.284505958553950000e-01
5.281730089849101528e-01
5.274154150901259053e-01
5.243701790974055754e-01
5.244778560935631218e-01
5.285170874261452267e-01
5.229149955879737188e-01
5.327455718132766416e-01
5.249232738089496531e-01
5.220308036077589975e-01
5.227241638272870361e-01
5.233658708875567056e-01
5.202920820391371270e-01
5.227181050017676300e-01
5.190759586712870854e-01
5.170754567326580897e-01
5.178445235004734970e-01
5.199203912350393031e-01
5.189621926388561235e-01
5.185501593456177671e-01
5.150935413346122704e-01
5.208156522322303639e-01
5.167815631980930968e-01
5.183117776714559755e-01
5.155175119674254569e-01
5.169975528913643981e-01
5.169663346063221310e-01
5.174467966846141298e-01
5.148989085822508471e-01
5.169156668542957966e-01
5.144666837695388573e-01
5.154088201598172603e-01
5.148467476068958604e-01
5.166087568235780969e-01
5.142837965482778273e-01
5.198762300630949129e-01
5.161246098998092391e-01
5.127339123672965959e-01
5.122799019127294295e-01
5.138518484319534174e-01
5.121309209519107064e-01
5.171107152767404624e-01
5.140058387374583093e-01
5.148296625293384832e-01
5.160657678961806383e-01
5.166895684759800211e-01
5.122746853985694626e-01
5.122497727852535210e-01
5.121114469000264124e-01
5.147370024529460686e-01
5.126515928364928643e-01
5.125300684319222810e-01
5.124764879499966730e-01
5.141944049838110820e-01
5.115655848262991023e-01
5.121317033511627592e-01
5.120597987112911476e-01
5.127899686385350986e-01
5.109629682748479951e-01
5.181050480760824861e-01
5.127475353215418252e-01
5.075325290270452649e-01
5.069892738033422441e-01
5.124485736669001090e-01
5.069121908120232112e-01
5.127934179683522053e-01
5.093056813236580549e-01
5.079856388081953611e-01
5.088892973861711688e-01
5.067598477634449594e-01
5.075859809829755820e-01
5.149957865484035002e-01
5.055963682627723221e-01
5.072688941813795482e-01
5.099888880075589270e-01
5.149492443908278982e-01
5.077151270009471196e-01
5.060680026262632802e-01
5.070274422052132302e-01
5.035827146532686482e-01
5.031507960518277756e-01
5.058969939964865770e-01
5.061666863938791838e-01
5.004984991469689781e-01
4.999211226576180112e-01
5.007681447120571061e-01
5.002463974323125839e-01
5.016227265113996081e-01
5.008047125205087324e-01
4.998419641954005566e-01
4.993815472525018340e-01
4.997701834386288344e-01
4.987925204202961482e-01
5.016741797755969179e-01
4.985567570791006320e-01
5.049480482019903516e-01
4.985340832192893812e-01
5.033203362366445166e-01
5.004705933976644205e-01
5.013273226626508983e-01
5.005786397984876013e-01
4.987741029206775312e-01
5.000893600945369721e-01
4.999553067904470849e-01
4.981427296352769485e-01
4.981362513095620170e-01
4.987433638970906746e-01
5.028289646189838535e-01
4.978257376467911666e-01
5.021810688821749524e-01
4.983894437106475284e-01
5.035152496726972293e-01
4.990439419757801143e-01
4.981233365434218352e-01
4.982292859938822205e-01
5.031224257214121920e-01
4.982454775455517626e-01
5.007017374384540309e-01
4.992460947275121907e-01
5.095192597636080123e-01
4.982464096433100731e-01
4.991252342838419787e-01
4.992172390111922486e-01
4.994436972179844281e-01
4.981882701814866476e-01
4.992720219809162474e-01
4.997367185654545407e-01
4.991135237544245262e-01
4.982796043275762865e-01
4.986486083171784434e-01
4.971292715732791856e-01
4.982992232459275139e-01
4.976616797830074601e-01
4.990897962552634515e-01
4.978765634617614011e-01
5.006946221398927976e-01
4.975142236721206701e-01
4.995582322016970944e-01
4.965557195749581432e-01
5.005244434621797245e-01
4.959886817961186023e-01
4.979669877681413004e-01
4.957855294641189681e-01
4.993464287530747781e-01
4.968008035482644469e-01
4.987590778636181166e-01
4.965105152012201928e-01
4.966988250402381566e-01
4.963172204185087866e-01
4.994910052152219948e-01
4.962897998053312221e-01
4.984578231112904434e-01
4.959434604456282591e-01
4.951726250695533404e-01
4.947588318655741779e-01
4.951752517528080211e-01
4.942302012426751379e-01
4.937644905787220706e-01
4.946911276831983395e-01
4.942289726159959651e-01
4.944589433625974362e-01
4.936531391303031757e-01
4.950244907087398838e-01
4.936757694744236535e-01
4.943596420119049650e-01
4.943607347170533295e-01
4.945905851297549560e-01
4.934412748559292572e-01
4.943236204248177557e-01
4.931428109809588012e-01
4.919957172968152936e-01
4.930638484861255000e-01
4.918838988173187543e-01
4.916608352309940755e-01
4.908538811722147899e-01
4.910473374865156337e-01
4.909622051218073269e-01
4.905760822899442597e-01
4.907329351034986353e-01
4.913578009339419350e-01
4.910728106313851926e-01
4.904549097163717897e-01
4.919068784269872707e-01
4.902403575518902157e-01
4.926569662331428678e-01
4.905430007526130898e-01
4.903762090330012757e-01
4.901614782577021212e-01
4.914133133336376358e-01
4.897605998171790098e-01
4.898559258677445127e-01
4.902208503207861612e-01
4.891162733544968666e-01
4.892712353118591762e-01
4.888373024162679381e-01
4.884545943416273017e-01
4.893441524972286238e-01
4.885638363310790266e-01
4.884995496341191790e-01
4.888397786136838841e-01
4.884574765849458156e-01
4.890968830260543632e-01
4.894876223790803893e-01
4.885380002701103508e-01
4.879818699932408355e-01
4.882995430264090442e-01
4.875768858400074679e-01
4.878167137377787954e-01
4.877735272943767852e-01
4.877210789520707301e-01
4.871524957431747072e-01
4.871145117570041538e-01
4.893219288683030022e-01
4.879371843713925516e-01
4.871780740555301525e-01
4.871750205165900627e-01
4.874139967499163673e-01
4.873177898265642627e-01
4.864753277389342601e-01
4.866349596052932935e-01
4.863022451863433515e-01
4.866414233906268816e-01
4.868333741843938189e-01
4.867019145199386609e-01
4.874369233675094337e-01
4.866077671142533534e-01
4.874850166918922589e-01
4.869163868509133186e-01
4.867466943063279983e-01
4.866407118149912447e-01
4.877861236970214009e-01
4.862646545401103082e-01
4.876098232022443857e-01
4.874434070331100655e-01
4.857002994110720118e-01
4.867660697716170715e-01
4.855270270579878922e-01
4.860057152641454326e-01
4.861114084372251121e-01
4.851381109315826001e-01
4.852868551921619700e-01
4.856047834631397331e-01
4.854802864916577532e-01
4.854253303814689557e-01
4.852340117659921792e-01
4.856074285909533494e-01
4.857291692377599390e-01
4.853234622352027294e-01
4.846938088582505300e-01
4.844527568653533289e-01
4.854078829101161618e-01
4.845658337671340798e-01
4.850938740555984507e-01
4.844521796455114604e-01
4.837561403021400919e-01
4.843444700576184370e-01
4.839731628100841787e-01
4.836234085447918551e-01
4.840737961581573212e-01
4.836205021581781449e-01
4.840790218009941026e-01
4.838622409618861253e-01
4.838871829457156992e-01
4.837487771021263261e-01
4.845187589336101275e-01
4.835789408239510867e-01
4.846043839972367095e-01
4.836551498158968565e-01
4.852999758849333434e-01
4.836525590520653339e-01
4.845039696041993915e-01
4.844768714533193577e-01
4.832187649041340682e-01
4.837540149032650283e-01
4.838842526309184988e-01
4.830528972787929143e-01
4.838664646119512081e-01
4.839713992173705348e-01
4.830321755909339210e-01
4.835008503574030891e-01
4.835897915341497155e-01
4.831282464449003777e-01
4.831853098469173768e-01
4.831637786485373232e-01
4.828394939858529078e-01
4.828982507446594741e-01
4.836835097427044650e-01
4.827324530184798346e-01
4.825179367575918588e-01
4.824076414490865439e-01
4.824504329263775704e-01
4.825264623464152192e-01
4.840394460159498924e-01
4.824981474953070615e-01
4.825966263746261364e-01
4.827393477770068331e-01
4.822631904523330126e-01
4.825989185812006865e-01
4.815561087794927864e-01
4.814788649638234164e-01
4.819098456028079180e-01
4.819645652586603823e-01
4.820665083473411050e-01
4.812131460740173838e-01
4.816192385574167845e-01
4.814847476718613906e-01
4.818331959077579718e-01
4.812610833559984314e-01
4.808336405418374149e-01
4.813441561597021634e-01
4.817343746640454505e-01
4.810555462278700567e-01
4.826341200531247266e-01
4.805069277576398679e-01
4.810057794474002502e-01
4.804009062570034905e-01
4.801185942560226017e-01
4.798540936534465562e-01
4.794817720639312775e-01
4.795415732406004827e-01
4.794641234642872951e-01
4.794416286150359197e-01
4.815553901570365225e-01
4.797129928887245431e-01
4.793331833264913855e-01
4.792242863510247086e-01
4.797585659019297788e-01
4.793169334890863276e-01
4.791071109519831062e-01
4.792738342517734451e-01
4.806780858725315797e-01
4.794394119231618623e-01
4.796686626046974267e-01
4.789098643179883208e-01
4.806189006440759748e-01
4.787040377263377944e-01
4.788406304289551940e-01
4.793182703027093483e-01
4.785967920198703762e-01
4.778953565169154483e-01
4.765062730482539921e-01
4.766894458411607416e-01
4.767257915325294193e-01
4.768031376734758187e-01
4.790788745581145980e-01
4.771401632462864417e-01
4.764036231381911790e-01
4.763831127782519603e-01
4.771373664461449060e-01
4.765643289653723746e-01
4.756312904643665296e-01
4.757821965749113313e-01
4.761215608520095732e-01
4.755952631048551704e-01
4.767454755928581256e-01
4.755489462553745272e-01
4.767151325316946187e-01
4.759668141197660463e-01
4.756836474028417472e-01
4.758455930971997594e-01
4.756056442601854228e-01
4.758777830838517020e-01
4.755343644106886369e-01
4.756837240484240725e-01
4.763427974974983603e-01
4.761115927779707158e-01
4.756028166172129312e-01
4.753673125948570943e-01
4.748705026668983975e-01
4.757305459398544212e-01
4.750806020984791878e-01
4.749925476180220651e-01
4.751151936262012487e-01
4.748208896323838912e-01
4.758916472174564705e-01
4.747730265339806799e-01
4.758688913191812531e-01
4.749562042045336052e-01
4.759925744375003154e-01
4.747646588859930072e-01
4.745557325947683536e-01
4.747010123349574284e-01
4.751427777851041090e-01
4.744347045450908462e-01
4.741534044204133158e-01
4.744857632920802537e-01
4.764649181255780075e-01
4.739678750691601605e-01
4.735406385983332855e-01
4.734997270078664111e-01
4.738688262974251053e-01
4.736538784367637644e-01
4.734095577018073153e-01
4.738173596113540720e-01
4.747871911359581309e-01
4.739335204752537778e-01
4.740842121117382901e-01
4.755326451411232558e-01
4.702779050780016012e-01
4.722070549986478460e-01
4.708053326928305915e-01
4.701488251191432433e-01
4.700504691726758999e-01
4.708185581313940604e-01
4.697408603512776004e-01
4.709163789298753677e-01
4.701627410288984343e-01
4.700637639365364828e-01
4.703203287194152038e-01
4.705622007003838481e-01
4.694210607026965687e-01
4.694179948025326565e-01
4.698237228934547538e-01
4.698709582183610012e-01
4.696554450238650258e-01
4.703548639256987518e-01
4.696187592708077618e-01
4.696928968442769525e-01
4.695199315112119076e-01
4.709691787437390587e-01
4.697750659591038436e-01
4.706573595468152571e-01
4.697156735443751008e-01
4.711140763311562063e-01
4.690308866288687706e-01
4.693931199104190433e-01
4.688381182939788117e-01
4.710229309271664055e-01
4.691018826756103710e-01
4.677314382590209152e-01
4.680128648341517761e-01
4.685283602972528105e-01
4.677198422697484426e-01
4.681415805352407977e-01
4.678999560451520545e-01
4.682469834605776926e-01
4.675120882336971095e-01
4.699026383331292300e-01
4.676654188137829293e-01
4.663307427140367389e-01
4.661141243889757591e-01
4.671584223346593734e-01
4.664982562904205765e-01
4.673029482364345899e-01
4.664529108794326362e-01
4.668913611464474145e-01
4.661892047536417283e-01
4.665649725727143426e-01
4.660133961860559726e-01
4.664433971050736538e-01
4.658125978748569596e-01
4.671297738126599097e-01
4.656425400860632613e-01
4.676372309065940369e-01
4.654265132341658950e-01
4.650525975423566161e-01
4.648441454345786372e-01
4.690610115319334694e-01
4.647626663897692634e-01
4.661040742870903308e-01
4.646109898624962709e-01
4.645735801438053425e-01
4.647568213611946719e-01
4.641460708211110342e-01
4.645477358879669394e-01
4.646831748649071225e-01
4.640251111363816183e-01
4.659445817803830603e-01
4.642256708896369544e-01
4.653260573601667449e-01
4.647443327514920175e-01
4.648419905185568468e-01
4.646302572259764507e-01
4.636214737908330163e-01
4.640610457918040721e-01
4.629877966102748377e-01
4.631470894322726184e-01
4.643777253518236448e-01
4.629029423403092092e-01
4.637922181753535988e-01
4.631368886115009298e-01
4.632930794774844929e-01
4.633331492968550402e-01
4.634373202571408501e-01
4.634382874440964861e-01
4.638352177936131415e-01
4.629475548967874055e-01
4.646772322294045465e-01
4.633509877135456589e-01
4.647812715041753084e-01
4.631835933456230903e-01
4.629059450792761821e-01
4.632364720640257394e-01
4.626520149944906568e-01
4.628145591353762245e-01
4.632121146829074054e-01
4.632193666713150249e-01
4.647307119239845186e-01
4.629127443185543922e-01
4.645799518787884774e-01
4.630405681236208215e-01
4.627649365249767999e-01
4.625496833027279986e-01
4.616984057830088584e-01
4.615362442889454075e-01
4.625519340976899652e-01
4.614127198469849533e-01
4.626422759040167421e-01
4.614989979140468601e-01
4.635050851980260234e-01
4.613915777093599013e-01
4.620787607518347384e-01
4.615308832778175496e-01
4.624861699789412084e-01
4.611710169584543051e-01
4.630550059123303419e-01
4.606735105861072821e-01
4.614864340123812081e-01
4.605905255729731418e-01
4.607086940391458829e-01
4.607230111108071013e-01
4.607056000874446555e-01
4.611922550699785184e-01
4.606881122289614439e-01
4.609498338950661633e-01
4.610707633890888668e-01
4.603095162087940673e-01
4.612143789405643846e-01
4.605385886888063163e-01
4.603945102667696410e-01
4.602917925669032240e-01
4.602424102698100539e-01
4.606303009098634549e-01
4.609638261362505318e-01
4.607791855322909691e-01
4.607844741654297804e-01
4.602342549034110220e-01
4.610367556337230388e-01
4.604532882558283746e-01
4.604099130821063257e-01
4.604580427055872116e-01
4.600314875292833006e-01
4.602411486232429461e-01
4.612655868348536359e-01
4.602153212313033204e-01
4.606571656548395510e-01
4.602528987283999173e-01
4.606005787888934333e-01
4.603041605191933172e-01
4.605459995248214478e-01
4.600120509584992856e-01
4.608587506089711350e-01
4.606795228953235455e-01
4.606401559231286802e-01
4.601591532266527396e-01
4.609774759656659615e-01
4.601009272774533865e-01
4.606070175202270911e-01
4.605763646397568745e-01
4.605031978506284873e-01
4.599939079412786458e-01
4.618861929086727769e-01
4.600805648060345421e-01
4.591781493259478042e-01
4.592024813277877371e-01
4.597392542500188806e-01
4.592289071233593423e-01
4.591712910773663170e-01
4.597746886195510085e-01
4.601076152472944325e-01
4.593054712662025252e-01
4.592646596869735531e-01
4.593862709780626163e-01
4.591166182102742743e-01
4.583687314718233874e-01
4.575555924093409055e-01
4.576144992744601292e-01
4.582455352195241027e-01
4.584387965337266557e-01
4.581122379523173693e-01
4.580412021678167411e-01
4.581412362981959752e-01
4.578984306417632211e-01
4.584204787941805193e-01
4.576061161740568872e-01
4.579822438299241405e-01
4.577995576360650576e-01
4.589661860783333935e-01
4.575723793511732862e-01
4.581012279393236741e-01
4.574401823869919115e-01
4.568977153058252361e-01
4.570484216527782029e-01
4.571645767986645126e-01
4.568128697222597623e-01
4.578556541986459338e-01
4.572433736855042730e-01
4.565238048510867896e-01
4.568290585442947860e-01
4.573106550888303978e-01
4.566424440347066627e-01
4.583838444155891589e-01
4.567643177846718583e-01
4.559620078834701884e-01
4.562166561904098527e-01
4.573380821724100098e-01
4.559575394888158439e-01
4.565792064614560553e-01
4.559937771766043868e-01
4.560084316801134019e-01
4.562569641524827357e-01
4.580086041264986862e-01
4.557895405613737738e-01
4.565423628236904285e-01
4.559026593581580467e-01
4.564341793200222264e-01
4.556857707828899096e-01
4.556342927911692930e-01
4.559353953927156589e-01
4.556210889249859286e-01
4.557991363335583412e-01
4.597698080984730096e-01
4.559371757755363852e-01
4.552482810558609039e-01
4.557267676159906244e-01
4.550919132541361711e-01
4.557918352000223661e-01
4.557568961084199066e-01
4.551730480903116716e-01
4.559295324263855087e-01
4.552018908880054449e-01
4.568336595421496615e-01
4.554176372920360483e-01
4.564855646075495765e-01
4.543868985928165016e-01
4.569541979397571119e-01
4.546523225727054363e-01
4.555219566653075924e-01
4.545954119040054309e-01
4.540291511442832162e-01
4.538694228093544392e-01
4.543371137955167227e-01
4.541775741543419564e-01
4.555684889245377178e-01
4.536290635378648073e-01
4.536986758578071544e-01
4.543737118636951844e-01
4.549087286138210895e-01
4.535086038017264731e-01
4.547741649718906598e-01
4.537655914929233369e-01
4.560112537971177660e-01
4.531322191166102242e-01
4.534182912402943133e-01
4.537015838342626228e-01
4.531093052565283164e-01
4.527131995284111032e-01
4.528685682417400438e-01
4.525579936592801222e-01
4.529519128385437465e-01
4.525386664744564524e-01
4.525269013455429645e-01
4.529463418652967532e-01
4.538524834910853123e-01
4.529381793596410910e-01
4.527117700349571061e-01
4.527902840758373793e-01
4.528576060528283209e-01
4.525591848732014033e-01
4.536514035889461782e-01
4.530286030517305385e-01
4.530419710513371445e-01
4.525490022703449466e-01
4.533490671315040244e-01
4.530155212486617899e-01
4.572911978270716160e-01
4.523184305290186558e-01
4.541854854194984359e-01
4.520090129657611810e-01
4.523676686323347407e-01
4.524457752991618564e-01
4.524672498222778727e-01
4.522263159980547398e-01
4.512562609961295323e-01
4.513358240096179697e-01
4.521916423646987759e-01
4.516731505167497773e-01
4.523949015444496125e-01
4.509481023056810534e-01
4.516688883228635598e-01
4.508969193752581650e-01
4.514741753464028284e-01
4.512203208230232132e-01
4.526587481562484028e-01
4.513746948085021193e-01
4.523141982419370821e-01
4.510801813682617789e-01
4.513182412503142227e-01
4.518229131622414907e-01
4.513983413932991517e-01
4.504757368004566609e-01
4.518590994918045833e-01
4.505976728776389661e-01
4.523641524017013582e-01
4.504797600241670086e-01
4.518243292540965461e-01
4.502516724742523513e-01
4.512571129895451838e-01
4.507872238516814622e-01
4.513017855313628535e-01
4.503408943506804207e-01
4.516449906648362655e-01
4.500141320212066587e-01
4.504907292923591156e-01
4.505330060014011151e-01
4.491611974455654854e-01
4.494075296174569467e-01
4.510000337771796763e-01
4.493563044787706739e-01
4.506773659554587086e-01
4.490483832944345277e-01
4.489661858465058275e-01
4.489833344486373612e-01
4.496559713356924060e-01
4.495091769231014944e-01
4.491301917025422030e-01
4.491315724177657454e-01
4.504855283117579212e-01
4.491685675278614953e-01
4.495451530690545150e-01
4.490958415419681882e-01
4.508200422676381658e-01
4.489030357081363887e-01
4.492139985021307846e-01
4.489298660964738952e-01
4.496061460808633559e-01
4.490663690724140400e-01
4.504035120845400475e-01
4.492144952350652365e-01
4.499771925004181772e-01
4.491648034507614851e-01
4.501102899347422248e-01
4.481293499760572452e-01
4.477684958530343540e-01
4.475219264479540771e-01
4.482165909952752769e-01
4.477057198225080081e-01
4.470826517605276940e-01
4.471543074213040758e-01
4.478001841011768347e-01
4.474651554158110001e-01
4.482145430352345583e-01
4.473831543945562261e-01
4.477046256906123678e-01
4.472994853129234616e-01
4.483226907107886183e-01
4.473226151318664967e-01
4.475589582580503101e-01
4.472022335486859901e-01
4.478989732598281370e-01
4.472982719093932524e-01
4.481037805035879562e-01
4.472643645448307614e-01
4.480638914094022818e-01
4.471022511430816082e-01
4.481182723145439861e-01
4.473318257269599529e-01
4.488001151733610472e-01
4.470659090518128709e-01
4.478063793195329323e-01
4.468777407560948767e-01
4.482328068083021311e-01
4.472254465150222735e-01
4.489090425114761196e-01
4.461064979493008509e-01
4.466048791627265091e-01
4.463672060784216189e-01
4.467129890127514158e-01
4.463204662389638200e-01
4.470405570888955071e-01
4.465513818193804219e-01
4.464329928275162507e-01
4.462513813228963233e-01
4.460846779618286018e-01
4.461382165933019950e-01
4.463881843968600105e-01
4.462224045699357267e-01
4.469129359742016749e-01
4.461924552834893309e-01
4.458871988965418809e-01
4.459545682676894773e-01
4.467641540575746917e-01
4.458367317813938246e-01
4.466641309356663703e-01
4.458707093452662917e-01
4.459116458910336034e-01
4.458913434525855202e-01
4.464354661058965168e-01
4.460712051989123017e-01
4.488044372006697036e-01
4.460502187031344379e-01
4.490266526248465340e-01
4.452380785764630811e-01
4.455425245762550390e-01
4.453799141453338994e-01
4.465094316921271456e-01
4.455946385461113102e-01
4.450419570066908581e-01
4.450908167915212932e-01
4.468370396221572061e-01
4.450405300358903360e-01
4.448879886071094303e-01
4.454006462231195895e-01
4.456101798428221406e-01
4.454801439692301357e-01
4.448120025511915765e-01
4.450142516175182306e-01
4.462760521712307304e-01
4.454818789710100480e-01
4.456527875192906607e-01
4.451806219537002840e-01
4.450610788577319954e-01
4.448790335644447480e-01
4.445406042891787979e-01
4.449725593802136836e-01
4.446052597898527137e-01
4.447855226899826153e-01
4.469874226023506925e-01
4.448852682870451103e-01
4.448989622750661455e-01
4.449505942268328074e-01
4.445248172587832336e-01
4.446440090838723047e-01
4.440682359860110284e-01
4.439980359577638258e-01
4.443772366405079333e-01
4.438032649019092446e-01
4.458474354703233500e-01
4.435437777591567654e-01
4.438126002565923045e-01
4.435754448184348053e-01
4.446072227633005580e-01
4.435597349552423685e-01
4.432382712967893879e-01
4.433319055608294645e-01
4.450195513803231750e-01
4.431958225218573522e-01
4.434156666613341957e-01
4.434620738299103193e-01
4.440892427559426925e-01
4.431819600647181612e-01
4.436228076075751647e-01
4.435625720351955015e-01
4.446544071596127412e-01
4.433660280658278663e-01
4.435193647952962448e-01
4.431047879002863454e-01
4.433487166741021390e-01
4.432416265720546811e-01
4.432967313191224501e-01
4.433139290142448230e-01
4.439562773975632148e-01
4.437099669180679662e-01
4.432378523517168656e-01
4.430181859354353491e-01
4.438367555898028449e-01
4.435782399883171911e-01
4.452980304600340777e-01
4.427563473088015344e-01
4.431513544925507198e-01
4.431115058961337394e-01
4.425836235594672319e-01
4.429586501110560626e-01
4.431436928281078935e-01
4.427327250510518231e-01
4.431997085710530637e-01
4.427385365937103190e-01
4.436117601653742359e-01
4.427813355388355854e-01
4.436078515827028279e-01
4.430548531715428617e-01
4.430338765247509580e-01
4.428519859947256943e-01
4.433262408284953660e-01
4.429302180992668592e-01
4.432921218772971628e-01
4.430441603509642778e-01
4.437058094037245604e-01
4.425642604152875692e-01
4.430938641507413678e-01
4.426818070595160970e-01
4.434918998324960393e-01
4.422856321785109679e-01
4.443862766984878476e-01
4.423970432652867824e-01
4.420618774942491336e-01
4.420864367581422982e-01
4.426583728196134548e-01
4.422817068599448898e-01
4.428438137691654286e-01
4.422914076860754995e-01
4.431886953677182106e-01
4.423738484134483451e-01
4.426955079433418372e-01
4.422132154389044056e-01
4.428121495557935106e-01
4.421510734439222934e-01
4.431993808969008630e-01
4.421766426398627270e-01
4.424790518815936990e-01
4.412899900059261138e-01
4.420435074235675166e-01
4.415406055818129061e-01
4.416472272812595468e-01
4.414174695091758194e-01
4.417680636232880209e-01
4.416070613829797264e-01
4.418197993885505381e-01
4.414630628877298513e-01
4.423445879713627238e-01
4.413033778213513170e-01
4.413176251618970980e-01
4.413751275157647980e-01
4.413256470928516029e-01
4.414732144584868623e-01
4.415547404152323496e-01
4.413911664230270593e-01
4.412896767135342513e-01
4.414838469349051109e-01
4.413721155764165349e-01
4.413632798649819722e-01
4.411586549124465462e-01
4.417813981029580783e-01
4.411875055178776650e-01
4.411590877295648028e-01
4.411250254744072952e-01
4.409005633676754132e-01
4.409132112552151539e-01
4.406449240432877001e-01
4.407278116010489022e-01
4.403551641774625103e-01
4.403554070128187226e-01
4.407332932227664979e-01
4.404280178188723083e-01
4.409073533482840701e-01
4.404768459681678849e-01
4.403241066719338903e-01
4.403416421689734239e-01
4.404828407994591521e-01
4.403249785201410749e-01
4.405261614330208686e-01
4.404120871179249552e-01
4.403139873565194984e-01
4.403446690670285157e-01
4.406683962832906865e-01
4.405656187717432726e-01
4.407849391291683849e-01
4.401977735413835080e-01
4.400198951929274460e-01
4.402466474423151754e-01
4.399672985053375562e-01
4.399644031811955625e-01
4.401358495513227331e-01
4.401871169476937462e-01
4.397797349831497060e-01
4.396784159786844559e-01
4.399208947096446831e-01
4.397971690185245031e-01
4.397286905711145777e-01
4.398105164572043702e-01
4.395652910292588977e-01
4.395774890593942552e-01
4.399840923190607156e-01
4.396340247242905286e-01
4.397301393708494821e-01
4.398109641462452646e-01
4.400410879101594452e-01
4.397616312552230511e-01
4.398999726285714451e-01
4.397681184690117040e-01
4.395043787607108010e-01
4.394840255846704791e-01
4.396518269330056961e-01
4.395853162080784471e-01
4.397141850228654669e-01
4.395402878265379787e-01
4.393890358788782868e-01
4.393568815158775398e-01
4.394839923770822998e-01
4.393929824965250863e-01
4.396729370842799023e-01
4.393689029497357956e-01
4.394519514955421147e-01
4.394840627312204817e-01
4.398440913282669062e-01
4.394457848623914975e-01
4.396131877499749874e-01
4.392036372284853218e-01
4.389651923198608086e-01
4.391888440716136266e-01
4.389990042224790057e-01
4.390072602991945683e-01
4.391522511550747798e-01
4.390071265611287799e-01
4.390935164916443534e-01
4.389775215561927957e-01
4.390946966687376829e-01
4.388137019210630041e-01
4.387915395522161144e-01
4.388901139538784468e-01
4.389662917419834276e-01
4.388758254362577493e-01
4.390171562649858861e-01
4.388929824493751908e-01
4.391288786715570325e-01
4.387781570326013680e-01
4.391470832998520257e-01
4.387004429470087730e-01
4.391551446916324153e-01
4.386440324539280788e-01
4.385893883107240820e-01
4.385204757770908013e-01
4.385402811343658835e-01
4.387377142165521104e-01
4.388945338873209145e-01
4.385640632213946843e-01
4.384771162948887802e-01
4.386203208041686286e-01
4.385776201243956063e-01
4.385437773242898407e-01
4.386860324844696346e-01
4.384616077320213634e-01
4.385821798449358044e-01
4.384843002114240385e-01
4.387172757651752186e-01
4.385214543156101819e-01
4.386423986438294231e-01
4.384292835430940727e-01
4.385448703987493424e-01
4.385355540321992374e-01
4.384444967139809468e-01
4.384168898248362867e-01
4.384784240565628988e-01
4.384613858691421284e-01
4.388433789065604440e-01
4.384513862368483172e-01
4.387183132387486029e-01
4.385379952402174153e-01
4.385204251528159181e-01
4.384211489804699657e-01
4.387196056133582101e-01
4.384144485572679106e-01
4.385593267081895896e-01
4.384762584920809947e-01
4.385900456112848400e-01
4.383746767010910372e-01
4.393177436377537215e-01
4.383770226346680454e-01
4.381749505959480206e-01
4.382194799157431708e-01
4.382776050060263606e-01
4.381258803715259442e-01
4.381883123756200593e-01
4.381565852709443654e-01
4.384373499033921151e-01
4.381861431988968714e-01
4.381828531631256629e-01
4.381867499878962513e-01
4.379803103620965032e-01
4.380420967731509796e-01
4.383031907680642325e-01
4.379550430473054257e-01
4.384090589660348813e-01
4.380952129687709640e-01
4.380466593180802892e-01
4.380243538315510277e-01
4.382206662315684120e-01
4.379763908242104709e-01
4.380944177045427712e-01
4.381247112589166659e-01
4.383251435259424289e-01
4.378910993678608587e-01
4.383439062609971182e-01
4.379612454028398161e-01
4.378261628812978312e-01
4.377348502880067382e-01
4.377416700516948422e-01
4.378091711317250168e-01
4.378892671624560751e-01
4.377118348957474980e-01
4.375381688940335745e-01
4.376919525450982396e-01
4.375810274703076930e-01
4.375144245878044291e-01
4.376378739907210713e-01
4.375081941122732077e-01
4.382582341893618838e-01
4.376113213776280930e-01
4.376339694768274780e-01
4.374437127838635142e-01
4.374490319629879553e-01
4.375151175448725449e-01
4.375030269884242484e-01
4.374663542688305706e-01
4.375185649941910060e-01
4.375952072018612360e-01
4.375669716233980266e-01
4.374703821179889429e-01
4.376167228719948787e-01
4.374854607456516442e-01
4.378765641951654630e-01
4.374641079930944865e-01
4.375187911450175160e-01
4.374629301375908552e-01
4.378712633524796116e-01
4.375555584162826306e-01
4.378959547610787872e-01
4.373222068401632634e-01
4.373162335239609844e-01
4.375203675497955635e-01
4.372029378740888705e-01
4.371508080169651533e-01
4.372548615554230356e-01
4.372389300362019560e-01
4.372561735690744245e-01
4.372451857054842628e-01
4.374646197749669785e-01
4.371152165632541386e-01
4.374211461219666974e-01
4.372167328378372964e-01
4.373588767046463488e-01
4.371772076311636335e-01
4.372659225295065788e-01
4.371894157489236710e-01
4.375730665925389729e-01
4.372829524870419649e-01
4.374202897136132417e-01
4.370974985211536490e-01
4.372175207004380115e-01
4.371286942475928750e-01
4.372378278664573736e-01
4.370769457381373790e-01
4.372707528256752907e-01
4.371140007309156084e-01
4.370039703474317139e-01
4.371602231620765333e-01
4.377507017971322689e-01
4.369573833041635602e-01
4.370251070902875234e-01
4.372358970591760929e-01
4.367711556043133991e-01
4.369068620342891340e-01
4.371672029886471966e-01
4.367277084618937932e-01
4.370138653153200492e-01
4.368690579488399561e-01
4.370854880151432975e-01
4.367711434813117966e-01
4.367740758089093123e-01
4.367501669021227606e-01
4.367354260744234495e-01
4.368969270786958736e-01
4.366579097754473282e-01
4.367915370365799133e-01
4.367999022954832666e-01
4.366871272823908412e-01
4.367426988727262649e-01
4.368281846976364569e-01
4.367297947090917343e-01
4.368385059499216294e-01
4.366689408909256720e-01
4.367114377690637927e-01
4.366280421519525556e-01
4.366508940184966048e-01
4.365424015880648989e-01
4.366022329196392882e-01
4.368971603284489413e-01
4.365281353391313179e-01
4.368931765354696073e-01
4.364208599184882797e-01
4.364169598757658974e-01
4.363709050750921858e-01
4.361982288108470773e-01
4.362535883797320491e-01
4.361883524369453147e-01
4.362290951540921391e-01
4.364009245504599788e-01
4.362688322696698373e-01
4.362155821698501801e-01
4.362362653499168852e-01
4.362056840708850580e-01
4.360568451347962560e-01
4.361472923036082694e-01
4.361590822135804069e-01
4.360653371099320053e-01
4.360437109774825126e-01
4.362348679572667920e-01
4.360389257222782033e-01
4.361650472315913851e-01
4.360322231255239767e-01
4.361471790879046240e-01
4.360319877381987341e-01
4.362645782566739183e-01
4.361645661191184131e-01
4.361078722296659049e-01
4.360720827168257374e-01
4.364365889498189044e-01
4.359648160497598957e-01
4.358636903628003711e-01
4.358990857383160944e-01
4.361871898879108311e-01
4.359130911009324594e-01
4.357217788946399217e-01
4.358471461266689717e-01
4.355826745910172382e-01
4.356327400875830147e-01
4.358012687340977465e-01
4.357363910604356017e-01
4.354327499719493066e-01
4.354726561951673403e-01
4.355196908521565824e-01
4.353560552741155276e-01
4.352712884440698149e-01
4.353565596697428486e-01
4.354303733000119969e-01
4.353394405779257847e-01
4.354237970324170703e-01
4.352196861604427647e-01
4.353464453732070472e-01
4.352584119940631213e-01
4.353800571052048873e-01
4.352993352571003505e-01
4.359796288327416613e-01
4.352196592354440896e-01
4.352326624702008706e-01
4.351636424949167359e-01
4.354697589910404565e-01
4.350307611920135598e-01
4.351767221517724438e-01
4.350668959389750734e-01
4.353216851134867893e-01
4.352169952315416146e-01
4.349643523936397305e-01
4.351231621359713531e-01
4.349867197055709012e-01
4.350871943417142784e-01
4.349671836262926639e-01
4.350251653298191634e-01
4.350190542192106657e-01
4.349907478267683314e-01
4.350944798651897871e-01
4.350273984636839897e-01
4.351920600742082423e-01
4.349919987599240589e-01
4.350660031248854143e-01
4.349802501864775128e-01
4.351358229035627301e-01
4.350408032141971360e-01
4.350759737847500475e-01
4.350146797477494887e-01
4.351844973967194385e-01
4.349937800471141425e-01
4.351206781636556831e-01
4.349904630131747330e-01
4.350849966765379939e-01
4.349977835356115263e-01
4.355185107921609733e-01
4.350121501859948170e-01
4.356478436934957399e-01
4.350337262103743941e-01
4.355144152970319982e-01
4.349700692051415296e-01
4.350356454691830521e-01
4.349401632039550658e-01
4.350853731632288723e-01
4.349371875105521035e-01
4.350474858680863366e-01
4.349464255470270047e-01
4.351632674523219224e-01
4.349369422953845987e-01
4.351174054850948658e-01
4.349860511699266685e-01
4.351675211017915768e-01
4.349973698108059450e-01
4.348736110897804541e-01
4.347899755207287886e-01
4.352557512654862126e-01
4.349031481871286076e-01
4.349672016546370368e-01
4.348708080800638975e-01
4.349278601322336124e-01
4.348237109165205005e-01
4.350512441676859798e-01
4.348132348467546593e-01
4.351651360505234267e-01
4.348288806240057092e-01
4.348112014486142374e-01
4.349704062178251229e-01
4.348134327628060958e-01
4.348624251562105969e-01
4.348026455284030312e-01
4.348273884963513858e-01
4.348118020111580995e-01
4.348355112140199763e-01
4.347922137637952322e-01
4.349819529119963168e-01
4.347653788657844798e-01
4.347299960932161089e-01
4.347225971129094479e-01
4.348149849362109576e-01
4.347119680884776183e-01
4.347580197785998468e-01
4.347134778334404426e-01
4.347142249867018693e-01
4.347332223006413754e-01
4.346990038998120309e-01
4.347647629880271314e-01
4.347811278026408321e-01
4.346990898491638888e-01
4.347618054701041790e-01
4.346582296069304574e-01
4.346788412679045144e-01
4.347073878519494561e-01
4.346200896403775715e-01
4.346539871963617241e-01
4.346895943147953689e-01
4.346436701747613540e-01
4.347036309838000490e-01
4.345914900409900139e-01
4.346149986830179501e-01
4.346197991944008576e-01
4.346446334870033290e-01
4.345859519231532464e-01
4.346670738938677170e-01
4.346528246492364911e-01
4.345286307557658101e-01
4.345456241147332976e-01
4.345756924709070490e-01
4.345312564056008631e-01
4.345520926113585203e-01
4.345489132136383659e-01
4.345707574974217446e-01
4.346148990201415541e-01
4.343036174916216630e-01
4.341843893164499257e-01
4.341219087560168055e-01
4.340805110008191803e-01
4.340143000985530186e-01
4.340087231235118526e-01
4.340199468264764882e-01
4.340243540392488830e-01
4.338575278848053607e-01
4.338621333160106452e-01
4.339016486551846019e-01
4.338894998658366364e-01
4.339130859120529093e-01
4.337625226982813054e-01
4.337707465488069847e-01
4.337679454812822799e-01
4.337714293129401044e-01
4.337569635242453647e-01
4.337544551655734826e-01
4.337448951464409896e-01
4.337680845754751102e-01
4.337932876498666879e-01
4.337219838543482364e-01
4.336360251579762792e-01
4.336077748890169725e-01
4.334947035651386393e-01
4.335224544670832070e-01
4.335242178044136363e-01
4.334988667264265128e-01
4.334467609261333787e-01
4.334347059574426009e-01
4.334660740752216412e-01
4.334133675343085912e-01
4.333980019583187904e-01
4.334484315752878958e-01
4.334282879630155794e-01
4.334045977481698064e-01
4.334394846685652447e-01
4.333852215024442955e-01
4.334286626221763306e-01
4.334385835437340462e-01
4.333127112577754292e-01
4.333454648337780601e-01
4.332344321538778020e-01
4.332615602759856133e-01
4.332625096952782973e-01
4.332435399625453876e-01
4.333283390790545475e-01
4.332152022799880542e-01
4.332231438947400926e-01
4.332520296615289812e-01
4.331299678939311559e-01
4.331655630852364602e-01
4.331236911900658293e-01
4.331636803131195257e-01
4.332608075750283838e-01
4.331142655756664572e-01
4.330601082473733432e-01
4.330714029271427457e-01
4.330129790507183385e-01
4.330438445726799701e-01
4.330293305836676598e-01
4.330402555850286217e-01
4.330682563312588940e-01
4.330241365819428312e-01
4.330523576626101878e-01
4.330213176675771769e-01
4.330966100229394766e-01
4.330230141271365074e-01
4.331582717404152127e-01
4.330257919081190732e-01
4.330511224488209909e-01
4.330244312559928255e-01
4.329800730276311960e-01
4.329779101810850572e-01
4.329824353661703706e-01
4.329940237069961340e-01
4.330249097514613510e-01
4.329773463953783819e-01
4.331381481838352254e-01
4.330088381142645493e-01
4.330293210692409689e-01
4.329830174325428049e-01
4.330139678883331289e-01
4.329864952162369995e-01
