1.192925063533694985e+00
1.192925063533695207e+00
1.192925063533694985e+00
1.194128983283343715e+00
1.194460787648543132e+00
1.185908913305502077e+00
1.262698951256955082e+00
1.185908913305502077e+00
1.185908913305502077e+00
1.185908913305502077e+00
1.185908913305501855e+00
1.185908913305502077e+00
1.184650641530059945e+00
1.198386010385145362e+00
1.184650641530059945e+00
1.184650641530059945e+00
1.184650641530059945e+00
1.266061602896999982e+00
1.184650641530059945e+00
1.184650641530059945e+00
9.375021363052751244e-01
8.890191328325725006e-01
9.573653736306594331e-01
9.132868576142962880e-01
8.844426434683628768e-01
8.851837356660559042e-01
8.828874237307147155e-01
8.828874237307147155e-01
8.998677652049883458e-01
8.828874237307147155e-01
8.868759834865062031e-01
8.867067985685272991e-01
9.150712618424072797e-01
8.828874237307147155e-01
8.839710749882003782e-01
8.828874237307149375e-01
8.892625402537494006e-01
8.828874237307147155e-01
8.837578150246040432e-01
8.828874237307147155e-01
9.840557683372801456e-01
9.053339009757979117e-01
8.718553017442017827e-01
9.013677606112369123e-01
8.721599955838102991e-01
8.808925592855940678e-01
8.712296871043466728e-01
8.646156726458070763e-01
8.639615958491333458e-01
8.677223536498801515e-01
8.642691370906395720e-01
8.811346165172596612e-01
8.637643848535242475e-01
8.788130037004813211e-01
8.637841635506905424e-01
8.683467844909681377e-01
8.636362883448747141e-01
8.614846446569229821e-01
8.614846446569229821e-01
8.766066261687071037e-01
8.614846446569229821e-01
8.664838250643681627e-01
8.614846446569229821e-01
8.713721992729559496e-01
8.620572771175454285e-01
8.701939407288057371e-01
8.822708554241225354e-01
8.588775291737175133e-01
8.587466669219396831e-01
8.594325907745411497e-01
8.622390112206730350e-01
8.595669933910502492e-01
8.583671711245393077e-01
8.547233596711214521e-01
8.545708158180340686e-01
8.597201705652314230e-01
8.545944179551592246e-01
8.547642977201480585e-01
8.546624390108109592e-01
8.552665180685055102e-01
8.546178365840718660e-01
8.566234587832813885e-01
8.538936326550751188e-01
8.627679151228319077e-01
8.548482997026521923e-01
8.546196953362090731e-01
8.621912524613219997e-01
8.554658442425162601e-01
8.538376604067368092e-01
8.536607124163522187e-01
8.536607124163524407e-01
8.539552275090681599e-01
8.537268382184703963e-01
8.541121162610336714e-01
8.537241054984173738e-01
8.543093625317336182e-01
8.539196903598205157e-01
8.566159285403771584e-01
8.538789030449103201e-01
8.507398527139590216e-01
8.506664011223272759e-01
8.511077864003004922e-01
8.544898638104283517e-01
8.511544530415197096e-01
8.526192987094056708e-01
8.505178760801660465e-01
8.495645142193620769e-01
8.499282359372676288e-01
8.525152975912895226e-01
8.506076643037968621e-01
8.505897859758687618e-01
8.493283351193838815e-01
8.492803212595914086e-01
8.492662030978873622e-01
8.510920955080140127e-01
8.506871094865322558e-01
8.538978143130719900e-01
8.497068584979836636e-01
8.525539059904613248e-01
8.492662030978883614e-01
8.496063484229606777e-01
8.478278223965680649e-01
8.488476406702085697e-01
8.476483688894711488e-01
8.473244167368321200e-01
8.476944785329814103e-01
8.474105491720373973e-01
8.472876708109984278e-01
8.473834973118302694e-01
8.472192765383842472e-01
8.475178897754540586e-01
8.474867122618883197e-01
8.465199149286484204e-01
8.463447286082109722e-01
8.463225534831495533e-01
8.463129140870856437e-01
8.462467709287769813e-01
8.463599628115974216e-01
8.461478776155916259e-01
8.463588985106029750e-01
8.472788594205142854e-01
8.456261493952078601e-01
8.459851358398422505e-01
8.456109044236080896e-01
8.462040666827661539e-01
8.455979405737833465e-01
8.451273530620666552e-01
8.451601098316658955e-01
8.454175809633783789e-01
8.450662890281060990e-01
8.451137268006104764e-01
8.448782324752303063e-01
8.449449975945997338e-01
8.448634543773183569e-01
8.448702236972100987e-01
8.449483952380858476e-01
8.450543926001058415e-01
8.449756961345662454e-01
8.444632476280821143e-01
8.446459562784796038e-01
8.443926950700960665e-01
8.445173904090129691e-01
8.446359784981797292e-01
8.449357317237937703e-01
8.444182680059594270e-01
8.445205563321446229e-01
8.443852014078843116e-01
8.448785291619953508e-01
8.443907024658369176e-01
8.443941679743790507e-01
8.444196239492588463e-01
8.443873139479313172e-01
8.444234083669712732e-01
8.443907535452009894e-01
8.444168476992631733e-01
8.443851989103678957e-01
8.444826327641482555e-01
8.443796651686016341e-01
8.444539262344172847e-01
8.444487402460838510e-01
8.444656442324367518e-01
8.443869637519549887e-01
8.442360562864492657e-01
8.441893486189209206e-01
8.441552803636399593e-01
8.441054613727326794e-01
8.441200957135186478e-01
8.441242553632147816e-01
8.441055935812619149e-01
8.440503599777203769e-01
8.441993093544267746e-01
8.440712484664801840e-01
8.440921094429436611e-01
8.440808045052102804e-01
8.440129215762652848e-01
8.441100920244088979e-01
8.445070714734916884e-01
8.440015984064523913e-01
8.436320681909827979e-01
8.435820455131607387e-01
8.435913891768527240e-01
8.435864663713569245e-01
8.435365988636623902e-01
8.437379848021593354e-01
8.435717209150025431e-01
8.435972597837052556e-01
8.435150243009369442e-01
8.434844282160666173e-01
8.434893473040034895e-01
8.434053458056099961e-01
8.433699182611479328e-01
8.433699291621601368e-01
8.433913944224574744e-01
8.434183997119729659e-01
8.433774996139088431e-01
8.433854878718030079e-01
8.433869121539275815e-01
8.433849155855140944e-01
8.434303166013679132e-01
8.435966125586974451e-01
8.432223416419246664e-01
8.431903654971565354e-01
8.432098076547024368e-01
8.431877701772820810e-01
8.431871734538017860e-01
8.431951939848024713e-01
8.431866642063545747e-01
8.432392990609370864e-01
8.431876048596220752e-01
8.431415066272972547e-01
8.430976328982795476e-01
8.431140094141331698e-01
8.431858970693026922e-01
8.431082499744482206e-01
8.431697751360930360e-01
8.431018294416828818e-01
8.431444927401999800e-01
8.431277539770334339e-01
8.431295328873782413e-01
8.431059353266683321e-01
8.429776075423062176e-01
8.429604631037357354e-01
8.429927963910212041e-01
8.428577263642340611e-01
8.427772949706616723e-01
8.427297686403892873e-01
8.427030499381784612e-01
8.427282360428730579e-01
8.426697522588992850e-01
8.426511058720672631e-01
8.426794313450652885e-01
8.426511137900002391e-01
8.426738625088923129e-01
8.426721689106322355e-01
8.426733496478883145e-01
8.426541537394620640e-01
8.426023855552787767e-01
8.425874270531752419e-01
8.425867317648719768e-01
8.425777132666697478e-01
8.425708995480127861e-01
8.424824197915047330e-01
8.424234891654837076e-01
8.423682866420828530e-01
8.424171443981252061e-01
8.423665682989507353e-01
8.423908467575292880e-01
8.423555714562359631e-01
8.423063510335055959e-01
8.422738923648258602e-01
8.422818631345124762e-01
8.422177305632914113e-01
8.422244662678168847e-01
8.421778324895702328e-01
8.421767770714139179e-01
8.421736846583451896e-01
8.421746385074813102e-01
8.421573060577277614e-01
8.421589590576440409e-01
8.422068632263358667e-01
8.421606443937096342e-01
8.421523152263397094e-01
8.421419035316985990e-01
8.421425497689304374e-01
8.421386972957908279e-01
8.420881648472653414e-01
8.420871321031326850e-01
8.420882112223730953e-01
8.421052418360899239e-01
8.420857842240598856e-01
8.421335991319387482e-01
8.420830508036506457e-01
8.421493173474094984e-01
8.420846909032481120e-01
8.421311829240012425e-01
8.420779193069427571e-01
8.419791762721955397e-01
8.419818132407240752e-01
8.419792163528921902e-01
8.419728330356390789e-01
8.419731751192832681e-01
8.419706855489976771e-01
8.419782884728486128e-01
8.419623716876907249e-01
8.419574544196825050e-01
8.421186380628136181e-01
8.419537916747902306e-01
8.418730127440647859e-01
8.418604228999509997e-01
8.418602255756439945e-01
8.418577116376114722e-01
8.418594641201865292e-01
8.419217163063740239e-01
8.418595845229317476e-01
8.418897191448631023e-01
8.418573113897436233e-01
8.420286192960517724e-01
8.418861707862512755e-01
8.417388888467881580e-01
8.417731304801321368e-01
8.417391076828831808e-01
8.417365379425503225e-01
8.417358068666901394e-01
8.417385974637816570e-01
8.417367485244534597e-01
8.417383456838177791e-01
8.417349804070145547e-01
8.418709048960951735e-01
8.417118576967529409e-01
8.416356713076534879e-01
8.416042247028578949e-01
8.416041666214539863e-01
8.415981410335833246e-01
8.415952625463068992e-01
8.415951749472732057e-01
8.415984620214871370e-01
8.416564354814700666e-01
8.415953171216301598e-01
8.417583681007487773e-01
8.415933406293863994e-01
8.415016235723368210e-01
8.415208969450858056e-01
8.415019786105484290e-01
8.415245430412339189e-01
8.415060580610015384e-01
8.415038308720910187e-01
8.415024883418835699e-01
8.415054458426938222e-01
8.415013879463638657e-01
8.415178430427404654e-01
8.414927088475323558e-01
8.416128176897581525e-01
8.414163879970468773e-01
8.413630714718849379e-01
8.413936443861573800e-01
8.413630529607761810e-01
8.413698848987781753e-01
8.413604727254160309e-01
8.413782775253948465e-01
8.413682206091789295e-01
8.413587414394440023e-01
8.414182675208033979e-01
8.412845154826777971e-01
8.412901018686366195e-01
8.412919759382402329e-01
8.413022769289204561e-01
8.412843470479299812e-01
8.412910782692792910e-01
8.412840192924682103e-01
8.412889314385445516e-01
8.412876226914786093e-01
8.413028484962019604e-01
8.412842137570344381e-01
8.413258519340037767e-01
8.413232910796473174e-01
8.412135990272693320e-01
8.411581154132331539e-01
8.410961316046652314e-01
8.410382213273716046e-01
8.410119430490882175e-01
8.409949526108936313e-01
8.409946990989926041e-01
8.409743087507953740e-01
8.409722181551515519e-01
8.409193890889138379e-01
8.408428850462827953e-01
8.407754581402552274e-01
8.407117395154548589e-01
8.406871030595384209e-01
8.406218944759642486e-01
8.405885713202088105e-01
8.405764895999977560e-01
8.405510077239304323e-01
8.405554098761273130e-01
8.405504928090865580e-01
8.405420772666778451e-01
8.405435757343530101e-01
8.405507289767468748e-01
8.405584667524049758e-01
8.405160670358602371e-01
8.404725338881171570e-01
8.404648985061956568e-01
8.404734389653822912e-01
8.404589619487721208e-01
8.404583031469924359e-01
8.404507534756611165e-01
8.404520043362566639e-01
8.404374082975624161e-01
8.404618573636500889e-01
8.404372081973698894e-01
8.404454579169607920e-01
8.404462588828488512e-01
8.404923338861597371e-01
8.404407575783620077e-01
8.403753392650943344e-01
8.403744756468720656e-01
8.403708700193047720e-01
8.403711707866908798e-01
8.403836949131832101e-01
8.403748897822796993e-01
8.403901719396593695e-01
8.403573009109506220e-01
8.403419517443959652e-01
8.403415404315204285e-01
8.403382489074945338e-01
8.403417935729380339e-01
8.403347273741278434e-01
8.403383159051711626e-01
8.403111788557598993e-01
8.403131495231954684e-01
8.402959271837185939e-01
8.402821865062966022e-01
8.402850355420035111e-01
8.402812353689244063e-01
8.403318620457705945e-01
8.402140540949083469e-01
8.401641517216961175e-01
8.401370991080104877e-01
8.400986949954879490e-01
8.400507490885436024e-01
8.400418176795603209e-01
8.400449755568630827e-01
8.400483017447841760e-01
8.400394537508962811e-01
8.400303965352897695e-01
8.400296840037452251e-01
8.400324921907676989e-01
8.400263428940719646e-01
8.400431810212902750e-01
8.400386990699376666e-01
8.399869278973542963e-01
8.399898736957738254e-01
8.399748668128220741e-01
8.399897977854907660e-01
8.399737860843662363e-01
8.399642478096731590e-01
8.399158830552393429e-01
8.399175932814160195e-01
8.399068892506181827e-01
8.399230970521923689e-01
8.399152061292689542e-01
8.398860294460609444e-01
8.399032046650269923e-01
8.398691421205951579e-01
8.398661225576582456e-01
8.398665076690096098e-01
8.398671194615205948e-01
8.398637672561763967e-01
8.398650578932572719e-01
8.398531067845301790e-01
8.398571799149088246e-01
8.398572612028788464e-01
8.398605637369659371e-01
8.398452567895118293e-01
8.398559293895635491e-01
8.398421030920280028e-01
8.398364299881244666e-01
8.398640310538916243e-01
8.398130994513611780e-01
8.397873776095247100e-01
8.398033407246578985e-01
8.397856215422189186e-01
8.398588732704668214e-01
8.397897308832562580e-01
8.398479602688646573e-01
8.397709381283665619e-01
8.397667507256153518e-01
8.397545382024541594e-01
8.397399585293512381e-01
8.397573832427098761e-01
8.397300022052324175e-01
8.397291023697293078e-01
8.397268764720584588e-01
8.397267170561090177e-01
8.397483591640299005e-01
8.397255257791295113e-01
8.397357321258505092e-01
8.397287881669316389e-01
8.397665510174734393e-01
8.397159674370007210e-01
8.396752610619215851e-01
8.397327825475877638e-01
8.396702052528057791e-01
8.396538291459443304e-01
8.396541879971392008e-01
8.396803703215897086e-01
8.396538571830303166e-01
8.396758669347936799e-01
8.396545986549042162e-01
8.397169930093296708e-01
8.396431716794469091e-01
8.396197443704993546e-01
8.396219524452417371e-01
8.396015509970431445e-01
8.396109734153024418e-01
8.396003435267636039e-01
8.395933642482551473e-01
8.396000585820354578e-01
8.395906695647984419e-01
8.395941846078091020e-01
8.395894504929733992e-01
8.397141164717542017e-01
8.395809328626323564e-01
8.395418836635849535e-01
8.395390732129396349e-01
8.395542305070188283e-01
8.395506030177063428e-01
8.395389660540582000e-01
8.395609426012656806e-01
8.395382700223618100e-01
8.395651746140453398e-01
8.395353429582111948e-01
8.395856381207825736e-01
8.395771389426288644e-01
8.394935576158255586e-01
8.394867237465691856e-01
8.394726662253187977e-01
8.394723274592189588e-01
8.394722164993770885e-01
8.394790837427602570e-01
8.394711621570565274e-01
8.394807859141922846e-01
8.394696011553121062e-01
8.394977536164807130e-01
8.395051018960036915e-01
8.394837184798792373e-01
8.394746716382731622e-01
8.394381716918879466e-01
8.394144919562764873e-01
8.393845343592223340e-01
8.393848059638367998e-01
8.394235653730836022e-01
8.393853489575868743e-01
8.394329006858985975e-01
8.393871741036471601e-01
8.394253816336035845e-01
8.394125256482978248e-01
8.393674367198377118e-01
8.393505736511668314e-01
8.393427794377927853e-01
8.393385342238681712e-01
8.393460207228216063e-01
8.393296756464776465e-01
8.393281771978207129e-01
8.393183595220971016e-01
8.393185088576476938e-01
8.393194600937994299e-01
8.393174660850436508e-01
8.393427511897870730e-01
8.393121523350094426e-01
8.392997114015995352e-01
8.392790867782580211e-01
8.392917445183811775e-01
8.392788217458561073e-01
8.392670572467630929e-01
8.392716064534736509e-01
8.392670871821943379e-01
8.392673979259496209e-01
8.392673485525715682e-01
8.392746860682398502e-01
8.392675025376987730e-01
8.392761112008764179e-01
8.392752943024758272e-01
8.392372825605882714e-01
8.392321181740011182e-01
8.392306766252743966e-01
8.392375844826948095e-01
8.392342929769327498e-01
8.392280895187456125e-01
8.392279431423610436e-01
8.392182450313517839e-01
8.392181914309295720e-01
8.392123851926339695e-01
8.391975598102613398e-01
8.392073726390665289e-01
8.392189136532586247e-01
8.391804420349057159e-01
8.391617439526041222e-01
8.391641785976343693e-01
8.391409385386884301e-01
8.391317093706579522e-01
8.391316282319577491e-01
8.391247716160243897e-01
8.391240761677342119e-01
8.391212002267213199e-01
8.391155512399196548e-01
8.390977981717883116e-01
8.390851312642689797e-01
8.390829000108119828e-01
8.390828847168368965e-01
8.390820950848227877e-01
8.390819066314514352e-01
8.390837763118157433e-01
8.390876016639650103e-01
8.391347959630540698e-01
8.390803675233391434e-01
8.390518052599394982e-01
8.390426221475359991e-01
8.390426817713442231e-01
8.390512728428243250e-01
8.390410178836515964e-01
8.390497469523028329e-01
8.390418668033386984e-01
8.390503484342143325e-01
8.390572327130821906e-01
8.390264421625523994e-01
8.390270889597456483e-01
8.390246840503747805e-01
8.390217736549674399e-01
8.390005667031817937e-01
8.390077623185729916e-01
8.389987960140944390e-01
8.389991395618565662e-01
8.390000071094017020e-01
8.389981751618295069e-01
8.389963422492334733e-01
8.390028731409212570e-01
8.390163252809083039e-01
8.389789825034567050e-01
8.389699533519069385e-01
8.389738400051383049e-01
8.389594746687510929e-01
8.389522639548073757e-01
8.389530384233316873e-01
8.389554378794696898e-01
8.389528314841282475e-01
8.389519305909390878e-01
8.389520050513913363e-01
8.389579380171900969e-01
8.389526292330561352e-01
8.389780771072979926e-01
8.389567050076138788e-01
8.389323390637144495e-01
8.389299733088591005e-01
8.389308699268335223e-01
8.389310274691520464e-01
8.389260612124974648e-01
8.389040373890394031e-01
8.389034246235217429e-01
8.389054917035286829e-01
8.388987968840155851e-01
8.389592109858816649e-01
8.388959402148360445e-01
8.388623311012208816e-01
8.388602570143393056e-01
8.388591847844669713e-01
8.388516180510507958e-01
8.388510726626272618e-01
8.388489936058560748e-01
8.388490887636292914e-01
8.388502709041631977e-01
8.388492710395056839e-01
8.388504885609529005e-01
8.388508324721477560e-01
8.388569887540802128e-01
8.388490827000755212e-01
8.388554255698403850e-01
8.388685831562996409e-01
8.388172915150142739e-01
8.388000604449601383e-01
8.387752164814044065e-01
8.387580071599238796e-01
8.387337865735318143e-01
8.387262701508895191e-01
8.387256341401396753e-01
8.387171687354872951e-01
8.387215721509244659e-01
8.387119917271994574e-01
8.387095231961719799e-01
8.386851139116238141e-01
8.386702527324129131e-01
8.386380262363415383e-01
8.386164134026139472e-01
8.385935065377461139e-01
8.385757976452341556e-01
8.385689196343144580e-01
8.385724075875532479e-01
8.385577718381371781e-01
8.385584197982650645e-01
8.385595467105732004e-01
8.385615976437380548e-01
8.385576877556801811e-01
8.385560124554626293e-01
8.385554832576757045e-01
8.385563873203135676e-01
8.385544940335349917e-01
8.385495908641905638e-01
8.385528213985751211e-01
8.385299000189645469e-01
8.385303723544839105e-01
8.385435096715809777e-01
8.385010328035152893e-01
8.384903239217310622e-01
8.384802996835880595e-01
8.385014805804580362e-01
8.384793326975172878e-01
8.384874773748242083e-01
8.384822776418415780e-01
8.384725105213819418e-01
8.384748886659433298e-01
8.384664734225159011e-01
8.384711706765750616e-01
8.384529009738115324e-01
8.384544145030494722e-01
8.384459300333236831e-01
8.384468271379933446e-01
8.384452510863430463e-01
8.384437105733243412e-01
8.384371658456554188e-01
8.384489521292779468e-01
8.384213126250217307e-01
8.384401989665352106e-01
8.384282571959971175e-01
8.383965991596609157e-01
8.384050341333000311e-01
8.383954159491583402e-01
8.383859218925738821e-01
8.383857883684080470e-01
8.383851053943502940e-01
8.383850072139040766e-01
8.383816856527760430e-01
8.383806678978567017e-01
8.383838468060099691e-01
8.383805853111672146e-01
8.383834462274442068e-01
8.383808223666530113e-01
8.383791207090605102e-01
8.383804858413134165e-01
8.383800914501955415e-01
8.383948421378645266e-01
8.383455964187265241e-01
8.383364228110204985e-01
8.383202908120986896e-01
8.383131233658648318e-01
8.382804638863657898e-01
8.382643414740480470e-01
8.382599080171860839e-01
8.382599999869220220e-01
8.382594887855833177e-01
8.382584808719180103e-01
8.382298752243807494e-01
8.382291397423911050e-01
8.382322459327457009e-01
8.382338980151189389e-01
8.382199399389891337e-01
8.382205371475545119e-01
8.382175763646657618e-01
8.382176119602546827e-01
8.382064345871481637e-01
8.381919290580303050e-01
8.381770297983075491e-01
8.381436705557218092e-01
8.381349500649777351e-01
8.381291785046035558e-01
8.381328494363503578e-01
8.381058432044661277e-01
8.380868578347147047e-01
8.380659051997897402e-01
8.380748269573565779e-01
8.380656740868969168e-01
8.380306003590767272e-01
8.380036888844371035e-01
8.379818314262512668e-01
8.379688556665974009e-01
8.379599993216297893e-01
8.379584720470965031e-01
8.379615854301349920e-01
8.379585694014173303e-01
8.379551269126918056e-01
8.379536487389859234e-01
8.379509046080633183e-01
8.379583795003485713e-01
8.379448875207958780e-01
8.379566664962047051e-01
8.379183776200965772e-01
8.379130100642966372e-01
8.379028336077321004e-01
8.378787649283884198e-01
8.379033673432181306e-01
8.378824893607392799e-01
8.378428892800459105e-01
8.378556862694852558e-01
8.378432759205655112e-01
8.378443246920788123e-01
8.378489829396865707e-01
8.378401897296664513e-01
8.378399416652693166e-01
8.378359769320162798e-01
8.378397627697021788e-01
8.378409073254141637e-01
8.378413577545058555e-01
8.378207261950363360e-01
8.378319597959352771e-01
8.378022603121062506e-01
8.377896749610480587e-01
8.377705102783388202e-01
8.377577366491890665e-01
8.377518780785109254e-01
8.377202440280806517e-01
8.377166175027761508e-01
8.377348391415195827e-01
8.376743808580535688e-01
8.376534132481511241e-01
8.376470751295835848e-01
8.376447823477147780e-01
8.376475220418038159e-01
8.376484004211161016e-01
8.376400001847337240e-01
8.376466565855787971e-01
8.376320298455578461e-01
8.376317146360984234e-01
8.376288767128560186e-01
8.376283638609375304e-01
8.376149340312146752e-01
8.376023074147100900e-01
8.376016458480755045e-01
8.375913345237474550e-01
8.375871562360854838e-01
8.376103815699703636e-01
8.375359164136978452e-01
8.374970882179392229e-01
8.374814165179444991e-01
8.374912156951355158e-01
8.374900047721499652e-01
8.374817474520612759e-01
8.374849870206120261e-01
8.374662929311637027e-01
8.374716546088333269e-01
8.374502939223118503e-01
8.374504837979540595e-01
8.374468807889667854e-01
8.374468552957982093e-01
8.374479779754121500e-01
8.374505233454198061e-01
8.374343381527538099e-01
8.374342057069551482e-01
8.373989540430835099e-01
8.373657302457798712e-01
8.373526316929849056e-01
8.373373373189567648e-01
8.373110264951409976e-01
8.372989102341534817e-01
8.372638777312456648e-01
8.372077141400402489e-01
8.371862307758184407e-01
8.371670746017744191e-01
8.371595390406288972e-01
8.371626702989660718e-01
8.371540542784460248e-01
8.371538513327434483e-01
8.371576669709774876e-01
8.371510731918887505e-01
8.371468170104828799e-01
8.371478478046791016e-01
8.371395562324850381e-01
8.371374195288067144e-01
8.371264380959485552e-01
8.371064633865481497e-01
8.371098383762992645e-01
8.371148701748968302e-01
8.371000720272208095e-01
8.371265789636913590e-01
8.370797201882776983e-01
8.370222698366279745e-01
8.369928872889519367e-01
8.369804663429263325e-01
8.370142240395200828e-01
8.369665066363745076e-01
8.369638497619569240e-01
8.369632053108728709e-01
8.369430711759099362e-01
8.369415194145097825e-01
8.369251451404035036e-01
8.369241880242829223e-01
8.369162591692921316e-01
8.369134133356536109e-01
8.369088908790736081e-01
8.369036755606467093e-01
8.368537402825128035e-01
8.368248253474487308e-01
8.368042154460049176e-01
8.367944439552755798e-01
8.367974756722252883e-01
8.367675211499400190e-01
8.367817997236693950e-01
8.367456122984074929e-01
8.366978087959102695e-01
8.366716583734022938e-01
8.366649945403773492e-01
8.366650260199063327e-01
8.366633433836498934e-01
8.366636720318684217e-01
8.366551149647915020e-01
8.366579088663286257e-01
8.366519692907226080e-01
8.366528746585230047e-01
8.366463250533546780e-01
8.366443451352387761e-01
8.366321958312903373e-01
8.366501354175847061e-01
8.366300157139344718e-01
8.366474037721894907e-01
8.366273028717489124e-01
8.366522246890306658e-01
8.365985606595732760e-01
8.365354339211590329e-01
8.364895224423759545e-01
8.364809257351869531e-01
8.364731230025646003e-01
8.364352655103692857e-01
8.363992207902284370e-01
8.363702209652882358e-01
8.363639622260945483e-01
8.363624758980133800e-01
8.363667502572892376e-01
8.363614660763729614e-01
8.363559564136456848e-01
8.363577982195480320e-01
8.363693070377781202e-01
8.363596123881723576e-01
8.363491402351680426e-01
8.363551200601254676e-01
8.363789752899596364e-01
8.363463803244590711e-01
8.362927089060634422e-01
8.362332287274026887e-01
8.361836887417791742e-01
8.361369619622036620e-01
8.361086967764934652e-01
8.361410373935995732e-01
8.361037487125196899e-01
8.360509388609335124e-01
8.360088356754741268e-01
8.359869124123245898e-01
8.359446553427587467e-01
8.359382656934067901e-01
8.359374394158164412e-01
8.359307769148607292e-01
8.359285639380289457e-01
8.359207677229747446e-01
8.359190415663927398e-01
8.359144133295253187e-01
8.359161554915760517e-01
8.359069374666771024e-01
8.359055991983727063e-01
8.358598986294254463e-01
8.358679570902677325e-01
8.358822718896167236e-01
8.357874228299948527e-01
8.357633377661660701e-01
8.357442927043650105e-01
8.356919809422004297e-01
8.356541656335442214e-01
8.356380627808677186e-01
8.356346873957595234e-01
8.356251639686442800e-01
8.356257084740159602e-01
8.356339728345687501e-01
8.356225855410670533e-01
8.356131000543053355e-01
8.356136063581447448e-01
8.355789770413744044e-01
8.355041457747792721e-01
8.354305049544644701e-01
8.353809478832794344e-01
8.353554317039838528e-01
8.353134218659351573e-01
8.352986684679877261e-01
8.352977323829317013e-01
8.352489297018858005e-01
8.351980487525161312e-01
8.351913530537276031e-01
8.351847306056860987e-01
8.351575076491934979e-01
8.351170744747994368e-01
8.350830819615228107e-01
8.350843606010256437e-01
8.350628729270094253e-01
8.351158814015753329e-01
8.350630070292177631e-01
8.350702564767948921e-01
8.350686264817038795e-01
8.349873349575916981e-01
8.349064003652679755e-01
8.348523587590497286e-01
8.348313445178765502e-01
8.348313075504404379e-01
8.347995255855086283e-01
8.347811670280437246e-01
8.347810422947855580e-01
8.347379938773616948e-01
8.346862182158975019e-01
8.346710658104334879e-01
8.346480717978634889e-01
8.346293415204323329e-01
8.345898959565203334e-01
8.345780888652525320e-01
8.346064237604180480e-01
8.345927425822678991e-01
8.345222602560594671e-01
8.344953078912922262e-01
8.344940368226564376e-01
8.344467155254533530e-01
8.343851136179247785e-01
8.343019267763609470e-01
8.342382127652692159e-01
8.341780842747723579e-01
8.341599711129006334e-01
8.341591113411700453e-01
8.341508487675204364e-01
8.341472158705623974e-01
8.341444962713754352e-01
8.341393355839124002e-01
8.341353837936436033e-01
8.341410551517308702e-01
8.340587887581246695e-01
8.339747123924977634e-01
8.339324857570060701e-01
8.339261667854896976e-01
8.338721045162735823e-01
8.338582276428555540e-01
8.338585133297526930e-01
8.338187819669207190e-01
8.337730834641309263e-01
8.336825647384671356e-01
8.336116989063416804e-01
8.335461979694732682e-01
8.334997046753855887e-01
8.334939462267966226e-01
8.334894694133099247e-01
8.334575478992459763e-01
8.334486324712082617e-01
8.334836412351960266e-01
8.334361924246894704e-01
8.334443509982701892e-01
8.334413648793428386e-01
8.333387223337660465e-01
8.332537610991737065e-01
8.331973275427813075e-01
8.331467222993695909e-01
8.331267685095546938e-01
8.331268310048145498e-01
8.330648073958658584e-01
8.330174614805172517e-01
8.329310159514042855e-01
8.328518284964500085e-01
8.327814241574881260e-01
8.327237946397533230e-01
8.326313301268177813e-01
8.325745155361383709e-01
8.325850164978060297e-01
8.325736062443598318e-01
8.325033226636628925e-01
8.324613868474971534e-01
8.324115125103157542e-01
8.323907458522012970e-01
8.323888845723285135e-01
8.322919949475993118e-01
8.321988069364145701e-01
8.320991663288833662e-01
8.319967866994679717e-01
8.318953923710959986e-01
8.317946224994194893e-01
8.317026313035077445e-01
8.316129298945547088e-01
8.314998242770140768e-01
8.313862171105573795e-01
8.312720879649815320e-01
8.311574965037070717e-01
8.310425543154119632e-01
8.309273464508107887e-01
8.308119320758988735e-01
8.306963522460060201e-01
8.305806389210155238e-01
8.304648157171327094e-01
8.303489035738507162e-01
8.302329172791396150e-01
8.301168734625328227e-01
8.300007797068668092e-01
8.298846546966174298e-01
8.297684922031097754e-01
8.296523321799019746e-01
8.295361143709368834e-01
8.294200004899068279e-01
8.293036342397677174e-01
8.291880201424822738e-01
8.290708976895454496e-01
8.289863113112526660e-01
8.289333577305184608e-01
8.289063300630533648e-01
8.289102287579593886e-01
8.288936752604502134e-01
8.289026024703411988e-01
8.288089209741859031e-01
8.287743139294990735e-01
8.287352366092836098e-01
8.287295201365354469e-01
8.286879245527829507e-01
8.286836181824887015e-01
8.286587427526251881e-01
8.286676557154623035e-01
8.286298061227080902e-01
8.286347692470052984e-01
8.285377087117546946e-01
8.284496910604656206e-01
8.283203675607440086e-01
8.281910650800932139e-01
8.280627877816212346e-01
8.279360052619184618e-01
8.278097597210147818e-01
8.276842300330700120e-01
8.275651301211445210e-01
8.274782123704123027e-01
8.274219552869863659e-01
8.274004113948976169e-01
8.274064484203049741e-01
8.273920456150510860e-01
8.274052034762429120e-01
8.273729364983835044e-01
8.273702839520860053e-01
8.273033592869887265e-01
8.272264253903846010e-01
8.272085857837959688e-01
8.272075728380533510e-01
8.271659789506358162e-01
8.271699328356224568e-01
8.271286506178063824e-01
8.271292431771533060e-01
8.270018613172747113e-01
8.269079915450274765e-01
8.267986231936823582e-01
8.266836884921198170e-01
8.265894647562164188e-01
8.265060799553423099e-01
8.264371423163415775e-01
8.264178319764368119e-01
8.264079652081507410e-01
8.263851530512614785e-01
8.263824296557805704e-01
8.263319021661594821e-01
8.262829060473525500e-01
8.262124954101989216e-01
8.260884590224213397e-01
8.259765841392902042e-01
8.258655793052472882e-01
8.257437961440727836e-01
8.256225069963211149e-01
8.255180055258845018e-01
8.254192318143702689e-01
8.253118588776858777e-01
8.252072843613726949e-01
8.251143207004677516e-01
8.250106973002434563e-01
8.249231954623312824e-01
8.248480682737879821e-01
8.248066413723774692e-01
8.248118161549459204e-01
8.247137796733791104e-01
8.246416627013785083e-01
8.245168854719557849e-01
8.244002705994398772e-01
8.242970794104420573e-01
8.242269186210454679e-01
8.241728398257373023e-01
8.241369978930858098e-01
8.241382535542757237e-01
8.240384633123508662e-01
8.239620521961280586e-01
8.238441702220521412e-01
8.237328660964510219e-01
8.236422931192523000e-01
8.235264721834144597e-01
8.234326973452604781e-01
8.233435389150624006e-01
8.232307186268210675e-01
8.231400998337887742e-01
8.230518508232153030e-01
8.229933553214340280e-01
8.229257182833332740e-01
8.228219973847804569e-01
8.227024278221289899e-01
8.225814669079031249e-01
8.224648441478075167e-01
8.223465184500297065e-01
8.222310904269116705e-01
8.221178139390258321e-01
8.220154199611794388e-01
8.219195804973369324e-01
8.218678124551895836e-01
8.218118283368291976e-01
8.217802285657851424e-01
8.217808303508594703e-01
8.216948034246261967e-01
8.216028997435875780e-01
8.215300514008447852e-01
8.214830463181871378e-01
8.214138077364907531e-01
8.213520371699171152e-01
8.212536789758866362e-01
8.211990112106142270e-01
8.211319817860533998e-01
8.210888148719845958e-01
8.210809270635545110e-01
8.209609145180293277e-01
8.208469374719606915e-01
8.207357972503290799e-01
8.206300278093607847e-01
8.205258804164656805e-01
8.204323994754952887e-01
8.203417930429831584e-01
8.202507615214419401e-01
8.201797858344093139e-01
8.201606706060380336e-01
8.201596536422444128e-01
8.201052758730552616e-01
8.200697620532564347e-01
8.200168930973869008e-01
8.199583172679473231e-01
8.199366281945746904e-01
8.199352786042017893e-01
8.198638726867941706e-01
8.197664537483356773e-01
8.197066662664240777e-01
8.196639855270761998e-01
8.196464803445812075e-01
8.195350049360554667e-01
8.194403181380431889e-01
8.193435463084093318e-01
8.192578877662232140e-01
8.191796109205403686e-01
8.191056571950122711e-01
8.190559865610512746e-01
8.190396302138441831e-01
8.190501712030785475e-01
8.190080824887062683e-01
8.189908530647160845e-01
8.189838203713241116e-01
8.189598395353608895e-01
8.189471365455059937e-01
8.189694062140959741e-01
8.189263825956100140e-01
8.189267950578125177e-01
8.188264637084117226e-01
8.187672978943132396e-01
8.187245840960633014e-01
8.186185978936577623e-01
8.185366009078579586e-01
8.184352073623821777e-01
8.183407672480882411e-01
8.182536382422175292e-01
8.181745555850399310e-01
8.181259949295807132e-01
8.180909702890258872e-01
8.180905886976319596e-01
8.180595345904835280e-01
8.180435696195554884e-01
8.180322452704987812e-01
8.180208210767819788e-01
8.180097656384335281e-01
8.179457376086280984e-01
8.179498820497114187e-01
8.179465473047632385e-01
8.178549393840494064e-01
8.177710844070572582e-01
8.177287504730976764e-01
8.176465008115201272e-01
8.175813442655233132e-01
8.174847081835617812e-01
8.173849261558259194e-01
8.172850564010255559e-01
8.171891968880461432e-01
8.170997162993089979e-01
8.170063021824779392e-01
8.169184175319136321e-01
8.168332640545654666e-01
8.167700197854648181e-01
8.167164646798132921e-01
8.166976601561335425e-01
8.167013539210863371e-01
8.166607580930628218e-01
8.166084447696805304e-01
8.166065771775699034e-01
8.166013596327158508e-01
8.165161312056481435e-01
8.164426570543160677e-01
8.163717737932381091e-01
8.163007891651661296e-01
8.162304844814106675e-01
8.161554129696850790e-01
8.160672173162681897e-01
8.159703539037704845e-01
8.158734928927360297e-01
8.157770385281851722e-01
8.156853966088597474e-01
8.155942561834718108e-01
8.155007511461098701e-01
8.154146429347163272e-01
8.153214943484380361e-01
8.152312436864976863e-01
8.151399048551911664e-01
8.150499906974262299e-01
8.149592693881796412e-01
8.148789824332718368e-01
8.148025091567205891e-01
8.147289719097121630e-01
8.146431251786188099e-01
8.145638003645394587e-01
8.145101946259035719e-01
8.144784371200779471e-01
8.144602023268069368e-01
8.144636668119644707e-01
8.143662906082509423e-01
8.142728827362903932e-01
8.141827070407943179e-01
8.140922219324667752e-01
8.139946487958799048e-01
8.138978685613077468e-01
8.138009877350349530e-01
8.137041571463500267e-01
8.136088270688300872e-01
8.135122171038352556e-01
8.134167552951274693e-01
8.133210473709356902e-01
8.132249143785443835e-01
8.131328547138758633e-01
8.130377523116426586e-01
8.129425856219060220e-01
8.128493612115444966e-01
8.127572744191084997e-01
8.126643927277454882e-01
8.125717398096922173e-01
8.124821049599211253e-01
8.124129715471449797e-01
8.123385829648727130e-01
8.122551611207908806e-01
8.121796784128630931e-01
8.121010783467380589e-01
8.120169346560865975e-01
8.119354291696005976e-01
8.118536342521235349e-01
8.117881974136158529e-01
8.117330973333920507e-01
8.116611527050100472e-01
8.116045393391160268e-01
8.115737741252793125e-01
8.115561157697124273e-01
8.115576735117115970e-01
8.114800577191900732e-01
8.113870125367304009e-01
8.112998041712891073e-01
8.112159966218380758e-01
8.111304202984088718e-01
8.110480182510867442e-01
8.109549272772531570e-01
8.108671774022954137e-01
8.107829975823667157e-01
8.107036627913037918e-01
8.106333439102464400e-01
8.105610216718029948e-01
8.104822445039300272e-01
8.104131669129502891e-01
8.103421782132331774e-01
8.102659084136052403e-01
8.102076949217140722e-01
8.101723040974484480e-01
8.101582753500399248e-01
8.101600406353196560e-01
8.101384251944523385e-01
8.101421896563744118e-01
8.100746699839572740e-01
8.100136974790909106e-01
8.099480997187501474e-01
8.098879245125347737e-01
8.098018559207983413e-01
8.097361706460045605e-01
8.096558287189316028e-01
8.095760673508448635e-01
8.095085694804554644e-01
8.094456246071233263e-01
8.093801478041284803e-01
8.093288312478124080e-01
8.092789347326900806e-01
8.092384608040459337e-01
8.092228325765827845e-01
8.092142507352451108e-01
8.092202589262970092e-01
8.092179014264128112e-01
8.092200863017928736e-01
8.092125840285526728e-01
8.091859490316708481e-01
8.091566623969815852e-01
8.091284599309774839e-01
8.090787797100654766e-01
8.090040907304250073e-01
8.089919240832579295e-01
8.089943202437771541e-01
8.089024302312185499e-01
8.088229164798372839e-01
8.087480203476977714e-01
8.086802436786125758e-01
8.086327185341909418e-01
8.085934809615780150e-01
8.085872089604164703e-01
8.086042716287222820e-01
8.085845231248741660e-01
8.085773304194439071e-01
8.085435374013740795e-01
8.085446422541470168e-01
8.085313696792783000e-01
8.085336098921361847e-01
8.085096363500896555e-01
8.085195202653022717e-01
8.084649251176662110e-01
8.084066744984862440e-01
8.083484835025913640e-01
8.083534790014861304e-01
8.083462926283130345e-01
8.082740345484109579e-01
8.082065463299867858e-01
8.081433089450075213e-01
8.080976300280039437e-01
8.080655231710031083e-01
8.080145335508875926e-01
8.079899444834701683e-01
8.080019146338744962e-01
8.079970970925952622e-01
8.079890546300850795e-01
8.079399479757670699e-01
8.079210013478951291e-01
8.079197055675347849e-01
8.078983123668430633e-01
8.078937569761169835e-01
8.078402928873387179e-01
8.077813938096412016e-01
8.077303599672719381e-01
8.076811847897693575e-01
8.076429260695667800e-01
8.075902616568274572e-01
8.075307396694443307e-01
8.074762392716484660e-01
8.074397317906418792e-01
8.074278881433571975e-01
8.074295014679263582e-01
8.073677479325008788e-01
8.073381731490245627e-01
8.072914404977938885e-01
8.072651363041771777e-01
8.072648811621579990e-01
8.072153558217342040e-01
8.071876392056654970e-01
8.071580729973985013e-01
8.071407443331088949e-01
8.071394761591497158e-01
8.070860056476405475e-01
8.070416924256704760e-01
8.070026560621370582e-01
8.069715647890569610e-01
8.069332985811837888e-01
8.068961769257511074e-01
8.068709378743731397e-01
8.068701963935380750e-01
8.068765740131579323e-01
8.068964273929035702e-01
8.068682015922363782e-01
8.068061050126176248e-01
8.067459747706577922e-01
8.067095136252531162e-01
8.066736114424528648e-01
8.066336216407964388e-01
8.066105420178880658e-01
8.065940211446618324e-01
8.065804641229163963e-01
8.065812840062813738e-01
8.065493384421377199e-01
8.065281280387305296e-01
8.065124002473421649e-01
8.065027920483754942e-01
8.064836058899162996e-01
8.064914739614998940e-01
8.065027663111150602e-01
8.064746757085364814e-01
8.064615805161161610e-01
8.064503849795533474e-01
8.064498347664283973e-01
8.064079032483094656e-01
8.063579800681350829e-01
8.063236931485777692e-01
8.062998389792047638e-01
8.062863617914772796e-01
8.062756326737346990e-01
8.062825999469444005e-01
8.062812829079871735e-01
8.062789383288927469e-01
8.062745613534814115e-01
8.062690107899693759e-01
8.062488309181277124e-01
8.062052065535991741e-01
8.061924461686351684e-01
8.062048428061439065e-01
8.061429728645046477e-01
8.061168025527093439e-01
8.061055074443258528e-01
8.061056100181225315e-01
8.060973934712032385e-01
8.060976075769681337e-01
8.060583085359870337e-01
8.060473704984358889e-01
8.060578705266200350e-01
8.060561248639821486e-01
8.060772133696543218e-01
8.060402303371558830e-01
8.060113445676295729e-01
8.060016146881233690e-01
8.059961551863453755e-01
8.059932243993440659e-01
8.059811608779879899e-01
8.059776810438296080e-01
8.059422467232554288e-01
8.059219575218323772e-01
8.058939202635910792e-01
8.058889983161973136e-01
8.058885491772617149e-01
8.058863279481319752e-01
8.058836865706363595e-01
8.058824701489704090e-01
8.059008709289129380e-01
8.058475587665470119e-01
8.058415959753701951e-01
8.058133923035800672e-01
8.058432963917577796e-01
8.058005805596522020e-01
8.057541900067720642e-01
8.057154768890425478e-01
8.056966442924643479e-01
8.056878608885653659e-01
8.056877422726536064e-01
8.056808321540152029e-01
8.056788312764812110e-01
8.056638312265975710e-01
8.056663751602932688e-01
8.056556344481309306e-01
8.056671886076947064e-01
8.056560255985397712e-01
8.056396501883570371e-01
8.056115610637759605e-01
8.055794594147710486e-01
8.055583694558168251e-01
8.055380373574216879e-01
8.055072845431129336e-01
8.054973873496811265e-01
8.054978650971184040e-01
8.054915116206886605e-01
8.054870212652699424e-01
8.054537295649440987e-01
8.054264431722070183e-01
8.054190468047059959e-01
8.054197009754040515e-01
8.054148599484473037e-01
8.054129362172540718e-01
8.054230613996815613e-01
8.054189889541015779e-01
8.053765983596202771e-01
8.053481841713302503e-01
8.053270182860301496e-01
8.052983880639701386e-01
8.052773688113390449e-01
8.052692236680327742e-01
8.052668866057598462e-01
8.052641670733426960e-01
8.052545245479402203e-01
8.052922124049677333e-01
8.052552770713082841e-01
8.052407048017959923e-01
8.052432802576138249e-01
8.052035569585918040e-01
8.051820300596380653e-01
8.051674498387866308e-01
8.051245173605484640e-01
8.051256212692139425e-01
8.051251899986473504e-01
8.051017417847329272e-01
8.051035150014956843e-01
8.050993003562506578e-01
8.050589957926351792e-01
8.050349488196953951e-01
8.050218545866182351e-01
8.050220263318452751e-01
8.050182114483854789e-01
8.050203742845164490e-01
8.050195755135679532e-01
8.050017347669958800e-01
8.050035361619886087e-01
8.050077728582200054e-01
8.050043927546972622e-01
8.049646417137963361e-01
8.049602520289015350e-01
8.049711407538664432e-01
8.049233557157203789e-01
8.049023057446899054e-01
8.048942480755011397e-01
8.048925569363338806e-01
8.048692060532316450e-01
8.048406812105388664e-01
8.048167063285366352e-01
8.048127279870088691e-01
8.048400012112002511e-01
8.047981186897504857e-01
8.048083611599262666e-01
8.047687282928001062e-01
8.047608329554440942e-01
8.047659153691477663e-01
8.047245278562100701e-01
8.047055522080738266e-01
8.046813647026043181e-01
8.046513661822596308e-01
8.046380196998891288e-01
8.046397608908127941e-01
8.046165437151793220e-01
8.046147937526145766e-01
8.046132888091021007e-01
8.046116464654761158e-01
8.046111500771725433e-01
8.046079270751678170e-01
8.046278619540943033e-01
8.045741442802426535e-01
8.045782184024439232e-01
8.045513968251156722e-01
8.045290982904800270e-01
8.045234737712819717e-01
8.045230324675122224e-01
8.044867270584202812e-01
8.044712481833561357e-01
8.044693512350866715e-01
8.044303615181579437e-01
8.044097097645003247e-01
8.043974784138450129e-01
8.044033784257955677e-01
8.044057724453261837e-01
8.043775987249549564e-01
8.043438535016804725e-01
8.043444982318038727e-01
8.043395572321608844e-01
8.043324915883095505e-01
8.043321767383045939e-01
8.042911414767295319e-01
8.042813429429171990e-01
8.042782769654157615e-01
8.042295166134862949e-01
8.042021050156249462e-01
8.041743158468038777e-01
8.041423310086392995e-01
8.041246777352827335e-01
8.041013768815015172e-01
8.040767682538421113e-01
8.040798927007117847e-01
8.041010430651963636e-01
8.040864823311356657e-01
8.040671361143555407e-01
8.040304513716343138e-01
8.039902415248938450e-01
8.039660601444575949e-01
8.039524806303257609e-01
8.039482535266377905e-01
8.039418793114924133e-01
8.039397695515981823e-01
8.039167989300780581e-01
8.038995235390322680e-01
8.038805817852693325e-01
8.038749067977164486e-01
8.038753496465247395e-01
8.038734383191142863e-01
8.038713817885245749e-01
8.038948785862265467e-01
8.039013895135586063e-01
8.038235473449404367e-01
8.037977592891711875e-01
8.037879082585697166e-01
8.038034947164066635e-01
8.037417070859709245e-01
8.037107789763047183e-01
8.036642455610838454e-01
8.036170196819686362e-01
8.035664736112227979e-01
8.035293730902592912e-01
8.035186462420924602e-01
8.035166431304606727e-01
8.035088124498392936e-01
8.035056658555481679e-01
8.035062151330484292e-01
8.035057033042136698e-01
8.035024352072125398e-01
8.034998674818244480e-01
8.035264468882833411e-01
8.035022153580586579e-01
8.034500630986504133e-01
8.034169059410061209e-01
8.033710985646564939e-01
8.033306425989382715e-01
8.032891560314274759e-01
8.032603581613917409e-01
8.032192572890395343e-01
8.031869590911183687e-01
8.031489870788228735e-01
8.031200992049999376e-01
8.030649821290636314e-01
8.030553914126534742e-01
8.030462724919916750e-01
8.030565752183422834e-01
8.030533043127492387e-01
8.030241939748249402e-01
8.030259294060461128e-01
8.030047545032533707e-01
8.030133122939563384e-01
8.030089028516755878e-01
8.029977808435146969e-01
8.029353508186386490e-01
8.028786363796158732e-01
8.028319436209807591e-01
8.027897675829661628e-01
8.027664639543232727e-01
8.027383447449975007e-01
8.027525747732950911e-01
8.027384603304231758e-01
8.027198162430421169e-01
8.026509812871386318e-01
8.026359754028479232e-01
8.026500141854819859e-01
8.026024276094247956e-01
8.026019931529898566e-01
8.025577122870659608e-01
8.025237855595848124e-01
8.024957943544203109e-01
8.024961916678473584e-01
8.024712877646810183e-01
8.024739799151286990e-01
8.024161265892478800e-01
8.023692231741254011e-01
8.023406478412240528e-01
8.023233644862705072e-01
8.023293409245647601e-01
8.023597432127205220e-01
8.022863769337194029e-01
8.022078766143041495e-01
8.021718839192505390e-01
8.021096327696033423e-01
8.020414657392674895e-01
8.019936116084018796e-01
8.019342295450131441e-01
8.019183217625049931e-01
8.019187412129445969e-01
8.018594015770952321e-01
8.017842561063427409e-01
8.017155992382187790e-01
8.016556250769516501e-01
8.016258082907130600e-01
8.015797074782242682e-01
8.015231016329116276e-01
8.014666870923425890e-01
8.014292650347752955e-01
8.014289533671097310e-01
8.014546182071721203e-01
8.014254445901836110e-01
8.014192652344921397e-01
8.013251037584994130e-01
8.012622100050929008e-01
8.011893322783610882e-01
8.011607255726493904e-01
8.010885794478002087e-01
8.010456982548238569e-01
8.010167234991373286e-01
8.010164564022159706e-01
8.009312454726565944e-01
8.008625046729010988e-01
8.008111844720279260e-01
8.007900326308595718e-01
8.007907037153207952e-01
8.007486358669199111e-01
8.007307227155886498e-01
8.007338719777982172e-01
8.007144675035495762e-01
8.006426262920773862e-01
8.005747751827828607e-01
8.004930191866952427e-01
8.004328574858196044e-01
8.003767075563216205e-01
8.003091724898693249e-01
8.002486338320525805e-01
8.001861489842946318e-01
8.001379041073959364e-01
8.001100741026502261e-01
8.001078261506284761e-01
8.000186144700351942e-01
7.999344002833966849e-01
7.998667309843197071e-01
7.998170741398363814e-01
7.997836615057187792e-01
7.997838777973113045e-01
7.998054210035893119e-01
7.997537563634585789e-01
7.996734614397473795e-01
7.995672470480973404e-01
7.994702440843612923e-01
7.993717811685098207e-01
7.993000233563006818e-01
7.992391566774330602e-01
7.991672644320738650e-01
7.991075471897252092e-01
7.990429601261106463e-01
7.989973909048043721e-01
7.989721373373313007e-01
7.989757523522339477e-01
7.988837260041778965e-01
7.988083873087147291e-01
7.987722846529768939e-01
7.987385717939203822e-01
7.987240267317987641e-01
7.987445106410400175e-01
7.986540315250035826e-01
7.986858614413911983e-01
7.986494305461052656e-01
7.985350110603173235e-01
7.984313173889622250e-01
7.983240648558104224e-01
7.982191942300861376e-01
7.981146751555825425e-01
7.980070865787179946e-01
7.979033259766842301e-01
7.978025634549889000e-01
7.977077858425503099e-01
7.976372170934573624e-01
7.975779870056572962e-01
7.975098160590483598e-01
7.974693736027761437e-01
7.974064092394673731e-01
7.973854170591404555e-01
7.974008389410452979e-01
7.973680244272605133e-01
7.973659366713325980e-01
7.972943344969072310e-01
7.972224027259487977e-01
7.972484259003390639e-01
7.972363052907538439e-01
7.971035236450227934e-01
7.969836080878287543e-01
7.968820664144186106e-01
7.967809748138096060e-01
7.966871146140287463e-01
7.965966588021101691e-01
7.965158694553289287e-01
7.964743720325030418e-01
7.964456888597402084e-01
7.964360396632650385e-01
7.964053153018577635e-01
7.963578710299156205e-01
7.963760855017538720e-01
7.963485244985005762e-01
7.963086375329750943e-01
7.963113781160638949e-01
7.963013685572480904e-01
7.963240435521460325e-01
7.962172998968874982e-01
7.961520277586473515e-01
7.960475724827191790e-01
7.959321622464005097e-01
7.958307408121612081e-01
7.957227538821604051e-01
7.956163122131575394e-01
7.955116581905951056e-01
7.954156746483902474e-01
7.953323806260822471e-01
7.952892074868042060e-01
7.952599169377253530e-01
7.952437599309811755e-01
7.952064702368230042e-01
7.951431840687154251e-01
7.950883389419213243e-01
7.950837038014519909e-01
7.950125654226098959e-01
7.949135580314273808e-01
7.948210773125410356e-01
7.947289726392176012e-01
7.946764260421493864e-01
7.945741280917308913e-01
7.944633500662138248e-01
7.943664752512860083e-01
7.942614332475144145e-01
7.941536893499777650e-01
7.940464937054220185e-01
7.939446474493042638e-01
7.938668235401018514e-01
7.937725906366779327e-01
7.937149374351519793e-01
7.936881584583479476e-01
7.936639995349403787e-01
7.936411305644717196e-01
7.935727289798668593e-01
7.934960201685186121e-01
7.934077347428327709e-01
7.933447899961892924e-01
7.932347950304505790e-01
7.931394725740885665e-01
7.930543716323684711e-01
7.930095998399744328e-01
7.929160803261690038e-01
7.928231115731404488e-01
7.927584637514841770e-01
7.926885522049131882e-01
7.926081822967701029e-01
7.925483978009024710e-01
7.925284398971162991e-01
7.925193659073697106e-01
7.924560759488675776e-01
7.924019712543232119e-01
7.924331583211561281e-01
7.924221067843756350e-01
7.923380288652682735e-01
7.922802133614813558e-01
7.922237548621453573e-01
7.921390417567268916e-01
7.920355699539178840e-01
7.919472163375693707e-01
7.918675329883830827e-01
7.918267673512483507e-01
7.917396123853941425e-01
7.916529961968443718e-01
7.915958908738917055e-01
7.915367666905891442e-01
7.914771266518479953e-01
7.914522340730447691e-01
7.914628442827664756e-01
7.914740356759214501e-01
7.914054738272187084e-01
7.913416833396000882e-01
7.912760978571524717e-01
7.912190055539078948e-01
7.911550638004188896e-01
7.911082861403971878e-01
7.910676451418444666e-01
7.909980152564464184e-01
7.909146551532399982e-01
7.908513268111913019e-01
7.908002973977266148e-01
7.907753477617108784e-01
7.907699131068196552e-01
7.906917757535418811e-01
7.906224916363910893e-01
7.905815220945917599e-01
7.905421048572522924e-01
7.905257414225884682e-01
7.905599632969609880e-01
7.905049000382433633e-01
7.904657805171316776e-01
7.903905204948871166e-01
7.903087569505899967e-01
7.902454432840302356e-01
7.901834475790960877e-01
7.901426588297681963e-01
7.901115701505190270e-01
7.900525770020908611e-01
7.899896458116060227e-01
7.899509931521765393e-01
7.899321293175889380e-01
7.899422010334573585e-01
7.899089640490987163e-01
7.899125724500489776e-01
7.898425225346521472e-01
7.898023563690333981e-01
7.897913993142321454e-01
7.898134251444206555e-01
7.897444124770927054e-01
7.896886213808413935e-01
7.896737143239269674e-01
7.896774156208805628e-01
7.895841639340168694e-01
7.895101874223785510e-01
7.894394390531941363e-01
7.893914307531831875e-01
7.893550709420534828e-01
7.892965628904164976e-01
7.892502156279045389e-01
