1.236616397012229029e+00
1.236834605428550615e+00
1.237690148786783961e+00
1.235843222422895682e+00
1.171193467842758018e+00
1.128627330324672329e+00
1.253719021367209141e+00
1.117160111448792126e+00
1.118515664094242190e+00
1.117160111448792126e+00
1.117160111448792126e+00
1.117226172825796171e+00
1.096209817672419984e+00
1.077564796841906647e+00
1.114720960828418317e+00
1.077564796841906647e+00
1.078066823537091823e+00
1.066917853268210647e+00
1.047127606417130430e+00
1.047127606417130430e+00
1.047127606417130430e+00
1.047127606417130652e+00
1.049360841505818431e+00
1.024589188300227383e+00
1.031722281655472084e+00
1.044124931177173199e+00
1.024589188300227161e+00
1.024589188300227161e+00
1.024589188300227161e+00
1.024589188300227161e+00
1.024589188300227383e+00
1.001319487746798576e+00
1.131202500294984592e+00
1.001319487746798576e+00
1.001319487746798576e+00
1.001319487746798576e+00
1.055823740116572651e+00
1.001319487746798576e+00
1.001319487746798576e+00
9.193275464799790520e-01
9.497365928897286702e-01
9.200554139406810217e-01
9.467672748558532136e-01
9.194091393298036152e-01
9.524411046970451267e-01
9.055603350540231133e-01
8.762291017555570161e-01
8.657766927441550298e-01
8.907933981593755268e-01
8.655561808077563146e-01
8.696915913233218554e-01
8.655561808077563146e-01
8.747516683735170329e-01
8.654853141180647302e-01
8.535551127735937493e-01
8.535551127735937493e-01
8.831677524413760194e-01
8.441126030146819392e-01
8.372146758949641221e-01
8.372146758949641221e-01
8.517833258486362524e-01
8.372146758949642331e-01
8.613757473855152558e-01
8.344575992456639835e-01
9.060071634511850380e-01
8.344575992456639835e-01
8.902639832490564231e-01
8.344575992456638724e-01
8.245851087201052643e-01
8.245851087201052643e-01
7.983849257477537709e-01
7.983849257477537709e-01
8.079891861767281025e-01
8.006742902019720054e-01
8.084714702555222399e-01
7.983849257477537709e-01
8.280162042790573107e-01
7.983849257477537709e-01
9.472031366204735070e-01
7.931605536630881303e-01
9.098264490043417307e-01
7.937817950103992493e-01
8.574298795525243655e-01
7.933728405185126453e-01
8.043862910208584571e-01
7.757226101527633366e-01
8.272129873231628405e-01
7.859411570089571697e-01
7.818212961383166348e-01
7.796231926916578070e-01
7.729017712469874457e-01
7.729983265066889819e-01
7.785857178768526010e-01
7.729017712469876678e-01
7.753457058965135262e-01
7.744341521733675293e-01
7.850369800792894592e-01
7.835910331918677363e-01
8.344095933456281422e-01
7.698329667277485910e-01
8.266641637574385637e-01
7.826902883147471846e-01
8.932550721406750105e-01
7.698329667277487021e-01
7.773758624639691694e-01
7.698329667277483690e-01
7.707347085311226920e-01
7.698329667277483690e-01
8.439702853607832234e-01
7.759586980786636889e-01
7.711017576509097138e-01
7.924735891689690392e-01
8.425569351954577124e-01
7.649177131103387373e-01
8.534764842188043987e-01
7.730179359648785553e-01
8.017929216669485992e-01
7.714209623491724566e-01
8.103982949796854074e-01
7.795133081066032421e-01
8.163023128599503631e-01
7.653293064586024208e-01
7.684911955387957461e-01
7.783280660446385557e-01
7.678075300369949785e-01
7.673634851661594869e-01
7.649177131103387373e-01
7.604886227663696374e-01
7.610053960347572533e-01
7.777791026836780031e-01
7.660882877312159556e-01
7.743985060424091182e-01
7.633083544194583236e-01
7.837781405826937942e-01
7.612527979628072039e-01
7.950995752457968857e-01
7.595278098029311087e-01
7.470397491652460698e-01
7.451747726242453629e-01
7.525660447369468820e-01
7.595749789723134082e-01
7.617391176693769639e-01
7.398318662324852024e-01
7.584915981334967583e-01
7.385962426714302032e-01
7.547868253196190480e-01
7.554844652789509674e-01
7.328033824619367698e-01
7.361483197868796680e-01
7.371128781119095086e-01
7.326085008549273470e-01
7.438601049380451080e-01
7.331206260471883063e-01
7.365251865264176301e-01
7.338984382201870771e-01
7.439261846461083794e-01
7.341649911853332933e-01
7.294626784052249402e-01
7.383861490743955924e-01
7.313694690123169195e-01
7.287633489580001012e-01
7.307788479096766210e-01
7.299978845266277272e-01
7.642463057348971578e-01
7.250900274858128602e-01
7.310280754758456956e-01
7.264202508639728828e-01
7.428590046216329013e-01
7.250900274858128602e-01
7.415743805632099006e-01
7.248252228796617791e-01
7.424068587325096669e-01
7.189526921316840014e-01
7.227879487156930738e-01
7.192979376560026950e-01
7.290737536309958022e-01
7.252110092246468742e-01
7.348382357523984831e-01
7.188670096396108100e-01
7.261510067220758868e-01
7.167129560117341258e-01
7.308899678632653218e-01
7.140375115206500922e-01
7.269671344962456150e-01
7.149233575327776924e-01
7.259364096678868616e-01
7.122178956173629283e-01
7.450053754862807631e-01
7.101625094040860953e-01
7.151175491814429908e-01
7.122958763143527605e-01
7.125069971173761951e-01
7.152864571044977859e-01
7.142785800267380525e-01
7.114763587810603029e-01
7.144134336227976334e-01
7.077700393263144374e-01
7.095304155613278985e-01
7.103705616251663191e-01
7.209877384166700764e-01
7.067026546545176480e-01
7.206433014756949973e-01
7.397979805496200933e-01
7.108532563692112616e-01
7.078341769627153335e-01
7.108640769949320370e-01
7.064825549090222312e-01
7.076560661363954230e-01
7.068431220160514838e-01
7.058150060423514782e-01
7.049849552220280868e-01
7.122010766877815424e-01
7.043892903986870291e-01
7.092799311350159730e-01
7.054975729331993684e-01
7.068365673757172063e-01
7.047610799841698137e-01
7.079733852879364076e-01
7.043675487607631291e-01
7.099712261182017370e-01
7.036662492716503348e-01
7.152569385814897540e-01
7.043511422521174792e-01
7.105481048728643501e-01
7.035970553802203264e-01
7.136092427584879161e-01
7.044058094695221373e-01
7.079871375240893716e-01
7.043675881244061410e-01
7.019215284638679053e-01
7.032627176073705799e-01
7.076427074855858868e-01
7.028364755615108539e-01
7.023329133361210230e-01
6.991734068672391667e-01
7.070393324616243147e-01
7.025349738841155656e-01
7.030550244989250963e-01
6.996274409103772074e-01
7.028252544995938766e-01
7.019252416692202123e-01
6.974078020232703512e-01
6.970553382006501320e-01
6.992122258917644606e-01
6.964313627583315069e-01
7.008659196738391550e-01
6.967868794708954594e-01
6.979609069156076373e-01
6.970558845799499359e-01
6.960214458561895245e-01
6.955980997012373157e-01
6.975613145739841814e-01
6.962187940403250508e-01
6.983643876054348443e-01
6.946831458994735531e-01
7.055218691742398684e-01
6.957088076814533784e-01
6.996293119869172461e-01
6.960055197659932302e-01
6.967757866807297029e-01
6.951961384758197360e-01
6.961665091944087003e-01
6.946287654305534076e-01
6.956094426557341004e-01
6.944690564046084313e-01
6.954231380753506109e-01
6.944714727247511821e-01
6.981184209929919282e-01
6.935202840315459749e-01
6.983659470592580298e-01
6.928906378179559011e-01
6.832867082136417913e-01
6.888902317877830805e-01
6.818985702614488442e-01
6.895703800544797923e-01
6.835743851033830865e-01
6.879028369351937178e-01
6.883920855563844254e-01
6.812801515263748886e-01
6.815284122854590176e-01
6.801608656377045037e-01
6.791686464853829985e-01
6.827465896992808148e-01
6.787619952325696371e-01
6.811625810643781032e-01
6.782340926774915735e-01
6.767573385981791034e-01
6.768083090303260718e-01
6.766542999087296062e-01
6.766447018236640965e-01
6.731028417143612996e-01
6.754806328252700443e-01
6.743092627787620197e-01
6.732838412902439895e-01
6.750103191553741278e-01
6.732698856820665823e-01
6.758431396825766990e-01
6.734623720210427544e-01
6.714240888555528253e-01
6.711474406531413583e-01
6.718585199154168963e-01
6.714692531876559345e-01
6.752581414813668692e-01
6.711716026114424860e-01
6.732795839234986257e-01
6.717694612366861273e-01
6.749508780027623223e-01
6.727452520838985706e-01
6.753917437982160932e-01
6.705748546165494206e-01
7.105161836520367258e-01
6.719748652448106485e-01
6.631641045997045403e-01
6.618334438157733590e-01
6.754277275725154572e-01
6.625385005029551522e-01
6.635846022976971126e-01
6.624031051029974915e-01
6.632724462345267469e-01
6.625713369256079899e-01
6.640043467311750325e-01
6.629445083494224233e-01
6.625500975911688961e-01
6.612187444257308089e-01
6.641158234037292107e-01
6.634413101779255140e-01
6.730297763189372340e-01
6.591605950556679305e-01
6.592075063250051326e-01
6.599124704881682568e-01
6.561584149565609092e-01
6.572754421286122195e-01
6.580117797244996458e-01
6.576265646195176284e-01
6.784401266589454860e-01
6.573322415532175667e-01
6.579072010058496511e-01
6.561287703830382956e-01
6.587626499341977526e-01
6.567476810477165250e-01
6.584384623816326165e-01
6.567311057387017481e-01
6.593209374465082151e-01
6.574276470199679201e-01
6.549864500083779628e-01
6.580378966416607911e-01
6.576705729853494775e-01
6.532200706844788485e-01
6.556626300659099682e-01
6.526510753975213186e-01
6.579391796306548468e-01
6.538423297035361736e-01
6.611040671540970859e-01
6.482771158627829156e-01
6.585604308598048684e-01
6.489785949005529853e-01
6.543129373017059214e-01
6.479570291770916368e-01
6.509979599831783315e-01
6.496579020950775663e-01
6.510277633123706664e-01
6.479198634733570605e-01
6.498243267315332306e-01
6.485643400266973835e-01
6.485423971931408849e-01
6.479820759883673231e-01
6.539302947345916328e-01
6.481724614858253020e-01
6.539323924217322892e-01
6.490410329043773130e-01
6.487331162042759836e-01
6.488045595485883998e-01
6.550611286860925642e-01
6.440683395107248410e-01
6.497505392660043455e-01
6.438104801473448768e-01
6.439596722948005558e-01
6.437116832539384603e-01
6.448153933695263129e-01
6.433214070199333445e-01
6.436111488558532434e-01
6.430580922998891946e-01
6.435366326104218215e-01
6.429607469147649024e-01
6.439116908431246067e-01
6.428286833580910686e-01
6.434875200320688826e-01
6.438133378310301191e-01
6.440948449828777234e-01
6.427567651491468137e-01
6.432854122268781838e-01
6.402190375404460676e-01
6.359312882556880098e-01
6.358205792631531628e-01
6.360484824082218713e-01
6.378742125121192874e-01
6.364264895561323465e-01
6.369407234960802189e-01
6.363743398273709051e-01
6.366983789290588946e-01
6.357984783078883817e-01
6.365092570919275161e-01
6.358415360375064829e-01
6.366377358215535853e-01
6.360276240334499231e-01
6.360694809903316704e-01
6.352213478631656418e-01
6.343270269485545843e-01
6.345004047483018272e-01
6.351048210536953675e-01
6.344609394882250175e-01
6.281786385942635942e-01
6.280606379760939051e-01
6.286606406520129919e-01
6.282531132715126754e-01
6.297888942011391489e-01
6.270240795657222588e-01
6.261344613989725527e-01
6.266095621875710231e-01
6.263927773320792092e-01
6.256592911758390718e-01
6.252578630278725624e-01
6.243244075786376079e-01
6.247204048281541633e-01
6.250816973451334135e-01
6.244841362776840654e-01
6.242801925431035182e-01
6.243851604493289020e-01
6.275283008143976993e-01
6.238028397627699562e-01
6.260567042269461480e-01
6.265800054925042550e-01
6.280638309693147292e-01
6.247741948156981806e-01
6.207760844495294750e-01
6.205739319228501527e-01
6.178210633166576482e-01
6.206028003459621578e-01
6.157223165013340216e-01
6.154791007892902455e-01
6.156014171943681168e-01
6.157933189011484121e-01
6.153448804365233560e-01
6.144985084651606311e-01
6.139213695972144391e-01
6.136057993077835837e-01
6.127044279459421539e-01
6.125556078751580591e-01
6.123730629697956562e-01
6.126497961928352165e-01
6.211125822111807082e-01
6.121827484423947308e-01
6.125869796908105513e-01
6.124283099722921397e-01
6.117152069666743630e-01
6.121861856062310592e-01
6.122568072408220985e-01
6.118890678550557016e-01
6.124662481103902989e-01
6.116437722454985959e-01
6.133666985341170719e-01
6.125083845085194101e-01
6.139519619980843279e-01
6.118500226469677505e-01
6.080874418865909181e-01
6.081491375774654706e-01
6.072273113778350329e-01
6.081465433404577015e-01
6.082224999134947518e-01
6.072342011003442064e-01
6.103613338855463644e-01
6.076055836730047677e-01
6.080243130661531215e-01
6.071748804905534591e-01
6.095775811854506898e-01
6.072480465511669312e-01
6.145322699059037053e-01
6.071878582377780997e-01
6.092615273472414827e-01
6.066769609227335991e-01
6.068422425406674314e-01
6.066933691747350421e-01
6.086192504018596017e-01
6.069368394878676964e-01
6.075957723765381679e-01
6.088584877222197322e-01
6.021619909352137201e-01
6.034164689903095402e-01
6.020586540905776829e-01
6.027880121814576109e-01
6.019747764703009540e-01
6.020150793241192400e-01
6.021294295346308889e-01
6.021875428403199448e-01
6.019373360721056443e-01
6.031142349718894291e-01
6.020600004817048267e-01
6.033023946886698630e-01
6.018938742553304744e-01
6.023022593451577977e-01
6.019941766639218539e-01
6.030395250423126186e-01
6.019035660350076089e-01
6.088753343119209793e-01
6.017554528061491714e-01
5.998232566331088700e-01
5.983118559008040460e-01
5.983180543918782401e-01
5.976907776350282031e-01
5.985167423955152222e-01
5.978712051313481712e-01
5.986887413856253337e-01
5.992055928436224033e-01
5.975987008480508900e-01
5.976763966289435626e-01
5.973477844924148794e-01
5.967676933082822766e-01
5.967237972390573297e-01
5.981040378947379832e-01
5.966229258422668380e-01
5.983036339615540600e-01
5.968165820850357406e-01
5.986311219400897166e-01
5.968872510803882037e-01
5.986660252297479889e-01
6.003882686984137740e-01
5.936395194465566849e-01
5.957106316823383985e-01
5.940592878949596534e-01
5.937887704447056825e-01
5.935922221413801880e-01
5.929428155719603799e-01
5.936224875380802235e-01
5.935391525831591464e-01
5.931562657571629593e-01
5.932893436025901135e-01
5.928975958455240391e-01
5.934073064875752257e-01
5.931874869649251814e-01
5.926298204261372105e-01
5.924582238925267808e-01
5.924715814268801672e-01
5.927950328868428764e-01
5.927874705196791716e-01
5.923861456202625941e-01
5.945897133324662409e-01
5.922464016609987336e-01
5.955599332411709579e-01
5.921424159577808322e-01
5.936008368099298105e-01
5.927768761207068415e-01
5.926083458539075366e-01
5.924554200228085987e-01
5.924123756296472143e-01
5.917864000607317987e-01
5.944069543075025663e-01
5.912877554773638966e-01
5.896934114498055823e-01
5.895068905752827160e-01
5.901295153667510673e-01
5.894768517392328100e-01
5.910880225043740888e-01
5.894374726472274562e-01
5.897758162745425636e-01
5.895030470849115245e-01
5.901894939344509705e-01
5.906871263407078576e-01
5.909791767923949779e-01
5.895527789073552460e-01
5.899922188420043678e-01
5.910614921810944944e-01
5.895527873162526022e-01
5.892290910795261460e-01
5.900476592255687880e-01
5.892758639412958299e-01
5.910638832946393251e-01
5.893850189150692254e-01
5.900826743591054413e-01
5.888450157858393652e-01
5.908361846629501812e-01
5.887741583430651238e-01
5.892118411013604895e-01
5.886995478905993062e-01
5.889640848256210148e-01
5.886116762096021970e-01
5.888803553852015593e-01
5.885091433011138129e-01
5.889007819667982924e-01
5.885510184488061958e-01
5.887847949727560426e-01
5.885045629791241240e-01
5.907541892958219076e-01
5.887293863009517292e-01
5.893011671222004866e-01
5.886606249153779613e-01
5.888525928619571248e-01
5.880746226889266293e-01
5.880080379944504498e-01
5.883648395797629327e-01
5.878646886091867252e-01
5.893019336853813073e-01
5.875118879789947846e-01
5.864315112087190585e-01
5.869101721820667583e-01
5.864735571227959188e-01
5.866012681657364336e-01
5.865082712928684217e-01
5.872564182385650033e-01
5.865531096565481661e-01
5.864351349520756651e-01
5.864774428074417401e-01
5.866309889341430051e-01
5.864682004975323437e-01
5.867321060172947522e-01
5.863974473483065664e-01
5.867061716629241586e-01
5.863773757983157253e-01
5.854721054179109485e-01
5.851468106660020485e-01
5.851891392181178819e-01
5.849353640171442992e-01
5.849410692574653625e-01
5.848788728421523420e-01
5.848445343666794916e-01
5.851276667800098252e-01
5.847970923897143347e-01
5.848421526740322784e-01
5.847490743320342688e-01
5.846574289021418958e-01
5.845435036004841267e-01
5.847167632051856190e-01
5.845168897498397298e-01
5.846127734057180447e-01
5.845626057841029066e-01
5.845511753017350598e-01
5.845129421063612885e-01
5.845252743475045643e-01
5.845213359728533842e-01
5.844914719411619108e-01
5.845668274790899455e-01
5.846810473536299124e-01
5.853510585024610524e-01
5.838532092158046360e-01
5.836441083141883368e-01
5.837362184023083822e-01
5.837911251320427874e-01
5.836783734056218975e-01
5.837775869425447794e-01
5.837892936693411805e-01
5.839755312440727542e-01
5.836212459466380009e-01
5.838663498160328036e-01
5.836197559678200086e-01
5.836585610041027383e-01
5.836166507409903392e-01
5.836693380647423046e-01
5.835036310822793171e-01
5.843498247338788643e-01
5.834066012349201635e-01
5.829204774958289814e-01
5.829373209175998660e-01
5.830805432314277725e-01
5.829120233170704823e-01
5.829826685052774682e-01
5.829541830497442234e-01
5.828971586517759373e-01
5.829058305429091202e-01
5.829758377800794422e-01
5.829729340575697805e-01
5.828231488285456896e-01
5.828914779622975662e-01
5.828945981602490223e-01
5.830721981221885786e-01
5.827540373309503252e-01
5.827566994280464208e-01
5.832079054247543137e-01
5.828445956085075430e-01
5.831447623461889496e-01
5.827630041419505913e-01
5.827547472528309402e-01
5.828240817576861854e-01
5.831209125235000679e-01
5.827554397847146683e-01
5.833257032280617649e-01
5.827562055792628870e-01
5.819799936647759298e-01
5.820482583233484997e-01
5.821656340804606256e-01
5.821142982983782410e-01
5.822572716527248948e-01
5.822160531320407229e-01
5.821052419528219835e-01
5.820764826498007194e-01
5.819939231811510627e-01
5.820131145877839307e-01
5.819816402102749864e-01
5.819923352629413627e-01
5.821669905395243649e-01
5.821081969877545115e-01
5.831057776587174057e-01
5.821904236104700203e-01
5.821063995176469774e-01
5.820030200978114632e-01
5.825736617352291757e-01
5.819616868465694592e-01
5.816376314399469560e-01
5.817526581452884260e-01
5.817553894707946371e-01
5.815381633947662721e-01
5.812954260211200541e-01
5.811467512534270741e-01
5.812175393615465202e-01
5.811905476295269324e-01
5.810298234513047166e-01
5.809232462219401372e-01
5.814456579606854802e-01
5.809690869832584426e-01
5.811462533670340713e-01
5.810015897599792867e-01
5.811092462328412145e-01
5.810812687135327170e-01
5.807966293171409333e-01
5.807697231378717850e-01
5.809805067286683000e-01
5.807546385640622866e-01
5.810858749600968931e-01
5.813234767100178280e-01
5.808111521489037754e-01
5.809468197790630395e-01
5.807621735456388601e-01
5.806952019928190989e-01
5.804652946969028893e-01
5.804690798543093999e-01
5.805157656996055016e-01
5.805148649990313769e-01
5.808458056155370031e-01
5.804962202918555469e-01
5.809784765409532481e-01
5.804808278006526878e-01
5.805839521049214191e-01
5.805041707523632688e-01
5.804592865208457741e-01
5.804490505394777067e-01
5.804964324859157587e-01
5.804861886066132737e-01
5.808812230182260894e-01
5.804734407095575310e-01
5.808024804470676150e-01
5.804337671371686547e-01
5.808849146231833682e-01
5.803766134841602531e-01
5.809847472769471555e-01
5.800714299873437341e-01
5.792909937816766996e-01
5.793607860811367249e-01
5.793069664246066619e-01
5.794107828563055396e-01
5.793626295380492897e-01
5.794347953955711894e-01
5.792594084257357556e-01
5.795428442164265448e-01
5.791858623707756282e-01
5.792309774072850193e-01
5.793116189122098358e-01
5.790489923312628351e-01
5.790533875349344051e-01
5.800936554346621810e-01
5.790340630503348907e-01
5.791971684790405694e-01
5.791445769029935908e-01
5.785926976490332052e-01
5.785924998653599882e-01
5.785135559096288294e-01
5.785300582518194679e-01
5.786470213526259121e-01
5.785300725321439463e-01
5.786371753377422822e-01
5.784786529139014366e-01
5.785894012858536772e-01
5.784761412914445344e-01
5.786996032886151387e-01
5.784955173209146428e-01
5.787998717488991307e-01
5.785012498813353332e-01
5.787895422567503889e-01
5.785757652199285950e-01
5.787449899736828440e-01
5.784703421850255767e-01
5.785875305806235103e-01
5.784569670478266756e-01
5.785089994898983123e-01
5.783545966836621810e-01
5.804218556628547576e-01
5.780119873347994153e-01
5.776839842578805895e-01
5.777627801287736897e-01
5.774205420763147689e-01
5.774934517139965751e-01
5.776947759013696393e-01
5.774506035898850920e-01
5.784956488456112211e-01
5.774409664086350702e-01
5.777660198532617031e-01
5.775128116744812079e-01
5.778707374240835692e-01
5.774795821769238557e-01
5.774178439437845922e-01
5.775122147612099521e-01
5.777981647142134136e-01
5.771995981759227012e-01
5.780096742619343919e-01
5.772099124924541247e-01
5.770036394298976301e-01
5.770540240415370503e-01
5.768949091414521391e-01
5.770164505879357142e-01
5.780485141417116557e-01
5.768659786670524703e-01
5.768869754893747315e-01
5.769748257279863068e-01
5.769216970130965905e-01
5.768775361822248149e-01
5.771069389660343774e-01
5.769412006246479319e-01
5.769537708971936851e-01
5.768390231837853266e-01
5.768013166988582574e-01
5.768246998475019538e-01
5.768991632172463246e-01
5.768533261864121631e-01
5.767672349410541965e-01
5.767973471992048351e-01
5.776727214117902687e-01
5.767519366868659736e-01
5.774631170894665155e-01
5.766106627573650556e-01
5.760641898000746774e-01
5.760364872499360578e-01
5.762244880174307582e-01
5.760726349744013097e-01
5.759899443033833499e-01
5.762381470972945952e-01
5.760613720978572383e-01
5.768549441918482401e-01
5.759931031669521806e-01
5.763066487921643111e-01
5.759908408800351598e-01
5.761330254364308567e-01
5.760442589264975766e-01
5.766312325718747633e-01
5.760459317655809430e-01
5.766633840508682551e-01
5.758099277047828979e-01
5.756932444399345261e-01
5.757047272726646403e-01
5.757121151688111560e-01
5.757505627188203023e-01
5.758642361343387917e-01
5.757138336848109939e-01
5.758545043697764765e-01
5.757506472667488495e-01
5.757843193471172683e-01
5.756290775542785010e-01
5.756348216334801204e-01
5.756565407276857949e-01
5.761803676363014270e-01
5.756659876898445605e-01
5.761413508587318599e-01
5.757490182747564411e-01
5.758947378581454890e-01
5.756546925212231436e-01
5.758827153796188814e-01
5.756370644170522022e-01
5.757640766626465068e-01
5.757605337649717159e-01
5.755167031553025669e-01
5.759453055093266549e-01
5.755980055995898459e-01
5.754011232694399292e-01
5.754187262237151490e-01
5.753526753038047392e-01
5.756187869539530766e-01
5.753237151132979399e-01
5.753942660058383174e-01
5.752645527008196646e-01
5.754690235071692195e-01
5.753881578705334343e-01
5.754246911245923801e-01
5.753339723628660973e-01
5.755682778067424676e-01
5.752933290274349076e-01
5.752959240930819451e-01
5.753496448697397181e-01
5.752599002260435634e-01
5.753477675112540490e-01
5.751827298888750883e-01
5.752575225055236441e-01
5.752312516928017594e-01
5.755216788343661127e-01
5.752151114040827684e-01
5.750215856784606228e-01
5.750248507914443863e-01
5.750217765331852027e-01
5.750103474705491324e-01
5.750167248839508360e-01
5.750415783429355665e-01
5.749891242815307058e-01
5.749928614279876671e-01
5.750150364680329806e-01
5.749949975437196326e-01
5.750514701737017287e-01
5.750232911548662784e-01
5.750193755495381920e-01
5.749897953578508858e-01
5.749396796669823395e-01
5.749560484410329853e-01
5.749244632705727831e-01
5.749566498938788461e-01
5.748138343019972840e-01
5.748506326103416386e-01
5.750181475340822024e-01
5.748847686496534326e-01
5.747534011003525567e-01
5.746970509810190864e-01
5.745598953325048441e-01
5.745501455521863088e-01
5.746847594503753376e-01
5.745559585782228362e-01
5.745397171649527790e-01
5.745487095758919915e-01
5.745647687219979094e-01
5.745583865969351445e-01
5.745979541520551681e-01
5.745305680294229278e-01
5.745498663087061919e-01
5.745451419879972210e-01
5.745776994002915750e-01
5.745308496734489179e-01
5.745892797062308599e-01
5.745755216746600835e-01
5.746525832556330649e-01
5.745415627209889964e-01
5.745783440097300687e-01
5.745603992775055735e-01
5.745452958889679662e-01
5.745849866306753650e-01
5.744785665064808811e-01
5.744639319551608780e-01
5.744964710000377561e-01
5.744916084239051202e-01
5.745042001567381984e-01
5.745236254500043493e-01
5.744328928941300205e-01
5.744321097967868273e-01
5.744541242677304593e-01
5.744354041224540852e-01
5.744470065235680600e-01
5.743892865565766170e-01
5.745049016460427316e-01
5.743986622645697038e-01
5.745134705470374969e-01
5.744037112221671570e-01
5.744830527789387409e-01
5.745233054338653167e-01
5.743546683845781597e-01
5.743611307006547539e-01
5.743800964995526837e-01
5.743721941798274333e-01
5.744094046517573826e-01
5.743527022499167467e-01
5.743597772146983305e-01
5.743648649394924588e-01
5.743824477131107553e-01
5.743691490680359335e-01
5.743610691878286989e-01
5.743496877557169311e-01
5.743507222811624624e-01
5.743376050854569481e-01
5.744134141233105950e-01
5.743555059508547167e-01
5.744176093831555585e-01
5.743545187108904937e-01
5.743818281110828483e-01
5.743411893828868076e-01
5.743802980517159762e-01
5.743339074570602554e-01
5.744015701572229293e-01
5.743512276313177400e-01
5.743608635260945006e-01
5.743449468192151075e-01
5.744850175834539385e-01
5.743301417425290545e-01
5.743988678481887211e-01
5.743345419831514809e-01
5.743983886782287884e-01
5.743452549939236373e-01
5.743844024727925435e-01
5.743210615995285595e-01
5.744475272285569645e-01
5.743148127283943527e-01
5.743644890738794917e-01
5.742638845064886866e-01
5.743034485563263125e-01
5.742697841136754633e-01
5.742846764859368403e-01
5.742667421129915573e-01
5.742948268029633985e-01
5.742557940627881496e-01
5.743243454003116311e-01
5.742646145969682037e-01
5.741799476292073212e-01
5.741622041527595366e-01
5.741542439962741273e-01
5.741105388102464291e-01
5.740963104060607947e-01
5.740586592605714245e-01
5.740683730180863309e-01
5.740258748003113087e-01
5.740150278725127952e-01
5.740143984328339721e-01
5.740151390415076937e-01
5.740020132691946442e-01
5.740088940546730356e-01
5.739978537761049049e-01
5.739644039017228749e-01
5.739493117024336843e-01
5.739514449413950503e-01
5.739412304427231604e-01
5.739506379801634361e-01
5.739294604815504686e-01
5.739274944244735499e-01
5.739381398021795588e-01
5.739256647164330261e-01
5.738906865255372081e-01
5.738926632098565461e-01
5.738943534302913818e-01
5.738908679868031104e-01
5.738885052348559057e-01
5.738816024049964160e-01
5.739064000345170946e-01
5.738476508201016957e-01
5.738231174505264987e-01
5.738041287076548480e-01
5.738038209865029549e-01
5.738125177176789382e-01
5.738049217417620085e-01
5.738106418757078497e-01
5.738081489926374346e-01
5.738117248042773344e-01
5.738002506542994041e-01
5.738427466696037760e-01
5.737962704948207371e-01
5.738278623301634740e-01
5.737889380322703792e-01
5.738188047357127841e-01
5.737889820331846247e-01
5.738518991189465179e-01
5.737753504016076533e-01
5.737883218041140987e-01
5.737712667166000591e-01
5.737261561460694770e-01
5.737225949391470126e-01
5.737055069394216833e-01
5.737066581493438511e-01
5.737126954940818813e-01
5.737039456811267035e-01
5.736986642217556387e-01
5.736967092750399067e-01
5.737188412759712808e-01
5.737008805991197224e-01
5.736952343743306759e-01
5.736965194951256786e-01
5.737035182758253304e-01
5.736933335958193103e-01
5.737082095572338947e-01
5.736939610518944077e-01
5.737147254004080210e-01
5.736961883207896129e-01
5.737934810020631771e-01
5.737036857979015414e-01
5.737274359636690413e-01
5.737350114310126870e-01
5.737548427492695780e-01
5.736781395032805042e-01
5.736626876761575788e-01
5.736511823654690811e-01
5.736180451275334491e-01
5.736218525191824069e-01
5.736908864984942014e-01
5.736249661994001769e-01
5.736260798485876000e-01
5.736157681596368851e-01
5.736296928543336282e-01
5.736209174350928031e-01
5.736265977416569184e-01
5.736164743920045828e-01
5.736283975364884213e-01
5.736222354113751365e-01
5.736289140471979575e-01
5.736122043269288318e-01
5.736660133935503891e-01
5.736263509714076836e-01
5.736399735750202789e-01
5.736384737963153846e-01
5.736512253962563479e-01
5.736056290478196429e-01
5.735640243315469622e-01
5.735796501859611318e-01
5.735631316111181599e-01
5.735593993139286306e-01
5.735543005136394257e-01
5.735525770806214618e-01
5.735529599957789326e-01
5.735639005274874025e-01
5.735577463080743232e-01
5.735772078919053607e-01
5.735535218613885267e-01
5.736074635291508184e-01
5.735537163829002028e-01
5.735678189535531324e-01
5.735538446852598282e-01
5.735694819257650678e-01
5.735548077406035228e-01
5.735772033368696787e-01
5.735323155179307131e-01
5.734722916282665173e-01
5.735399439109711839e-01
5.734745640134039091e-01
5.734713835480195199e-01
5.734737479506588631e-01
5.735230344570008132e-01
5.734724993239928015e-01
5.734735971731355075e-01
5.734710488096009806e-01
5.734881195051535485e-01
5.734731279561166017e-01
5.734832151382897036e-01
5.734730956183174966e-01
5.735081828243515645e-01
5.734744342059621136e-01
5.734908151595934367e-01
5.734732916329700059e-01
5.734803324585010520e-01
5.734738196553907930e-01
5.734841838865720742e-01
5.734876678784108783e-01
5.735394959814086313e-01
5.734592988525256674e-01
5.734257005006329067e-01
5.734156177801155163e-01
5.734024694376053111e-01
5.734051196298667330e-01
5.733938789364031452e-01
5.734033225334470574e-01
5.733860343602836807e-01
5.733868187026405216e-01
5.733979328755515192e-01
5.733892402221902884e-01
5.733850657295469500e-01
5.733908686080532169e-01
5.733986946076070623e-01
5.733840682440355385e-01
5.733962394452963851e-01
5.733843892201493375e-01
5.735138424808844393e-01
5.734298494954869208e-01
5.733665708331798783e-01
5.733811239330531828e-01
5.733238032767010717e-01
5.733290143934260952e-01
5.733249430833404769e-01
5.733349847446360670e-01
5.733227377431161509e-01
5.733502338468132731e-01
5.733307552263331441e-01
5.733287810437464049e-01
5.733302357861567167e-01
5.733318741361556059e-01
5.733240733020537050e-01
5.733325984295178923e-01
5.733300304081709875e-01
5.733204707273751310e-01
5.733233570349146602e-01
5.733231387801466239e-01
5.733214418361242126e-01
5.733257162788920613e-01
5.733202218219224378e-01
5.733443157748687735e-01
5.733143379184125754e-01
5.733782136737017865e-01
5.733259351952144645e-01
5.732746292795111165e-01
5.732722055936482208e-01
5.732727403042165992e-01
5.732799571677019701e-01
5.732754620551896441e-01
5.732800750823486835e-01
5.732721827715011598e-01
5.732750024553135981e-01
5.732770409273342249e-01
5.732744689130031546e-01
5.732734644051433737e-01
5.732639339024628855e-01
5.732614149714405638e-01
5.732739180172951032e-01
5.732643091949143344e-01
5.732741183485265957e-01
5.732821824528094856e-01
5.733669926723821142e-01
5.732698803162877832e-01
5.732316789381960431e-01
5.732307657211039853e-01
5.732330369913368751e-01
5.732445728752386671e-01
5.732295008925383240e-01
5.732511204267579652e-01
5.732348157163611457e-01
5.732524318944267616e-01
5.732428172413936984e-01
5.732620554692861026e-01
5.732332554957144666e-01
5.732322398954724507e-01
5.732338151786634528e-01
5.732316988730182805e-01
5.732331527464565868e-01
5.732288026309279028e-01
5.732273738737814206e-01
5.732328392378833737e-01
5.732281844928303061e-01
5.732529175481262396e-01
5.732320235080597959e-01
5.732783082309291789e-01
5.732263264802276437e-01
5.732044152489660371e-01
5.732073574116822723e-01
5.732033983596698246e-01
5.732239531204444960e-01
5.732035327008345726e-01
5.731988481825021076e-01
5.732025874776973673e-01
5.732175932531268225e-01
5.731984342542398858e-01
5.732070006863719813e-01
5.732023085972424159e-01
5.732062499488813634e-01
5.731996539336344787e-01
5.732118978743763194e-01
5.731989974503448604e-01
5.732103776830088648e-01
5.732293531710637158e-01
5.731837464709612640e-01
5.731731777082111901e-01
5.731740146257328083e-01
5.731648386729681910e-01
5.731623880448418751e-01
5.731603543880395835e-01
5.732012111414954703e-01
5.731640446332747496e-01
5.731612292660592800e-01
5.731636302764061552e-01
5.731536362091527170e-01
5.731529726642382583e-01
5.731413621397115632e-01
5.731393359730471149e-01
5.731332803713302670e-01
5.731344112563671045e-01
5.731325701109908355e-01
5.731325061354681782e-01
5.731429221315221811e-01
5.731328407818585546e-01
5.731353546395639986e-01
5.731346260015932614e-01
5.731694556925704953e-01
5.731568899877563794e-01
5.731517140131828780e-01
5.731225926988215980e-01
5.731279188918192435e-01
5.731223713922553031e-01
5.731247907535031993e-01
5.731248679722671380e-01
5.731286128878761987e-01
5.731230863795003794e-01
5.731238465940595717e-01
5.731186552576525983e-01
5.731707778351892157e-01
5.731166901025617211e-01
5.731086375619637296e-01
5.731089183925138775e-01
5.731214618077812295e-01
5.731196319024590702e-01
5.731228930440265268e-01
5.731114625759409220e-01
5.731459608154175767e-01
5.731012583634862434e-01
5.731110799765574138e-01
5.731166800234168690e-01
5.731163841588655661e-01
5.730995022785272397e-01
5.731077920239945334e-01
5.730974396217748401e-01
5.731031829790793619e-01
5.731007075802315720e-01
5.731006419870767754e-01
5.730999099496775218e-01
5.731049666904365347e-01
5.731005233056356563e-01
5.731179293458547042e-01
5.730927075719995933e-01
5.731130745013369721e-01
5.730920115281024074e-01
5.731279200893052428e-01
5.730949821744315553e-01
5.730766314076086720e-01
5.730728998361004356e-01
5.730763918976199411e-01
5.730796752014158946e-01
5.730658681073302896e-01
5.730669684165234923e-01
5.730690005421422706e-01
5.730655220567338892e-01
5.730636703269820220e-01
5.730635766464606817e-01
5.730729683272343111e-01
5.730677271439679199e-01
5.730635074329272216e-01
5.730584863909781168e-01
5.730633923895533943e-01
5.730627864941301164e-01
5.730598240897427642e-01
5.730598144580344444e-01
5.730642162894759029e-01
5.730688738154940953e-01
5.730630646878790424e-01
5.730689542113600599e-01
5.730553069674941824e-01
5.730591024735742778e-01
5.730451704816031944e-01
5.730288075245412172e-01
5.730296544276204385e-01
5.730253765631319052e-01
5.730390102706801603e-01
5.730331807439539293e-01
5.730283062333816346e-01
5.730287916575528273e-01
5.730316578699897745e-01
5.730267052287836282e-01
5.730201090189648294e-01
5.730196348982250498e-01
5.730248693205443056e-01
5.730207050660703905e-01
5.730119780449067779e-01
5.730202095126357698e-01
5.730726730154381832e-01
5.730140993679311290e-01
5.730066887149887211e-01
5.730072705392027510e-01
5.730193273523814801e-01
5.730069716371630761e-01
5.730085233370386666e-01
5.730079260394725926e-01
5.730114766674487825e-01
5.730096089171422546e-01
5.730185022999032540e-01
5.730072019557197471e-01
5.729993375100590480e-01
5.729915605796958022e-01
5.730134949369869446e-01
5.729886816036051655e-01
5.730102349806002193e-01
5.729906075727531078e-01
5.729839874713524850e-01
5.729871385267868433e-01
5.729825350247009785e-01
5.729939302057032169e-01
5.729784531828481242e-01
5.729899982908261968e-01
5.730019824873909817e-01
5.729887289162276520e-01
5.729724791461355826e-01
5.729785732949478350e-01
5.729710623245575229e-01
5.729814983443939358e-01
5.729819204044842573e-01
5.729789425188521745e-01
5.729560782301086341e-01
5.729544225454552553e-01
5.729617320772751876e-01
5.729558685705716803e-01
5.729758391629944381e-01
5.729502816465190662e-01
5.729451974670386472e-01
5.729471532858575467e-01
5.729485472355333453e-01
5.729447702277093990e-01
5.729454710957826435e-01
5.729467477914670370e-01
5.729468109234344686e-01
5.729514632793445417e-01
5.729517260549746860e-01
5.729431501771403701e-01
5.729495276601378473e-01
5.729437433811999103e-01
5.729438507264286162e-01
5.729592864186581203e-01
5.729392414497345154e-01
5.729384893129572109e-01
5.729536749652092142e-01
5.729391059990586177e-01
5.729569283540758562e-01
5.729347857822100210e-01
5.729333831539060728e-01
5.729269446751678041e-01
5.729284655400340709e-01
5.729269958237869220e-01
5.729322813417819793e-01
5.729352630374919819e-01
5.729430660919467844e-01
5.729221672220206063e-01
5.729174107058837562e-01
5.729166963694038994e-01
5.729168329332986476e-01
5.729165466471988211e-01
5.729154437530701305e-01
5.729222417397807909e-01
5.729090288671865316e-01
5.729032669371055819e-01
5.729450813144735255e-01
5.729020810287670518e-01
5.729163820169522747e-01
5.729133574608414881e-01
5.729183064903435874e-01
5.728970264118534717e-01
5.728966381225367721e-01
5.729057965009827225e-01
5.729032306641091976e-01
5.728979610668970546e-01
5.729030570587366755e-01
5.728973000644659308e-01
5.729042018865002639e-01
5.728997404490348000e-01
5.729148240487675903e-01
5.728979345466675976e-01
5.729138334668321120e-01
5.728925432696473363e-01
5.728765409710961931e-01
5.728776033467207762e-01
5.729301974867629932e-01
5.728733563229168047e-01
5.728759334190784980e-01
5.728711032524229640e-01
5.728572365133473010e-01
5.728575338247346993e-01
5.728716577149242095e-01
5.728611371580022427e-01
5.728628466285115017e-01
5.728596198666454642e-01
5.728641082962103726e-01
5.728590373233914956e-01
5.728662984353473098e-01
5.728619507292678215e-01
5.728651540036920897e-01
5.728679750361079792e-01
5.728557055713616730e-01
5.728605472866293846e-01
5.728393008733035918e-01
5.728528352724250317e-01
5.728455222465174135e-01
5.728260540005060131e-01
5.728311035242590332e-01
5.728235828604650859e-01
5.728340169030963214e-01
5.728266228024232465e-01
5.728301305078774552e-01
5.728293491576494922e-01
5.728312179841436036e-01
5.728257052240072200e-01
5.728230613235054669e-01
5.728226936402672775e-01
5.728284701799220002e-01
5.728196716851613468e-01
5.728218970895936346e-01
5.728524570992705733e-01
5.728203164694184446e-01
5.728159881045614688e-01
5.728136998994560747e-01
5.728102122690116316e-01
5.728168087875254999e-01
5.728282643645974392e-01
5.728143583574374365e-01
5.728057919128889397e-01
5.728070934977550488e-01
5.728147544507318223e-01
5.728140937759326201e-01
5.728097064925995463e-01
5.728042283324050743e-01
5.728126837774384361e-01
5.728072540807457314e-01
5.727988331923226095e-01
5.728003859717271107e-01
5.728101273501565727e-01
5.727985393982082396e-01
5.727982671000870774e-01
5.727985642439095137e-01
5.728614344387603641e-01
5.727996266153083660e-01
5.728027555490130540e-01
5.728012058779858862e-01
5.728078960116641527e-01
5.728051617626862546e-01
5.727922274922592205e-01
5.727882059245986701e-01
5.727818026139082086e-01
5.727837474484556157e-01
5.728178050975392122e-01
5.727868099102122468e-01
5.728031341508215135e-01
5.727721769974640775e-01
5.727707724225992170e-01
5.727716101214540556e-01
5.727692596725839635e-01
5.727688960664490958e-01
5.727741855658810000e-01
5.727713065864621367e-01
5.727674131386518708e-01
5.727709070087951826e-01
5.727809383496582640e-01
5.727739688871783530e-01
5.727872545178205321e-01
5.727684905738091858e-01
5.727834324535466815e-01
5.727763003070016623e-01
5.727548635905859165e-01
5.727579717192946562e-01
5.727674577733948835e-01
5.727518301912015719e-01
5.727920764061069647e-01
5.727538679728967352e-01
5.727554539681408707e-01
5.727553614215226130e-01
5.727561875833158123e-01
5.727522096584040101e-01
5.727585026878070362e-01
5.727465018163401256e-01
5.727510824979790138e-01
5.727474726272765437e-01
5.727614803244927000e-01
5.727479101948924622e-01
5.727568311791252365e-01
5.727487824772951042e-01
5.727613234736212977e-01
5.727553302884100805e-01
5.727590292248775361e-01
5.727426074601090766e-01
5.727470555036503486e-01
5.727439630686351757e-01
5.727798667982781922e-01
5.727333219154279176e-01
5.727344968507610545e-01
5.727359229943792540e-01
5.727358182623076832e-01
5.727356701155564833e-01
5.727338884508668126e-01
5.727373815246222799e-01
5.727285667856423235e-01
5.727304606032885825e-01
5.727309642224721609e-01
5.727297774543116393e-01
5.727369677178527629e-01
5.727352836742546360e-01
5.727437091821128146e-01
5.727355007961429934e-01
5.727342049057172479e-01
5.727286391415796762e-01
5.727287372393824461e-01
5.727316370595987305e-01
5.727286995673470660e-01
5.727466936735520209e-01
5.727346909564701161e-01
5.727224130831808369e-01
5.727228042888485859e-01
5.727193043905846048e-01
5.727203050073246260e-01
5.727327628514587987e-01
5.727215532680784982e-01
5.727216367504650574e-01
5.727207998013985613e-01
5.727196212517520202e-01
5.727177640611180731e-01
5.727207614624875154e-01
5.727214749092646162e-01
5.727170239961609788e-01
5.727190802318110618e-01
5.727202659527026452e-01
5.727179393246484285e-01
5.727187806832562122e-01
5.727174959160840073e-01
5.727208979751639006e-01
5.727174026667108953e-01
5.727212122470087818e-01
5.727173844496817878e-01
5.727244909358345515e-01
5.727158870291738646e-01
5.727212137423323135e-01
5.727168474771935358e-01
5.727172474026362980e-01
5.727182914698636385e-01
5.727156489329756628e-01
5.727150851094849893e-01
5.727143792950704082e-01
5.727140774271847201e-01
5.727098381014386064e-01
5.727094249102949730e-01
5.727075518445247093e-01
5.727092806184481688e-01
5.727143683474722469e-01
5.727060094331372087e-01
5.726933032789973677e-01
5.726916668184360848e-01
5.726919065037388012e-01
5.726899532942921756e-01
5.726907972892993914e-01
5.726870939610154698e-01
5.726880095135366000e-01
5.726902971770287953e-01
5.726875473762301771e-01
5.726864613228964673e-01
5.726867933454278248e-01
5.726946678285619319e-01
5.726873950219847353e-01
5.726884617460555882e-01
5.726856718633530630e-01
5.726929889331974222e-01
5.726843966365018357e-01
5.726887262707540671e-01
5.726854810609657287e-01
5.726872177740278680e-01
5.726834560138515107e-01
5.726849956332594749e-01
5.726838509634910590e-01
5.726855554060792386e-01
5.726856073195559782e-01
5.726851155368249957e-01
5.726831830775991339e-01
5.726854631989102273e-01
5.726832923973704803e-01
5.726847784420533438e-01
5.726773392698204512e-01
5.726855497579474985e-01
5.726772572424191354e-01
5.726791411191504144e-01
5.726766924409643078e-01
5.726766740711458636e-01
5.726766378967051985e-01
5.726768920165175025e-01
5.726752118137274916e-01
5.727027176517412999e-01
5.726757894907333890e-01
5.726809900991010061e-01
5.726737384032114520e-01
5.726772005976905611e-01
5.726711023775028497e-01
5.726759828778579253e-01
5.726771411795278377e-01
5.726717164064996091e-01
5.726720952169865875e-01
5.726655422520664507e-01
5.726650928415166764e-01
5.726654487299565055e-01
5.726660510091267087e-01
5.726650155455275115e-01
5.726669401232256096e-01
5.726660982428346536e-01
5.726669937270552069e-01
5.726665977342955127e-01
5.726636590226933388e-01
5.726652251116389758e-01
5.726639061742440084e-01
5.726687011684457040e-01
5.726632591138548500e-01
5.726718585745054213e-01
5.726638169508900811e-01
5.726698071943152613e-01
5.726638322506955037e-01
5.726648512237779709e-01
5.726642625718095791e-01
5.726612667199371121e-01
5.726631035802883796e-01
5.726745235777203069e-01
5.726604049327941315e-01
5.726608277646746403e-01
5.726603780843082525e-01
5.726620485150789586e-01
5.726598470155798148e-01
5.726638140858596460e-01
5.726599024055187837e-01
5.726633055699732466e-01
5.726591253668035231e-01
5.726602570431987838e-01
5.726597830320226956e-01
5.726600994662183197e-01
5.726579811165348755e-01
5.726754429851023120e-01
5.726592022341112642e-01
5.726655474382513766e-01
5.726656927171864808e-01
5.726674133346276729e-01
5.726614320366497646e-01
5.726538743785025698e-01
5.726527133194728725e-01
5.726513759447382501e-01
5.726517366751726623e-01
5.726544435496525587e-01
5.726524347633141776e-01
5.726548278739388431e-01
5.726510872251491246e-01
5.726498065005523053e-01
5.726492085642934660e-01
5.726545106257217022e-01
5.726486144969098468e-01
5.726548559310818964e-01
5.726487043111182507e-01
5.726684103042694041e-01
5.726480596191891870e-01
5.726462682813069360e-01
5.726459078883362475e-01
5.726465265988256448e-01
5.726461087094529834e-01
5.726457100732618155e-01
5.726511900328479232e-01
5.726439505546491171e-01
5.726425452283260276e-01
5.726464648212703512e-01
5.726430529626077570e-01
5.726465227189754259e-01
5.726468796697454788e-01
5.726492969278081935e-01
5.726424901923665711e-01
5.726449409879790231e-01
5.726418185564466912e-01
5.726424916454252445e-01
5.726417821035190148e-01
5.726456207883995342e-01
5.726413190725697655e-01
5.726443782802534965e-01
5.726413321793645261e-01
5.726447815616168002e-01
5.726401139944389262e-01
5.726485931326821266e-01
5.726403658596728175e-01
5.726418502333325833e-01
5.726422971468571044e-01
5.726387301024161713e-01
5.726379519830262499e-01
5.726350742958302709e-01
5.726345388816961313e-01
5.726355159488704105e-01
5.726377730231789753e-01
5.726358847993027190e-01
5.726355309636138591e-01
5.726591497066402248e-01
5.726342806357352933e-01
5.726300453307398008e-01
5.726301542078868767e-01
5.726334879860282001e-01
5.726311128131525985e-01
5.726334218293851475e-01
5.726308960622334965e-01
5.726348086521110270e-01
5.726299948075443957e-01
5.726292663460669230e-01
5.726288136137038798e-01
5.726334441557359156e-01
5.726302918595246316e-01
5.726308655845796514e-01
5.726297173708735366e-01
5.726328858651085207e-01
5.726292128492472822e-01
5.726321781360588226e-01
5.726287107262090226e-01
5.726329801681067089e-01
5.726297098369498295e-01
5.726307645193338125e-01
5.726280193892068215e-01
5.726272352922917586e-01
5.726276828913929862e-01
5.726284524051399316e-01
5.726281798335298712e-01
5.726290783534105922e-01
5.726279611786720958e-01
5.726286679986772876e-01
5.726278712954794292e-01
5.726278186435673767e-01
5.726258731387183776e-01
5.726236441299160651e-01
5.726272805488794582e-01
5.726254467570475182e-01
5.726240490004004258e-01
5.726251019353624239e-01
5.726236930845480799e-01
5.726249149652884451e-01
5.726235974113168536e-01
5.726411114709144545e-01
5.726212032993799328e-01
5.726193751500811002e-01
5.726221165384671741e-01
5.726187417383971079e-01
5.726183771591267790e-01
5.726250205210898780e-01
5.726176412447244735e-01
5.726162371413868746e-01
5.726170611496222973e-01
5.726181539995606196e-01
5.726192470073867558e-01
5.726163830527298826e-01
5.726166856469647737e-01
5.726177495837366793e-01
5.726165742739647291e-01
5.726188818335279374e-01
5.726173490990575932e-01
5.726176801922090442e-01
5.726171264695041341e-01
5.726175755827053182e-01
5.726164577302464975e-01
5.726163857242445587e-01
5.726157384042322995e-01
5.726180520590959944e-01
5.726164106497526607e-01
5.726085916268137677e-01
5.726100963356887119e-01
5.726100785584615771e-01
5.726094995087256390e-01
5.726095838994810228e-01
5.726054874034727238e-01
5.726063995815180441e-01
5.726093493012049951e-01
5.726055045484917949e-01
5.726035825524425915e-01
5.726038260500738719e-01
5.726026735988863914e-01
5.726044392418581097e-01
5.726049702580100487e-01
5.726016905966809789e-01
5.726070722202836194e-01
5.726022161161734569e-01
5.725956734008115223e-01
5.725918625902400860e-01
5.725916918415216994e-01
5.725948780005184480e-01
5.725919348934218611e-01
5.725916363166420053e-01
5.725931379945905508e-01
5.725883267995910408e-01
5.725885677440436528e-01
5.725892438453586974e-01
5.725883497293371427e-01
5.725853966682338259e-01
5.725881611651978398e-01
5.725878429618168619e-01
5.725826023225474293e-01
5.725838628491882742e-01
5.725826368835231772e-01
5.725830260703828056e-01
5.725833752122014841e-01
5.725830107233559341e-01
5.725830600584596031e-01
5.725829115507292677e-01
5.725932961519668574e-01
5.725845041357013887e-01
5.725809275655588948e-01
5.725808900947307878e-01
5.725804490726829066e-01
5.725802910659352207e-01
5.725782147624511875e-01
5.725782352280633924e-01
5.725771858697648042e-01
5.725795157860824602e-01
5.725882794482293203e-01
5.725778893442745598e-01
5.725780959142786619e-01
5.725794368170501469e-01
5.725804314586537824e-01
5.725792782905346767e-01
5.725810453791828625e-01
5.725823471599548187e-01
5.725817055773181341e-01
5.725764233685841642e-01
5.725731055392869751e-01
5.725730774403942069e-01
5.725768307066780860e-01
5.725728759789113775e-01
5.725762146740801528e-01
5.725719046290983494e-01
5.725730442864739311e-01
5.725708291797498850e-01
5.725897258128946898e-01
5.725674307991791556e-01
5.725678307595306604e-01
5.725672784765328815e-01
5.725663812989026935e-01
5.725666519561668499e-01
5.725695493631516308e-01
5.725661866715080484e-01
5.725713404429638720e-01
5.725672710333554738e-01
5.725672555271762443e-01
5.725660209975969028e-01
5.725659408372855141e-01
5.725668268262472660e-01
5.725679238162872942e-01
5.725665736988190258e-01
5.725671651261906581e-01
5.725670181623283561e-01
5.725710668197709907e-01
5.725657798174492719e-01
5.725698376797736522e-01
5.725655898610312322e-01
5.725676928206088201e-01
5.725650049044050949e-01
5.725742168864356163e-01
5.725662250407949072e-01
5.725718776208954530e-01
5.725647339341549680e-01
5.725708653376959667e-01
5.725657635616040464e-01
5.725635792366835508e-01
5.725636520493461168e-01
5.725716031798177008e-01
5.725625761374827372e-01
5.725645728924320110e-01
5.725649798367887788e-01
5.725635140350661123e-01
5.725617615232796442e-01
5.725582317430428780e-01
5.725570624904523509e-01
5.725584047570121404e-01
5.725588052666320538e-01
5.725584950084938729e-01
5.725587051336502586e-01
5.725567161086455581e-01
5.725572622846285542e-01
5.725566245057664982e-01
5.725565203777152057e-01
5.725568437783864484e-01
5.725555726963328373e-01
5.725505328254753001e-01
5.725500643892106334e-01
5.725517830238567862e-01
5.725503344385602933e-01
5.725475664575390145e-01
5.725474074038077177e-01
5.725446199376476031e-01
5.725453956887969209e-01
5.725445221211058477e-01
5.725432906474262618e-01
5.725474796697069824e-01
5.725438830621483177e-01
5.725402016059788490e-01
5.725392061558893797e-01
5.725412105788214578e-01
5.725395946000360059e-01
5.725434435403276012e-01
5.725401735155873917e-01
5.725430523704874153e-01
5.725379777668413439e-01
5.725371939894563500e-01
5.725366838435790307e-01
5.725377529826811696e-01
5.725369233745825071e-01
5.725344755158562338e-01
5.725347541850102084e-01
5.725329870889547257e-01
5.725339994365308272e-01
5.725378416129289771e-01
5.725332234168117873e-01
5.725376234923914565e-01
5.725329487511927606e-01
5.725343573859088542e-01
5.725335001256998124e-01
5.725334184727308706e-01
5.725331947914069630e-01
5.725340056756204055e-01
5.725326844907934198e-01
5.725316629654756406e-01
5.725353811339578547e-01
5.725373361799691585e-01
5.725317367525754042e-01
5.725301713636002932e-01
5.725299698257343417e-01
5.725319579203973497e-01
5.725315246284318205e-01
5.725321415070657727e-01
5.725291925990956265e-01
5.725326663495374779e-01
5.725296768215524246e-01
5.725307603229231601e-01
5.725313330073232843e-01
5.725294612150247930e-01
5.725305496145617346e-01
5.725296726103266121e-01
5.725305448828680310e-01
