1.006953307443279710e+00
1.006959062885639300e+00
1.007661513544531262e+00
9.944055277997735365e-01
1.021716573870728340e+00
1.002682240467308583e+00
1.139672483995797903e+00
9.948358856258856520e-01
9.968846425588618887e-01
9.944055277997735365e-01
9.944055277997735365e-01
9.944939990845386157e-01
1.034111890101846232e+00
9.767415243755004362e-01
9.821384798058577781e-01
9.767415243755002141e-01
9.758636569392178384e-01
9.978501285726451009e-01
1.008850432470855596e+00
9.758636569392178384e-01
9.758636569392178384e-01
9.758636569392178384e-01
9.791556410092661089e-01
1.013419248186441468e+00
9.747627950729083057e-01
1.093735038163902829e+00
9.747627950729083057e-01
9.747627950729083057e-01
9.747627950729083057e-01
9.747627950729083057e-01
9.747627950729083057e-01
9.909974880757224103e-01
9.940663166350665048e-01
9.747627950729083057e-01
9.747627950729083057e-01
9.747627950729083057e-01
1.177361499077367091e+00
9.747627950729083057e-01
9.747627950729080837e-01
9.209516627783168596e-01
9.819511664123548034e-01
9.209839588332400240e-01
9.562086950843806665e-01
9.209545668819346664e-01
9.476225352900504717e-01
9.245546929402154168e-01
9.220212530829218212e-01
9.224510986207040686e-01
9.319759721017933929e-01
9.176711751317521149e-01
9.249807763203241606e-01
9.176711751317521149e-01
9.336783980384915083e-01
9.176711751317525589e-01
9.290344365351961287e-01
9.302128539287030096e-01
9.311002487725139609e-01
9.064239943959174761e-01
9.676085210294713690e-01
9.203506699147956382e-01
9.109873405910600130e-01
9.018480587652180080e-01
9.373595839258920259e-01
9.011060884831553208e-01
8.765120475686475343e-01
8.765120475686475343e-01
8.783887753419912237e-01
8.765120475686475343e-01
8.748090104782357823e-01
8.748090104782358933e-01
8.827947200659211902e-01
8.754565860626312146e-01
8.907373138868687201e-01
8.748090104782357823e-01
8.868538888975924239e-01
8.748090104782355603e-01
8.810732788346552491e-01
8.748090104782357823e-01
8.836845232237686698e-01
8.748090104782357823e-01
8.900399471262540052e-01
8.748090104782355603e-01
9.358101746214412264e-01
8.861887563063997053e-01
8.717262806927279506e-01
8.936551691960131771e-01
8.970070607205504754e-01
8.737499203382894652e-01
8.895197740966322986e-01
8.782716751775474506e-01
9.644639134046719686e-01
8.648409883570890022e-01
9.249649741620573629e-01
8.642633651264292061e-01
9.108068642200780607e-01
8.642631800432922784e-01
8.827883214527274536e-01
8.642631800432916123e-01
9.018994421074266743e-01
8.642631800432916123e-01
9.219461651509460731e-01
8.621633478426277142e-01
8.478901224091733857e-01
8.686607398479353481e-01
8.679379357006224982e-01
8.478901224091733857e-01
8.327340129638891586e-01
8.327340129638889366e-01
8.771041027261377021e-01
8.484170908751422768e-01
8.132477154220068005e-01
8.365327510475401018e-01
8.107413502226924473e-01
8.106942900250783124e-01
8.146044009745820880e-01
7.833431077698214118e-01
8.006835956067005489e-01
7.884350413631248111e-01
7.779224750623432438e-01
7.779224750623431328e-01
7.763462512677089533e-01
7.763462512677089533e-01
8.458196590879487609e-01
7.763462512677085092e-01
7.836082390890500848e-01
7.763462512677088423e-01
8.695314778196616690e-01
7.763462512677085092e-01
8.076132782451547198e-01
7.763462512677085092e-01
8.182123821019651189e-01
7.991783935518338433e-01
8.683646889067938579e-01
7.742653040670209874e-01
8.562321112251942701e-01
7.737318463352037545e-01
7.787878961760079655e-01
7.737199689095077826e-01
7.790997001107511366e-01
7.737199689095077826e-01
8.310080025999811992e-01
7.737199689095081157e-01
8.118976224344236492e-01
7.721705378345683490e-01
7.570547411302276375e-01
7.570547411302276375e-01
7.676493635923014036e-01
7.570547411302284146e-01
8.326665423179842040e-01
7.724102863042099365e-01
7.615798713594069680e-01
7.543409879934314111e-01
7.980875572962792264e-01
7.569238553317693130e-01
7.607915639939526464e-01
7.526752289351981151e-01
7.597023437761022402e-01
7.711382356271931915e-01
8.239317806116778220e-01
7.548643227408506906e-01
8.288512309206891304e-01
7.371427879570835451e-01
7.751175765454818567e-01
7.409276895519371076e-01
7.750197298868213291e-01
7.414854280042642021e-01
7.359206167491452177e-01
7.359206167491453288e-01
7.410758211412020735e-01
7.629564246543252271e-01
8.117849634177948248e-01
7.327779853557571110e-01
7.450653164219290803e-01
7.404685075668435701e-01
7.542090141241676315e-01
7.327779853557571110e-01
7.500142034598654694e-01
7.466367625133552011e-01
7.340669683198841611e-01
7.515456091528188720e-01
7.612745500335306170e-01
7.302004272392801365e-01
7.920739792739278640e-01
7.438087466342201415e-01
7.650074649024732887e-01
7.334805093184747493e-01
7.573004732472433664e-01
7.353048994228438273e-01
7.477937528377628373e-01
7.387947699524550771e-01
7.339601511024788083e-01
7.328068272187030496e-01
7.316381204336582789e-01
7.391798737417969445e-01
7.297836629061013047e-01
7.324402249012224031e-01
7.298724244652647908e-01
7.306171757303845382e-01
7.297836629061013047e-01
7.334512276711512291e-01
7.308591574064287055e-01
7.351695622398037866e-01
7.290721383756926244e-01
7.323535910964737994e-01
7.291925091978795903e-01
7.360216833573911543e-01
7.304524450885909737e-01
7.442387979195912440e-01
7.204610954112037335e-01
7.417669273279523523e-01
7.226002318804451985e-01
7.287382886553470662e-01
7.170328995722772270e-01
7.190720039493546656e-01
7.149570199885983968e-01
7.215159333254436147e-01
7.197114874413441665e-01
7.167368047948953214e-01
7.155848777311437647e-01
7.338904591559674007e-01
7.130095819809693092e-01
7.188393460774415988e-01
7.136835332453433933e-01
7.242847849261022652e-01
7.152528180616579689e-01
7.106236067555024016e-01
7.094714971010865900e-01
7.213614787916297066e-01
7.091119593251234976e-01
7.160937387134970189e-01
7.129568025094316086e-01
7.136970264311230938e-01
7.122301032719865477e-01
7.179659817001711186e-01
7.125791446781195582e-01
7.091167015120973804e-01
7.116547956787447893e-01
7.067682204173483251e-01
7.045227490351300137e-01
7.029650674857610415e-01
7.061880631064174629e-01
7.191417420409093042e-01
7.125271056548554416e-01
6.958300234441742171e-01
6.956242491689162977e-01
6.898916206858464184e-01
6.866960383943117030e-01
6.883916660917309693e-01
6.857266635539759347e-01
6.869955121377989693e-01
6.856530457534576461e-01
6.886569678013553242e-01
6.904338220989459929e-01
6.959996883829019376e-01
6.894315743904597671e-01
6.903077018577205015e-01
6.921149770424831482e-01
6.963217920323943044e-01
7.028503631294488185e-01
6.868788870839264149e-01
6.881157757776033002e-01
6.799754778292751434e-01
6.779546144286614506e-01
6.831792731094631366e-01
6.827315796847474028e-01
6.775175564224875657e-01
6.773588736705808966e-01
6.894017422433706965e-01
6.808009621632316044e-01
6.624837130410995423e-01
6.635022753768425874e-01
6.642517012007264077e-01
6.644790276721793676e-01
6.690355667861324074e-01
6.625103809223017448e-01
6.633347031316449982e-01
6.638232745270139512e-01
6.629436573364043683e-01
6.624451446009198552e-01
6.787026558679686294e-01
6.633385191264922209e-01
6.656295362818855921e-01
6.635363638043672019e-01
6.668151598266207625e-01
6.657783169540854029e-01
6.761094824938832515e-01
6.617112241209858192e-01
6.738252524782721853e-01
6.632151420092112781e-01
6.707185296525648432e-01
6.634176050696516391e-01
6.609579170747539312e-01
6.610865491163238072e-01
6.918171609537558941e-01
6.602464250293788028e-01
6.605738735932940031e-01
6.614324921469925123e-01
6.603268814457629032e-01
6.601842168188307713e-01
6.708943569012923991e-01
6.593438161937356101e-01
6.631870250526510358e-01
6.609021532511857311e-01
6.679736962155773394e-01
6.608772473874553466e-01
6.611497905257424090e-01
6.623624626894297762e-01
6.617017121063395457e-01
6.640688981900194632e-01
6.641999038018326917e-01
6.609591331336345243e-01
6.651818164492901975e-01
6.613745369632714199e-01
6.628128811069503579e-01
6.628537832587172440e-01
6.594464232173629092e-01
6.608830539246400848e-01
6.579687880514494269e-01
6.575382589573918191e-01
6.598656857697441369e-01
6.584681470310358442e-01
6.566775192326065325e-01
6.584465639986829544e-01
6.561752440263303177e-01
6.557956939803544216e-01
6.558379415315550576e-01
6.560543584991487265e-01
6.563274506554936938e-01
6.534156811007847399e-01
6.532413738023794547e-01
6.531251311889570976e-01
6.507923222186617895e-01
6.503424948663438787e-01
6.497446866496614515e-01
6.496167833465757990e-01
6.517042990843203709e-01
6.500730633856793839e-01
6.515030306764332257e-01
6.493140438112641188e-01
6.512893559252870279e-01
6.504691149075318979e-01
6.513352276719465150e-01
6.496058703220148889e-01
6.507326920440787976e-01
6.493142558146427490e-01
6.499892026511449039e-01
6.486627922334126106e-01
6.508633408785199359e-01
6.495086039223969543e-01
6.493085225272269279e-01
6.496270404925341690e-01
6.479902887338073736e-01
6.482914054144528482e-01
6.489701957506741614e-01
6.482568342245559334e-01
6.517717593838637802e-01
6.478515534003750354e-01
6.491305690619357804e-01
6.475992793174811801e-01
6.496956138439061723e-01
6.478745278504436378e-01
6.499591649531836213e-01
6.481785954193318711e-01
6.512113383312787551e-01
6.475386795740297741e-01
6.490039186784463121e-01
6.484854045553228863e-01
6.494436917714294655e-01
6.483031175100967269e-01
6.516834528575775609e-01
6.475601219235805894e-01
6.490801401470379650e-01
6.482691627903942599e-01
6.482552860594196220e-01
6.478425872481670122e-01
6.482492236392880525e-01
6.479984593114744840e-01
6.471926941148462564e-01
6.462941976791959364e-01
6.463844337219586400e-01
6.458603288680815346e-01
6.460614479361854734e-01
6.464147197083250918e-01
6.456940335590348745e-01
6.446760799083725013e-01
6.449241261464166985e-01
6.440436840560646026e-01
6.436785540800694649e-01
6.435104594479716944e-01
6.431195883924514245e-01
6.434711003314257383e-01
6.436393791234514827e-01
6.428118471339557827e-01
6.423903481663127968e-01
6.436570764884683715e-01
6.420744791265977636e-01
6.422978113585985360e-01
6.423071527170224337e-01
6.412928555096604200e-01
6.416662217281222658e-01
6.411721537021490835e-01
6.414497861244865540e-01
6.393476008611707062e-01
6.395332730324881920e-01
6.386338754979318244e-01
6.379915107790592455e-01
6.377460585325456233e-01
6.380404803250294687e-01
6.374156019748975499e-01
6.370411674333313901e-01
6.373409923957561452e-01
6.365727002078213070e-01
6.368246758886866310e-01
6.372183749646634920e-01
6.372996149180721881e-01
6.370707936548374306e-01
6.371305025383090515e-01
6.367777048832852227e-01
6.363835775969528541e-01
6.366971419184137559e-01
6.364902904021276786e-01
6.368112447461028447e-01
6.361156970533252686e-01
6.366374212703779234e-01
6.359437521672948179e-01
6.356881084604574239e-01
6.351573007810576987e-01
6.367451147617677609e-01
6.352245619387639763e-01
6.348902312321645924e-01
6.358850051806603787e-01
6.316405512104739106e-01
6.318758517495437488e-01
6.323588426204462820e-01
6.329163376510917871e-01
6.319454839708006366e-01
6.299762071373700145e-01
6.303215975020011186e-01
6.291310591897357751e-01
6.282812491289982981e-01
6.268777761457323683e-01
6.279105799442499247e-01
6.269492037488569869e-01
6.265245454481042087e-01
6.261981027927230326e-01
6.267724641387877327e-01
6.257419886422178612e-01
6.256583868475485977e-01
6.273565932151805580e-01
6.268632521555772552e-01
6.250966492909999506e-01
6.245492554545409858e-01
6.256314427972222703e-01
6.257836530510493267e-01
6.234624792865680609e-01
6.232442030667639798e-01
6.221983425479409302e-01
6.237971382487491612e-01
6.194560062327724159e-01
6.189963886562753759e-01
6.194466284488010510e-01
6.205996491547125515e-01
6.189835937606440464e-01
6.167164335236149375e-01
6.171524484289061530e-01
6.169341322798442828e-01
6.175479861843526930e-01
6.167341485800085232e-01
6.155469687875988472e-01
6.150540196025006123e-01
6.157585076099062471e-01
6.154831694863182046e-01
6.145574762984786776e-01
6.150484423411330948e-01
6.145746304623049827e-01
6.145311606729535470e-01
6.163920336066079919e-01
6.149219123817517563e-01
6.160768234516296182e-01
6.151139423945147788e-01
6.161496222608506823e-01
6.163734713044894953e-01
6.120098780084088919e-01
6.109533437659716570e-01
6.114989142398344901e-01
6.104953165435674789e-01
6.089628147409790193e-01
6.086861938249723547e-01
6.078527202800829699e-01
6.076141906332225284e-01
6.078920645329499717e-01
6.075935629344869637e-01
6.075807311250637222e-01
6.080732686276463239e-01
6.088492349461188669e-01
6.072745343562322429e-01
6.075907771560518089e-01
6.072170608421023630e-01
6.088581130461194757e-01
6.072859570646994554e-01
6.071717353258258010e-01
6.073768115060692585e-01
6.099156261982854321e-01
6.078496159007096278e-01
6.064539650025357886e-01
6.061431478294881936e-01
6.054509213936053458e-01
6.070707014334064677e-01
6.044928923265708853e-01
6.051968292789473569e-01
6.053461375874695793e-01
6.056395692276786979e-01
6.021813139535211468e-01
6.010526183818836188e-01
6.012912919604531670e-01
6.017403374052957554e-01
6.011941484102441002e-01
6.010259263719299749e-01
6.018148296782166451e-01
6.013647778232436014e-01
6.010995529805791548e-01
6.017222828135222468e-01
6.012269120758469976e-01
6.015376030270295216e-01
6.008617789630401607e-01
6.037224367232143507e-01
6.009640520430995503e-01
6.021297460004230162e-01
6.004125661783200618e-01
6.003094979102266970e-01
6.001983853360519650e-01
5.994233989312854893e-01
5.984764470849883722e-01
5.957292806624526760e-01
5.947241250941954771e-01
5.954457417565016675e-01
5.956204268058196138e-01
5.942526873205205007e-01
5.942525947126500174e-01
5.945248060408042656e-01
5.952312906880952159e-01
5.941568328188562287e-01
5.940417211703393763e-01
5.936364205533427585e-01
5.943845988102627320e-01
5.935111316898800116e-01
5.943587089661368505e-01
5.938808403801283387e-01
5.937111182488757910e-01
5.934453418145068104e-01
5.944453750922507052e-01
5.929834485054049642e-01
5.981366715062700345e-01
5.916679482820695890e-01
5.891701257943005032e-01
5.884509211396651285e-01
5.890690990324843890e-01
5.881801146388836443e-01
5.890659482083624443e-01
5.870166097294533536e-01
5.867414821738996533e-01
5.871093401703819659e-01
5.865566545430231926e-01
5.865272032497030885e-01
5.871289020195553654e-01
5.877600992646596634e-01
5.864525511454024009e-01
5.867088069485157931e-01
5.869150715529739548e-01
5.871141263597489113e-01
5.864091202113956847e-01
5.890664229497798443e-01
5.863886764138160901e-01
5.897657230676414120e-01
5.857505984610154037e-01
5.866043701352199324e-01
5.861634828795854180e-01
5.859409077468258342e-01
5.849990710811070471e-01
5.851978536151742905e-01
5.852628894202639431e-01
5.828376685444074390e-01
5.830503120368235592e-01
5.827303786824747922e-01
5.823749572818235354e-01
5.825053899600027840e-01
5.817157805844757057e-01
5.812458760749527054e-01
5.812875393867719120e-01
5.814917492138409472e-01
5.817470349081322878e-01
5.813128068517846581e-01
5.827149680330540038e-01
5.807921283216881392e-01
5.862447734265309185e-01
5.812805184991762797e-01
5.813904955774339411e-01
5.803390321415814457e-01
5.814423635861981632e-01
5.811114241053555451e-01
5.800843243384332659e-01
5.803335414403717474e-01
5.796637372116442144e-01
5.793856465596237681e-01
5.787936592892277687e-01
5.785813378965265485e-01
5.792725426528750887e-01
5.790191907942137117e-01
5.798049741301960491e-01
5.784155774542166784e-01
5.790440022162327560e-01
5.781805423193340232e-01
5.777459302709242461e-01
5.778897128730133836e-01
5.780785202598389683e-01
5.782505030308944249e-01
5.784314525038829480e-01
5.772912894874124845e-01
5.785195170273336185e-01
5.770479242260203590e-01
5.812280293491353111e-01
5.785458081979244493e-01
5.762993246022589666e-01
5.763885131699216791e-01
5.778338543350223233e-01
5.759648647582176206e-01
5.765445826441375488e-01
5.758066179195413525e-01
5.771793862911979156e-01
5.761613049848163248e-01
5.759264333040249317e-01
5.756264820545446970e-01
5.762249553049649808e-01
5.756324168063839952e-01
5.761453106475592501e-01
5.759080424020487365e-01
5.767191346149678211e-01
5.754946362989616926e-01
5.759554574237394364e-01
5.755450067680017989e-01
5.760327170665863195e-01
5.759473842290746548e-01
5.765133663076664750e-01
5.772478599824063528e-01
5.763860806743705822e-01
5.753868428659643097e-01
5.740365107352116691e-01
5.739563602372603768e-01
5.737468712152550276e-01
5.736210464089526173e-01
5.745222063669347401e-01
5.735593529606451968e-01
5.738164962146458103e-01
5.736239955202169227e-01
5.738973258839124014e-01
5.734731168274853630e-01
5.744105450203212948e-01
5.733462825880736302e-01
5.743020464379868795e-01
5.733287679938069425e-01
5.739855163011677863e-01
5.727158731726184060e-01
5.723605299169552962e-01
5.722426083636344973e-01
5.737425629755261713e-01
5.724699004391313739e-01
5.715940121609186519e-01
5.716939132688571013e-01
5.716717486000832960e-01
5.715180425993005020e-01
5.720930094644822717e-01
5.715857829408163004e-01
5.723065668099713843e-01
5.715345820213121319e-01
5.715058994458266373e-01
5.716933506002490617e-01
5.719061492852320905e-01
5.715170642048009730e-01
5.743659505252231012e-01
5.716727699296413334e-01
5.723577905788632680e-01
5.716891034490942936e-01
5.722759724433270634e-01
5.716172064773777928e-01
5.719832008598134676e-01
5.714215666016946304e-01
5.727991322399107466e-01
5.710761627201832447e-01
5.707479840748934663e-01
5.708075216514487682e-01
5.709162639421172525e-01
5.710491893188712753e-01
5.716167582306557193e-01
5.708421067406662663e-01
5.711744884008076450e-01
5.709261957351218220e-01
5.739564431593703331e-01
5.709692835619362139e-01
5.716906395520884310e-01
5.706787242807319638e-01
5.721220125752983776e-01
5.709940865493368101e-01
5.719412463475777031e-01
5.706355607360538151e-01
5.710987888861979167e-01
5.710388201319018808e-01
5.712625611583194152e-01
5.705617890828319494e-01
5.707971439535388658e-01
5.710103747202697200e-01
5.711854611387027214e-01
5.705685453172121280e-01
5.715104588930981500e-01
5.727309583441375640e-01
5.708479156036900815e-01
5.705701503835124422e-01
5.706323796343639732e-01
5.707417004049293308e-01
5.705652131733134347e-01
5.705522068817648895e-01
5.707177379000236694e-01
5.704800151130130503e-01
5.706994749169673753e-01
5.705675360485592540e-01
5.705114457996286470e-01
5.705105618754741093e-01
5.704560328207261000e-01
5.705997626233729747e-01
5.705735338785624666e-01
5.706899301159643612e-01
5.702306798720913061e-01
5.703178934410073619e-01
5.704689094005941374e-01
5.702610601825192083e-01
5.707314002737955416e-01
5.704399152959810371e-01
5.703905531211045377e-01
5.701393475253143661e-01
5.699447339008060220e-01
5.699275640407013288e-01
5.698273880311689465e-01
5.697288252090878524e-01
5.697209739754146574e-01
5.696121674262283330e-01
5.696006799631017081e-01
5.695881543408626291e-01
5.698487676920048761e-01
5.695679340588963857e-01
5.696234532588727584e-01
5.695607047637315512e-01
5.696264193241796780e-01
5.695481336644014903e-01
5.695597762126080044e-01
5.695728393183747684e-01
5.696149832460110085e-01
5.695365282002928797e-01
5.698286267105678871e-01
5.694946788010843974e-01
5.696375015658434737e-01
5.695702475246007257e-01
5.694628390952793939e-01
5.694260877408513499e-01
5.694340190681168590e-01
5.695154198941465573e-01
5.694285969584905738e-01
5.695232219636379156e-01
5.695130700965587156e-01
5.693770606274877188e-01
5.694998364343921704e-01
5.695763840611118844e-01
5.691166992806760971e-01
5.689544694435364480e-01
5.689213390723347752e-01
5.691893921321901084e-01
5.690258605387457091e-01
5.688580530075451058e-01
5.687912521763297535e-01
5.694661084080980817e-01
5.688925915037967851e-01
5.689241801744637783e-01
5.687356323435255323e-01
5.688197574513148558e-01
5.687558751490554565e-01
5.686195133436031668e-01
5.686121502905548963e-01
5.685794298837600902e-01
5.686534720585045832e-01
5.684409757097600435e-01
5.683903916568050496e-01
5.682801423566163912e-01
5.683720833839699393e-01
5.682956433654925421e-01
5.682924271272041805e-01
5.682570646097351297e-01
5.682360623621107720e-01
5.684916543359455066e-01
5.682736683923700349e-01
5.681899495863939054e-01
5.682254091162614040e-01
5.682205856168039970e-01
5.681853843573003715e-01
5.681948153133637991e-01
5.681950955379828638e-01
5.682957853594184927e-01
5.682461312837410183e-01
5.681791607186520432e-01
5.681441651715231078e-01
5.683270131509183809e-01
5.680280347853730039e-01
5.692119576438962048e-01
5.681730096466112157e-01
5.680420257311197263e-01
5.679945927695120300e-01
5.683662327615602861e-01
5.680293306704475853e-01
5.681364905301983237e-01
5.680253055828549114e-01
5.679745339676816052e-01
5.679461885427335988e-01
5.678849403638261961e-01
5.678943901333370903e-01
5.682225245554596293e-01
5.678981568266217028e-01
5.681428783873067045e-01
5.679630873488635823e-01
5.680475504758306649e-01
5.679679908722150561e-01
5.679531729576637877e-01
5.679485525554328618e-01
5.681225243563385874e-01
5.679242154988572988e-01
5.679489750938613302e-01
5.678767371959307919e-01
5.681051842378769257e-01
5.678962399656981574e-01
5.679479761830829032e-01
5.679326223035049415e-01
5.680490442194428002e-01
5.679766743430709752e-01
5.679191348450152166e-01
5.679028549849911567e-01
5.679108877982325110e-01
5.679201303975308646e-01
5.681128981959727708e-01
5.679519697149879587e-01
5.678403852316843414e-01
5.678722095915303969e-01
5.677439458069644118e-01
5.677156986379897630e-01
5.679179757861432254e-01
5.678471853073943088e-01
5.676777982185469140e-01
5.677008172626129001e-01
5.680354688118028905e-01
5.677201852810569438e-01
5.681004707376301477e-01
5.676321330224007866e-01
5.678525531657473424e-01
5.676882317464256866e-01
5.679206067099472621e-01
5.676488792010986328e-01
5.679266587837801250e-01
5.678807663481626467e-01
5.675759303413568935e-01
5.675967457504673686e-01
5.677893580211575975e-01
5.675869178014928407e-01
5.675753337924080988e-01
5.676786514647135240e-01
5.676689754176460490e-01
5.675683382162947099e-01
5.677713627268106134e-01
5.676851711909208786e-01
5.679073797900208165e-01
5.675378113589258922e-01
5.678712024251492130e-01
5.675490381642365190e-01
5.678419097624307632e-01
5.675433078737219805e-01
5.677261370919931549e-01
5.676314215088525961e-01
5.677249783016494744e-01
5.675135004712177356e-01
5.675047931179614258e-01
5.675929946795090775e-01
5.674275833639511601e-01
5.677288733154941536e-01
5.674517586115518375e-01
5.675058710360687542e-01
5.675364377753588929e-01
5.675518646163241199e-01
5.673920323420004186e-01
5.673835080387293894e-01
5.675132340026939337e-01
5.674790450373339290e-01
5.672861298271509867e-01
5.673439249781003779e-01
5.673022290821788660e-01
5.673771555107622877e-01
5.675932744993866796e-01
5.673735491623997929e-01
5.675291570120932771e-01
5.673738292671296479e-01
5.672371753285339047e-01
5.672905385923922017e-01
5.673412403293498496e-01
5.672781503833167482e-01
5.673498947785220459e-01
5.672449629673129712e-01
5.673467504440585785e-01
5.672255255934716134e-01
5.675319493134770577e-01
5.672446628393591483e-01
5.673807393708099056e-01
5.672222021661683655e-01
5.675014433685655613e-01
5.672140611190399362e-01
5.674508922976727598e-01
5.672416140189179279e-01
5.672697979975109828e-01
5.672272830781006636e-01
5.672651175976894944e-01
5.672127065206299390e-01
5.674721631391017596e-01
5.672041949350807855e-01
5.674427418184139205e-01
5.672387298383595455e-01
5.679595137585531361e-01
5.672385994188933189e-01
5.675274302215365108e-01
5.671957424823237393e-01
5.672634000039128432e-01
5.672822334518968779e-01
5.672568326660309967e-01
5.672308109326316128e-01
5.673189374394542739e-01
5.671643718270246159e-01
5.672354946848449098e-01
5.672522090362482894e-01
5.672016407717961339e-01
5.671388742431375807e-01
5.672831234575257398e-01
5.672107115592579518e-01
5.672023691778504961e-01
5.671317634555200771e-01
5.671917581741323655e-01
5.671333757272765119e-01
5.673308372256767873e-01
5.671557547871530769e-01
5.672171496825195725e-01
5.671303515412943197e-01
5.675730227352646651e-01
5.672181306541871360e-01
5.673610614712455424e-01
5.671528470416392631e-01
5.672929412293025164e-01
5.671948069368311085e-01
5.671253040492137965e-01
5.672861000003855958e-01
5.671289046297780523e-01
5.672119357319511668e-01
5.671235233381385354e-01
5.671254009809640895e-01
5.671285459167152432e-01
5.671579931754511250e-01
5.671243588465956220e-01
5.671477068110467590e-01
5.671171459215453847e-01
5.671787927369801308e-01
5.671209714171167038e-01
5.671458358148498968e-01
5.671291040494611524e-01
5.671199647735684080e-01
5.671207877864916647e-01
5.671242178599860129e-01
5.671193620507660738e-01
5.671363080121714084e-01
5.671315480839741463e-01
5.671413170973073070e-01
5.671287472668939955e-01
5.671304000675720935e-01
5.671371501076164501e-01
5.671508903880229102e-01
5.671307387102663133e-01
5.671195771707522315e-01
5.671274865115613073e-01
5.671216816609797595e-01
5.671311326220850324e-01
5.671738313651824015e-01
5.671199323148089499e-01
5.671938689946445233e-01
5.671274857697630178e-01
5.671201524729096999e-01
5.671217587346946143e-01
5.671199276025722380e-01
5.671401646935866347e-01
5.671242007075297797e-01
5.671198881775035838e-01
5.671207410082438338e-01
5.671354135526049944e-01
5.671201758084905009e-01
5.671299613966015452e-01
5.671176659892236405e-01
5.671181888941037030e-01
5.671173673541791693e-01
5.671198759027775704e-01
5.671151707082565663e-01
5.671125929840886704e-01
5.671114176376169658e-01
5.671102402585918023e-01
5.671064624975401536e-01
5.671122610059637914e-01
5.670971153956729793e-01
5.670965614001834965e-01
5.670958949667375126e-01
5.670959072947371338e-01
5.670993653407796486e-01
5.670962190468477049e-01
5.670970279272739001e-01
5.670993537044877186e-01
5.670944855757977798e-01
5.670940576314466020e-01
5.671015633281574209e-01
5.670966060619144766e-01
5.670978465477288788e-01
5.670942909555725109e-01
5.670973970752137827e-01
5.670980882314663463e-01
5.670833695206018987e-01
5.670849039267438219e-01
5.670834971388055701e-01
5.670817135846577539e-01
5.670832204915483565e-01
5.670816266852497511e-01
5.670828017329399007e-01
5.670798314240221849e-01
5.670818210898166400e-01
5.670798836865600379e-01
5.670804854969136999e-01
5.670808443262694842e-01
5.670826929785404147e-01
5.670803368766887953e-01
5.670810063634594833e-01
5.670797059120558092e-01
5.670803821896125418e-01
5.670841228287673008e-01
5.670774105852240954e-01
5.670778228108559471e-01
5.670770773761001360e-01
5.670787672446547800e-01
5.670762622606561054e-01
5.670782821169715326e-01
5.670759537159680841e-01
5.670740218954319900e-01
5.670735756522248261e-01
5.670742481721359196e-01
5.670739750229817355e-01
5.670820909136926602e-01
5.670732162344839233e-01
5.670638384110432417e-01
5.670650392525677930e-01
5.670628619175774876e-01
5.670633731090352070e-01
5.670639977399218878e-01
5.670661783486771190e-01
5.670628560699997323e-01
5.670656373924254368e-01
5.670669142341515645e-01
5.670671244544879253e-01
5.670638929427912478e-01
5.670637268585708712e-01
5.670624380545804533e-01
5.670629822817728760e-01
5.670618018339041999e-01
5.670620961936327920e-01
5.670619201872788562e-01
5.670648591678035810e-01
5.670709019233088899e-01
5.670594812645097793e-01
5.670592038252064704e-01
5.670618469302365350e-01
5.670593718604322042e-01
5.670587658812232812e-01
5.670588916447636407e-01
5.670550478333480360e-01
5.670548024313076807e-01
5.670601360329162732e-01
5.670537558417854118e-01
5.670528998056871828e-01
5.670530177154331497e-01
5.670612375210659639e-01
5.670533173184856279e-01
5.670596866552668480e-01
5.670531038608738195e-01
5.670577717107055937e-01
5.670542361126902353e-01
5.670574166905252289e-01
5.670536088231085126e-01
5.670606927036269118e-01
5.670556449612268457e-01
5.670490353405431838e-01
5.670485549942084758e-01
5.670485840694953206e-01
5.670485773296259913e-01
5.670481489221470550e-01
5.670487403547569416e-01
5.670503267760741428e-01
5.670476037029480443e-01
5.670670326313381748e-01
5.670449988824697307e-01
5.670454581684845063e-01
5.670454175108977646e-01
5.670459001160453871e-01
5.670450526376272782e-01
5.670446526637501483e-01
5.670449324016940684e-01
5.670477517961312053e-01
5.670453375501032234e-01
5.670501543884617357e-01
5.670434164095496943e-01
5.670423969225802940e-01
5.670422472922760360e-01
5.670409830049976119e-01
5.670428549116809380e-01
5.670406780322453377e-01
5.670387586092504595e-01
5.670387276257157216e-01
5.670392379448957465e-01
5.670547044456913932e-01
5.670387702024747290e-01
5.670431006392183670e-01
5.670395801540470959e-01
5.670390535106759611e-01
5.670399020254789368e-01
5.670469423637365391e-01
5.670386869481099934e-01
5.670299187707797950e-01
5.670307453635626826e-01
5.670316598626543581e-01
5.670277612673901846e-01
5.670276799516377197e-01
5.670313220295526424e-01
5.670291103346172257e-01
5.670313305552087124e-01
5.670285192624248127e-01
5.670255229316560897e-01
5.670258877463734137e-01
5.670246463912044232e-01
5.670271292812185671e-01
5.670234019454684082e-01
5.670246894093675660e-01
5.670318281808713889e-01
5.670241566285623147e-01
5.670222348314980509e-01
5.670225349737409992e-01
5.670256235165301861e-01
5.670232004489939026e-01
5.670238734374843936e-01
5.670200045803012179e-01
5.670247393010693360e-01
5.670199626876507581e-01
5.670200561424267871e-01
5.670211014733327337e-01
5.670159239873429069e-01
5.670158175262230982e-01
5.670139222950174585e-01
5.670146408503541346e-01
5.670149935682489151e-01
5.670138670961621941e-01
5.670129604082779773e-01
5.670150840389774904e-01
5.670123464987264494e-01
5.670131561459846870e-01
5.670138166526295098e-01
5.670173105719761297e-01
5.670156833454920164e-01
5.670223402895780973e-01
5.670110044231299051e-01
5.670125737229267937e-01
5.670109142212896858e-01
5.670154507237287200e-01
5.670117410748521936e-01
5.670168690667063416e-01
5.670108353952124647e-01
5.670106149140818896e-01
5.670126833745544603e-01
5.670229463496374578e-01
5.670113895586678110e-01
5.670108205724290196e-01
5.670115700151290294e-01
5.670133700336441596e-01
5.670125503709230186e-01
5.670124256398526574e-01
5.670112533658916432e-01
5.670181018787365801e-01
5.670108568000783444e-01
5.670124627193057210e-01
5.670112952336050505e-01
5.670086608590461097e-01
5.670117590312774292e-01
5.670139771644313598e-01
5.670093393027938466e-01
5.670164502652349503e-01
5.670076199052487276e-01
5.670097974350776227e-01
5.670078062087987592e-01
5.670050992005847279e-01
5.670050309343513950e-01
5.670055287526386545e-01
5.670045732801792804e-01
5.670046221381361828e-01
5.670061373187617049e-01
5.670065389683315304e-01
5.670061683678530029e-01
5.670042512956436909e-01
5.670072767292475557e-01
5.670099518216838996e-01
5.670053643361365747e-01
5.670087865907363911e-01
5.670042437489486442e-01
5.670118253549343290e-01
5.670045890266353084e-01
5.670033100368269130e-01
5.670032577893444614e-01
5.669995407974971480e-01
5.670004057317755697e-01
5.670002810229637369e-01
5.669987581172201141e-01
5.669985827372915344e-01
5.669996456917573147e-01
5.669999989150346087e-01
5.669998803707786417e-01
5.669973941925710026e-01
5.669983445126577370e-01
5.669973949478409603e-01
5.669978231893723075e-01
5.669970875436730617e-01
5.669971208778183946e-01
5.669977987195815583e-01
5.669996067276050766e-01
5.669952321850549870e-01
5.669950727238834975e-01
5.669964858992029288e-01
5.669956032011552738e-01
5.669965207438247834e-01
5.670000227582311370e-01
5.669949293304842319e-01
5.669957629896242857e-01
5.670045226912596714e-01
5.669959974783976842e-01
5.669986721058776213e-01
5.669944371472060984e-01
5.669949739986259729e-01
5.669938444202229366e-01
5.669969609129041910e-01
5.669941487293940208e-01
5.669947446116430090e-01
5.669942961237954826e-01
5.670024851572100788e-01
5.669943565685939824e-01
5.669942508533583059e-01
5.669933770781917515e-01
5.669935713312667103e-01
5.669939447448251180e-01
5.669965749450964765e-01
5.669938487943017025e-01
5.669992978298867836e-01
5.669936652769187457e-01
5.669956805017071222e-01
5.669939330536656330e-01
5.669966388682607938e-01
5.669949814068072635e-01
5.669962780487857179e-01
5.669945919408861945e-01
5.669963415072538648e-01
5.669932713071926811e-01
5.669914179832571399e-01
5.669917912930519943e-01
5.670012045283387980e-01
5.669906660566188528e-01
5.669929948708369860e-01
5.669903685695663054e-01
5.669903603763524202e-01
5.669901727195414409e-01
5.669914239791316035e-01
5.669913406176148030e-01
5.669941908982306655e-01
5.669888727586512855e-01
5.669887373585547063e-01
5.669884845560286823e-01
5.669911758803484192e-01
5.669892210335328864e-01
5.669959654497629398e-01
5.669891816324991174e-01
5.669909536707737896e-01
5.669882576306319866e-01
5.669915846641254698e-01
5.669881609432340097e-01
5.669911907566177467e-01
5.669897408744509759e-01
5.669911128563916991e-01
5.669901706335925828e-01
5.669907267030487308e-01
5.669883810551124004e-01
5.669910978085443976e-01
5.669889008998523217e-01
5.669879632168240979e-01
5.669888278998047593e-01
5.669915678531187719e-01
5.669877537211643892e-01
5.669881372141202247e-01
5.669880690651240007e-01
5.669916431420024550e-01
5.669875220402285088e-01
5.669892697465496179e-01
5.669879516903654215e-01
5.669941797894995084e-01
5.669881155404266071e-01
5.669937535566641484e-01
5.669876366645375532e-01
5.669906041336137958e-01
5.669877129301335028e-01
5.669898749275480432e-01
5.669880699797907875e-01
5.669902525554855188e-01
5.669887137316012016e-01
5.669891947460415915e-01
5.669876608002842877e-01
5.669875741033923999e-01
5.669884088408798650e-01
5.669878735815052639e-01
5.669876652985594845e-01
5.669878511758026374e-01
5.669876980487175144e-01
5.669877538066487865e-01
5.669883531068290461e-01
5.669875576846900023e-01
5.669866706970738690e-01
5.669867394892375012e-01
5.669872773178205039e-01
5.669864835873353881e-01
5.669874764084225083e-01
5.669867166924527080e-01
5.669881037770212462e-01
5.669868358687010224e-01
5.669874475969199912e-01
5.669863797713571296e-01
5.669864943659549406e-01
5.669861649888411348e-01
5.669863940691813875e-01
5.669861306969584680e-01
5.669874947460404879e-01
5.669866442195375944e-01
5.669859906407367367e-01
5.669859374307277822e-01
5.669863245836431753e-01
5.669859478448200374e-01
5.669861041277796110e-01
5.669860814871787724e-01
5.669861386149481763e-01
5.669859922760651649e-01
5.669867306285427677e-01
5.669859439674742596e-01
5.669862737704365330e-01
5.669860960453320109e-01
5.669867975544209404e-01
5.669859906595119403e-01
5.669859130748580167e-01
5.669857665486456311e-01
5.669862130803872136e-01
5.669857815826352399e-01
5.669864278207760178e-01
5.669857199670569337e-01
5.669858439195719635e-01
5.669863196692087604e-01
5.669858880715610283e-01
5.669859331624341747e-01
5.669873665455218426e-01
5.669863651290923956e-01
5.669865329068294324e-01
5.669857148314579876e-01
5.669856069558466549e-01
5.669863980586612451e-01
5.669860655298196717e-01
5.669857821750513560e-01
5.669863603122735629e-01
5.669850255082363732e-01
5.669867489177310427e-01
5.669851713511524505e-01
5.669857938605188385e-01
5.669850901445337987e-01
5.669862955107218827e-01
5.669850322188876302e-01
5.669839320203171606e-01
5.669838503782907990e-01
5.669841460778756170e-01
5.669836220706456764e-01
5.669834401895048615e-01
5.669836315448408826e-01
5.669841499227528114e-01
5.669834721314143122e-01
5.669836981085470962e-01
5.669833827812632565e-01
5.669843327792591925e-01
5.669835160447809219e-01
5.669833198294098597e-01
5.669834977789245389e-01
5.669846619339570237e-01
5.669830228380309256e-01
5.669824428041834175e-01
5.669825440729584498e-01
5.669833742638752394e-01
5.669824543415874496e-01
5.669836529380608559e-01
5.669829507533515889e-01
5.669827632859751887e-01
5.669823242457410206e-01
5.669832717489332596e-01
5.669826265463816517e-01
5.669821945417382603e-01
5.669823909847317989e-01
5.669803811383571368e-01
5.669816052386988936e-01
5.669809925480456814e-01
5.669805354037622536e-01
5.669801541189362082e-01
5.669816597835769523e-01
5.669803662316518222e-01
5.669818478343470192e-01
5.669807910344470958e-01
5.669801903236804108e-01
5.669803289689513415e-01
5.669804839201723068e-01
5.669799820620164965e-01
5.669803495555704176e-01
5.669804561078863880e-01
5.669801731728811856e-01
5.669802030491908340e-01
5.669785218496213863e-01
5.669785212793219120e-01
5.669781000143812033e-01
5.669781237007123220e-01
5.669784746805428544e-01
5.669782334537001312e-01
5.669785325811164123e-01
5.669781648545778596e-01
5.669788551174447244e-01
5.669780670249645604e-01
5.669777243951019674e-01
5.669777772258264292e-01
5.669782324500820536e-01
5.669774850695171731e-01
5.669767312711277985e-01
5.669768830080684774e-01
5.669768640941803550e-01
5.669764749902571621e-01
5.669767545720505453e-01
5.669764067446338984e-01
5.669765089455858220e-01
5.669761481215427334e-01
5.669801407619436961e-01
5.669758271551386120e-01
5.669748595226921095e-01
5.669735991633751970e-01
5.669738733554987586e-01
5.669739862601115288e-01
5.669733948852300198e-01
5.669737646635523154e-01
5.669738349022604984e-01
5.669736018220884466e-01
5.669735997377018943e-01
5.669736491126405875e-01
5.669731696740993865e-01
5.669728391740470608e-01
5.669732582485083050e-01
5.669731496691017281e-01
5.669734303110904872e-01
5.669733831446788219e-01
5.669734234763937897e-01
5.669727498572244562e-01
5.669734505990715601e-01
5.669727780777934489e-01
5.669732264356152074e-01
5.669730766700913360e-01
5.669734679480418205e-01
5.669727139668140348e-01
5.669723713863471515e-01
5.669727184229609307e-01
5.669719922277091095e-01
5.669726491363276111e-01
5.669738306641606274e-01
5.669725899248381218e-01
5.669721787266028823e-01
5.669721841681866215e-01
5.669730085219518712e-01
5.669720224147497545e-01
5.669722652121864659e-01
5.669725384538638613e-01
5.669720591174156610e-01
5.669718648947238426e-01
5.669721151127390391e-01
5.669731274514842045e-01
5.669719656747038705e-01
5.669734514069499909e-01
5.669720877016289906e-01
5.669723158475803437e-01
5.669690540171095083e-01
5.669695843065968299e-01
5.669691794224109849e-01
5.669691847503852689e-01
5.669693322683023728e-01
5.669685534672274096e-01
5.669687277834170036e-01
5.669688019318606109e-01
5.669685613247882339e-01
5.669691271854392367e-01
5.669685287881007785e-01
5.669689065794154548e-01
5.669685543645672787e-01
5.669696799718969560e-01
5.669688040074289948e-01
5.669690169782968248e-01
5.669684194074355865e-01
5.669687263457493520e-01
5.669686990201548982e-01
5.669683774148143174e-01
5.669685151746473029e-01
5.669706138568704201e-01
5.669686054758578120e-01
5.669693224874711168e-01
5.669692260888525848e-01
5.669698808134681078e-01
5.669682977874471730e-01
5.669672050552559961e-01
5.669672340470689464e-01
5.669676660388908163e-01
5.669669667740054875e-01
5.669674021713133616e-01
5.669670267672051178e-01
5.669683893152817067e-01
5.669671032538003974e-01
5.669684736473376008e-01
5.669669866912540046e-01
5.669666930181037623e-01
5.669665523508887750e-01
5.669690385992631754e-01
5.669663954522766725e-01
5.669664382025733085e-01
5.669677121835419165e-01
5.669664937981948594e-01
5.669670194697521426e-01
5.669659818531110895e-01
5.669663254679868647e-01
5.669657764648461384e-01
5.669653854121206038e-01
5.669645254905485432e-01
5.669643117729432635e-01
5.669646878511309662e-01
5.669643698596573689e-01
5.669645320361341723e-01
5.669646101398845284e-01
5.669650861420474364e-01
5.669642675788587605e-01
5.669646221032266231e-01
5.669642753891893650e-01
5.669648146417229917e-01
5.669641941201188917e-01
5.669646459557088347e-01
5.669645692850432406e-01
5.669652006646268561e-01
5.669638900123263880e-01
5.669630770747368098e-01
5.669631398393276678e-01
5.669640167985119383e-01
5.669635185872424765e-01
5.669618798654125769e-01
5.669614968509969488e-01
5.669616836261703874e-01
5.669631249426001496e-01
5.669616389561744629e-01
5.669627125678599056e-01
5.669617392551300483e-01
5.669617634601994416e-01
5.669613566330008458e-01
5.669611273453114553e-01
5.669610590926732474e-01
5.669613627617153817e-01
5.669609087007385639e-01
5.669609409491518370e-01
5.669610363248176466e-01
5.669623452502636773e-01
5.669610406988647711e-01
5.669627379150254942e-01
5.669607716669413655e-01
5.669629617747622419e-01
5.669607643935650199e-01
5.669612527123585322e-01
5.669607194709820330e-01
5.669609044442230905e-01
5.669611030041044053e-01
5.669614066844199662e-01
5.669609630774691267e-01
5.669608674825918904e-01
5.669608471910742020e-01
5.669610589006106594e-01
5.669607956345764643e-01
5.669619287172833477e-01
5.669609300825422249e-01
5.669608957631729895e-01
5.669607200160358129e-01
5.669619792503938216e-01
5.669621420511331555e-01
5.669605783598585802e-01
5.669605904313905764e-01
5.669630304503372464e-01
5.669603919918715373e-01
5.669633032988306010e-01
5.669604851440108728e-01
5.669605606304402023e-01
5.669606168479572883e-01
5.669600776663483721e-01
5.669599320318096103e-01
5.669616703057451801e-01
5.669600498184785842e-01
5.669615100745220015e-01
5.669598006485345731e-01
5.669600549132253198e-01
5.669601348176313005e-01
5.669601470340273064e-01
5.669598353074919439e-01
5.669599270666138002e-01
5.669593210813277384e-01
5.669592515927117660e-01
5.669596432902848093e-01
5.669605292016557385e-01
5.669594808828521959e-01
5.669597137942450349e-01
5.669595827537290411e-01
5.669594095525474220e-01
5.669592725429212221e-01
5.669594866836095148e-01
5.669593392011033073e-01
5.669604510369075090e-01
5.669589757017403642e-01
5.669623142143069838e-01
5.669589515121108425e-01
5.669595194215076850e-01
5.669584015185662462e-01
5.669581200292513889e-01
5.669586633327463598e-01
5.669596635796673167e-01
5.669582310967544725e-01
5.669589957647144240e-01
5.669575704758559320e-01
5.669564616916739075e-01
5.669563801312618168e-01
5.669566639332707103e-01
5.669560478000381654e-01
5.669576724638435428e-01
5.669562025862768806e-01
5.669568925567194384e-01
5.669564494809885558e-01
5.669561105582200389e-01
5.669563669226099778e-01
5.669559738333360688e-01
5.669567820059575602e-01
5.669558842502252505e-01
5.669563183989411170e-01
5.669562451439313921e-01
5.669559657945242304e-01
5.669556383454127380e-01
5.669556662259800373e-01
5.669556423916096710e-01
5.669557569079670678e-01
5.669553822704099799e-01
5.669560126642589903e-01
5.669560209909748627e-01
5.669559832889328188e-01
5.669547118031813548e-01
5.669547090783044752e-01
5.669544967990255424e-01
5.669546874238605705e-01
5.669545678179244153e-01
5.669546075054873180e-01
5.669552124018538697e-01
5.669546497901633009e-01
5.669538117346201167e-01
5.669541748467915587e-01
5.669553050360363056e-01
5.669536379343387278e-01
5.669543864096158181e-01
5.669536522142025747e-01
5.669550717384413963e-01
5.669554725411893870e-01
5.669527940241597674e-01
5.669528215681440830e-01
5.669530849766890590e-01
5.669529041766098176e-01
5.669526934599363743e-01
5.669524989428396111e-01
5.669528779666912488e-01
5.669526455586415548e-01
5.669529500332236571e-01
5.669525428937441935e-01
5.669534059570336959e-01
5.669529404508655279e-01
5.669530765600671041e-01
5.669524133356832474e-01
5.669526393369400674e-01
5.669526917056195714e-01
5.669535587439927804e-01
5.669527981751459889e-01
5.669548238625837788e-01
5.669523920210993717e-01
5.669529663197721003e-01
5.669522556736619201e-01
5.669526564244870004e-01
5.669526366963137942e-01
5.669524476033644955e-01
5.669522318598116950e-01
5.669527226029963396e-01
5.669525516104870766e-01
5.669526773098757522e-01
5.669520436140161879e-01
5.669524748003818004e-01
5.669517280383569169e-01
5.669525941710825689e-01
5.669519215633086473e-01
5.669517378407207264e-01
5.669515357957153334e-01
5.669510103255600564e-01
5.669519087085583831e-01
5.669535230430757800e-01
5.669510627169140893e-01
5.669504194562565713e-01
5.669509248052245765e-01
5.669514160008678472e-01
5.669504004240836226e-01
5.669503989410199507e-01
5.669507154476685074e-01
5.669500888536992411e-01
5.669503482140431094e-01
5.669501275610085989e-01
5.669506836329560873e-01
5.669500738240497162e-01
5.669499479496368233e-01
5.669528881976231283e-01
5.669501496056313927e-01
5.669506894144140663e-01
5.669498885576741420e-01
5.669499367669800227e-01
5.669502295615060916e-01
5.669512447651245957e-01
5.669499565198410362e-01
5.669499557510879750e-01
5.669498884670897132e-01
5.669501122583329167e-01
5.669501220895488691e-01
5.669503566141945727e-01
5.669504534558464925e-01
5.669497720607401536e-01
5.669497560044486351e-01
5.669508057062591089e-01
5.669496523908519325e-01
5.669504697595209031e-01
5.669500316024331799e-01
5.669496624715771871e-01
5.669493704053044647e-01
5.669503582452531942e-01
5.669495627419137707e-01
5.669505179853964183e-01
5.669493635991733615e-01
5.669510548354707025e-01
5.669497160441371308e-01
5.669494261327987505e-01
5.669493046356232080e-01
5.669505552814781968e-01
5.669491680276049772e-01
5.669491540218477565e-01
5.669494446087092188e-01
5.669495262867152441e-01
5.669491558219348359e-01
5.669498646138185771e-01
5.669491523790669563e-01
5.669502477722614397e-01
5.669491615634706383e-01
5.669498084742292665e-01
5.669493029361765135e-01
5.669489508841382142e-01
5.669490607924461134e-01
5.669489804255307686e-01
5.669490779788114443e-01
5.669494368313157118e-01
5.669495497260681471e-01
5.669494173857912989e-01
5.669493282844273452e-01
5.669497650452953730e-01
5.669492330365288879e-01
5.669495677881244422e-01
5.669489465229007319e-01
5.669496694519214897e-01
5.669493258738793617e-01
5.669492988000817135e-01
5.669486784381065902e-01
5.669497572542285813e-01
5.669482317970586660e-01
5.669480575893641738e-01
5.669479659769904867e-01
5.669487197631791764e-01
5.669483379313933202e-01
5.669494472913164662e-01
5.669481467289269050e-01
5.669491035438536386e-01
5.669478030993543305e-01
5.669478218830915628e-01
5.669479848389438192e-01
5.669472036391506320e-01
5.669470246997644347e-01
5.669465645044733382e-01
5.669475522745359708e-01
5.669461956188673879e-01
5.669461206522049546e-01
5.669457712417628192e-01
5.669462062320764772e-01
5.669449369612431511e-01
5.669447295130097819e-01
5.669456287833423147e-01
5.669446169313377970e-01
5.669457192406768264e-01
5.669447233936546482e-01
5.669458913482583462e-01
5.669452205473837214e-01
5.669446328253953116e-01
5.669444878848856062e-01
5.669448091618823904e-01
5.669445986831693762e-01
5.669446765612645711e-01
5.669444052169637649e-01
5.669452573526897465e-01
5.669442578097827479e-01
5.669447933354837543e-01
5.669445642316921496e-01
5.669453296820652355e-01
5.669443945989346423e-01
5.669440696667784607e-01
5.669445379236294213e-01
5.669472443780980697e-01
5.669440486616202923e-01
5.669444691761309496e-01
5.669444132143659498e-01
5.669446680657229676e-01
5.669438612204938943e-01
5.669445060792507318e-01
5.669436353160287601e-01
5.669439493646126760e-01
5.669436576420640028e-01
5.669442625809406611e-01
5.669450731875359528e-01
5.669427324364889609e-01
5.669426498563878702e-01
5.669424470778334779e-01
5.669425814039315004e-01
5.669424246343007789e-01
5.669431175644155108e-01
5.669436845491956367e-01
5.669430177081343780e-01
5.669409061647059378e-01
5.669413970284765680e-01
5.669412140927531096e-01
5.669415705430108643e-01
5.669410518780202413e-01
5.669409908990421521e-01
5.669410577597016054e-01
5.669416274276258827e-01
5.669418822537666269e-01
5.669416294091511599e-01
5.669411291973939226e-01
5.669423128221831032e-01
5.669409225487067605e-01
5.669410029985711974e-01
5.669411063579539167e-01
5.669414467813835845e-01
5.669409436006497272e-01
5.669415406646620692e-01
5.669408140994258716e-01
5.669404873589886096e-01
5.669409056345259268e-01
5.669401101988389424e-01
5.669401742286811485e-01
5.669406922843498453e-01
5.669402703824607537e-01
5.669399102483148045e-01
5.669399089359243860e-01
5.669438989067763224e-01
5.669397803293623195e-01
5.669389856184889886e-01
5.669391533178158582e-01
5.669393660767125809e-01
5.669394260001767716e-01
5.669401453731459650e-01
5.669389315168176235e-01
5.669387074219452982e-01
5.669387157713495773e-01
5.669397325509007990e-01
5.669384199417439874e-01
5.669401943210898853e-01
5.669390621459616808e-01
5.669393702467180329e-01
5.669387856013803351e-01
5.669384991864158119e-01
5.669383984082669858e-01
5.669391128326063400e-01
5.669386060901687729e-01
5.669384260387597685e-01
5.669387872910770509e-01
5.669398323651703153e-01
5.669383801312952720e-01
5.669395770070307927e-01
5.669385530708395127e-01
5.669383744625066113e-01
5.669384487033405362e-01
5.669384271671921161e-01
5.669383488273039839e-01
5.669389135162706816e-01
5.669387689203044811e-01
5.669401060445693474e-01
5.669379948542162539e-01
5.669385956318311326e-01
5.669378628536120290e-01
5.669400982783392440e-01
5.669379368736188196e-01
5.669392249629915392e-01
5.669379338913340671e-01
5.669382006638074012e-01
5.669377977940082136e-01
5.669380485649530010e-01
5.669382159435777391e-01
5.669379190445201777e-01
5.669380709602640511e-01
5.669385999042692026e-01
5.669377847693320982e-01
5.669382678547014720e-01
5.669375550666069241e-01
5.669381240743843753e-01
5.669373525581972162e-01
5.669374747932516279e-01
5.669374627757890472e-01
5.669376929584495350e-01
5.669375647507964855e-01
5.669382161870666348e-01
5.669374028399610799e-01
5.669373288276325917e-01
5.669382739985246999e-01
5.669375558687835825e-01
5.669375485304303242e-01
5.669374632488131116e-01
5.669375890338566037e-01
5.669372216732951886e-01
5.669375555174853698e-01
5.669373218226373412e-01
5.669374605750775453e-01
5.669372948921361788e-01
5.669376992971175699e-01
5.669372372113118397e-01
5.669371861577442440e-01
5.669371464443260233e-01
5.669367320938804022e-01
5.669375315055876774e-01
5.669368274684811748e-01
5.669366083151665681e-01
5.669366099544284054e-01
5.669367828506491902e-01
5.669366956263248714e-01
5.669366279996497227e-01
5.669366164010577469e-01
5.669366015980938922e-01
5.669365857180796997e-01
5.669357581771065080e-01
5.669358445194402352e-01
5.669355334092499588e-01
5.669355084723465277e-01
5.669356711522887116e-01
5.669355187775844129e-01
5.669356635491302754e-01
5.669361326735687934e-01
5.669351706795977552e-01
5.669351574077522438e-01
5.669351017223441813e-01
5.669353646791973622e-01
5.669353585873657675e-01
5.669349019965470582e-01
5.669346738014158227e-01
5.669346155706248558e-01
5.669344966997564850e-01
5.669344880528536246e-01
5.669342323508024251e-01
5.669342488582360673e-01
5.669342637792973427e-01
5.669342397363043018e-01
5.669341901022266761e-01
