1.181061220846845172e+00
1.190745848588463440e+00
1.165173518379857054e+00
1.065517563641117826e+00
1.001356436175058651e+00
9.691588710349372526e-01
8.897606221342339028e-01
8.996216497914023558e-01
8.938598084272452171e-01
8.897129073069546257e-01
8.897061293772039470e-01
8.933526905224008496e-01
8.921943336721886997e-01
8.729445699333263642e-01
8.734594349373276945e-01
8.729946626720713754e-01
8.739249472147831987e-01
8.502844989625845118e-01
8.625198400494673567e-01
8.505402868031963770e-01
8.504459420388886803e-01
8.529081991087178460e-01
8.513361338080165375e-01
8.628463681809150909e-01
8.706004562469157326e-01
9.661668248876211784e-01
8.496898368325321860e-01
8.439821124130179042e-01
8.439821124130177932e-01
8.439821124130179042e-01
8.440022992953393199e-01
8.416583286588542601e-01
8.213403779559608209e-01
8.256381584071615931e-01
8.213403779559608209e-01
8.254632479031180914e-01
8.362962103167965733e-01
8.247436543285887600e-01
8.213403779559608209e-01
8.213403779559608209e-01
8.213403779559608209e-01
8.273805652510446418e-01
8.682864631246206555e-01
8.526901147416503512e-01
8.885060811058913544e-01
8.213403779559608209e-01
8.213403779559608209e-01
8.213403779559608209e-01
8.213403779559608209e-01
8.213403779559608209e-01
8.165888463186505852e-01
8.468484689698627665e-01
8.165888463186505852e-01
8.165888463186506963e-01
8.165888463186505852e-01
7.558914209563640796e-01
7.558914209563640796e-01
7.558914209563640796e-01
7.957603086743271215e-01
7.555949193678939135e-01
7.577783456776311377e-01
7.510922354191998940e-01
7.660568742398909947e-01
7.565093746361523097e-01
1.112501243147695273e+00
7.588018103819939020e-01
7.589668029119942538e-01
7.525689075817683094e-01
7.842690695695819780e-01
7.510150919208328224e-01
7.527593569165079712e-01
7.509819078468600306e-01
7.560039176985003939e-01
7.461846015772998220e-01
7.911782058214159585e-01
7.460782538906803874e-01
7.472985741711528629e-01
7.458576449481606474e-01
7.446752984655132801e-01
7.518905079081925624e-01
9.606546930631060244e-01
7.443152616940226229e-01
8.329472422736191595e-01
7.492110703372223401e-01
7.603198427730035736e-01
7.443540652139885028e-01
7.674548748559113509e-01
7.441242373928139697e-01
7.741692968837035060e-01
7.442586334027974093e-01
7.568843310559686399e-01
7.441242373928138587e-01
7.544007921941053851e-01
7.479874650222458898e-01
7.700172817533128544e-01
7.399346663664827517e-01
7.477849044451061467e-01
7.402792628177756740e-01
7.488539954900794715e-01
7.399346663664827517e-01
7.995990597882296491e-01
7.399346663664827517e-01
7.676212611197887892e-01
7.399346663664827517e-01
7.510416094704636114e-01
7.399346663664827517e-01
7.423734244124573500e-01
7.399346663664827517e-01
7.415034024057318707e-01
7.399346663664827517e-01
7.436580407525039682e-01
7.377985244792037989e-01
7.636059530713897869e-01
7.606504969643032021e-01
7.773764211475528985e-01
7.377985244792037989e-01
1.107573356513024798e+00
7.377985244792037989e-01
7.821732469428847034e-01
7.416178660673117262e-01
7.606618870087158424e-01
7.525345505100778931e-01
7.561737067183472716e-01
7.383488911011472089e-01
7.807429742284357488e-01
7.479897424404968742e-01
7.567895882253352635e-01
7.372404983001688006e-01
9.486087967471580340e-01
7.369216010235823955e-01
8.314162615503639664e-01
7.369356148387484762e-01
7.690802616079489562e-01
7.513741320843779770e-01
7.603394964054294158e-01
7.456763904011007860e-01
7.381295352359423800e-01
7.457826368737192624e-01
7.369426635958411520e-01
7.383827982966250092e-01
7.369398706748184757e-01
7.383891303251582938e-01
7.369150351590102455e-01
7.372741955203702124e-01
7.368921930014579180e-01
7.414663625802495606e-01
7.349690038112011159e-01
7.347625209283537018e-01
7.365326775815264071e-01
7.401744236117629994e-01
7.352304174773083290e-01
7.556917965178020502e-01
7.328352211693145435e-01
8.393442215364960157e-01
7.319321240804895767e-01
8.062382406297443627e-01
7.322703863946844471e-01
7.426789905737362085e-01
7.315223422640354523e-01
7.470887125839136278e-01
7.302943801713916994e-01
7.372477506911844225e-01
7.303663741451972280e-01
7.346787318449008453e-01
7.306217630875531110e-01
7.385178961555423083e-01
7.304633102217517049e-01
7.405267794951148064e-01
7.301603462337979966e-01
7.296284000467677666e-01
7.296284000467679887e-01
7.420223445601439316e-01
7.241717274220689227e-01
7.533340938902475248e-01
7.245913659843838950e-01
7.336672741112630902e-01
7.260039964141826729e-01
7.450279534060665343e-01
7.241301512826441300e-01
7.233702383597391261e-01
7.233510090620582922e-01
7.395213388048740288e-01
7.233640350767245319e-01
7.279334211370500629e-01
7.228441309356500311e-01
7.337316615085752725e-01
7.228054560712016130e-01
7.362577736277239326e-01
7.223490350324646148e-01
7.291188131701357156e-01
7.229001322627149895e-01
7.289113540933532809e-01
7.221961063072750431e-01
7.234645079428497771e-01
7.224773435574252112e-01
7.240285114077904538e-01
7.226375711756698461e-01
7.287181214817708419e-01
7.224103433855540990e-01
7.211422040720995019e-01
7.218804579464846993e-01
7.238571764358420202e-01
7.210565528387613554e-01
7.221663401562824491e-01
7.224457941380441062e-01
7.417163691900351408e-01
7.178392398477471126e-01
8.234305828540962047e-01
7.170162896510101636e-01
7.725775347328033282e-01
7.196274509757996096e-01
7.297403114136609137e-01
7.176700556478904369e-01
7.246687002058970206e-01
7.188466999337462804e-01
7.325272762861305686e-01
7.163155069739701730e-01
7.291713364882044246e-01
7.154265867561129255e-01
7.235389113335877198e-01
7.183171330922245579e-01
7.143106785108298551e-01
7.154168476372847474e-01
7.173400349578178403e-01
7.140649460393574399e-01
7.240538783902967790e-01
7.140151200390552066e-01
7.362458996542995404e-01
7.141646037958049309e-01
7.338098472602081479e-01
7.132764923528940315e-01
7.243218543366689577e-01
7.132764923528942536e-01
7.353474867996039332e-01
7.147984015172689221e-01
7.194566645324753651e-01
7.132317080000980525e-01
7.344784132864777826e-01
7.150110801879661082e-01
7.171004743229193457e-01
7.070440602369826300e-01
7.195861937154336418e-01
7.069485447376812060e-01
7.125966917015038593e-01
7.070076675456947735e-01
7.116815633265821672e-01
7.069327079628914268e-01
7.070975274945414668e-01
7.065011773854001920e-01
7.072356196970284170e-01
7.063229302247834296e-01
7.091951774287533761e-01
7.066327185054872562e-01
7.073820903623246892e-01
7.066083305018805438e-01
7.073043510916687815e-01
7.065384715385825132e-01
7.082530630597366761e-01
7.063939967132719655e-01
7.278883723238224190e-01
7.056521048636901217e-01
7.698186438528157316e-01
7.047647890067155751e-01
7.835039242101461410e-01
7.032927330756459927e-01
7.273858811144313652e-01
7.029430749085607832e-01
7.020947593365112205e-01
7.055166366177763049e-01
7.118035448195273451e-01
7.021910629708775220e-01
7.141670221323598300e-01
7.037968653158754861e-01
7.167524044942884531e-01
7.039211252749953962e-01
7.090398710619281175e-01
7.023761209894112678e-01
7.069381398230205615e-01
7.017285156023063131e-01
7.068021483070957567e-01
7.022701497948548033e-01
7.132703499674033498e-01
7.003183442521309088e-01
7.198347918094590847e-01
6.986264310170463565e-01
7.316528747154945611e-01
6.990102796147477093e-01
7.049620490018121410e-01
7.021716848649542930e-01
7.289386496058212206e-01
6.985235938383257404e-01
6.982908775928595713e-01
6.986821208682142403e-01
7.035199764680368784e-01
6.979279692092335008e-01
6.939327372680172967e-01
6.939327372680191841e-01
7.133495175348968376e-01
6.921471080948459198e-01
7.060677239198174249e-01
6.920356176049212715e-01
7.068186432832823662e-01
6.942440326709828913e-01
7.095124655636148026e-01
6.932198786136185564e-01
7.419936152703635601e-01
6.918298745600088839e-01
7.464825201354035045e-01
6.922637091238312834e-01
7.074747424716145705e-01
6.916952920572512209e-01
7.031711174833100708e-01
6.919895423542612445e-01
7.042975816540548717e-01
6.938120788908166414e-01
6.914532616252271335e-01
6.912759345158372426e-01
6.921591350253449848e-01
6.913502274487669519e-01
6.988253894606279992e-01
6.921614024958860911e-01
7.004611478742220898e-01
6.904688369259992520e-01
6.918810601578633257e-01
6.907193210171875819e-01
6.921384660670861777e-01
6.940330957713242155e-01
6.949096467075130956e-01
6.935383923575152432e-01
7.032780642679890004e-01
6.909392605427535639e-01
7.061450269609460539e-01
6.935822035093717197e-01
7.178721971775334776e-01
6.957126169693691464e-01
7.287506120899545081e-01
6.912210171080370724e-01
7.034554292091027561e-01
6.912914038967352681e-01
6.990813806798793495e-01
6.923175246585993037e-01
7.017008276511945697e-01
6.904572138449710517e-01
6.939991319402890602e-01
6.902905411216833098e-01
7.012992925701228009e-01
6.926099334827314769e-01
6.959844621536795950e-01
6.914566801186030620e-01
7.019327333290409365e-01
6.906412627944303884e-01
7.026684211470607400e-01
6.911072037553477321e-01
7.424023786587841123e-01
6.905405047081674130e-01
7.064012203577930693e-01
6.912835890825934637e-01
7.068495962488419160e-01
6.888646900918403704e-01
7.383046604418593839e-01
6.887310498528288472e-01
6.998440539557934104e-01
6.911299404261497248e-01
6.888546621510786006e-01
6.934328268707906640e-01
6.965994646591083805e-01
6.918646229620424304e-01
6.989434160866038193e-01
6.937957858795346100e-01
7.277675679873306658e-01
7.026521538885451834e-01
6.887310498528287361e-01
6.921838057694263968e-01
6.885174576263283219e-01
6.917307167713234728e-01
6.885223581149542138e-01
6.906247078420714169e-01
6.893389539835483859e-01
6.915031080464719704e-01
6.886634969113315519e-01
6.910531284832540644e-01
6.887731109247851036e-01
6.884049035472253886e-01
6.884747801661273980e-01
6.964207156387447473e-01
6.888443474230678820e-01
6.951967988118301633e-01
6.899223885929220978e-01
6.944138406165974997e-01
6.888776785414131298e-01
6.919879888914787225e-01
6.880962279540829840e-01
6.940615074967938503e-01
6.881904128975084856e-01
6.944490747535366770e-01
6.884124500561538129e-01
6.925438244132766652e-01
6.892606301174806216e-01
6.924888412263213722e-01
6.882236017607654688e-01
6.900334461619281878e-01
6.881683635910675889e-01
7.007787657835861106e-01
6.876090436584020305e-01
6.811512234982528557e-01
6.668796665788810918e-01
6.682280494069579024e-01
6.660710133642986364e-01
6.688591133240746611e-01
6.667565329142310926e-01
6.782277777459498891e-01
6.651852271649552062e-01
6.654755056371906008e-01
6.639940638564136854e-01
6.623559541397435746e-01
6.644090615588598148e-01
6.640158794585701019e-01
6.619205836768304874e-01
6.641012134513253340e-01
6.624422565321450573e-01
6.666099714799541553e-01
6.609522265204572644e-01
6.597188287943382967e-01
6.601411643281391850e-01
6.614216789386491158e-01
6.596374091160083220e-01
6.611360666038914591e-01
6.597028405948643925e-01
6.579800929290355871e-01
6.588433038344135850e-01
6.615825664846044507e-01
6.575839388388937667e-01
6.585071383133076495e-01
6.584102426309973444e-01
6.611199162607896973e-01
6.575839388388937667e-01
6.628245921581787936e-01
6.580124618751618248e-01
6.601492805870918801e-01
6.575999659671081243e-01
6.575591071501156737e-01
6.574853784187639771e-01
6.586407676269141476e-01
6.577075084513209768e-01
6.620454676939846461e-01
6.576267586960293787e-01
6.593240687785952847e-01
6.574949455147807154e-01
6.563234410580773837e-01
6.564571661766198662e-01
6.567249337137207599e-01
6.584091177765143410e-01
6.568087990368415285e-01
6.562910770533394444e-01
6.579589578599386313e-01
6.570623791330726382e-01
6.574713477070140977e-01
6.572659547445108830e-01
6.662176822404907162e-01
6.565606059855169097e-01
6.622041041939590311e-01
6.561550831961279195e-01
6.835051490237938898e-01
6.581982304202306233e-01
6.629080157338518298e-01
6.570503341672109254e-01
6.542992575916753983e-01
6.540763437449258477e-01
6.560563108297934320e-01
6.539486993595476916e-01
6.540188761021555885e-01
6.551439852135816366e-01
6.547348870072633442e-01
6.540256536915969310e-01
6.553429456988644208e-01
6.535648610567907912e-01
6.582839308632790765e-01
6.546752256748595844e-01
6.548052495171081677e-01
6.533304296920635634e-01
6.558984183416817215e-01
6.554877465075696907e-01
6.538440222202277496e-01
6.529026221015511444e-01
6.546306803714740941e-01
6.523420927918290868e-01
6.552728095724082991e-01
6.557296112979221769e-01
6.458717572836916165e-01
6.436229438251578339e-01
6.425143772321532110e-01
6.434496282164156034e-01
6.443704930349625215e-01
6.424453763746759138e-01
6.417680833742038793e-01
6.411760394620065195e-01
6.414249362427405510e-01
6.411760394620068526e-01
6.436557029016105602e-01
6.406672003256995707e-01
6.380190664556091296e-01
6.368319641105366635e-01
6.598576029207757765e-01
6.389544046825554879e-01
6.468731507090510480e-01
6.367104113159411938e-01
6.439783029115413449e-01
6.370025798619296520e-01
6.329644818666246842e-01
6.330636024733199418e-01
6.381235861109839647e-01
6.326735247807590001e-01
6.283501461764899876e-01
6.269356639271541631e-01
6.236277245513636158e-01
6.243893895936637461e-01
6.370431243901666374e-01
6.223162555278541896e-01
6.242146597312763223e-01
6.233250159683827452e-01
6.213183233885377632e-01
6.218556484062895962e-01
6.261010979210356320e-01
6.217571643409930404e-01
6.257288728851594373e-01
6.214465287123591697e-01
6.237984866495390746e-01
6.223674042103820581e-01
6.239395808127186083e-01
6.216461198404490407e-01
6.212001465342622541e-01
6.220700987070361121e-01
6.236190969606777434e-01
6.205229265512858250e-01
6.212980175951675621e-01
6.199935981263680063e-01
6.225612843887630143e-01
6.221442091678357489e-01
6.287171078668677415e-01
6.207201177864929420e-01
6.252574214412002229e-01
6.201921969580660443e-01
6.213163040530474968e-01
6.206714952153055131e-01
6.265171677602748845e-01
6.205103387412319593e-01
6.298699514562949853e-01
6.213747793406866338e-01
6.416286607223741223e-01
6.085151526659282606e-01
6.168274872660850505e-01
6.088136864427561301e-01
6.196025285213777600e-01
6.069329431670771324e-01
6.037425586173175152e-01
6.034043210572987981e-01
5.973952850334660614e-01
5.973952850334660614e-01
6.052021340001794147e-01
5.981914182339930219e-01
6.016345093469274152e-01
5.976148571772350593e-01
6.010020161389906246e-01
5.966354624285769015e-01
5.957417362777202019e-01
5.946537274878140877e-01
6.019719698104998296e-01
5.948096402165959917e-01
6.011612082298619653e-01
5.957983721637114538e-01
5.953619040601311196e-01
5.933562427153727947e-01
5.898939323408202151e-01
5.848315115960285304e-01
5.974741365337354893e-01
5.855252378157510540e-01
5.852758802061535093e-01
5.845435976506655473e-01
5.834468510136344710e-01
5.886441441587090262e-01
5.820917056289485192e-01
5.817180654710961685e-01
5.760731602429707277e-01
5.757239431226045534e-01
5.807422454317525684e-01
5.748154118925351552e-01
5.675028527438877868e-01
5.669652616358162867e-01
5.671396773717135575e-01
5.669980804991908707e-01
5.673259074086219877e-01
5.685192711157409651e-01
5.648488183068524071e-01
5.664981149927480475e-01
5.638370844639444268e-01
5.642274073331471351e-01
5.645383403583073001e-01
5.652572928742282121e-01
5.633737951367285834e-01
5.641459725350485011e-01
5.701780811901150381e-01
5.642304301588660920e-01
5.619484913823209471e-01
5.635858924358906341e-01
5.671284901899417141e-01
5.625157187353276855e-01
5.741927015486923969e-01
5.613428908053065269e-01
5.665627505745035597e-01
5.619443348889745504e-01
5.703155677072135887e-01
5.570159915001242634e-01
5.446245595872936107e-01
5.439185264747868898e-01
5.447864995428687296e-01
5.558756313399164650e-01
5.567759148467921193e-01
5.429255954214999846e-01
5.398602430780693462e-01
5.406279507278830554e-01
5.355057629959110166e-01
5.355057629959120158e-01
5.361735891940730969e-01
5.357999077513493358e-01
5.402544883228099781e-01
5.385615898107998234e-01
5.394668949521815859e-01
5.355590247767662015e-01
5.364781046080262517e-01
5.356251945986960639e-01
5.375556064707114334e-01
5.359530284978557546e-01
5.392457140237715274e-01
5.353973978927211164e-01
5.491637889893878910e-01
5.357637079857815454e-01
5.476107278413476775e-01
5.352379449748447815e-01
5.378051625684479031e-01
5.382424034573873861e-01
5.373086711690489015e-01
5.360312406204391644e-01
5.374653966254787640e-01
5.351912671509031494e-01
5.407502221459622449e-01
5.360585325212395835e-01
5.391396978181960398e-01
5.381718801147151732e-01
5.357662636042959114e-01
5.363707023544793673e-01
5.424499897238385104e-01
5.326573160610577062e-01
5.329468421254632826e-01
5.327785012035063383e-01
5.331569754747508272e-01
5.327571874969866395e-01
5.296099736840904626e-01
5.294600668282060107e-01
5.303510694283077864e-01
5.283469176291157865e-01
5.307380858029951964e-01
5.280065490927312588e-01
5.285812003231619149e-01
5.272831411601289764e-01
5.299804313181667448e-01
5.283412048233844249e-01
5.299475981678057890e-01
5.262354816758768594e-01
5.287108615115879706e-01
5.265823725403244726e-01
5.327433775976272434e-01
5.272793870513380332e-01
5.345965842505299159e-01
5.249269300566650198e-01
5.429607142272313558e-01
5.244283028176961459e-01
5.264400708650901484e-01
5.268011697820726980e-01
5.269156553824344558e-01
5.263855126025751563e-01
5.310882195636056347e-01
5.305180308368733222e-01
5.206675986054443150e-01
5.205229061466913887e-01
5.209522364848195863e-01
5.237629723856027653e-01
5.244524209554276561e-01
5.226635333909422920e-01
5.236070605400199307e-01
5.201285340763395215e-01
5.206663913120395115e-01
5.204753260054478803e-01
5.214326505063872075e-01
5.201500344307029566e-01
5.282136325244417563e-01
5.211185298005245325e-01
5.242578543556986048e-01
5.193781821165988077e-01
5.193289161183656244e-01
5.207181268435595589e-01
5.196157362609590269e-01
5.192806946668069301e-01
5.195877765212277843e-01
5.192806946667981594e-01
5.182269216874456630e-01
5.181601908921960042e-01
5.200854715483456125e-01
5.193360022025134137e-01
5.242615383152413600e-01
5.184259200827947556e-01
5.194696677025134601e-01
5.180772075145727573e-01
5.244278546361998972e-01
5.188226769572944486e-01
5.209191328424729317e-01
5.239094042286376318e-01
5.264038571402283040e-01
5.206121490356191428e-01
5.163403652676201716e-01
5.171111755842244806e-01
5.184023159276994752e-01
5.153899140247657495e-01
5.151522636877847727e-01
5.133657190932886527e-01
5.218341616544277528e-01
5.136285483151459275e-01
5.154320568627109855e-01
5.138200664629574144e-01
5.145041598923905113e-01
5.154527513727903409e-01
5.154564388504998540e-01
5.119714871942454559e-01
5.122649496472647668e-01
5.129720402593379580e-01
5.146067764279358414e-01
5.128835202796055981e-01
5.136830904971445566e-01
5.124349460438405446e-01
5.168700895807960549e-01
5.109268593075528830e-01
5.093129217717068391e-01
5.079730796244122937e-01
5.084071429135145204e-01
5.111717478512274315e-01
5.106048341322110273e-01
5.104972435796646391e-01
5.050747163332603984e-01
5.056494793702599466e-01
5.046661198725425068e-01
5.047764367812224151e-01
5.061376587970018992e-01
5.072175553007051141e-01
5.058390585967582620e-01
5.039867354762248564e-01
5.069978993092169040e-01
5.049995924793483359e-01
5.071910820566519762e-01
5.019817343819459321e-01
5.059537952307859854e-01
5.028941887417145429e-01
5.006034632955115304e-01
5.005677740691226729e-01
5.052857134510281290e-01
5.005677740691203415e-01
5.036599570115091185e-01
5.003974508912156782e-01
5.013234873457890206e-01
5.006873203918590365e-01
5.013062947493387433e-01
5.013313375407401074e-01
5.080766284746198735e-01
5.005536770928940005e-01
5.036430506821724107e-01
5.008098620704702908e-01
5.038517783519400606e-01
5.001940327095223404e-01
5.026725172896587823e-01
4.997093284950854253e-01
5.001674766691086571e-01
5.013748632866599220e-01
4.951261048756624983e-01
4.962279532861892939e-01
4.966281299483149558e-01
4.968898745969105302e-01
4.948597175708813745e-01
4.949685350809487905e-01
4.929731769852073175e-01
4.939107845317233791e-01
4.940825479566277600e-01
4.939250249480228172e-01
4.984995955242975119e-01
4.932692940272170312e-01
4.943282688641697509e-01
4.944113326086962412e-01
4.945992063834898089e-01
4.942774140764647495e-01
4.973558541998441274e-01
4.901581253127367255e-01
4.990488325016342874e-01
4.915827032097844773e-01
4.912502664268784680e-01
4.938746425625615832e-01
4.966799829758829499e-01
4.893168765883591509e-01
4.945004550411894462e-01
4.896223894019327560e-01
4.917385745342898740e-01
4.909770428869606462e-01
4.904947389864915408e-01
4.903679645663331921e-01
4.892592062786702001e-01
4.905315763956291653e-01
4.884988977916085440e-01
4.889824779534899801e-01
4.904567270214134633e-01
4.882823783851521493e-01
4.927232240097800253e-01
4.882415856270618804e-01
4.867914632594407265e-01
4.877393183148532319e-01
4.958829875644185092e-01
4.860567423156561540e-01
4.906337877380855805e-01
4.855160614263148711e-01
4.877371310658247250e-01
4.850531967801827160e-01
4.877464690198589636e-01
4.850553439895625707e-01
4.851778759208403291e-01
4.850531967801837152e-01
4.857644248411655541e-01
4.849342575570435576e-01
4.872639150489915250e-01
4.858746552819626641e-01
4.858703596847336881e-01
4.848696726999645046e-01
4.869047475391624635e-01
4.854464319639995029e-01
4.953312196294714642e-01
4.843077959128196386e-01
4.953151578276669409e-01
4.805299253860279007e-01
4.818103543203657302e-01
4.808012448444951570e-01
4.855187649499591585e-01
4.810795976681078723e-01
4.822258009377752286e-01
4.824039540652783065e-01
4.798992843637404637e-01
4.807329510544415818e-01
4.832475647982990563e-01
4.795950488839523240e-01
4.849219522820170658e-01
4.784812310134426427e-01
4.797656809475610573e-01
4.798872177715067244e-01
4.798471256726150047e-01
4.783651844395089836e-01
4.800323077183045739e-01
4.784009940218258983e-01
4.789599359397948564e-01
4.777264441265500761e-01
4.860439320135923613e-01
4.793864080835785746e-01
4.789273109687486873e-01
4.782404605436851863e-01
4.853425922249539615e-01
4.771334657055174011e-01
4.784420231884299879e-01
4.751317606241702851e-01
4.752591402282090871e-01
4.762975865402348519e-01
4.771168024414067510e-01
4.743709143330594458e-01
4.734823372414317388e-01
4.734993280156152839e-01
4.752406213789845402e-01
4.755483108188088837e-01
4.757909160871253151e-01
4.750059209233069568e-01
4.719678808700584760e-01
4.742825272551774440e-01
4.726249746923942285e-01
4.716138233945396108e-01
4.736141092292115440e-01
4.724160900011885600e-01
4.757677281226769805e-01
4.719949763207265669e-01
4.722253830675441355e-01
4.714434789167148421e-01
4.722160510941049161e-01
4.724611505138482381e-01
4.712942625702435384e-01
4.714058272722235210e-01
4.734012018481707496e-01
4.712942625702459254e-01
4.732579841587205016e-01
4.713424422652245926e-01
4.719396704835808198e-01
4.711242040881706283e-01
4.731699052330738398e-01
4.720945270717359921e-01
4.762352620806087344e-01
4.712040691477558663e-01
4.735993338359464344e-01
4.708093799778730881e-01
4.720805396112086605e-01
4.701573170102443799e-01
4.726799397585477180e-01
4.709879925251464483e-01
4.711301051928530881e-01
4.697485629719085898e-01
4.792375453625406512e-01
4.704205696957586280e-01
4.749361012259371573e-01
4.701411199490493908e-01
4.695639389716458334e-01
4.698582419557982837e-01
4.732607243521068652e-01
4.693949281757359704e-01
4.732998457945774562e-01
4.695369458833300036e-01
4.712139383137748938e-01
4.697385839655877082e-01
4.743210461112214449e-01
4.701462801905081368e-01
4.716638271525970816e-01
4.689677643063507873e-01
4.695525060651138394e-01
4.701498639764125631e-01
4.733178256759345004e-01
4.698877708850623947e-01
4.690521260305877127e-01
4.678357070824970543e-01
4.674405292264051104e-01
4.681014715808163862e-01
4.720991734633709358e-01
4.675641967566310786e-01
4.712616619232215531e-01
4.687932478770731604e-01
4.740684641956563472e-01
4.677268123322658733e-01
4.692414238016405226e-01
4.678343713887153088e-01
4.712334899700532098e-01
4.676484825236821297e-01
4.712147417978690411e-01
4.672338665944952840e-01
4.679030514397111706e-01
4.669226428412058261e-01
4.677764265212907002e-01
4.692732111001510775e-01
4.676791208644430764e-01
4.671758170899606988e-01
4.727110808090049243e-01
4.684516783852541999e-01
4.682952034712488665e-01
4.671763008945385987e-01
4.684134989212304090e-01
4.665408733009315245e-01
4.652792576051439921e-01
4.655158899390861582e-01
4.750794703074226466e-01
4.652792576051413276e-01
4.698058121632175954e-01
4.653797552464042364e-01
4.675945488580407483e-01
4.657119970995462488e-01
4.664085710415730723e-01
4.656762727056962814e-01
4.708903219848939448e-01
4.658474367679432682e-01
4.674239268327135544e-01
4.653538071978492452e-01
4.688991934693036989e-01
4.649575698159080228e-01
4.692505880084471004e-01
4.660822146151012424e-01
4.677325885665991057e-01
4.653282714650567864e-01
4.670159438523523443e-01
4.650038070683664149e-01
4.665774432983529341e-01
4.653178171476072822e-01
4.659673084484097227e-01
4.653477663529579922e-01
4.657260481042810873e-01
4.657054735462539674e-01
4.660017587635404412e-01
4.656011242352439128e-01
4.667527612518119207e-01
4.658543481085025140e-01
4.649808960716934614e-01
4.652569640108150106e-01
4.651316000882155799e-01
4.663197885470390935e-01
4.652014180017419731e-01
4.675441466226062381e-01
4.647443996576953174e-01
4.638366071664122292e-01
4.639952733485664949e-01
4.646440849498074677e-01
4.636616174092904608e-01
4.647909004750738204e-01
4.639451537566876005e-01
4.647988059258597593e-01
4.636844166535353251e-01
4.629991002762208763e-01
4.630021883680464079e-01
4.628201733944973806e-01
4.632284259463801401e-01
4.630380820080100546e-01
4.630286855779819910e-01
4.633577011723866712e-01
4.627537286440379649e-01
4.651311640384377388e-01
4.627290933257466321e-01
4.638515244948132055e-01
4.632948464728054438e-01
4.606151243780380877e-01
4.619517483213314568e-01
4.606787103379705872e-01
4.604171357299229328e-01
4.606359565092754127e-01
4.598418679559269084e-01
4.600361588909827049e-01
4.595493554512509182e-01
4.595652031649274938e-01
4.589299844295244846e-01
4.588580255049958811e-01
4.613553446571214134e-01
4.592672280106570581e-01
4.593007654614949531e-01
4.586004717872625980e-01
4.582829056031346160e-01
4.583931982146947082e-01
4.580992975558151881e-01
4.581558864795067798e-01
4.593362967200294578e-01
4.587782191133095711e-01
4.590687312957446586e-01
4.580657354580698337e-01
4.584104289675515753e-01
4.577827488996837890e-01
4.585034115755639572e-01
4.575467129427234214e-01
4.585196759410094525e-01
4.575220148411063281e-01
4.578473130798590973e-01
4.579803446833927705e-01
4.574891175435364943e-01
4.582436444428538147e-01
4.574975069618367751e-01
4.572807555804415669e-01
4.584161565105371317e-01
4.570664333805241619e-01
4.588713431264724307e-01
4.578366505224226723e-01
4.571420323208948422e-01
4.577596743218678710e-01
4.566306763914907974e-01
4.568473508564000474e-01
4.575917775463690940e-01
4.571032584193397419e-01
4.563514939227946154e-01
4.564312281653533643e-01
4.575156151627401413e-01
4.562444542899913302e-01
4.560081835163241060e-01
4.560761560242523882e-01
4.570066499457059450e-01
4.561346252856220418e-01
4.561774334804444275e-01
4.562061493527928002e-01
4.563032911695409921e-01
4.560886235286921164e-01
4.578070707994513766e-01
4.568649147098053920e-01
4.591547072581069200e-01
4.560596433250096449e-01
4.549784412957127988e-01
4.545840948493236056e-01
4.548878737606331102e-01
4.546114239202749263e-01
4.551343395448171902e-01
4.544748489417702597e-01
4.547564158103882259e-01
4.550533817192872754e-01
4.561575993301572596e-01
4.544156846470123190e-01
4.550643809664773887e-01
4.544247537052446551e-01
4.560655731293958848e-01
4.547261709519999084e-01
4.561865514686238576e-01
4.544089528014866319e-01
4.548000473988953463e-01
4.542867147934629979e-01
4.547434523137702245e-01
4.539305193071140332e-01
4.545107223255234197e-01
4.537804170289584937e-01
4.542554408063186888e-01
4.539149663688861192e-01
4.530976272788925785e-01
4.528875488730623733e-01
4.534233563298327163e-01
4.528455968277254051e-01
4.531395867397727262e-01
4.528537408947757581e-01
4.538327338050649473e-01
4.529390887439291857e-01
4.531257285684194835e-01
4.530215144707885888e-01
4.530104302485691847e-01
4.532947885297453627e-01
4.534079661939975359e-01
4.530959442668220372e-01
4.529433217602355510e-01
4.533502623889046901e-01
4.535336441191023527e-01
4.534329234703488032e-01
4.527470133056208379e-01
4.529076827539356698e-01
4.551161951456723642e-01
4.525637834631754952e-01
4.540266029489772870e-01
4.524688080176771376e-01
4.532726930862596704e-01
4.525933819777705480e-01
4.523912294966341285e-01
4.522067572066466590e-01
4.537897235839403742e-01
4.527444076666620743e-01
4.530572859275415754e-01
4.523933678738139008e-01
4.529701876661299531e-01
4.523117962377692924e-01
4.525432939688106559e-01
4.529513344342500636e-01
4.542929805718440850e-01
4.525425267949633179e-01
4.539611943280784101e-01
4.518643241370652874e-01
4.532380093356246364e-01
4.520744300000637539e-01
4.523084498865289071e-01
4.526567529307162774e-01
4.518607794002636457e-01
4.521788967539123183e-01
4.520969080711881860e-01
4.518801269732658499e-01
4.523385119403582344e-01
4.516789658779405414e-01
4.513144820225710174e-01
4.514185236742455087e-01
4.517874138190388633e-01
4.513752757548006866e-01
4.517898942944696961e-01
4.512353740653179957e-01
4.518463397964024297e-01
4.511326324904179064e-01
4.518040832811688334e-01
4.511950316876922051e-01
4.519930066373521460e-01
4.511962725824028020e-01
4.523397106666359191e-01
4.510000380406429810e-01
4.520159502647362881e-01
4.508153949266422433e-01
4.512126941529662760e-01
4.508725556882896002e-01
4.520587382110678454e-01
4.508944199488125748e-01
4.522621043855855616e-01
4.507935853106889157e-01
4.522248013017776680e-01
4.508458408325493605e-01
4.512948054146600496e-01
4.509840454177926894e-01
4.512137217846627357e-01
4.507105997744560999e-01
4.510290397370442794e-01
4.506990146938442132e-01
4.511683394895060206e-01
4.510980540023224461e-01
4.514220108922683550e-01
4.506650548242346344e-01
4.512290595442678409e-01
4.511828018855179590e-01
4.519682735067320767e-01
4.509920067654288323e-01
4.514702290237828652e-01
4.507043513376844390e-01
4.507340830682630139e-01
4.506588199430764941e-01
4.519896380066635300e-01
4.505633918983848463e-01
4.521080773550453791e-01
4.507585235067715912e-01
4.510705840442477688e-01
4.506479404772725239e-01
4.510277997018069529e-01
4.506882396968981963e-01
4.525756885312223199e-01
4.510227035414187680e-01
4.506126491039113557e-01
4.504581113543120741e-01
4.506543533426139447e-01
4.509849441904349998e-01
4.516357842312592186e-01
4.507802984872473218e-01
4.515033351330965949e-01
4.506473011998138878e-01
4.505910970584884323e-01
4.503575610057199419e-01
4.500719806520147581e-01
4.503834704364142461e-01
4.504395217921254302e-01
4.504471976498291563e-01
4.514196675816363746e-01
4.496790454148381633e-01
4.499731816232150350e-01
4.496555536631888783e-01
4.506614968546486244e-01
4.496833075725290008e-01
4.499565970775536994e-01
4.494362081848649604e-01
4.501251462334186493e-01
4.495186380581453478e-01
4.499007904437463123e-01
4.498972577763305503e-01
4.499935754681111399e-01
4.494381187909552433e-01
4.491474167415491769e-01
4.491109467099893005e-01
4.500568624230825709e-01
4.492590162626998729e-01
4.493055393840628131e-01
4.496220770013535373e-01
4.489293420863393891e-01
4.493808868299665193e-01
4.499771650749940788e-01
4.491953539856463062e-01
4.493071831959486451e-01
4.488253785244439298e-01
4.490250102217512307e-01
4.486449954182670785e-01
4.488219859581073501e-01
4.481306422802456835e-01
4.487777996176425255e-01
4.480264337209469705e-01
4.480877268216084675e-01
4.478472167576315610e-01
4.483797432528472404e-01
4.480876343299343700e-01
4.480656599396914408e-01
4.478138524840187817e-01
4.486150918058749437e-01
4.476209258716105643e-01
4.486818090956844474e-01
4.477156059164133506e-01
4.477622724785098041e-01
4.479631187138564674e-01
4.477977492885165667e-01
4.474773629546210940e-01
4.477217753035379610e-01
4.478745597336052930e-01
4.487158314377068247e-01
4.473852661376926942e-01
4.480501022918847998e-01
4.474542143934348570e-01
4.479225210404363389e-01
4.478097236952622295e-01
4.481536102062333993e-01
4.470202175123059174e-01
4.469876430378497689e-01
4.472602124119483546e-01
4.495234469744144867e-01
4.474386515884297144e-01
4.472596637236946338e-01
4.468517266380985786e-01
4.476331072013226553e-01
4.475285041055003243e-01
4.473169355932619107e-01
4.469505465151154544e-01
4.478949210875872167e-01
4.468893511032279720e-01
4.479153071441743794e-01
4.471438774471327982e-01
4.472500414736731433e-01
4.471742882217738524e-01
4.482929060082388451e-01
4.471836646715316443e-01
4.474248225772129994e-01
4.472645767953845053e-01
4.468610054060557224e-01
4.468129925831602067e-01
4.479892202273058621e-01
4.466716706998448694e-01
4.473515531833977543e-01
4.465537742360795592e-01
4.470195838065437743e-01
4.468697843977929574e-01
4.469029738735491031e-01
4.468325946291655248e-01
4.467205508505864286e-01
4.468608722464576521e-01
4.472595193007968817e-01
4.465320950965032676e-01
4.471461084563834731e-01
4.463992756954414665e-01
4.495201952314386018e-01
4.465660424719744004e-01
4.469169299626462588e-01
4.465700004059302564e-01
4.474735686467566365e-01
4.464569467601046671e-01
4.467678946972084009e-01
4.464192097203533161e-01
4.470904573421987105e-01
4.463707321247677440e-01
4.468879029823208948e-01
4.463762266834162551e-01
4.470853650641420929e-01
4.462748264287890732e-01
4.463144355698394072e-01
4.459999710906886183e-01
4.465709469943127674e-01
4.462258113341600052e-01
4.463458627679541268e-01
4.462092865285685606e-01
4.471374537946942729e-01
4.461472842006844464e-01
4.465105356593423447e-01
4.461953331062244454e-01
4.470654290966080135e-01
4.463702714001342997e-01
4.461970290720514432e-01
4.455667744515005024e-01
4.455840183806120125e-01
4.459945345579305331e-01
4.457204896806215566e-01
4.459075552811234688e-01
4.455554585388619704e-01
4.457533577725025231e-01
4.456616759680490647e-01
4.454288277720979683e-01
4.453694883441650654e-01
4.457028409147386627e-01
4.454275305935890827e-01
4.451404592399628712e-01
4.451672516119531964e-01
4.450792254094503853e-01
4.453538746616626520e-01
4.443592905140599236e-01
4.443383425576954426e-01
4.442659506757516419e-01
4.443058858157921120e-01
4.444396002356639785e-01
4.442907754305551737e-01
4.441375957209383052e-01
4.441593445655425687e-01
4.442235134365130067e-01
4.439194135245642103e-01
4.437972512993526020e-01
4.438417547676479780e-01
4.437749274422984058e-01
4.437961054584241283e-01
4.437113463395749857e-01
4.439040273578830909e-01
4.437631527714619439e-01
4.437933976124043833e-01
4.436883651730508804e-01
4.436533305959485807e-01
4.437354387628281716e-01
4.438397575362176828e-01
4.437260981933895954e-01
4.436255890978562655e-01
4.436106989710202897e-01
4.438455072437397786e-01
4.435598082081768645e-01
4.435165833071761932e-01
4.436048371111048216e-01
4.436413511933812726e-01
4.435002595910202405e-01
4.436772050915405163e-01
4.435155714621284995e-01
4.438043950634845136e-01
4.435651777828724107e-01
4.434761460162309210e-01
4.435544738547870236e-01
4.436848576179213688e-01
4.434589126744813425e-01
4.436044052842490482e-01
4.434728218615947570e-01
4.442828677187981579e-01
4.439596694796179577e-01
4.436760048240338539e-01
4.433325780575617103e-01
4.427287350563826607e-01
4.427377504899087102e-01
4.426128779655912338e-01
4.426307977313688191e-01
4.429697436748942785e-01
4.425613846753275737e-01
4.425001883507601042e-01
4.426001661637478657e-01
4.428378959657398584e-01
4.424781261997928761e-01
4.429698699194672962e-01
4.425489591480203933e-01
4.425567396469732295e-01
4.424079411196255029e-01
4.430855295083685474e-01
4.424448333185381221e-01
4.423942162877712581e-01
4.424458761924837114e-01
4.425326430685591061e-01
4.424871797229596448e-01
4.425483153290755700e-01
4.423859699003915291e-01
4.428230706415740570e-01
4.423837613562842108e-01
4.423030740057934951e-01
4.423235559048103172e-01
4.425484962344700124e-01
4.423248508687934732e-01
4.422093966807662535e-01
4.422588245200999579e-01
4.422851581636413898e-01
4.422213299523871655e-01
4.422338383568306108e-01
4.421967303894271395e-01
4.423244828726435873e-01
4.423552853130206519e-01
4.420203933626170589e-01
4.419666650206335867e-01
4.422849465447519224e-01
4.420264997471871071e-01
4.419991099529705925e-01
4.419607504171243484e-01
4.419256521834721285e-01
4.419609442897002305e-01
4.422576413831543762e-01
4.418755743889560272e-01
4.419660602044729325e-01
4.418057210571271765e-01
4.418527641974532849e-01
4.418620717796286068e-01
4.419538342682782228e-01
4.417550537493127871e-01
4.418997069093409391e-01
4.419332715939249812e-01
4.423096807503313910e-01
4.417315632137589487e-01
4.414484716335790870e-01
4.414591840282038326e-01
4.415668910568985028e-01
4.413572376355379134e-01
4.418142036695550945e-01
4.412359653042113861e-01
4.414485839553072832e-01
4.413182565585923034e-01
4.414851078104023441e-01
4.412261909236329660e-01
4.415152026812528829e-01
4.412376573543826397e-01
4.413132784618334359e-01
4.410903050303022210e-01
4.413337238426423004e-01
4.410275205251261155e-01
4.412373473835388693e-01
4.410526352915653536e-01
4.409997226034915174e-01
4.410783792747650089e-01
4.413752934153110097e-01
4.409579447856906143e-01
4.411101969384719768e-01
4.409418840705796594e-01
4.409725406864743458e-01
4.409213430353198793e-01
4.410918972096605772e-01
4.409511197273444094e-01
4.412366705318278570e-01
4.409361632558970734e-01
4.411667216987522067e-01
4.410269102255306439e-01
4.411124440398651592e-01
4.408881633163622138e-01
4.409765330159768348e-01
4.410350821858906589e-01
4.416186679404629500e-01
4.408265962718822539e-01
4.409081502638895200e-01
4.410160182960270459e-01
4.412723905511796163e-01
4.408567248342369349e-01
4.410001801236044794e-01
4.407285233275743952e-01
4.405042079043516856e-01
4.405189556456042821e-01
4.406332964414388931e-01
4.405785417736394760e-01
4.409029499971562904e-01
4.406049698818957916e-01
4.406585614192806144e-01
4.405355052175443653e-01
4.404735132913066287e-01
4.404774468188933367e-01
4.405662982816769824e-01
4.405239546872772860e-01
4.404478756994976152e-01
4.404610852190020132e-01
4.410452179173412479e-01
4.404529419085628228e-01
4.408642841520071243e-01
4.407312583772043935e-01
4.406559441251007847e-01
4.404311752764517029e-01
4.399367664978010573e-01
4.398442064533305551e-01
4.399787814416725173e-01
4.398149942971432136e-01
4.401230063642647683e-01
4.397593606969626978e-01
4.398948988361412460e-01
4.398463403077122469e-01
4.401258213371488370e-01
4.397362000307458163e-01
4.400816700856055586e-01
4.397241388919738148e-01
4.397016601348288090e-01
4.397406162259345774e-01
4.397213758240917092e-01
4.397193258035125285e-01
4.407941385353601471e-01
4.397353525021095999e-01
4.398779515847379695e-01
4.397299291815494615e-01
4.397655306751453441e-01
4.397229082462499328e-01
4.401910403250636206e-01
4.396775391720438297e-01
4.397753551783961656e-01
4.397117110351204117e-01
4.397660683603101250e-01
4.396361159659081808e-01
4.397123542982467326e-01
4.397012640967723485e-01
4.398843950803581482e-01
4.396689072507203311e-01
4.401218386768965263e-01
4.397114960782904092e-01
4.389098237462785157e-01
4.388923872290901862e-01
4.388978067108730841e-01
4.389754523184494217e-01
4.390748884406896480e-01
4.387787442307310437e-01
4.393486203734238149e-01
4.386850082108499360e-01
4.387300202698637963e-01
4.387319107562310250e-01
4.387669714873614346e-01
4.386888579686646916e-01
4.387364801201569797e-01
4.387128828103402101e-01
4.388812453318376994e-01
4.386100715490662827e-01
4.387915393422535670e-01
4.386866058899196452e-01
4.386633400338238453e-01
4.385924329090652440e-01
4.390185649790862565e-01
4.385953944980281460e-01
4.390939448526756661e-01
4.386403973819547053e-01
4.396176659831948497e-01
4.385401558620347084e-01
4.385381187278492576e-01
4.385342782800957240e-01
4.390876619176823370e-01
4.386739198621569802e-01
4.387668093468627961e-01
4.384503523149757553e-01
4.386169015452059949e-01
4.384710257999606120e-01
4.387938204223108540e-01
4.384373393066495761e-01
4.383229540863554097e-01
4.384208086710681407e-01
4.385005211334763175e-01
4.384263375510945582e-01
4.389964221012888634e-01
4.383444907245380717e-01
4.384671431259801189e-01
4.382760264693272290e-01
4.381896110164965052e-01
4.383748206929576896e-01
4.378844505702896295e-01
4.378154527655031547e-01
4.378842290568144557e-01
4.377839943633644593e-01
4.380103816396846428e-01
4.378468127632543228e-01
4.378461136001042808e-01
4.380195723986586853e-01
4.378815476747763835e-01
4.378849523181796433e-01
4.377384756585488423e-01
4.377239854461514312e-01
4.386322881332468393e-01
4.379056473771225644e-01
4.382337327854280984e-01
4.377207872879031458e-01
4.377571315264345286e-01
4.376602953179994371e-01
4.375182856892528838e-01
4.376408561644452022e-01
4.378937466721358196e-01
4.374968119526667643e-01
4.375889075632236058e-01
4.376097504777353708e-01
4.379863971258065591e-01
4.375371579467243754e-01
4.379250170218093041e-01
4.375584462518078976e-01
4.377442447602773457e-01
4.374925414489569953e-01
4.375722656802548682e-01
4.375225297468133268e-01
4.376268354588855880e-01
4.375078704772005778e-01
4.377127429432475791e-01
4.374815029418865908e-01
4.376557655166499194e-01
4.375059506771847850e-01
4.373620890778215364e-01
4.372990233525053116e-01
4.374448143682659884e-01
4.373369549021893787e-01
4.373958932890412155e-01
4.372668250981242011e-01
4.378270023531342092e-01
4.373289652720368514e-01
4.376657454005142278e-01
4.372476909668600586e-01
4.371733109945296070e-01
4.371408762935197756e-01
4.370684584962350461e-01
4.373087097413880242e-01
4.378095618371639075e-01
4.373112767468833595e-01
4.369856298511164971e-01
4.369584926964100724e-01
4.370644967864377173e-01
4.369348056781056089e-01
4.369193201796457982e-01
4.370851810177837637e-01
4.372464287915929781e-01
4.369944584221157613e-01
4.369063262749298127e-01
4.369564146609022925e-01
4.377232231852167810e-01
4.370406179859208096e-01
4.374763215089644275e-01
4.368923907795005390e-01
4.371601594447261374e-01
4.368936061142348337e-01
4.372790833235060126e-01
4.368909598853566445e-01
4.369908123835018476e-01
4.373390638760692450e-01
4.364970004594991848e-01
4.365468256851111617e-01
4.362072512578178407e-01
4.364056207799508758e-01
4.363548977550369967e-01
4.363057039816519711e-01
4.361997369054955720e-01
4.361926394625686432e-01
4.365277562318618521e-01
4.362295624059897570e-01
4.365136284596481953e-01
4.359652910843837548e-01
4.357028356713130712e-01
4.357263321097409881e-01
4.358841424642113105e-01
4.357049807683652243e-01
4.358095730016112168e-01
4.357163428521744208e-01
4.359052883478645724e-01
4.357404074126891014e-01
4.357558805507102950e-01
4.357705420437943955e-01
4.361786506146442810e-01
4.357258147757708810e-01
4.360221222847135425e-01
4.359009465910328451e-01
4.357175303692275015e-01
4.358663104755085560e-01
4.361278390597145282e-01
4.356863450628168932e-01
4.357023211760189252e-01
4.357300294175833755e-01
4.359995126719425906e-01
4.357311179950177360e-01
4.363607299017080443e-01
4.357286274800974968e-01
4.363542075269558063e-01
4.356602184508041598e-01
4.364163548285789340e-01
4.357165077256320296e-01
4.353211391479948622e-01
4.353170402053816446e-01
4.348884461659129896e-01
4.348713444445866383e-01
4.349331891436120645e-01
4.349434744033039424e-01
4.349410907160118911e-01
4.349111131707699696e-01
4.348753878338578738e-01
4.348606574043135664e-01
4.350281157648997477e-01
4.349136531608185363e-01
4.351876057878568127e-01
4.348710227124117922e-01
4.354469295687638519e-01
4.348264646360925356e-01
4.348814894017046795e-01
4.347855455786879264e-01
4.351519301697636677e-01
4.348601496759374463e-01
4.353201495025710299e-01
4.350104818773791182e-01
4.358597479840889410e-01
4.351392475117987213e-01
4.345396375661596533e-01
4.345226362983460877e-01
4.346743883907398520e-01
4.345492255454359576e-01
4.347125565303813222e-01
4.347166042347946346e-01
4.345439340706868103e-01
4.348043469601739486e-01
4.345441048508530413e-01
4.349083621488703533e-01
4.344789899620973284e-01
4.344344352392985331e-01
4.355371048231261311e-01
4.344463905278719840e-01
4.346965925169070100e-01
4.344734334696622180e-01
4.344521828381920359e-01
4.344725359305841583e-01
4.344942034048830948e-01
4.346239973277213897e-01
4.349392018943458726e-01
4.344049845509368457e-01
4.344379387877025378e-01
4.344592299692455195e-01
4.345475557225015883e-01
4.345041295140341653e-01
4.349246064345361207e-01
4.343690671365094125e-01
4.343787499040613342e-01
4.343614376154156798e-01
4.343747513489701895e-01
4.343726940782680623e-01
4.342959684548693411e-01
4.342949426170082394e-01
4.348360583251389966e-01
4.342888118047291135e-01
4.354166787809138350e-01
4.342579641899362297e-01
4.337531156243530917e-01
4.339457348967514783e-01
4.340056174931690713e-01
4.337685899590653094e-01
4.340856779591509285e-01
4.337210903478707080e-01
4.339434760639047095e-01
4.337771542437211525e-01
4.338556030852277479e-01
4.338078901315096658e-01
4.337334348695782160e-01
4.337445702985804341e-01
4.338335977765628848e-01
4.337345699630734686e-01
4.341209263697512477e-01
4.336909805490382075e-01
4.341641710976394397e-01
4.337230484556213184e-01
4.338619774190813350e-01
4.337139814898448575e-01
4.340034747604213372e-01
4.337420226507064380e-01
4.337934104105617417e-01
4.339088824667937105e-01
4.335856252993619542e-01
4.335933667650008205e-01
4.341753705211455205e-01
4.335890105177273024e-01
4.338392120903334925e-01
4.336452180902740650e-01
4.335143481800870502e-01
4.336039582350461052e-01
4.335495828718274880e-01
4.336572268936015884e-01
4.331755122525886015e-01
4.331481871377509396e-01
4.331790877668968420e-01
4.331583165834339555e-01
4.334121599062599750e-01
4.331481988662030380e-01
4.332573520342367646e-01
4.331473421367755816e-01
4.333243904196030227e-01
4.332308669105535137e-01
4.333188864858022460e-01
4.331388597001213925e-01
4.333591648290433529e-01
4.331330668727524369e-01
4.331631262259283965e-01
4.331618169620612968e-01
4.335898692276576316e-01
4.331069356036754137e-01
4.334354979690581144e-01
4.331110254436007501e-01
4.336356765615755893e-01
4.331676857056559471e-01
4.332791786778470988e-01
4.331028706896138947e-01
4.342070758978268663e-01
4.334544207164693352e-01
4.326484983604476087e-01
4.328886743752394795e-01
4.323049391548393627e-01
4.323325606395829190e-01
4.328055618637208779e-01
4.323802466947064271e-01
4.325177708487177308e-01
4.324341920414195295e-01
4.325046947296697919e-01
4.322548152608300387e-01
4.324854030509136527e-01
4.322851937036106817e-01
4.332741758212873551e-01
4.322556755157276331e-01
4.324993814815372706e-01
4.322752006951298687e-01
4.323065611842601408e-01
4.323298670625410067e-01
4.325187000312328278e-01
4.323116125214698791e-01
4.325910391637681762e-01
4.323072560425621491e-01
4.321529962588107621e-01
4.321696116634415885e-01
4.322420389172285105e-01
4.322153223453297777e-01
4.326322899400714128e-01
4.321044184357535345e-01
4.320224239128049315e-01
4.327911807522546450e-01
4.320903024743982246e-01
4.317675305141732700e-01
4.316572814929446888e-01
4.316987674968342237e-01
4.319226646749622089e-01
4.316682600603458098e-01
4.318595527678419921e-01
4.316131846445429021e-01
4.319061833742207090e-01
4.317168747980890675e-01
4.315259006210913073e-01
4.315351159405449999e-01
4.317352127242385929e-01
4.314786260592430311e-01
4.315829434519535823e-01
4.314897141061469488e-01
4.314021575720455304e-01
4.313716241923299388e-01
4.314723140403116663e-01
4.313725720156845189e-01
4.322609484873866648e-01
4.313712663452728413e-01
4.315229215995105561e-01
4.313569726089268586e-01
4.314561682997626879e-01
4.314188318146690015e-01
4.313978716617925535e-01
4.313532441434966280e-01
4.316848993049032801e-01
4.316628640081380253e-01
4.307305318195531196e-01
4.304805153081646130e-01
4.307448829287187642e-01
4.308498745433874677e-01
4.304727516617246619e-01
4.306259214867855234e-01
4.304751386945804836e-01
4.303701408952513852e-01
4.303402798602788404e-01
4.303288056000529882e-01
4.303514979622742875e-01
4.306296775436737612e-01
4.304675086678428353e-01
4.308095962460032347e-01
4.303283325736889653e-01
4.303248639347453941e-01
4.302710399084108683e-01
4.307848169654573955e-01
4.302346379887397321e-01
4.303931588164602862e-01
4.303270968202356772e-01
4.304510332322523669e-01
4.302914369354484125e-01
4.302122262791475693e-01
4.301931249833494952e-01
4.314077279251731234e-01
4.301955005105271290e-01
4.307013103216335015e-01
4.303489180942811076e-01
4.307316901559635203e-01
4.302714129532687060e-01
4.301541076487639947e-01
4.306395459750382293e-01
4.295969549201041349e-01
4.296205847358841590e-01
4.296559537023826869e-01
4.295092370450375729e-01
4.294645694278196868e-01
4.291980627515511459e-01
4.292919615783820086e-01
4.291710213195648049e-01
4.293089743042418638e-01
4.291425019437966615e-01
4.296603540164753987e-01
4.291440213048483554e-01
4.291536896523070466e-01
4.291599820936198295e-01
4.291619188950335229e-01
4.291877581508048434e-01
4.290777547382794155e-01
4.291103330950434280e-01
4.293020493267619697e-01
4.291498698181375193e-01
4.294555354207308939e-01
4.291318194934726216e-01
4.293674573783957671e-01
4.290817265643330769e-01
4.294039185205542064e-01
4.290576066261544419e-01
4.301667992012482289e-01
4.293682266344159837e-01
4.293321327623159100e-01
4.290059515657401734e-01
4.299401868946814420e-01
4.289409093111301030e-01
4.288385888767859977e-01
4.289089050938462155e-01
4.291722922043700317e-01
4.287516481551312819e-01
4.289138523018961036e-01
4.289173419638376283e-01
4.293229260572734574e-01
4.287667117199030486e-01
4.290946390659066689e-01
4.288120339215340526e-01
4.289578145321606972e-01
4.286733409761367408e-01
4.288529209192506464e-01
4.285659667271458084e-01
4.283361736337595316e-01
4.283997653511866788e-01
4.287584850396357616e-01
4.283090494076906007e-01
4.290331602767237240e-01
4.283217426998234822e-01
4.286612903056949420e-01
4.283363873500629637e-01
4.284752287934751047e-01
4.283157287294216964e-01
4.293977071931531220e-01
4.282885877143766118e-01
4.293679842054483053e-01
4.281383183479793297e-01
4.273494080288194885e-01
4.273777387687210383e-01
4.276484175757345740e-01
4.273382840936485461e-01
4.269984215511995473e-01
4.270029585553298257e-01
4.269212834957730740e-01
4.273446823996377986e-01
4.279368475894932966e-01
4.269203939383481861e-01
4.269524226787779764e-01
